plate,well,site,compound,path,moa
P015084,B15,s1,CBK200551,/mnt/micro-images-pvc/specs935-v1/specs935-v1-FA-P015084-U2OS-48h-P5-L1/2021-12-17/851/specs935-v1-FA-P015084-U2OS-48h-P5-L1_B15_s1_w50E1FCCE6-7058-4859-B9C4-F6E0A5DC0DF7.npy,ATPase inhibitor
P015084,B15,s2,CBK200551,/mnt/micro-images-pvc/specs935-v1/specs935-v1-FA-P015084-U2OS-48h-P5-L1/2021-12-17/851/specs935-v1-FA-P015084-U2OS-48h-P5-L1_B15_s2_w5948E966F-5A14-41BD-87D9-51C7F6D953F4.npy,ATPase inhibitor
P015084,B15,s3,CBK200551,/mnt/micro-images-pvc/specs935-v1/specs935-v1-FA-P015084-U2OS-48h-P5-L1/2021-12-17/851/specs935-v1-FA-P015084-U2OS-48h-P5-L1_B15_s3_w5D67F8B61-3CD1-4F38-9ED9-AA54B6E5B057.npy,ATPase inhibitor
P015084,B15,s4,CBK200551,/mnt/micro-images-pvc/specs935-v1/specs935-v1-FA-P015084-U2OS-48h-P5-L1/2021-12-17/851/specs935-v1-FA-P015084-U2OS-48h-P5-L1_B15_s4_w570C1C102-EA9C-4E64-A2B1-71D28AD9052A.npy,ATPase inhibitor
P015084,B15,s5,CBK200551,/mnt/micro-images-pvc/specs935-v1/specs935-v1-FA-P015084-U2OS-48h-P5-L1/2021-12-17/851/specs935-v1-FA-P015084-U2OS-48h-P5-L1_B15_s5_w525744F72-257D-457C-9B1E-AE090261E4FC.npy,ATPase inhibitor
P015084,B15,s6,CBK200551,/mnt/micro-images-pvc/specs935-v1/specs935-v1-FA-P015084-U2OS-48h-P5-L1/2021-12-17/851/specs935-v1-FA-P015084-U2OS-48h-P5-L1_B15_s6_w52B33678E-57AC-4DC7-A252-D2EEE99CF871.npy,ATPase inhibitor
P015084,B15,s7,CBK200551,/mnt/micro-images-pvc/specs935-v1/specs935-v1-FA-P015084-U2OS-48h-P5-L1/2021-12-17/851/specs935-v1-FA-P015084-U2OS-48h-P5-L1_B15_s7_w545329BBC-5325-43A4-90E9-96562EE15A31.npy,ATPase inhibitor
P015084,B15,s8,CBK200551,/mnt/micro-images-pvc/specs935-v1/specs935-v1-FA-P015084-U2OS-48h-P5-L1/2021-12-17/851/specs935-v1-FA-P015084-U2OS-48h-P5-L1_B15_s8_w553E73FCC-C0A5-43CA-9C12-632971F8E85B.npy,ATPase inhibitor
P015084,B15,s9,CBK200551,/mnt/micro-images-pvc/specs935-v1/specs935-v1-FA-P015084-U2OS-48h-P5-L1/2021-12-17/851/specs935-v1-FA-P015084-U2OS-48h-P5-L1_B15_s9_w54C53EA16-41A0-441C-A389-BEA4D9BB6518.npy,ATPase inhibitor
P015084,B23,s1,CBK291084,/mnt/micro-images-pvc/specs935-v1/specs935-v1-FA-P015084-U2OS-48h-P5-L1/2021-12-17/851/specs935-v1-FA-P015084-U2OS-48h-P5-L1_B23_s1_w5ABD2FDB5-A349-4E8B-96E9-77D69CE16FE8.npy,ATPase inhibitor
P015084,B23,s2,CBK291084,/mnt/micro-images-pvc/specs935-v1/specs935-v1-FA-P015084-U2OS-48h-P5-L1/2021-12-17/851/specs935-v1-FA-P015084-U2OS-48h-P5-L1_B23_s2_w535F5F7BE-0448-4BD7-B4ED-469FFEFDC296.npy,ATPase inhibitor
P015084,B23,s3,CBK291084,/mnt/micro-images-pvc/specs935-v1/specs935-v1-FA-P015084-U2OS-48h-P5-L1/2021-12-17/851/specs935-v1-FA-P015084-U2OS-48h-P5-L1_B23_s3_w53B40F999-98F9-4C34-A852-70BE171E7EF7.npy,ATPase inhibitor
P015084,B23,s4,CBK291084,/mnt/micro-images-pvc/specs935-v1/specs935-v1-FA-P015084-U2OS-48h-P5-L1/2021-12-17/851/specs935-v1-FA-P015084-U2OS-48h-P5-L1_B23_s4_w558AD8EDD-AC29-405D-86DB-159EC3F576E8.npy,ATPase inhibitor
P015084,B23,s5,CBK291084,/mnt/micro-images-pvc/specs935-v1/specs935-v1-FA-P015084-U2OS-48h-P5-L1/2021-12-17/851/specs935-v1-FA-P015084-U2OS-48h-P5-L1_B23_s5_w5A100B4C4-B7FE-48D3-8FBD-E0C9605742AA.npy,ATPase inhibitor
P015084,B23,s6,CBK291084,/mnt/micro-images-pvc/specs935-v1/specs935-v1-FA-P015084-U2OS-48h-P5-L1/2021-12-17/851/specs935-v1-FA-P015084-U2OS-48h-P5-L1_B23_s6_w5FFF9D195-C27C-4F94-9A4E-247238555C66.npy,ATPase inhibitor
P015084,B23,s7,CBK291084,/mnt/micro-images-pvc/specs935-v1/specs935-v1-FA-P015084-U2OS-48h-P5-L1/2021-12-17/851/specs935-v1-FA-P015084-U2OS-48h-P5-L1_B23_s7_w53492833B-BFF7-43F7-9F54-7CB1B22496A2.npy,ATPase inhibitor
P015084,B23,s8,CBK291084,/mnt/micro-images-pvc/specs935-v1/specs935-v1-FA-P015084-U2OS-48h-P5-L1/2021-12-17/851/specs935-v1-FA-P015084-U2OS-48h-P5-L1_B23_s8_w55BB22F3D-6FFF-44C1-9E1A-BA500AB3ED45.npy,ATPase inhibitor
P015084,B23,s9,CBK291084,/mnt/micro-images-pvc/specs935-v1/specs935-v1-FA-P015084-U2OS-48h-P5-L1/2021-12-17/851/specs935-v1-FA-P015084-U2OS-48h-P5-L1_B23_s9_w547CCA2EB-C623-4AFC-95DA-1B628EE12E42.npy,ATPase inhibitor
P015084,C07,s1,CBK277955,/mnt/micro-images-pvc/specs935-v1/specs935-v1-FA-P015084-U2OS-48h-P5-L1/2021-12-17/851/specs935-v1-FA-P015084-U2OS-48h-P5-L1_C07_s1_w5CCF2ADB3-7616-491F-AC79-CA5D9E2A6BE0.npy,Aurora kinase inhibitor
P015084,C07,s2,CBK277955,/mnt/micro-images-pvc/specs935-v1/specs935-v1-FA-P015084-U2OS-48h-P5-L1/2021-12-17/851/specs935-v1-FA-P015084-U2OS-48h-P5-L1_C07_s2_w50B9ECBF0-78C9-4D39-99D8-3454D750BB00.npy,Aurora kinase inhibitor
P015084,C07,s3,CBK277955,/mnt/micro-images-pvc/specs935-v1/specs935-v1-FA-P015084-U2OS-48h-P5-L1/2021-12-17/851/specs935-v1-FA-P015084-U2OS-48h-P5-L1_C07_s3_w58B15AAEC-5DCE-4D3D-B93C-0C6DEEBDC6C9.npy,Aurora kinase inhibitor
P015084,C07,s4,CBK277955,/mnt/micro-images-pvc/specs935-v1/specs935-v1-FA-P015084-U2OS-48h-P5-L1/2021-12-17/851/specs935-v1-FA-P015084-U2OS-48h-P5-L1_C07_s4_w5BD7F7FE4-E7CF-4425-81CB-6FDA6E284B06.npy,Aurora kinase inhibitor
P015084,C07,s5,CBK277955,/mnt/micro-images-pvc/specs935-v1/specs935-v1-FA-P015084-U2OS-48h-P5-L1/2021-12-17/851/specs935-v1-FA-P015084-U2OS-48h-P5-L1_C07_s5_w52DA251FD-E081-45C2-A97F-4CBE5113AFB9.npy,Aurora kinase inhibitor
P015084,C07,s6,CBK277955,/mnt/micro-images-pvc/specs935-v1/specs935-v1-FA-P015084-U2OS-48h-P5-L1/2021-12-17/851/specs935-v1-FA-P015084-U2OS-48h-P5-L1_C07_s6_w56A59FF9F-60CC-46CA-9434-250856F6F3CF.npy,Aurora kinase inhibitor
P015084,C07,s7,CBK277955,/mnt/micro-images-pvc/specs935-v1/specs935-v1-FA-P015084-U2OS-48h-P5-L1/2021-12-17/851/specs935-v1-FA-P015084-U2OS-48h-P5-L1_C07_s7_w5F58326D2-18D2-470F-8991-98A280C467D1.npy,Aurora kinase inhibitor
P015084,C07,s8,CBK277955,/mnt/micro-images-pvc/specs935-v1/specs935-v1-FA-P015084-U2OS-48h-P5-L1/2021-12-17/851/specs935-v1-FA-P015084-U2OS-48h-P5-L1_C07_s8_w56097335A-E9E6-4959-8056-DE9EBA6E0ECD.npy,Aurora kinase inhibitor
P015084,C07,s9,CBK277955,/mnt/micro-images-pvc/specs935-v1/specs935-v1-FA-P015084-U2OS-48h-P5-L1/2021-12-17/851/specs935-v1-FA-P015084-U2OS-48h-P5-L1_C07_s9_w5927F4106-6D23-4684-BE28-C0527E8F6DC4.npy,Aurora kinase inhibitor
P015084,C13,s1,CBK288285,/mnt/micro-images-pvc/specs935-v1/specs935-v1-FA-P015084-U2OS-48h-P5-L1/2021-12-17/851/specs935-v1-FA-P015084-U2OS-48h-P5-L1_C13_s1_w5ACA0E907-41F2-41D4-9B49-85AFC54767E0.npy,Aurora kinase inhibitor
P015084,C13,s2,CBK288285,/mnt/micro-images-pvc/specs935-v1/specs935-v1-FA-P015084-U2OS-48h-P5-L1/2021-12-17/851/specs935-v1-FA-P015084-U2OS-48h-P5-L1_C13_s2_w548CBE8B8-526B-4CF3-A4D8-541010B10AAE.npy,Aurora kinase inhibitor
P015084,C13,s3,CBK288285,/mnt/micro-images-pvc/specs935-v1/specs935-v1-FA-P015084-U2OS-48h-P5-L1/2021-12-17/851/specs935-v1-FA-P015084-U2OS-48h-P5-L1_C13_s3_w5CE7DD755-640F-4C9F-BC6D-F96B01C7D44A.npy,Aurora kinase inhibitor
P015084,C13,s4,CBK288285,/mnt/micro-images-pvc/specs935-v1/specs935-v1-FA-P015084-U2OS-48h-P5-L1/2021-12-17/851/specs935-v1-FA-P015084-U2OS-48h-P5-L1_C13_s4_w59DDABCE3-76D1-4F30-AE34-425C0DDADE4D.npy,Aurora kinase inhibitor
P015084,C13,s5,CBK288285,/mnt/micro-images-pvc/specs935-v1/specs935-v1-FA-P015084-U2OS-48h-P5-L1/2021-12-17/851/specs935-v1-FA-P015084-U2OS-48h-P5-L1_C13_s5_w5E58DF41E-E6AB-4EC2-AB61-9E006F95E3AF.npy,Aurora kinase inhibitor
P015084,C13,s6,CBK288285,/mnt/micro-images-pvc/specs935-v1/specs935-v1-FA-P015084-U2OS-48h-P5-L1/2021-12-17/851/specs935-v1-FA-P015084-U2OS-48h-P5-L1_C13_s6_w57977B9A1-1041-4976-BA02-69BA15B1CB99.npy,Aurora kinase inhibitor
P015084,C13,s7,CBK288285,/mnt/micro-images-pvc/specs935-v1/specs935-v1-FA-P015084-U2OS-48h-P5-L1/2021-12-17/851/specs935-v1-FA-P015084-U2OS-48h-P5-L1_C13_s7_w5258A5CAA-BE6C-4748-A6BB-2C6F32266901.npy,Aurora kinase inhibitor
P015084,C13,s8,CBK288285,/mnt/micro-images-pvc/specs935-v1/specs935-v1-FA-P015084-U2OS-48h-P5-L1/2021-12-17/851/specs935-v1-FA-P015084-U2OS-48h-P5-L1_C13_s8_w5A420BA09-A0BF-4F68-9D29-507863EF96EC.npy,Aurora kinase inhibitor
P015084,C13,s9,CBK288285,/mnt/micro-images-pvc/specs935-v1/specs935-v1-FA-P015084-U2OS-48h-P5-L1/2021-12-17/851/specs935-v1-FA-P015084-U2OS-48h-P5-L1_C13_s9_w521F18894-073E-45EE-985A-40F6251F50A5.npy,Aurora kinase inhibitor
P015084,C16,s1,CBK277972,/mnt/micro-images-pvc/specs935-v1/specs935-v1-FA-P015084-U2OS-48h-P5-L1/2021-12-17/851/specs935-v1-FA-P015084-U2OS-48h-P5-L1_C16_s1_w5EF0AFDFF-569B-4583-9316-350976E6F279.npy,Aurora kinase inhibitor
P015084,C16,s2,CBK277972,/mnt/micro-images-pvc/specs935-v1/specs935-v1-FA-P015084-U2OS-48h-P5-L1/2021-12-17/851/specs935-v1-FA-P015084-U2OS-48h-P5-L1_C16_s2_w5697329E7-7494-4DDC-A2B4-7C94A4434C09.npy,Aurora kinase inhibitor
P015084,C16,s3,CBK277972,/mnt/micro-images-pvc/specs935-v1/specs935-v1-FA-P015084-U2OS-48h-P5-L1/2021-12-17/851/specs935-v1-FA-P015084-U2OS-48h-P5-L1_C16_s3_w5D5F71353-3A94-4778-A28D-C088AF88BB30.npy,Aurora kinase inhibitor
P015084,C16,s4,CBK277972,/mnt/micro-images-pvc/specs935-v1/specs935-v1-FA-P015084-U2OS-48h-P5-L1/2021-12-17/851/specs935-v1-FA-P015084-U2OS-48h-P5-L1_C16_s4_w59F8F229F-D400-4985-9DC3-1607FE7DA8AC.npy,Aurora kinase inhibitor
P015084,C16,s5,CBK277972,/mnt/micro-images-pvc/specs935-v1/specs935-v1-FA-P015084-U2OS-48h-P5-L1/2021-12-17/851/specs935-v1-FA-P015084-U2OS-48h-P5-L1_C16_s5_w50A7F2C77-1A27-4DF0-ACAC-45FFE48784FF.npy,Aurora kinase inhibitor
P015084,C16,s6,CBK277972,/mnt/micro-images-pvc/specs935-v1/specs935-v1-FA-P015084-U2OS-48h-P5-L1/2021-12-17/851/specs935-v1-FA-P015084-U2OS-48h-P5-L1_C16_s6_w52C22BAF2-E465-4B13-8463-12F00893006B.npy,Aurora kinase inhibitor
P015084,C16,s7,CBK277972,/mnt/micro-images-pvc/specs935-v1/specs935-v1-FA-P015084-U2OS-48h-P5-L1/2021-12-17/851/specs935-v1-FA-P015084-U2OS-48h-P5-L1_C16_s7_w5B5B138A4-5168-49CC-B6D8-6FCED5B5B1FF.npy,Aurora kinase inhibitor
P015084,C16,s8,CBK277972,/mnt/micro-images-pvc/specs935-v1/specs935-v1-FA-P015084-U2OS-48h-P5-L1/2021-12-17/851/specs935-v1-FA-P015084-U2OS-48h-P5-L1_C16_s8_w5F25A8EBC-7409-4971-BAA6-0B2A406E01CE.npy,Aurora kinase inhibitor
P015084,C16,s9,CBK277972,/mnt/micro-images-pvc/specs935-v1/specs935-v1-FA-P015084-U2OS-48h-P5-L1/2021-12-17/851/specs935-v1-FA-P015084-U2OS-48h-P5-L1_C16_s9_w5D978BE0E-132E-45C0-B035-972B30617CEC.npy,Aurora kinase inhibitor
P015084,C21,s1,CBK308101,/mnt/micro-images-pvc/specs935-v1/specs935-v1-FA-P015084-U2OS-48h-P5-L1/2021-12-17/851/specs935-v1-FA-P015084-U2OS-48h-P5-L1_C21_s1_w5FFE1733A-F977-45F0-8F78-C368AC590974.npy,Aurora kinase inhibitor
P015084,C21,s2,CBK308101,/mnt/micro-images-pvc/specs935-v1/specs935-v1-FA-P015084-U2OS-48h-P5-L1/2021-12-17/851/specs935-v1-FA-P015084-U2OS-48h-P5-L1_C21_s2_w5E0FF8095-8BF8-4F78-BB02-CF4B36FD98BE.npy,Aurora kinase inhibitor
P015084,C21,s3,CBK308101,/mnt/micro-images-pvc/specs935-v1/specs935-v1-FA-P015084-U2OS-48h-P5-L1/2021-12-17/851/specs935-v1-FA-P015084-U2OS-48h-P5-L1_C21_s3_w51242DB59-0D48-4676-8347-F20BBBD9D1A7.npy,Aurora kinase inhibitor
P015084,C21,s4,CBK308101,/mnt/micro-images-pvc/specs935-v1/specs935-v1-FA-P015084-U2OS-48h-P5-L1/2021-12-17/851/specs935-v1-FA-P015084-U2OS-48h-P5-L1_C21_s4_w5ADAA5FE2-3E29-45A1-B4FA-CB2F1FB62B93.npy,Aurora kinase inhibitor
P015084,C21,s5,CBK308101,/mnt/micro-images-pvc/specs935-v1/specs935-v1-FA-P015084-U2OS-48h-P5-L1/2021-12-17/851/specs935-v1-FA-P015084-U2OS-48h-P5-L1_C21_s5_w506409170-A877-4485-BCA1-53F5082830CC.npy,Aurora kinase inhibitor
P015084,C21,s6,CBK308101,/mnt/micro-images-pvc/specs935-v1/specs935-v1-FA-P015084-U2OS-48h-P5-L1/2021-12-17/851/specs935-v1-FA-P015084-U2OS-48h-P5-L1_C21_s6_w5D4FB1FEC-009F-400A-8C8A-817404AA69B8.npy,Aurora kinase inhibitor
P015084,C21,s7,CBK308101,/mnt/micro-images-pvc/specs935-v1/specs935-v1-FA-P015084-U2OS-48h-P5-L1/2021-12-17/851/specs935-v1-FA-P015084-U2OS-48h-P5-L1_C21_s7_w5D4017CF6-3E19-4833-9AE1-136FB14586E8.npy,Aurora kinase inhibitor
P015084,C21,s8,CBK308101,/mnt/micro-images-pvc/specs935-v1/specs935-v1-FA-P015084-U2OS-48h-P5-L1/2021-12-17/851/specs935-v1-FA-P015084-U2OS-48h-P5-L1_C21_s8_w58AEFB708-F8E2-4644-8035-7636028E8C00.npy,Aurora kinase inhibitor
P015084,C21,s9,CBK308101,/mnt/micro-images-pvc/specs935-v1/specs935-v1-FA-P015084-U2OS-48h-P5-L1/2021-12-17/851/specs935-v1-FA-P015084-U2OS-48h-P5-L1_C21_s9_w56387089A-DE72-4794-845F-0D78C141C425.npy,Aurora kinase inhibitor
P015084,D02,s1,CBK303888,/mnt/micro-images-pvc/specs935-v1/specs935-v1-FA-P015084-U2OS-48h-P5-L1/2021-12-17/851/specs935-v1-FA-P015084-U2OS-48h-P5-L1_D02_s1_w50A4D7712-39E4-4DA2-A212-2591A11D1C47.npy,ATPase inhibitor
P015084,D02,s2,CBK303888,/mnt/micro-images-pvc/specs935-v1/specs935-v1-FA-P015084-U2OS-48h-P5-L1/2021-12-17/851/specs935-v1-FA-P015084-U2OS-48h-P5-L1_D02_s2_w55B7A0DA9-2CEF-4CBA-9C7E-AE10618D551E.npy,ATPase inhibitor
P015084,D02,s3,CBK303888,/mnt/micro-images-pvc/specs935-v1/specs935-v1-FA-P015084-U2OS-48h-P5-L1/2021-12-17/851/specs935-v1-FA-P015084-U2OS-48h-P5-L1_D02_s3_w5E64F625A-3C7B-4A6E-AD9B-E2A979347360.npy,ATPase inhibitor
P015084,D02,s4,CBK303888,/mnt/micro-images-pvc/specs935-v1/specs935-v1-FA-P015084-U2OS-48h-P5-L1/2021-12-17/851/specs935-v1-FA-P015084-U2OS-48h-P5-L1_D02_s4_w5EF4C100B-5886-486E-B31F-DA37E4235C49.npy,ATPase inhibitor
P015084,D02,s5,CBK303888,/mnt/micro-images-pvc/specs935-v1/specs935-v1-FA-P015084-U2OS-48h-P5-L1/2021-12-17/851/specs935-v1-FA-P015084-U2OS-48h-P5-L1_D02_s5_w51CD899B5-D66A-402E-A411-1EA72C8DB8E8.npy,ATPase inhibitor
P015084,D02,s6,CBK303888,/mnt/micro-images-pvc/specs935-v1/specs935-v1-FA-P015084-U2OS-48h-P5-L1/2021-12-17/851/specs935-v1-FA-P015084-U2OS-48h-P5-L1_D02_s6_w5D2FC6995-8E8F-4442-9371-176CD80FDF3F.npy,ATPase inhibitor
P015084,D02,s7,CBK303888,/mnt/micro-images-pvc/specs935-v1/specs935-v1-FA-P015084-U2OS-48h-P5-L1/2021-12-17/851/specs935-v1-FA-P015084-U2OS-48h-P5-L1_D02_s7_w5F7A10EB2-06D3-4E5B-8711-F3B1CEB3B612.npy,ATPase inhibitor
P015084,D02,s8,CBK303888,/mnt/micro-images-pvc/specs935-v1/specs935-v1-FA-P015084-U2OS-48h-P5-L1/2021-12-17/851/specs935-v1-FA-P015084-U2OS-48h-P5-L1_D02_s8_w5A1EF6280-A48D-4D14-A51A-AC56002333E1.npy,ATPase inhibitor
P015084,D02,s9,CBK303888,/mnt/micro-images-pvc/specs935-v1/specs935-v1-FA-P015084-U2OS-48h-P5-L1/2021-12-17/851/specs935-v1-FA-P015084-U2OS-48h-P5-L1_D02_s9_w56CE8CA51-C217-4D6C-8010-ACFB429E520A.npy,ATPase inhibitor
P015084,D03,s1,CBK200551,/mnt/micro-images-pvc/specs935-v1/specs935-v1-FA-P015084-U2OS-48h-P5-L1/2021-12-17/851/specs935-v1-FA-P015084-U2OS-48h-P5-L1_D03_s1_w5BAD84A48-AFCB-4D1C-A020-160D874BF051.npy,ATPase inhibitor
P015084,D03,s2,CBK200551,/mnt/micro-images-pvc/specs935-v1/specs935-v1-FA-P015084-U2OS-48h-P5-L1/2021-12-17/851/specs935-v1-FA-P015084-U2OS-48h-P5-L1_D03_s2_w57BAE4267-0B50-4210-9CD6-FC784E66889A.npy,ATPase inhibitor
P015084,D03,s3,CBK200551,/mnt/micro-images-pvc/specs935-v1/specs935-v1-FA-P015084-U2OS-48h-P5-L1/2021-12-17/851/specs935-v1-FA-P015084-U2OS-48h-P5-L1_D03_s3_w5BCFCCC05-F8C7-41C6-97F9-C3792FE31907.npy,ATPase inhibitor
P015084,D03,s4,CBK200551,/mnt/micro-images-pvc/specs935-v1/specs935-v1-FA-P015084-U2OS-48h-P5-L1/2021-12-17/851/specs935-v1-FA-P015084-U2OS-48h-P5-L1_D03_s4_w59F1CA93A-A859-4062-BACA-459334663A32.npy,ATPase inhibitor
P015084,D03,s5,CBK200551,/mnt/micro-images-pvc/specs935-v1/specs935-v1-FA-P015084-U2OS-48h-P5-L1/2021-12-17/851/specs935-v1-FA-P015084-U2OS-48h-P5-L1_D03_s5_w5EA89CA3E-8D5A-41F1-91D3-408C9B3F9954.npy,ATPase inhibitor
P015084,D03,s6,CBK200551,/mnt/micro-images-pvc/specs935-v1/specs935-v1-FA-P015084-U2OS-48h-P5-L1/2021-12-17/851/specs935-v1-FA-P015084-U2OS-48h-P5-L1_D03_s6_w58126BA02-5616-449F-A6E1-FF80AB8AB16F.npy,ATPase inhibitor
P015084,D03,s7,CBK200551,/mnt/micro-images-pvc/specs935-v1/specs935-v1-FA-P015084-U2OS-48h-P5-L1/2021-12-17/851/specs935-v1-FA-P015084-U2OS-48h-P5-L1_D03_s7_w5DDD97AFC-D0F7-44D5-BA33-8B0B8DC923E4.npy,ATPase inhibitor
P015084,D03,s8,CBK200551,/mnt/micro-images-pvc/specs935-v1/specs935-v1-FA-P015084-U2OS-48h-P5-L1/2021-12-17/851/specs935-v1-FA-P015084-U2OS-48h-P5-L1_D03_s8_w577412309-5047-488D-8E33-B4639FF69C3D.npy,ATPase inhibitor
P015084,D03,s9,CBK200551,/mnt/micro-images-pvc/specs935-v1/specs935-v1-FA-P015084-U2OS-48h-P5-L1/2021-12-17/851/specs935-v1-FA-P015084-U2OS-48h-P5-L1_D03_s9_w5E878C7FB-8E86-4BC8-AB93-EC6DDB501DE2.npy,ATPase inhibitor
P015084,D06,s1,CBK228145,/mnt/micro-images-pvc/specs935-v1/specs935-v1-FA-P015084-U2OS-48h-P5-L1/2021-12-17/851/specs935-v1-FA-P015084-U2OS-48h-P5-L1_D06_s1_w5DE5552DA-41E8-46FF-80D2-12709242B4C9.npy,ATPase inhibitor
P015084,D06,s2,CBK228145,/mnt/micro-images-pvc/specs935-v1/specs935-v1-FA-P015084-U2OS-48h-P5-L1/2021-12-17/851/specs935-v1-FA-P015084-U2OS-48h-P5-L1_D06_s2_w5A138E323-CBC6-4BC7-9FCE-1D9A5F6BAEC5.npy,ATPase inhibitor
P015084,D06,s3,CBK228145,/mnt/micro-images-pvc/specs935-v1/specs935-v1-FA-P015084-U2OS-48h-P5-L1/2021-12-17/851/specs935-v1-FA-P015084-U2OS-48h-P5-L1_D06_s3_w53A7C68EA-6E23-4F0B-9705-5ED30617B9BB.npy,ATPase inhibitor
P015084,D06,s4,CBK228145,/mnt/micro-images-pvc/specs935-v1/specs935-v1-FA-P015084-U2OS-48h-P5-L1/2021-12-17/851/specs935-v1-FA-P015084-U2OS-48h-P5-L1_D06_s4_w5F40C0145-A019-4D05-A748-E49FED717CED.npy,ATPase inhibitor
P015084,D06,s5,CBK228145,/mnt/micro-images-pvc/specs935-v1/specs935-v1-FA-P015084-U2OS-48h-P5-L1/2021-12-17/851/specs935-v1-FA-P015084-U2OS-48h-P5-L1_D06_s5_w567EFA59C-90F8-4F53-83B3-FB475D538ACD.npy,ATPase inhibitor
P015084,D06,s6,CBK228145,/mnt/micro-images-pvc/specs935-v1/specs935-v1-FA-P015084-U2OS-48h-P5-L1/2021-12-17/851/specs935-v1-FA-P015084-U2OS-48h-P5-L1_D06_s6_w5FAE9C84E-7232-400D-BF82-6EF00DBDE1DC.npy,ATPase inhibitor
P015084,D06,s7,CBK228145,/mnt/micro-images-pvc/specs935-v1/specs935-v1-FA-P015084-U2OS-48h-P5-L1/2021-12-17/851/specs935-v1-FA-P015084-U2OS-48h-P5-L1_D06_s7_w5B1FADE9C-AC26-42AA-8727-3F744DB2B2C6.npy,ATPase inhibitor
P015084,D06,s8,CBK228145,/mnt/micro-images-pvc/specs935-v1/specs935-v1-FA-P015084-U2OS-48h-P5-L1/2021-12-17/851/specs935-v1-FA-P015084-U2OS-48h-P5-L1_D06_s8_w52E2919DE-5445-4977-A0F7-B1B09F5BF696.npy,ATPase inhibitor
P015084,D06,s9,CBK228145,/mnt/micro-images-pvc/specs935-v1/specs935-v1-FA-P015084-U2OS-48h-P5-L1/2021-12-17/851/specs935-v1-FA-P015084-U2OS-48h-P5-L1_D06_s9_w5DA42879D-F706-414A-B3C1-CD00EB97FBBE.npy,ATPase inhibitor
P015084,D08,s1,CBK288288,/mnt/micro-images-pvc/specs935-v1/specs935-v1-FA-P015084-U2OS-48h-P5-L1/2021-12-17/851/specs935-v1-FA-P015084-U2OS-48h-P5-L1_D08_s1_w586F2D539-3534-4924-97E5-C9DD25CEBB36.npy,Aurora kinase inhibitor
P015084,D08,s2,CBK288288,/mnt/micro-images-pvc/specs935-v1/specs935-v1-FA-P015084-U2OS-48h-P5-L1/2021-12-17/851/specs935-v1-FA-P015084-U2OS-48h-P5-L1_D08_s2_w572B2A366-1B90-4FC3-94C1-A287A36036A7.npy,Aurora kinase inhibitor
P015084,D08,s3,CBK288288,/mnt/micro-images-pvc/specs935-v1/specs935-v1-FA-P015084-U2OS-48h-P5-L1/2021-12-17/851/specs935-v1-FA-P015084-U2OS-48h-P5-L1_D08_s3_w52EF91ACC-7CD4-4B26-B01A-63C691C7031D.npy,Aurora kinase inhibitor
P015084,D08,s4,CBK288288,/mnt/micro-images-pvc/specs935-v1/specs935-v1-FA-P015084-U2OS-48h-P5-L1/2021-12-17/851/specs935-v1-FA-P015084-U2OS-48h-P5-L1_D08_s4_w56876DA33-0C48-4531-A565-A4D3B41AC6D4.npy,Aurora kinase inhibitor
P015084,D08,s5,CBK288288,/mnt/micro-images-pvc/specs935-v1/specs935-v1-FA-P015084-U2OS-48h-P5-L1/2021-12-17/851/specs935-v1-FA-P015084-U2OS-48h-P5-L1_D08_s5_w563A9428E-4B14-4AFC-90FA-233747A4C655.npy,Aurora kinase inhibitor
P015084,D08,s6,CBK288288,/mnt/micro-images-pvc/specs935-v1/specs935-v1-FA-P015084-U2OS-48h-P5-L1/2021-12-17/851/specs935-v1-FA-P015084-U2OS-48h-P5-L1_D08_s6_w52E2C4535-8677-410B-992A-8BCC7655A1CB.npy,Aurora kinase inhibitor
P015084,D08,s7,CBK288288,/mnt/micro-images-pvc/specs935-v1/specs935-v1-FA-P015084-U2OS-48h-P5-L1/2021-12-17/851/specs935-v1-FA-P015084-U2OS-48h-P5-L1_D08_s7_w5CFBC7D5D-E0B7-426B-A462-640699CC82FA.npy,Aurora kinase inhibitor
P015084,D08,s8,CBK288288,/mnt/micro-images-pvc/specs935-v1/specs935-v1-FA-P015084-U2OS-48h-P5-L1/2021-12-17/851/specs935-v1-FA-P015084-U2OS-48h-P5-L1_D08_s8_w526ED000D-B2F9-4B1D-BECE-720E878F37E7.npy,Aurora kinase inhibitor
P015084,D08,s9,CBK288288,/mnt/micro-images-pvc/specs935-v1/specs935-v1-FA-P015084-U2OS-48h-P5-L1/2021-12-17/851/specs935-v1-FA-P015084-U2OS-48h-P5-L1_D08_s9_w5B3620DB5-B3B4-49D4-ABB4-BF45A9641744.npy,Aurora kinase inhibitor
P015084,D10,s1,CBK290684,/mnt/micro-images-pvc/specs935-v1/specs935-v1-FA-P015084-U2OS-48h-P5-L1/2021-12-17/851/specs935-v1-FA-P015084-U2OS-48h-P5-L1_D10_s1_w551778652-BED3-47A5-9095-3FBF383C95FD.npy,Aurora kinase inhibitor
P015084,D10,s2,CBK290684,/mnt/micro-images-pvc/specs935-v1/specs935-v1-FA-P015084-U2OS-48h-P5-L1/2021-12-17/851/specs935-v1-FA-P015084-U2OS-48h-P5-L1_D10_s2_w56DBF432F-D558-4486-BC37-8B74419F05EB.npy,Aurora kinase inhibitor
P015084,D10,s3,CBK290684,/mnt/micro-images-pvc/specs935-v1/specs935-v1-FA-P015084-U2OS-48h-P5-L1/2021-12-17/851/specs935-v1-FA-P015084-U2OS-48h-P5-L1_D10_s3_w56808E31D-770E-4960-B62E-A42AF10E3CBA.npy,Aurora kinase inhibitor
P015084,D10,s4,CBK290684,/mnt/micro-images-pvc/specs935-v1/specs935-v1-FA-P015084-U2OS-48h-P5-L1/2021-12-17/851/specs935-v1-FA-P015084-U2OS-48h-P5-L1_D10_s4_w5687A061A-99F8-4A0B-ABC9-F3427294FFBD.npy,Aurora kinase inhibitor
P015084,D10,s5,CBK290684,/mnt/micro-images-pvc/specs935-v1/specs935-v1-FA-P015084-U2OS-48h-P5-L1/2021-12-17/851/specs935-v1-FA-P015084-U2OS-48h-P5-L1_D10_s5_w5DC4C8B06-A449-4CFE-A8E6-D4584A622CAA.npy,Aurora kinase inhibitor
P015084,D10,s6,CBK290684,/mnt/micro-images-pvc/specs935-v1/specs935-v1-FA-P015084-U2OS-48h-P5-L1/2021-12-17/851/specs935-v1-FA-P015084-U2OS-48h-P5-L1_D10_s6_w519B610A7-3C0E-4C49-89FB-F361A34EC7A8.npy,Aurora kinase inhibitor
P015084,D10,s7,CBK290684,/mnt/micro-images-pvc/specs935-v1/specs935-v1-FA-P015084-U2OS-48h-P5-L1/2021-12-17/851/specs935-v1-FA-P015084-U2OS-48h-P5-L1_D10_s7_w56EC561FF-E267-47F6-93EA-CE545456DCD9.npy,Aurora kinase inhibitor
P015084,D10,s8,CBK290684,/mnt/micro-images-pvc/specs935-v1/specs935-v1-FA-P015084-U2OS-48h-P5-L1/2021-12-17/851/specs935-v1-FA-P015084-U2OS-48h-P5-L1_D10_s8_w51C78608F-59FA-46EB-A17B-EEC7AA8389FD.npy,Aurora kinase inhibitor
P015084,D10,s9,CBK290684,/mnt/micro-images-pvc/specs935-v1/specs935-v1-FA-P015084-U2OS-48h-P5-L1/2021-12-17/851/specs935-v1-FA-P015084-U2OS-48h-P5-L1_D10_s9_w50C7933E9-E36C-413F-AB41-8D4193750128.npy,Aurora kinase inhibitor
P015084,D19,s1,CBK288259,/mnt/micro-images-pvc/specs935-v1/specs935-v1-FA-P015084-U2OS-48h-P5-L1/2021-12-17/851/specs935-v1-FA-P015084-U2OS-48h-P5-L1_D19_s1_w5AAEC9A1D-BFD8-4B4F-A9BD-EDAB262E5273.npy,Aurora kinase inhibitor
P015084,D19,s2,CBK288259,/mnt/micro-images-pvc/specs935-v1/specs935-v1-FA-P015084-U2OS-48h-P5-L1/2021-12-17/851/specs935-v1-FA-P015084-U2OS-48h-P5-L1_D19_s2_w50F0BA418-C16F-4D0C-A1AD-24FDBEFCF237.npy,Aurora kinase inhibitor
P015084,D19,s3,CBK288259,/mnt/micro-images-pvc/specs935-v1/specs935-v1-FA-P015084-U2OS-48h-P5-L1/2021-12-17/851/specs935-v1-FA-P015084-U2OS-48h-P5-L1_D19_s3_w58B9ED831-6B6D-4AEB-9888-DD1752EEBF97.npy,Aurora kinase inhibitor
P015084,D19,s4,CBK288259,/mnt/micro-images-pvc/specs935-v1/specs935-v1-FA-P015084-U2OS-48h-P5-L1/2021-12-17/851/specs935-v1-FA-P015084-U2OS-48h-P5-L1_D19_s4_w5EFD6D420-65A1-41A6-92BC-583E5E2AA5C8.npy,Aurora kinase inhibitor
P015084,D19,s5,CBK288259,/mnt/micro-images-pvc/specs935-v1/specs935-v1-FA-P015084-U2OS-48h-P5-L1/2021-12-17/851/specs935-v1-FA-P015084-U2OS-48h-P5-L1_D19_s5_w5D8A61386-B8FD-4779-84B8-92B663C4E40A.npy,Aurora kinase inhibitor
P015084,D19,s6,CBK288259,/mnt/micro-images-pvc/specs935-v1/specs935-v1-FA-P015084-U2OS-48h-P5-L1/2021-12-17/851/specs935-v1-FA-P015084-U2OS-48h-P5-L1_D19_s6_w5A807F638-43B2-4703-8699-1352D3249F52.npy,Aurora kinase inhibitor
P015084,D19,s7,CBK288259,/mnt/micro-images-pvc/specs935-v1/specs935-v1-FA-P015084-U2OS-48h-P5-L1/2021-12-17/851/specs935-v1-FA-P015084-U2OS-48h-P5-L1_D19_s7_w55004CED4-FC07-4320-B4E4-3C494BB7C36B.npy,Aurora kinase inhibitor
P015084,D19,s8,CBK288259,/mnt/micro-images-pvc/specs935-v1/specs935-v1-FA-P015084-U2OS-48h-P5-L1/2021-12-17/851/specs935-v1-FA-P015084-U2OS-48h-P5-L1_D19_s8_w5032CDC13-466F-4A49-B650-2245D694958B.npy,Aurora kinase inhibitor
P015084,D19,s9,CBK288259,/mnt/micro-images-pvc/specs935-v1/specs935-v1-FA-P015084-U2OS-48h-P5-L1/2021-12-17/851/specs935-v1-FA-P015084-U2OS-48h-P5-L1_D19_s9_w5F1D17FE8-FF29-4E42-9B68-85717D5B4541.npy,Aurora kinase inhibitor
P015084,D21,s1,CBK288286,/mnt/micro-images-pvc/specs935-v1/specs935-v1-FA-P015084-U2OS-48h-P5-L1/2021-12-17/851/specs935-v1-FA-P015084-U2OS-48h-P5-L1_D21_s1_w5A7A00E3E-E7A8-46DE-990D-0574501E7A20.npy,Aurora kinase inhibitor
P015084,D21,s2,CBK288286,/mnt/micro-images-pvc/specs935-v1/specs935-v1-FA-P015084-U2OS-48h-P5-L1/2021-12-17/851/specs935-v1-FA-P015084-U2OS-48h-P5-L1_D21_s2_w52180A568-3AD9-45A9-A214-33D769070C3E.npy,Aurora kinase inhibitor
P015084,D21,s3,CBK288286,/mnt/micro-images-pvc/specs935-v1/specs935-v1-FA-P015084-U2OS-48h-P5-L1/2021-12-17/851/specs935-v1-FA-P015084-U2OS-48h-P5-L1_D21_s3_w5A8B0D24F-CDA1-4684-9A41-1D68ED55067A.npy,Aurora kinase inhibitor
P015084,D21,s4,CBK288286,/mnt/micro-images-pvc/specs935-v1/specs935-v1-FA-P015084-U2OS-48h-P5-L1/2021-12-17/851/specs935-v1-FA-P015084-U2OS-48h-P5-L1_D21_s4_w5DFE9BE6A-B5B6-43DF-9A9A-58E693D53A8C.npy,Aurora kinase inhibitor
P015084,D21,s5,CBK288286,/mnt/micro-images-pvc/specs935-v1/specs935-v1-FA-P015084-U2OS-48h-P5-L1/2021-12-17/851/specs935-v1-FA-P015084-U2OS-48h-P5-L1_D21_s5_w55FF41FE9-B499-4538-B14A-16E75B544E4F.npy,Aurora kinase inhibitor
P015084,D21,s6,CBK288286,/mnt/micro-images-pvc/specs935-v1/specs935-v1-FA-P015084-U2OS-48h-P5-L1/2021-12-17/851/specs935-v1-FA-P015084-U2OS-48h-P5-L1_D21_s6_w5A216CD32-A037-4064-82FE-31FB5F940B51.npy,Aurora kinase inhibitor
P015084,D21,s7,CBK288286,/mnt/micro-images-pvc/specs935-v1/specs935-v1-FA-P015084-U2OS-48h-P5-L1/2021-12-17/851/specs935-v1-FA-P015084-U2OS-48h-P5-L1_D21_s7_w59CAA1631-1EB9-4330-8983-32DEFDFBA127.npy,Aurora kinase inhibitor
P015084,D21,s8,CBK288286,/mnt/micro-images-pvc/specs935-v1/specs935-v1-FA-P015084-U2OS-48h-P5-L1/2021-12-17/851/specs935-v1-FA-P015084-U2OS-48h-P5-L1_D21_s8_w5C60289C8-E467-43F0-9F0F-3BA11F7B0D10.npy,Aurora kinase inhibitor
P015084,D21,s9,CBK288286,/mnt/micro-images-pvc/specs935-v1/specs935-v1-FA-P015084-U2OS-48h-P5-L1/2021-12-17/851/specs935-v1-FA-P015084-U2OS-48h-P5-L1_D21_s9_w5AEDE75A0-98C0-4018-9AA1-A360823E82D0.npy,Aurora kinase inhibitor
P015084,D22,s1,CBK288284,/mnt/micro-images-pvc/specs935-v1/specs935-v1-FA-P015084-U2OS-48h-P5-L1/2021-12-17/851/specs935-v1-FA-P015084-U2OS-48h-P5-L1_D22_s1_w57C8D2FE2-058A-4041-A16A-78EB13BA908D.npy,Aurora kinase inhibitor
P015084,D22,s2,CBK288284,/mnt/micro-images-pvc/specs935-v1/specs935-v1-FA-P015084-U2OS-48h-P5-L1/2021-12-17/851/specs935-v1-FA-P015084-U2OS-48h-P5-L1_D22_s2_w5CD386A13-760E-487C-A299-10CBC85BAB6B.npy,Aurora kinase inhibitor
P015084,D22,s3,CBK288284,/mnt/micro-images-pvc/specs935-v1/specs935-v1-FA-P015084-U2OS-48h-P5-L1/2021-12-17/851/specs935-v1-FA-P015084-U2OS-48h-P5-L1_D22_s3_w5788BBC56-2011-4455-8815-9142B21CA76F.npy,Aurora kinase inhibitor
P015084,D22,s4,CBK288284,/mnt/micro-images-pvc/specs935-v1/specs935-v1-FA-P015084-U2OS-48h-P5-L1/2021-12-17/851/specs935-v1-FA-P015084-U2OS-48h-P5-L1_D22_s4_w54DB78895-3A2C-47AF-94B5-1E9345E72D40.npy,Aurora kinase inhibitor
P015084,D22,s5,CBK288284,/mnt/micro-images-pvc/specs935-v1/specs935-v1-FA-P015084-U2OS-48h-P5-L1/2021-12-17/851/specs935-v1-FA-P015084-U2OS-48h-P5-L1_D22_s5_w5EA39868E-0352-409B-A0D7-3879371A8D9F.npy,Aurora kinase inhibitor
P015084,D22,s6,CBK288284,/mnt/micro-images-pvc/specs935-v1/specs935-v1-FA-P015084-U2OS-48h-P5-L1/2021-12-17/851/specs935-v1-FA-P015084-U2OS-48h-P5-L1_D22_s6_w5AA3AD29C-A3C6-4F01-8546-68BFD81A2D20.npy,Aurora kinase inhibitor
P015084,D22,s7,CBK288284,/mnt/micro-images-pvc/specs935-v1/specs935-v1-FA-P015084-U2OS-48h-P5-L1/2021-12-17/851/specs935-v1-FA-P015084-U2OS-48h-P5-L1_D22_s7_w54FA68425-221E-40D9-BDAD-681B6FD8CBC4.npy,Aurora kinase inhibitor
P015084,D22,s8,CBK288284,/mnt/micro-images-pvc/specs935-v1/specs935-v1-FA-P015084-U2OS-48h-P5-L1/2021-12-17/851/specs935-v1-FA-P015084-U2OS-48h-P5-L1_D22_s8_w586AABF25-3F80-4134-B0EB-FC7E9E14181F.npy,Aurora kinase inhibitor
P015084,D22,s9,CBK288284,/mnt/micro-images-pvc/specs935-v1/specs935-v1-FA-P015084-U2OS-48h-P5-L1/2021-12-17/851/specs935-v1-FA-P015084-U2OS-48h-P5-L1_D22_s9_w5973EFDB4-A56C-4BD2-B594-F7A7B3112335.npy,Aurora kinase inhibitor
P015084,E04,s1,CBK293886,/mnt/micro-images-pvc/specs935-v1/specs935-v1-FA-P015084-U2OS-48h-P5-L1/2021-12-17/851/specs935-v1-FA-P015084-U2OS-48h-P5-L1_E04_s1_w572C93424-565B-44FC-B0FC-E7DA36E9EC1B.npy,Aurora kinase inhibitor
P015084,E04,s2,CBK293886,/mnt/micro-images-pvc/specs935-v1/specs935-v1-FA-P015084-U2OS-48h-P5-L1/2021-12-17/851/specs935-v1-FA-P015084-U2OS-48h-P5-L1_E04_s2_w598713261-E78E-4CD5-B5CA-B2AF42C21A33.npy,Aurora kinase inhibitor
P015084,E04,s3,CBK293886,/mnt/micro-images-pvc/specs935-v1/specs935-v1-FA-P015084-U2OS-48h-P5-L1/2021-12-17/851/specs935-v1-FA-P015084-U2OS-48h-P5-L1_E04_s3_w5F1367A8E-836B-40E2-AC7E-7161D7E48019.npy,Aurora kinase inhibitor
P015084,E04,s4,CBK293886,/mnt/micro-images-pvc/specs935-v1/specs935-v1-FA-P015084-U2OS-48h-P5-L1/2021-12-17/851/specs935-v1-FA-P015084-U2OS-48h-P5-L1_E04_s4_w58F48DF31-0816-4197-B4A1-27021A6D3314.npy,Aurora kinase inhibitor
P015084,E04,s5,CBK293886,/mnt/micro-images-pvc/specs935-v1/specs935-v1-FA-P015084-U2OS-48h-P5-L1/2021-12-17/851/specs935-v1-FA-P015084-U2OS-48h-P5-L1_E04_s5_w53A23E185-82F0-4F76-8B1B-9696FFBD77C1.npy,Aurora kinase inhibitor
P015084,E04,s6,CBK293886,/mnt/micro-images-pvc/specs935-v1/specs935-v1-FA-P015084-U2OS-48h-P5-L1/2021-12-17/851/specs935-v1-FA-P015084-U2OS-48h-P5-L1_E04_s6_w5B49F903F-B2A2-4858-975C-3FBBB9781217.npy,Aurora kinase inhibitor
P015084,E04,s7,CBK293886,/mnt/micro-images-pvc/specs935-v1/specs935-v1-FA-P015084-U2OS-48h-P5-L1/2021-12-17/851/specs935-v1-FA-P015084-U2OS-48h-P5-L1_E04_s7_w5A289794E-CCFB-4986-B468-C42FF93F94B0.npy,Aurora kinase inhibitor
P015084,E04,s8,CBK293886,/mnt/micro-images-pvc/specs935-v1/specs935-v1-FA-P015084-U2OS-48h-P5-L1/2021-12-17/851/specs935-v1-FA-P015084-U2OS-48h-P5-L1_E04_s8_w57F7D2F71-764F-4374-9044-8C55AE1CE283.npy,Aurora kinase inhibitor
P015084,E04,s9,CBK293886,/mnt/micro-images-pvc/specs935-v1/specs935-v1-FA-P015084-U2OS-48h-P5-L1/2021-12-17/851/specs935-v1-FA-P015084-U2OS-48h-P5-L1_E04_s9_w5EB3E56EB-E6EE-4AE6-A273-C677DA9AED47.npy,Aurora kinase inhibitor
P015084,E08,s1,CBK309653,/mnt/micro-images-pvc/specs935-v1/specs935-v1-FA-P015084-U2OS-48h-P5-L1/2021-12-17/851/specs935-v1-FA-P015084-U2OS-48h-P5-L1_E08_s1_w5C33392A7-76C7-4ED1-8F01-4AEF8C3E11E4.npy,ATPase inhibitor
P015084,E08,s2,CBK309653,/mnt/micro-images-pvc/specs935-v1/specs935-v1-FA-P015084-U2OS-48h-P5-L1/2021-12-17/851/specs935-v1-FA-P015084-U2OS-48h-P5-L1_E08_s2_w59399E792-5D0B-4511-93EB-4F9D9B0D80E8.npy,ATPase inhibitor
P015084,E08,s3,CBK309653,/mnt/micro-images-pvc/specs935-v1/specs935-v1-FA-P015084-U2OS-48h-P5-L1/2021-12-17/851/specs935-v1-FA-P015084-U2OS-48h-P5-L1_E08_s3_w5FF3A8235-3EE7-4D11-AAC8-B8F0E1D407C3.npy,ATPase inhibitor
P015084,E08,s4,CBK309653,/mnt/micro-images-pvc/specs935-v1/specs935-v1-FA-P015084-U2OS-48h-P5-L1/2021-12-17/851/specs935-v1-FA-P015084-U2OS-48h-P5-L1_E08_s4_w5A33AEC8E-C313-491D-A73C-9339C377E02F.npy,ATPase inhibitor
P015084,E08,s5,CBK309653,/mnt/micro-images-pvc/specs935-v1/specs935-v1-FA-P015084-U2OS-48h-P5-L1/2021-12-17/851/specs935-v1-FA-P015084-U2OS-48h-P5-L1_E08_s5_w5D697D43D-755E-4F40-A229-0CFA19A1D0E2.npy,ATPase inhibitor
P015084,E08,s6,CBK309653,/mnt/micro-images-pvc/specs935-v1/specs935-v1-FA-P015084-U2OS-48h-P5-L1/2021-12-17/851/specs935-v1-FA-P015084-U2OS-48h-P5-L1_E08_s6_w5EC7A9875-4469-4FA8-BB27-1FAA53F8AD24.npy,ATPase inhibitor
P015084,E08,s7,CBK309653,/mnt/micro-images-pvc/specs935-v1/specs935-v1-FA-P015084-U2OS-48h-P5-L1/2021-12-17/851/specs935-v1-FA-P015084-U2OS-48h-P5-L1_E08_s7_w582F05F91-0FB7-4684-9ABD-2C1C55BBCAB3.npy,ATPase inhibitor
P015084,E08,s8,CBK309653,/mnt/micro-images-pvc/specs935-v1/specs935-v1-FA-P015084-U2OS-48h-P5-L1/2021-12-17/851/specs935-v1-FA-P015084-U2OS-48h-P5-L1_E08_s8_w5CFB514F9-481E-456F-8364-5E5688F4066C.npy,ATPase inhibitor
P015084,E08,s9,CBK309653,/mnt/micro-images-pvc/specs935-v1/specs935-v1-FA-P015084-U2OS-48h-P5-L1/2021-12-17/851/specs935-v1-FA-P015084-U2OS-48h-P5-L1_E08_s9_w59006E31D-1ABF-4293-9262-BC620642362F.npy,ATPase inhibitor
P015084,E22,s1,CBK308980,/mnt/micro-images-pvc/specs935-v1/specs935-v1-FA-P015084-U2OS-48h-P5-L1/2021-12-17/851/specs935-v1-FA-P015084-U2OS-48h-P5-L1_E22_s1_w5B79CEE64-2B6A-49D6-877B-F5F8B8A32FC3.npy,ATPase inhibitor
P015084,E22,s2,CBK308980,/mnt/micro-images-pvc/specs935-v1/specs935-v1-FA-P015084-U2OS-48h-P5-L1/2021-12-17/851/specs935-v1-FA-P015084-U2OS-48h-P5-L1_E22_s2_w565811EFD-1999-46CA-8AD7-6F35BC6EE423.npy,ATPase inhibitor
P015084,E22,s3,CBK308980,/mnt/micro-images-pvc/specs935-v1/specs935-v1-FA-P015084-U2OS-48h-P5-L1/2021-12-17/851/specs935-v1-FA-P015084-U2OS-48h-P5-L1_E22_s3_w5836EC71E-8C96-4D07-B586-3FD40D192117.npy,ATPase inhibitor
P015084,E22,s4,CBK308980,/mnt/micro-images-pvc/specs935-v1/specs935-v1-FA-P015084-U2OS-48h-P5-L1/2021-12-17/851/specs935-v1-FA-P015084-U2OS-48h-P5-L1_E22_s4_w5F04F667B-AB45-40D2-85B9-B8F5D1860271.npy,ATPase inhibitor
P015084,E22,s5,CBK308980,/mnt/micro-images-pvc/specs935-v1/specs935-v1-FA-P015084-U2OS-48h-P5-L1/2021-12-17/851/specs935-v1-FA-P015084-U2OS-48h-P5-L1_E22_s5_w599261E30-4B72-46CD-A211-E222B31907DB.npy,ATPase inhibitor
P015084,E22,s6,CBK308980,/mnt/micro-images-pvc/specs935-v1/specs935-v1-FA-P015084-U2OS-48h-P5-L1/2021-12-17/851/specs935-v1-FA-P015084-U2OS-48h-P5-L1_E22_s6_w5B3E204B5-4FC9-4389-8776-12E0EAAF9E92.npy,ATPase inhibitor
P015084,E22,s7,CBK308980,/mnt/micro-images-pvc/specs935-v1/specs935-v1-FA-P015084-U2OS-48h-P5-L1/2021-12-17/851/specs935-v1-FA-P015084-U2OS-48h-P5-L1_E22_s7_w564E587E5-A196-491B-AD01-A1684E10B347.npy,ATPase inhibitor
P015084,E22,s8,CBK308980,/mnt/micro-images-pvc/specs935-v1/specs935-v1-FA-P015084-U2OS-48h-P5-L1/2021-12-17/851/specs935-v1-FA-P015084-U2OS-48h-P5-L1_E22_s8_w5D1A9BE08-201A-4169-94DC-E1B5886CBCE9.npy,ATPase inhibitor
P015084,E22,s9,CBK308980,/mnt/micro-images-pvc/specs935-v1/specs935-v1-FA-P015084-U2OS-48h-P5-L1/2021-12-17/851/specs935-v1-FA-P015084-U2OS-48h-P5-L1_E22_s9_w53C792414-B173-4D0F-8263-8CF1FF97AF58.npy,ATPase inhibitor
P015084,F03,s1,CBK290684,/mnt/micro-images-pvc/specs935-v1/specs935-v1-FA-P015084-U2OS-48h-P5-L1/2021-12-17/851/specs935-v1-FA-P015084-U2OS-48h-P5-L1_F03_s1_w54BAF2022-CF19-47FF-A049-91199B489305.npy,Aurora kinase inhibitor
P015084,F03,s2,CBK290684,/mnt/micro-images-pvc/specs935-v1/specs935-v1-FA-P015084-U2OS-48h-P5-L1/2021-12-17/851/specs935-v1-FA-P015084-U2OS-48h-P5-L1_F03_s2_w5D033D77F-C847-4EBB-A5CE-89C345D94F13.npy,Aurora kinase inhibitor
P015084,F03,s3,CBK290684,/mnt/micro-images-pvc/specs935-v1/specs935-v1-FA-P015084-U2OS-48h-P5-L1/2021-12-17/851/specs935-v1-FA-P015084-U2OS-48h-P5-L1_F03_s3_w5692CD928-2E36-4DAD-9B32-3C7238F5DADE.npy,Aurora kinase inhibitor
P015084,F03,s4,CBK290684,/mnt/micro-images-pvc/specs935-v1/specs935-v1-FA-P015084-U2OS-48h-P5-L1/2021-12-17/851/specs935-v1-FA-P015084-U2OS-48h-P5-L1_F03_s4_w55A83291C-8CAF-42BB-9E25-0D3FF2DE7D1C.npy,Aurora kinase inhibitor
P015084,F03,s5,CBK290684,/mnt/micro-images-pvc/specs935-v1/specs935-v1-FA-P015084-U2OS-48h-P5-L1/2021-12-17/851/specs935-v1-FA-P015084-U2OS-48h-P5-L1_F03_s5_w5B9ED905E-A57C-4ED2-8E08-E4F7AB2F02ED.npy,Aurora kinase inhibitor
P015084,F03,s6,CBK290684,/mnt/micro-images-pvc/specs935-v1/specs935-v1-FA-P015084-U2OS-48h-P5-L1/2021-12-17/851/specs935-v1-FA-P015084-U2OS-48h-P5-L1_F03_s6_w5716D2231-79E9-4A27-A20C-4C26A700E599.npy,Aurora kinase inhibitor
P015084,F03,s7,CBK290684,/mnt/micro-images-pvc/specs935-v1/specs935-v1-FA-P015084-U2OS-48h-P5-L1/2021-12-17/851/specs935-v1-FA-P015084-U2OS-48h-P5-L1_F03_s7_w5C5FA455B-38D3-40F1-93B6-51992F1FEF89.npy,Aurora kinase inhibitor
P015084,F03,s8,CBK290684,/mnt/micro-images-pvc/specs935-v1/specs935-v1-FA-P015084-U2OS-48h-P5-L1/2021-12-17/851/specs935-v1-FA-P015084-U2OS-48h-P5-L1_F03_s8_w54C0828E4-6CA5-4A8C-8658-721D7B9F3EFD.npy,Aurora kinase inhibitor
P015084,F03,s9,CBK290684,/mnt/micro-images-pvc/specs935-v1/specs935-v1-FA-P015084-U2OS-48h-P5-L1/2021-12-17/851/specs935-v1-FA-P015084-U2OS-48h-P5-L1_F03_s9_w52D325ED2-7D0C-4A26-915A-13441F4B028D.npy,Aurora kinase inhibitor
P015084,F05,s1,CBK290829,/mnt/micro-images-pvc/specs935-v1/specs935-v1-FA-P015084-U2OS-48h-P5-L1/2021-12-17/851/specs935-v1-FA-P015084-U2OS-48h-P5-L1_F05_s1_w5906A8A41-B1DB-4F77-B11E-8EE3EBA9288A.npy,Aurora kinase inhibitor
P015084,F05,s2,CBK290829,/mnt/micro-images-pvc/specs935-v1/specs935-v1-FA-P015084-U2OS-48h-P5-L1/2021-12-17/851/specs935-v1-FA-P015084-U2OS-48h-P5-L1_F05_s2_w5B15A3E50-E37A-48D0-88F0-75BC6310F4C5.npy,Aurora kinase inhibitor
P015084,F05,s3,CBK290829,/mnt/micro-images-pvc/specs935-v1/specs935-v1-FA-P015084-U2OS-48h-P5-L1/2021-12-17/851/specs935-v1-FA-P015084-U2OS-48h-P5-L1_F05_s3_w537620B73-20CF-4013-9169-17DF0566E76C.npy,Aurora kinase inhibitor
P015084,F05,s4,CBK290829,/mnt/micro-images-pvc/specs935-v1/specs935-v1-FA-P015084-U2OS-48h-P5-L1/2021-12-17/851/specs935-v1-FA-P015084-U2OS-48h-P5-L1_F05_s4_w5C6B3C17D-F3DB-4991-B890-20D9EAAFC607.npy,Aurora kinase inhibitor
P015084,F05,s5,CBK290829,/mnt/micro-images-pvc/specs935-v1/specs935-v1-FA-P015084-U2OS-48h-P5-L1/2021-12-17/851/specs935-v1-FA-P015084-U2OS-48h-P5-L1_F05_s5_w51096BDD2-CF19-447E-AABB-9A5768667C4E.npy,Aurora kinase inhibitor
P015084,F05,s6,CBK290829,/mnt/micro-images-pvc/specs935-v1/specs935-v1-FA-P015084-U2OS-48h-P5-L1/2021-12-17/851/specs935-v1-FA-P015084-U2OS-48h-P5-L1_F05_s6_w5023E2794-B015-4B04-9E37-075282FCAD5C.npy,Aurora kinase inhibitor
P015084,F05,s7,CBK290829,/mnt/micro-images-pvc/specs935-v1/specs935-v1-FA-P015084-U2OS-48h-P5-L1/2021-12-17/851/specs935-v1-FA-P015084-U2OS-48h-P5-L1_F05_s7_w5DB062F4A-7403-4379-B422-66C81446C637.npy,Aurora kinase inhibitor
P015084,F05,s8,CBK290829,/mnt/micro-images-pvc/specs935-v1/specs935-v1-FA-P015084-U2OS-48h-P5-L1/2021-12-17/851/specs935-v1-FA-P015084-U2OS-48h-P5-L1_F05_s8_w5CC9C4BBA-0131-4B8C-B060-0FF04D0550D2.npy,Aurora kinase inhibitor
P015084,F05,s9,CBK290829,/mnt/micro-images-pvc/specs935-v1/specs935-v1-FA-P015084-U2OS-48h-P5-L1/2021-12-17/851/specs935-v1-FA-P015084-U2OS-48h-P5-L1_F05_s9_w52CCD05F3-AB4A-4A34-837F-D8B0C76FD52D.npy,Aurora kinase inhibitor
P015084,F11,s1,CBK309086,/mnt/micro-images-pvc/specs935-v1/specs935-v1-FA-P015084-U2OS-48h-P5-L1/2021-12-17/851/specs935-v1-FA-P015084-U2OS-48h-P5-L1_F11_s1_w55C367A06-65DD-46FA-8312-E17EC767F654.npy,ATPase inhibitor
P015084,F11,s2,CBK309086,/mnt/micro-images-pvc/specs935-v1/specs935-v1-FA-P015084-U2OS-48h-P5-L1/2021-12-17/851/specs935-v1-FA-P015084-U2OS-48h-P5-L1_F11_s2_w534AF8814-1F77-4EEE-A992-CF8717CBD2EB.npy,ATPase inhibitor
P015084,F11,s3,CBK309086,/mnt/micro-images-pvc/specs935-v1/specs935-v1-FA-P015084-U2OS-48h-P5-L1/2021-12-17/851/specs935-v1-FA-P015084-U2OS-48h-P5-L1_F11_s3_w5067E178A-22A6-4C66-AF1B-522F7721D2C7.npy,ATPase inhibitor
P015084,F11,s4,CBK309086,/mnt/micro-images-pvc/specs935-v1/specs935-v1-FA-P015084-U2OS-48h-P5-L1/2021-12-17/851/specs935-v1-FA-P015084-U2OS-48h-P5-L1_F11_s4_w5418DD78B-6A15-46C9-8160-CECCE8AEFC6B.npy,ATPase inhibitor
P015084,F11,s5,CBK309086,/mnt/micro-images-pvc/specs935-v1/specs935-v1-FA-P015084-U2OS-48h-P5-L1/2021-12-17/851/specs935-v1-FA-P015084-U2OS-48h-P5-L1_F11_s5_w5AB7B0244-7F17-4E26-A299-30CDCB119F73.npy,ATPase inhibitor
P015084,F11,s6,CBK309086,/mnt/micro-images-pvc/specs935-v1/specs935-v1-FA-P015084-U2OS-48h-P5-L1/2021-12-17/851/specs935-v1-FA-P015084-U2OS-48h-P5-L1_F11_s6_w5F6FB7DD6-003A-4C5F-8334-65CB987EB2A8.npy,ATPase inhibitor
P015084,F11,s7,CBK309086,/mnt/micro-images-pvc/specs935-v1/specs935-v1-FA-P015084-U2OS-48h-P5-L1/2021-12-17/851/specs935-v1-FA-P015084-U2OS-48h-P5-L1_F11_s7_w576D2F783-B360-47DF-92A0-D865C9B6CBB2.npy,ATPase inhibitor
P015084,F11,s8,CBK309086,/mnt/micro-images-pvc/specs935-v1/specs935-v1-FA-P015084-U2OS-48h-P5-L1/2021-12-17/851/specs935-v1-FA-P015084-U2OS-48h-P5-L1_F11_s8_w558B36ED6-0795-4AB4-9F0F-FAD9F9ADF529.npy,ATPase inhibitor
P015084,F11,s9,CBK309086,/mnt/micro-images-pvc/specs935-v1/specs935-v1-FA-P015084-U2OS-48h-P5-L1/2021-12-17/851/specs935-v1-FA-P015084-U2OS-48h-P5-L1_F11_s9_w59B236850-9B91-49D7-9CF8-B44AD592288C.npy,ATPase inhibitor
P015084,F12,s1,CBK308709,/mnt/micro-images-pvc/specs935-v1/specs935-v1-FA-P015084-U2OS-48h-P5-L1/2021-12-17/851/specs935-v1-FA-P015084-U2OS-48h-P5-L1_F12_s1_w55859E39A-A7C4-4D46-B2BB-1FE76F80062E.npy,ATPase inhibitor
P015084,F12,s2,CBK308709,/mnt/micro-images-pvc/specs935-v1/specs935-v1-FA-P015084-U2OS-48h-P5-L1/2021-12-17/851/specs935-v1-FA-P015084-U2OS-48h-P5-L1_F12_s2_w5AE423E25-2CDD-4F01-A56A-8D4678CA9BF7.npy,ATPase inhibitor
P015084,F12,s3,CBK308709,/mnt/micro-images-pvc/specs935-v1/specs935-v1-FA-P015084-U2OS-48h-P5-L1/2021-12-17/851/specs935-v1-FA-P015084-U2OS-48h-P5-L1_F12_s3_w57212F213-74C1-4197-88D2-6DC2070F8445.npy,ATPase inhibitor
P015084,F12,s4,CBK308709,/mnt/micro-images-pvc/specs935-v1/specs935-v1-FA-P015084-U2OS-48h-P5-L1/2021-12-17/851/specs935-v1-FA-P015084-U2OS-48h-P5-L1_F12_s4_w5BDD99D1D-88D3-49F1-8D8E-F3037F6549DB.npy,ATPase inhibitor
P015084,F12,s5,CBK308709,/mnt/micro-images-pvc/specs935-v1/specs935-v1-FA-P015084-U2OS-48h-P5-L1/2021-12-17/851/specs935-v1-FA-P015084-U2OS-48h-P5-L1_F12_s5_w5FA4655DF-FDA1-4F2C-871B-F0C35AF2097B.npy,ATPase inhibitor
P015084,F12,s6,CBK308709,/mnt/micro-images-pvc/specs935-v1/specs935-v1-FA-P015084-U2OS-48h-P5-L1/2021-12-17/851/specs935-v1-FA-P015084-U2OS-48h-P5-L1_F12_s6_w55E6B51A3-41F0-4216-9289-0FCDA8455AE1.npy,ATPase inhibitor
P015084,F12,s7,CBK308709,/mnt/micro-images-pvc/specs935-v1/specs935-v1-FA-P015084-U2OS-48h-P5-L1/2021-12-17/851/specs935-v1-FA-P015084-U2OS-48h-P5-L1_F12_s7_w52EBA15D7-15BF-4F54-8A78-3B67EB75C8C7.npy,ATPase inhibitor
P015084,F12,s8,CBK308709,/mnt/micro-images-pvc/specs935-v1/specs935-v1-FA-P015084-U2OS-48h-P5-L1/2021-12-17/851/specs935-v1-FA-P015084-U2OS-48h-P5-L1_F12_s8_w563C96AE7-FBE7-4673-9C9A-51CAD3D19627.npy,ATPase inhibitor
P015084,F12,s9,CBK308709,/mnt/micro-images-pvc/specs935-v1/specs935-v1-FA-P015084-U2OS-48h-P5-L1/2021-12-17/851/specs935-v1-FA-P015084-U2OS-48h-P5-L1_F12_s9_w504CBD2B6-5860-49BD-AB45-1D06FAC0E29D.npy,ATPase inhibitor
P015084,F16,s1,CBK018513,/mnt/micro-images-pvc/specs935-v1/specs935-v1-FA-P015084-U2OS-48h-P5-L1/2021-12-17/851/specs935-v1-FA-P015084-U2OS-48h-P5-L1_F16_s1_w5A37B4804-FDD5-4CB1-AE7C-7CFE0FD5CD18.npy,ATPase inhibitor
P015084,F16,s2,CBK018513,/mnt/micro-images-pvc/specs935-v1/specs935-v1-FA-P015084-U2OS-48h-P5-L1/2021-12-17/851/specs935-v1-FA-P015084-U2OS-48h-P5-L1_F16_s2_w58B6E76D3-5985-498D-97E5-BA605F4B5787.npy,ATPase inhibitor
P015084,F16,s3,CBK018513,/mnt/micro-images-pvc/specs935-v1/specs935-v1-FA-P015084-U2OS-48h-P5-L1/2021-12-17/851/specs935-v1-FA-P015084-U2OS-48h-P5-L1_F16_s3_w5C99572C5-2C63-4F4B-B328-B24A64BF2BF6.npy,ATPase inhibitor
P015084,F16,s4,CBK018513,/mnt/micro-images-pvc/specs935-v1/specs935-v1-FA-P015084-U2OS-48h-P5-L1/2021-12-17/851/specs935-v1-FA-P015084-U2OS-48h-P5-L1_F16_s4_w524D794A9-5258-4A2E-B306-7206AB5CD063.npy,ATPase inhibitor
P015084,F16,s5,CBK018513,/mnt/micro-images-pvc/specs935-v1/specs935-v1-FA-P015084-U2OS-48h-P5-L1/2021-12-17/851/specs935-v1-FA-P015084-U2OS-48h-P5-L1_F16_s5_w5D3E201D2-73FE-48D6-9D65-9CF24A2EB495.npy,ATPase inhibitor
P015084,F16,s6,CBK018513,/mnt/micro-images-pvc/specs935-v1/specs935-v1-FA-P015084-U2OS-48h-P5-L1/2021-12-17/851/specs935-v1-FA-P015084-U2OS-48h-P5-L1_F16_s6_w5D6798CC7-386C-4FCC-8170-2AFB71C59F29.npy,ATPase inhibitor
P015084,F16,s7,CBK018513,/mnt/micro-images-pvc/specs935-v1/specs935-v1-FA-P015084-U2OS-48h-P5-L1/2021-12-17/851/specs935-v1-FA-P015084-U2OS-48h-P5-L1_F16_s7_w594365163-CB3B-40CB-BBE3-1F3B8464E094.npy,ATPase inhibitor
P015084,F16,s8,CBK018513,/mnt/micro-images-pvc/specs935-v1/specs935-v1-FA-P015084-U2OS-48h-P5-L1/2021-12-17/851/specs935-v1-FA-P015084-U2OS-48h-P5-L1_F16_s8_w5C0A18DD0-9351-4862-977A-6D0721C7DA93.npy,ATPase inhibitor
P015084,F16,s9,CBK018513,/mnt/micro-images-pvc/specs935-v1/specs935-v1-FA-P015084-U2OS-48h-P5-L1/2021-12-17/851/specs935-v1-FA-P015084-U2OS-48h-P5-L1_F16_s9_w5A9419997-FD7F-4969-AD54-F33629430F30.npy,ATPase inhibitor
P015084,F17,s1,CBK290334,/mnt/micro-images-pvc/specs935-v1/specs935-v1-FA-P015084-U2OS-48h-P5-L1/2021-12-17/851/specs935-v1-FA-P015084-U2OS-48h-P5-L1_F17_s1_w5FA55F248-966E-4A43-A369-C6CE7343A5B3.npy,ATPase inhibitor
P015084,F17,s2,CBK290334,/mnt/micro-images-pvc/specs935-v1/specs935-v1-FA-P015084-U2OS-48h-P5-L1/2021-12-17/851/specs935-v1-FA-P015084-U2OS-48h-P5-L1_F17_s2_w5E7AD9464-1A65-4180-AC93-D65DD0E5A71D.npy,ATPase inhibitor
P015084,F17,s3,CBK290334,/mnt/micro-images-pvc/specs935-v1/specs935-v1-FA-P015084-U2OS-48h-P5-L1/2021-12-17/851/specs935-v1-FA-P015084-U2OS-48h-P5-L1_F17_s3_w53D7A9AFC-F2F3-4AA2-BF1E-8812BCAF54F6.npy,ATPase inhibitor
P015084,F17,s4,CBK290334,/mnt/micro-images-pvc/specs935-v1/specs935-v1-FA-P015084-U2OS-48h-P5-L1/2021-12-17/851/specs935-v1-FA-P015084-U2OS-48h-P5-L1_F17_s4_w5F5466C37-5C36-4328-AA8D-797B19F4BA01.npy,ATPase inhibitor
P015084,F17,s5,CBK290334,/mnt/micro-images-pvc/specs935-v1/specs935-v1-FA-P015084-U2OS-48h-P5-L1/2021-12-17/851/specs935-v1-FA-P015084-U2OS-48h-P5-L1_F17_s5_w5BA7AC76A-925F-497B-9F19-2E4F69B7E874.npy,ATPase inhibitor
P015084,F17,s6,CBK290334,/mnt/micro-images-pvc/specs935-v1/specs935-v1-FA-P015084-U2OS-48h-P5-L1/2021-12-17/851/specs935-v1-FA-P015084-U2OS-48h-P5-L1_F17_s6_w58B57F949-D96A-4966-B22D-B9D0D80059B6.npy,ATPase inhibitor
P015084,F17,s7,CBK290334,/mnt/micro-images-pvc/specs935-v1/specs935-v1-FA-P015084-U2OS-48h-P5-L1/2021-12-17/851/specs935-v1-FA-P015084-U2OS-48h-P5-L1_F17_s7_w556681869-CDBE-4C0B-9A05-D57EB45E5F4E.npy,ATPase inhibitor
P015084,F17,s8,CBK290334,/mnt/micro-images-pvc/specs935-v1/specs935-v1-FA-P015084-U2OS-48h-P5-L1/2021-12-17/851/specs935-v1-FA-P015084-U2OS-48h-P5-L1_F17_s8_w59EB73851-53BF-4119-AEBA-8AF40D11FD1A.npy,ATPase inhibitor
P015084,F17,s9,CBK290334,/mnt/micro-images-pvc/specs935-v1/specs935-v1-FA-P015084-U2OS-48h-P5-L1/2021-12-17/851/specs935-v1-FA-P015084-U2OS-48h-P5-L1_F17_s9_w5B377BE27-8926-4830-9A3C-6AEF7971FF15.npy,ATPase inhibitor
P015084,F19,s1,CBK200716,/mnt/micro-images-pvc/specs935-v1/specs935-v1-FA-P015084-U2OS-48h-P5-L1/2021-12-17/851/specs935-v1-FA-P015084-U2OS-48h-P5-L1_F19_s1_w50E26DE11-9AAE-4186-BA62-D4634BA9E83A.npy,ATPase inhibitor
P015084,F19,s2,CBK200716,/mnt/micro-images-pvc/specs935-v1/specs935-v1-FA-P015084-U2OS-48h-P5-L1/2021-12-17/851/specs935-v1-FA-P015084-U2OS-48h-P5-L1_F19_s2_w53A2A82C3-E077-411B-AB86-9194BB14C7EB.npy,ATPase inhibitor
P015084,F19,s3,CBK200716,/mnt/micro-images-pvc/specs935-v1/specs935-v1-FA-P015084-U2OS-48h-P5-L1/2021-12-17/851/specs935-v1-FA-P015084-U2OS-48h-P5-L1_F19_s3_w5F76549D3-D820-40B2-9772-04652661F9A2.npy,ATPase inhibitor
P015084,F19,s4,CBK200716,/mnt/micro-images-pvc/specs935-v1/specs935-v1-FA-P015084-U2OS-48h-P5-L1/2021-12-17/851/specs935-v1-FA-P015084-U2OS-48h-P5-L1_F19_s4_w544A62163-DEE6-4712-BB9C-121E0F0EA5B0.npy,ATPase inhibitor
P015084,F19,s5,CBK200716,/mnt/micro-images-pvc/specs935-v1/specs935-v1-FA-P015084-U2OS-48h-P5-L1/2021-12-17/851/specs935-v1-FA-P015084-U2OS-48h-P5-L1_F19_s5_w515EC6B0B-17E3-462E-9B0B-6FD848176B20.npy,ATPase inhibitor
P015084,F19,s6,CBK200716,/mnt/micro-images-pvc/specs935-v1/specs935-v1-FA-P015084-U2OS-48h-P5-L1/2021-12-17/851/specs935-v1-FA-P015084-U2OS-48h-P5-L1_F19_s6_w5C536F6F7-E296-4099-960C-F3FF47E62E80.npy,ATPase inhibitor
P015084,F19,s7,CBK200716,/mnt/micro-images-pvc/specs935-v1/specs935-v1-FA-P015084-U2OS-48h-P5-L1/2021-12-17/851/specs935-v1-FA-P015084-U2OS-48h-P5-L1_F19_s7_w52FE74E63-8A22-4472-8BA1-9A973C9507DD.npy,ATPase inhibitor
P015084,F19,s8,CBK200716,/mnt/micro-images-pvc/specs935-v1/specs935-v1-FA-P015084-U2OS-48h-P5-L1/2021-12-17/851/specs935-v1-FA-P015084-U2OS-48h-P5-L1_F19_s8_w5384466A2-4843-4F2C-9691-D81ECF34E4E3.npy,ATPase inhibitor
P015084,F19,s9,CBK200716,/mnt/micro-images-pvc/specs935-v1/specs935-v1-FA-P015084-U2OS-48h-P5-L1/2021-12-17/851/specs935-v1-FA-P015084-U2OS-48h-P5-L1_F19_s9_w56837A462-4293-4379-AA23-9E71F609125B.npy,ATPase inhibitor
P015084,F21,s1,CBK288284,/mnt/micro-images-pvc/specs935-v1/specs935-v1-FA-P015084-U2OS-48h-P5-L1/2021-12-17/851/specs935-v1-FA-P015084-U2OS-48h-P5-L1_F21_s1_w59BEB52BD-EB95-43BE-ACB3-0F4287C06C71.npy,Aurora kinase inhibitor
P015084,F21,s2,CBK288284,/mnt/micro-images-pvc/specs935-v1/specs935-v1-FA-P015084-U2OS-48h-P5-L1/2021-12-17/851/specs935-v1-FA-P015084-U2OS-48h-P5-L1_F21_s2_w5CB3EB037-B2B8-4E76-AC51-FF227792185A.npy,Aurora kinase inhibitor
P015084,F21,s3,CBK288284,/mnt/micro-images-pvc/specs935-v1/specs935-v1-FA-P015084-U2OS-48h-P5-L1/2021-12-17/851/specs935-v1-FA-P015084-U2OS-48h-P5-L1_F21_s3_w5DBDDD70F-9672-4305-8F84-72F543A683DA.npy,Aurora kinase inhibitor
P015084,F21,s4,CBK288284,/mnt/micro-images-pvc/specs935-v1/specs935-v1-FA-P015084-U2OS-48h-P5-L1/2021-12-17/851/specs935-v1-FA-P015084-U2OS-48h-P5-L1_F21_s4_w58E312603-FECC-48DC-BDD7-766E9E554FE4.npy,Aurora kinase inhibitor
P015084,F21,s5,CBK288284,/mnt/micro-images-pvc/specs935-v1/specs935-v1-FA-P015084-U2OS-48h-P5-L1/2021-12-17/851/specs935-v1-FA-P015084-U2OS-48h-P5-L1_F21_s5_w5B48A4611-9042-42DB-A07E-C511F56A720C.npy,Aurora kinase inhibitor
P015084,F21,s6,CBK288284,/mnt/micro-images-pvc/specs935-v1/specs935-v1-FA-P015084-U2OS-48h-P5-L1/2021-12-17/851/specs935-v1-FA-P015084-U2OS-48h-P5-L1_F21_s6_w5A6E7F189-6096-4D50-8CFA-C27E288D2576.npy,Aurora kinase inhibitor
P015084,F21,s7,CBK288284,/mnt/micro-images-pvc/specs935-v1/specs935-v1-FA-P015084-U2OS-48h-P5-L1/2021-12-17/851/specs935-v1-FA-P015084-U2OS-48h-P5-L1_F21_s7_w5B5728F08-D5A6-4412-B258-CCC8FA8F3C25.npy,Aurora kinase inhibitor
P015084,F21,s8,CBK288284,/mnt/micro-images-pvc/specs935-v1/specs935-v1-FA-P015084-U2OS-48h-P5-L1/2021-12-17/851/specs935-v1-FA-P015084-U2OS-48h-P5-L1_F21_s8_w597C04A31-1C44-465F-975C-D5A0FD9507E0.npy,Aurora kinase inhibitor
P015084,F21,s9,CBK288284,/mnt/micro-images-pvc/specs935-v1/specs935-v1-FA-P015084-U2OS-48h-P5-L1/2021-12-17/851/specs935-v1-FA-P015084-U2OS-48h-P5-L1_F21_s9_w5E61ECBBE-1360-47DC-AE40-D26036B00201.npy,Aurora kinase inhibitor
P015084,F23,s1,CBK277955,/mnt/micro-images-pvc/specs935-v1/specs935-v1-FA-P015084-U2OS-48h-P5-L1/2021-12-17/851/specs935-v1-FA-P015084-U2OS-48h-P5-L1_F23_s1_w50BBD18EE-AC73-488C-B38D-44A598DED235.npy,Aurora kinase inhibitor
P015084,F23,s2,CBK277955,/mnt/micro-images-pvc/specs935-v1/specs935-v1-FA-P015084-U2OS-48h-P5-L1/2021-12-17/851/specs935-v1-FA-P015084-U2OS-48h-P5-L1_F23_s2_w5AF535BA7-A576-41DA-91BD-90582DDD4CE3.npy,Aurora kinase inhibitor
P015084,F23,s3,CBK277955,/mnt/micro-images-pvc/specs935-v1/specs935-v1-FA-P015084-U2OS-48h-P5-L1/2021-12-17/851/specs935-v1-FA-P015084-U2OS-48h-P5-L1_F23_s3_w55772A6C5-02C9-4FD9-98BC-E50D1D5CD5ED.npy,Aurora kinase inhibitor
P015084,F23,s4,CBK277955,/mnt/micro-images-pvc/specs935-v1/specs935-v1-FA-P015084-U2OS-48h-P5-L1/2021-12-17/851/specs935-v1-FA-P015084-U2OS-48h-P5-L1_F23_s4_w58AF7C47E-84D8-41C1-995D-390D79B626CB.npy,Aurora kinase inhibitor
P015084,F23,s5,CBK277955,/mnt/micro-images-pvc/specs935-v1/specs935-v1-FA-P015084-U2OS-48h-P5-L1/2021-12-17/851/specs935-v1-FA-P015084-U2OS-48h-P5-L1_F23_s5_w5D361EA01-56EA-45ED-A4C4-5D34B567DA3A.npy,Aurora kinase inhibitor
P015084,F23,s6,CBK277955,/mnt/micro-images-pvc/specs935-v1/specs935-v1-FA-P015084-U2OS-48h-P5-L1/2021-12-17/851/specs935-v1-FA-P015084-U2OS-48h-P5-L1_F23_s6_w5AA671C51-16FF-4174-977C-A483EDF5EBB0.npy,Aurora kinase inhibitor
P015084,F23,s7,CBK277955,/mnt/micro-images-pvc/specs935-v1/specs935-v1-FA-P015084-U2OS-48h-P5-L1/2021-12-17/851/specs935-v1-FA-P015084-U2OS-48h-P5-L1_F23_s7_w5B9DADD30-1450-4164-9A10-C34CF7365728.npy,Aurora kinase inhibitor
P015084,F23,s8,CBK277955,/mnt/micro-images-pvc/specs935-v1/specs935-v1-FA-P015084-U2OS-48h-P5-L1/2021-12-17/851/specs935-v1-FA-P015084-U2OS-48h-P5-L1_F23_s8_w5DB98BFFA-313B-4B9F-AC0D-D4BB18CF8A19.npy,Aurora kinase inhibitor
P015084,F23,s9,CBK277955,/mnt/micro-images-pvc/specs935-v1/specs935-v1-FA-P015084-U2OS-48h-P5-L1/2021-12-17/851/specs935-v1-FA-P015084-U2OS-48h-P5-L1_F23_s9_w54AE075FA-DF5A-430D-AA05-2ECD4F36C8F3.npy,Aurora kinase inhibitor
P015084,G05,s1,CBK041779,/mnt/micro-images-pvc/specs935-v1/specs935-v1-FA-P015084-U2OS-48h-P5-L1/2021-12-17/851/specs935-v1-FA-P015084-U2OS-48h-P5-L1_G05_s1_w50504E347-C27F-447B-9B13-6D62B0188DA9.npy,ATPase inhibitor
P015084,G05,s2,CBK041779,/mnt/micro-images-pvc/specs935-v1/specs935-v1-FA-P015084-U2OS-48h-P5-L1/2021-12-17/851/specs935-v1-FA-P015084-U2OS-48h-P5-L1_G05_s2_w56DF08BEE-7FB4-46CF-90D5-1913342BE91C.npy,ATPase inhibitor
P015084,G05,s3,CBK041779,/mnt/micro-images-pvc/specs935-v1/specs935-v1-FA-P015084-U2OS-48h-P5-L1/2021-12-17/851/specs935-v1-FA-P015084-U2OS-48h-P5-L1_G05_s3_w5CDB09833-98F0-488F-BB24-46AF1FB521C8.npy,ATPase inhibitor
P015084,G05,s4,CBK041779,/mnt/micro-images-pvc/specs935-v1/specs935-v1-FA-P015084-U2OS-48h-P5-L1/2021-12-17/851/specs935-v1-FA-P015084-U2OS-48h-P5-L1_G05_s4_w588E8287D-412E-4C41-BC5F-5239A4D30905.npy,ATPase inhibitor
P015084,G05,s5,CBK041779,/mnt/micro-images-pvc/specs935-v1/specs935-v1-FA-P015084-U2OS-48h-P5-L1/2021-12-17/851/specs935-v1-FA-P015084-U2OS-48h-P5-L1_G05_s5_w5742E4D9A-5A9A-4BF7-A5B2-9E9B26A674E7.npy,ATPase inhibitor
P015084,G05,s6,CBK041779,/mnt/micro-images-pvc/specs935-v1/specs935-v1-FA-P015084-U2OS-48h-P5-L1/2021-12-17/851/specs935-v1-FA-P015084-U2OS-48h-P5-L1_G05_s6_w5C02B3815-427C-43AC-A9AD-6BE8E58D198C.npy,ATPase inhibitor
P015084,G05,s7,CBK041779,/mnt/micro-images-pvc/specs935-v1/specs935-v1-FA-P015084-U2OS-48h-P5-L1/2021-12-17/851/specs935-v1-FA-P015084-U2OS-48h-P5-L1_G05_s7_w5A9DAF8B7-9F0A-428C-A004-5AD3334917F3.npy,ATPase inhibitor
P015084,G05,s8,CBK041779,/mnt/micro-images-pvc/specs935-v1/specs935-v1-FA-P015084-U2OS-48h-P5-L1/2021-12-17/851/specs935-v1-FA-P015084-U2OS-48h-P5-L1_G05_s8_w5424F840B-70B2-47BF-9A70-6D5B4F05BF0A.npy,ATPase inhibitor
P015084,G05,s9,CBK041779,/mnt/micro-images-pvc/specs935-v1/specs935-v1-FA-P015084-U2OS-48h-P5-L1/2021-12-17/851/specs935-v1-FA-P015084-U2OS-48h-P5-L1_G05_s9_w547B82CD1-2710-44D3-88D0-36328D091AF4.npy,ATPase inhibitor
P015084,G08,s1,CBK290829,/mnt/micro-images-pvc/specs935-v1/specs935-v1-FA-P015084-U2OS-48h-P5-L1/2021-12-17/851/specs935-v1-FA-P015084-U2OS-48h-P5-L1_G08_s1_w5C38379AA-6B56-418F-8EAC-C40AF7DA4376.npy,Aurora kinase inhibitor
P015084,G08,s2,CBK290829,/mnt/micro-images-pvc/specs935-v1/specs935-v1-FA-P015084-U2OS-48h-P5-L1/2021-12-17/851/specs935-v1-FA-P015084-U2OS-48h-P5-L1_G08_s2_w5A21210F3-01DB-43F2-B1FF-C30B406CE277.npy,Aurora kinase inhibitor
P015084,G08,s3,CBK290829,/mnt/micro-images-pvc/specs935-v1/specs935-v1-FA-P015084-U2OS-48h-P5-L1/2021-12-17/851/specs935-v1-FA-P015084-U2OS-48h-P5-L1_G08_s3_w56052C565-717E-4364-BA21-B94C4E3A09F8.npy,Aurora kinase inhibitor
P015084,G08,s4,CBK290829,/mnt/micro-images-pvc/specs935-v1/specs935-v1-FA-P015084-U2OS-48h-P5-L1/2021-12-17/851/specs935-v1-FA-P015084-U2OS-48h-P5-L1_G08_s4_w555BD09CE-17B7-407D-86CB-0727AA15EE20.npy,Aurora kinase inhibitor
P015084,G08,s5,CBK290829,/mnt/micro-images-pvc/specs935-v1/specs935-v1-FA-P015084-U2OS-48h-P5-L1/2021-12-17/851/specs935-v1-FA-P015084-U2OS-48h-P5-L1_G08_s5_w5097CA1AA-E68C-47DE-B6F1-85D61783616C.npy,Aurora kinase inhibitor
P015084,G08,s6,CBK290829,/mnt/micro-images-pvc/specs935-v1/specs935-v1-FA-P015084-U2OS-48h-P5-L1/2021-12-17/851/specs935-v1-FA-P015084-U2OS-48h-P5-L1_G08_s6_w5493AEDC3-6ECA-438B-947A-38B2F4AA15BE.npy,Aurora kinase inhibitor
P015084,G08,s7,CBK290829,/mnt/micro-images-pvc/specs935-v1/specs935-v1-FA-P015084-U2OS-48h-P5-L1/2021-12-17/851/specs935-v1-FA-P015084-U2OS-48h-P5-L1_G08_s7_w5151B58D5-C5EE-4F80-9356-9A786F0BEC2E.npy,Aurora kinase inhibitor
P015084,G08,s8,CBK290829,/mnt/micro-images-pvc/specs935-v1/specs935-v1-FA-P015084-U2OS-48h-P5-L1/2021-12-17/851/specs935-v1-FA-P015084-U2OS-48h-P5-L1_G08_s8_w5E3F18A7A-EE34-4176-9872-C5E590CF5BAA.npy,Aurora kinase inhibitor
P015084,G08,s9,CBK290829,/mnt/micro-images-pvc/specs935-v1/specs935-v1-FA-P015084-U2OS-48h-P5-L1/2021-12-17/851/specs935-v1-FA-P015084-U2OS-48h-P5-L1_G08_s9_w50E859FA7-84DF-4130-BD7E-BE498134E09F.npy,Aurora kinase inhibitor
P015084,G11,s1,CBK200716,/mnt/micro-images-pvc/specs935-v1/specs935-v1-FA-P015084-U2OS-48h-P5-L1/2021-12-17/851/specs935-v1-FA-P015084-U2OS-48h-P5-L1_G11_s1_w5B4A9D06F-2B5E-4F75-893F-A0144DCA2C4D.npy,ATPase inhibitor
P015084,G11,s2,CBK200716,/mnt/micro-images-pvc/specs935-v1/specs935-v1-FA-P015084-U2OS-48h-P5-L1/2021-12-17/851/specs935-v1-FA-P015084-U2OS-48h-P5-L1_G11_s2_w5CB4B5E49-6676-4B9A-9831-4B92725E6305.npy,ATPase inhibitor
P015084,G11,s3,CBK200716,/mnt/micro-images-pvc/specs935-v1/specs935-v1-FA-P015084-U2OS-48h-P5-L1/2021-12-17/851/specs935-v1-FA-P015084-U2OS-48h-P5-L1_G11_s3_w57A05EB58-72A7-4014-B147-3C5DA9E6EAF3.npy,ATPase inhibitor
P015084,G11,s4,CBK200716,/mnt/micro-images-pvc/specs935-v1/specs935-v1-FA-P015084-U2OS-48h-P5-L1/2021-12-17/851/specs935-v1-FA-P015084-U2OS-48h-P5-L1_G11_s4_w5541BEC24-8212-4E13-ACF0-2A50709C7C85.npy,ATPase inhibitor
P015084,G11,s5,CBK200716,/mnt/micro-images-pvc/specs935-v1/specs935-v1-FA-P015084-U2OS-48h-P5-L1/2021-12-17/851/specs935-v1-FA-P015084-U2OS-48h-P5-L1_G11_s5_w5B713C7D6-49F8-4A7B-A45D-0C22DBE3D43F.npy,ATPase inhibitor
P015084,G11,s6,CBK200716,/mnt/micro-images-pvc/specs935-v1/specs935-v1-FA-P015084-U2OS-48h-P5-L1/2021-12-17/851/specs935-v1-FA-P015084-U2OS-48h-P5-L1_G11_s6_w558AC9900-E11D-4861-A600-4B23692055AA.npy,ATPase inhibitor
P015084,G11,s7,CBK200716,/mnt/micro-images-pvc/specs935-v1/specs935-v1-FA-P015084-U2OS-48h-P5-L1/2021-12-17/851/specs935-v1-FA-P015084-U2OS-48h-P5-L1_G11_s7_w529D85E65-2B1B-4A60-B1DB-DB03F12A471C.npy,ATPase inhibitor
P015084,G11,s8,CBK200716,/mnt/micro-images-pvc/specs935-v1/specs935-v1-FA-P015084-U2OS-48h-P5-L1/2021-12-17/851/specs935-v1-FA-P015084-U2OS-48h-P5-L1_G11_s8_w5F8CF9923-3FC9-4CED-8247-FA45DCC36ED6.npy,ATPase inhibitor
P015084,G11,s9,CBK200716,/mnt/micro-images-pvc/specs935-v1/specs935-v1-FA-P015084-U2OS-48h-P5-L1/2021-12-17/851/specs935-v1-FA-P015084-U2OS-48h-P5-L1_G11_s9_w559CF0235-8933-4E90-89EF-701491833E72.npy,ATPase inhibitor
P015084,G12,s1,CBK309653,/mnt/micro-images-pvc/specs935-v1/specs935-v1-FA-P015084-U2OS-48h-P5-L1/2021-12-17/851/specs935-v1-FA-P015084-U2OS-48h-P5-L1_G12_s1_w54512882A-AF2F-40A9-BB77-95317F9FBB2D.npy,ATPase inhibitor
P015084,G12,s2,CBK309653,/mnt/micro-images-pvc/specs935-v1/specs935-v1-FA-P015084-U2OS-48h-P5-L1/2021-12-17/851/specs935-v1-FA-P015084-U2OS-48h-P5-L1_G12_s2_w5FFF24062-37F3-4042-8914-A0A7BAA6358B.npy,ATPase inhibitor
P015084,G12,s3,CBK309653,/mnt/micro-images-pvc/specs935-v1/specs935-v1-FA-P015084-U2OS-48h-P5-L1/2021-12-17/851/specs935-v1-FA-P015084-U2OS-48h-P5-L1_G12_s3_w5A0EDA4B8-5EFF-4514-B240-9C7D2F494AA2.npy,ATPase inhibitor
P015084,G12,s4,CBK309653,/mnt/micro-images-pvc/specs935-v1/specs935-v1-FA-P015084-U2OS-48h-P5-L1/2021-12-17/851/specs935-v1-FA-P015084-U2OS-48h-P5-L1_G12_s4_w5119AB134-646E-43D7-85F6-EF4466FFA510.npy,ATPase inhibitor
P015084,G12,s5,CBK309653,/mnt/micro-images-pvc/specs935-v1/specs935-v1-FA-P015084-U2OS-48h-P5-L1/2021-12-17/851/specs935-v1-FA-P015084-U2OS-48h-P5-L1_G12_s5_w59819FB06-69BE-4656-98E9-88DA9EF52E17.npy,ATPase inhibitor
P015084,G12,s6,CBK309653,/mnt/micro-images-pvc/specs935-v1/specs935-v1-FA-P015084-U2OS-48h-P5-L1/2021-12-17/851/specs935-v1-FA-P015084-U2OS-48h-P5-L1_G12_s6_w50CA9AF48-0732-4644-8609-4422C4FF1F56.npy,ATPase inhibitor
P015084,G12,s7,CBK309653,/mnt/micro-images-pvc/specs935-v1/specs935-v1-FA-P015084-U2OS-48h-P5-L1/2021-12-17/851/specs935-v1-FA-P015084-U2OS-48h-P5-L1_G12_s7_w5AD982342-440F-4B86-A37F-75264F11A20E.npy,ATPase inhibitor
P015084,G12,s8,CBK309653,/mnt/micro-images-pvc/specs935-v1/specs935-v1-FA-P015084-U2OS-48h-P5-L1/2021-12-17/851/specs935-v1-FA-P015084-U2OS-48h-P5-L1_G12_s8_w5018BBD9A-D5B8-4D3D-BA0F-134ECDBBB036.npy,ATPase inhibitor
P015084,G12,s9,CBK309653,/mnt/micro-images-pvc/specs935-v1/specs935-v1-FA-P015084-U2OS-48h-P5-L1/2021-12-17/851/specs935-v1-FA-P015084-U2OS-48h-P5-L1_G12_s9_w5079E429F-8FF1-4311-815F-5BE3D504895B.npy,ATPase inhibitor
P015084,G17,s1,CBK278064,/mnt/micro-images-pvc/specs935-v1/specs935-v1-FA-P015084-U2OS-48h-P5-L1/2021-12-17/851/specs935-v1-FA-P015084-U2OS-48h-P5-L1_G17_s1_w5A2A13262-96B3-47A8-A0E8-D06343029BCB.npy,Aurora kinase inhibitor
P015084,G17,s2,CBK278064,/mnt/micro-images-pvc/specs935-v1/specs935-v1-FA-P015084-U2OS-48h-P5-L1/2021-12-17/851/specs935-v1-FA-P015084-U2OS-48h-P5-L1_G17_s2_w5958EED33-2F5E-4CB9-B7E1-3F0C505C0A53.npy,Aurora kinase inhibitor
P015084,G17,s3,CBK278064,/mnt/micro-images-pvc/specs935-v1/specs935-v1-FA-P015084-U2OS-48h-P5-L1/2021-12-17/851/specs935-v1-FA-P015084-U2OS-48h-P5-L1_G17_s3_w561FC66A7-1D56-41CE-B9A7-5DFA8E905261.npy,Aurora kinase inhibitor
P015084,G17,s4,CBK278064,/mnt/micro-images-pvc/specs935-v1/specs935-v1-FA-P015084-U2OS-48h-P5-L1/2021-12-17/851/specs935-v1-FA-P015084-U2OS-48h-P5-L1_G17_s4_w51D6235D9-D0C2-4901-BBD8-C11BC888DE16.npy,Aurora kinase inhibitor
P015084,G17,s5,CBK278064,/mnt/micro-images-pvc/specs935-v1/specs935-v1-FA-P015084-U2OS-48h-P5-L1/2021-12-17/851/specs935-v1-FA-P015084-U2OS-48h-P5-L1_G17_s5_w5F0E19FF9-3081-4D13-956C-39066DAD2F47.npy,Aurora kinase inhibitor
P015084,G17,s6,CBK278064,/mnt/micro-images-pvc/specs935-v1/specs935-v1-FA-P015084-U2OS-48h-P5-L1/2021-12-17/851/specs935-v1-FA-P015084-U2OS-48h-P5-L1_G17_s6_w5CECB3345-9349-4C1C-AA8F-FCAC54C908E9.npy,Aurora kinase inhibitor
P015084,G17,s7,CBK278064,/mnt/micro-images-pvc/specs935-v1/specs935-v1-FA-P015084-U2OS-48h-P5-L1/2021-12-17/851/specs935-v1-FA-P015084-U2OS-48h-P5-L1_G17_s7_w5D122A066-2ACE-44E7-88B6-33C6DA1A0612.npy,Aurora kinase inhibitor
P015084,G17,s8,CBK278064,/mnt/micro-images-pvc/specs935-v1/specs935-v1-FA-P015084-U2OS-48h-P5-L1/2021-12-17/851/specs935-v1-FA-P015084-U2OS-48h-P5-L1_G17_s8_w57DB2B6A3-565F-417E-AB98-C1E7BF9C2230.npy,Aurora kinase inhibitor
P015084,G17,s9,CBK278064,/mnt/micro-images-pvc/specs935-v1/specs935-v1-FA-P015084-U2OS-48h-P5-L1/2021-12-17/851/specs935-v1-FA-P015084-U2OS-48h-P5-L1_G17_s9_w5C9617A23-BBC3-4C9E-8F26-EC1C2894E52B.npy,Aurora kinase inhibitor
P015084,G23,s1,CBK290770,/mnt/micro-images-pvc/specs935-v1/specs935-v1-FA-P015084-U2OS-48h-P5-L1/2021-12-17/851/specs935-v1-FA-P015084-U2OS-48h-P5-L1_G23_s1_w5F662B7BF-A0F9-4666-B8E3-FEB1686B1271.npy,Aurora kinase inhibitor
P015084,G23,s2,CBK290770,/mnt/micro-images-pvc/specs935-v1/specs935-v1-FA-P015084-U2OS-48h-P5-L1/2021-12-17/851/specs935-v1-FA-P015084-U2OS-48h-P5-L1_G23_s2_w58BDD13B9-A343-42C4-8254-1B8A1E12FBAA.npy,Aurora kinase inhibitor
P015084,G23,s3,CBK290770,/mnt/micro-images-pvc/specs935-v1/specs935-v1-FA-P015084-U2OS-48h-P5-L1/2021-12-17/851/specs935-v1-FA-P015084-U2OS-48h-P5-L1_G23_s3_w504368976-93CC-4644-BF6E-678850E945E8.npy,Aurora kinase inhibitor
P015084,G23,s4,CBK290770,/mnt/micro-images-pvc/specs935-v1/specs935-v1-FA-P015084-U2OS-48h-P5-L1/2021-12-17/851/specs935-v1-FA-P015084-U2OS-48h-P5-L1_G23_s4_w581B1558E-AC2E-40EA-92CB-1024C22AE2FF.npy,Aurora kinase inhibitor
P015084,G23,s5,CBK290770,/mnt/micro-images-pvc/specs935-v1/specs935-v1-FA-P015084-U2OS-48h-P5-L1/2021-12-17/851/specs935-v1-FA-P015084-U2OS-48h-P5-L1_G23_s5_w5E0DBD95E-F46D-47D3-99AB-98A610FEDE6E.npy,Aurora kinase inhibitor
P015084,G23,s6,CBK290770,/mnt/micro-images-pvc/specs935-v1/specs935-v1-FA-P015084-U2OS-48h-P5-L1/2021-12-17/851/specs935-v1-FA-P015084-U2OS-48h-P5-L1_G23_s6_w54DEEE676-A689-4E8C-8677-F42A16BBD0DB.npy,Aurora kinase inhibitor
P015084,G23,s7,CBK290770,/mnt/micro-images-pvc/specs935-v1/specs935-v1-FA-P015084-U2OS-48h-P5-L1/2021-12-17/851/specs935-v1-FA-P015084-U2OS-48h-P5-L1_G23_s7_w5F19BE09A-21CF-4649-813E-FF2BBCA536EE.npy,Aurora kinase inhibitor
P015084,G23,s8,CBK290770,/mnt/micro-images-pvc/specs935-v1/specs935-v1-FA-P015084-U2OS-48h-P5-L1/2021-12-17/851/specs935-v1-FA-P015084-U2OS-48h-P5-L1_G23_s8_w5442300A0-FBB8-43AA-BFE2-9F80DBA81D16.npy,Aurora kinase inhibitor
P015084,G23,s9,CBK290770,/mnt/micro-images-pvc/specs935-v1/specs935-v1-FA-P015084-U2OS-48h-P5-L1/2021-12-17/851/specs935-v1-FA-P015084-U2OS-48h-P5-L1_G23_s9_w5CB5021DF-319F-49CA-A03B-B8FE011A2616.npy,Aurora kinase inhibitor
P015084,H03,s1,CBK277955,/mnt/micro-images-pvc/specs935-v1/specs935-v1-FA-P015084-U2OS-48h-P5-L1/2021-12-17/851/specs935-v1-FA-P015084-U2OS-48h-P5-L1_H03_s1_w52B27C3D5-FB99-4B90-9D85-1B24CC5CB2EC.npy,Aurora kinase inhibitor
P015084,H03,s2,CBK277955,/mnt/micro-images-pvc/specs935-v1/specs935-v1-FA-P015084-U2OS-48h-P5-L1/2021-12-17/851/specs935-v1-FA-P015084-U2OS-48h-P5-L1_H03_s2_w504D2CCB1-C3C8-446A-83C5-27E3E726C0EB.npy,Aurora kinase inhibitor
P015084,H03,s3,CBK277955,/mnt/micro-images-pvc/specs935-v1/specs935-v1-FA-P015084-U2OS-48h-P5-L1/2021-12-17/851/specs935-v1-FA-P015084-U2OS-48h-P5-L1_H03_s3_w5129D516A-C9E3-483D-BD37-B5C5B7B14F52.npy,Aurora kinase inhibitor
P015084,H03,s4,CBK277955,/mnt/micro-images-pvc/specs935-v1/specs935-v1-FA-P015084-U2OS-48h-P5-L1/2021-12-17/851/specs935-v1-FA-P015084-U2OS-48h-P5-L1_H03_s4_w5D352D640-17B6-4200-B113-7D883A9FF3A3.npy,Aurora kinase inhibitor
P015084,H03,s5,CBK277955,/mnt/micro-images-pvc/specs935-v1/specs935-v1-FA-P015084-U2OS-48h-P5-L1/2021-12-17/851/specs935-v1-FA-P015084-U2OS-48h-P5-L1_H03_s5_w561B73597-CABA-4EEE-BAC8-D989622B1C89.npy,Aurora kinase inhibitor
P015084,H03,s6,CBK277955,/mnt/micro-images-pvc/specs935-v1/specs935-v1-FA-P015084-U2OS-48h-P5-L1/2021-12-17/851/specs935-v1-FA-P015084-U2OS-48h-P5-L1_H03_s6_w59615259F-9AB4-40CB-B918-BCD23794BA51.npy,Aurora kinase inhibitor
P015084,H03,s7,CBK277955,/mnt/micro-images-pvc/specs935-v1/specs935-v1-FA-P015084-U2OS-48h-P5-L1/2021-12-17/851/specs935-v1-FA-P015084-U2OS-48h-P5-L1_H03_s7_w56DFEA0DE-3A5B-48AC-80D1-B07FCA2F4527.npy,Aurora kinase inhibitor
P015084,H03,s8,CBK277955,/mnt/micro-images-pvc/specs935-v1/specs935-v1-FA-P015084-U2OS-48h-P5-L1/2021-12-17/851/specs935-v1-FA-P015084-U2OS-48h-P5-L1_H03_s8_w5E14FA98C-F4EE-4FCB-B51A-D316B7EEE3E2.npy,Aurora kinase inhibitor
P015084,H03,s9,CBK277955,/mnt/micro-images-pvc/specs935-v1/specs935-v1-FA-P015084-U2OS-48h-P5-L1/2021-12-17/851/specs935-v1-FA-P015084-U2OS-48h-P5-L1_H03_s9_w5F490B31D-9380-49A3-AFAF-8FD8DACF26DA.npy,Aurora kinase inhibitor
P015084,H06,s1,CBK308980,/mnt/micro-images-pvc/specs935-v1/specs935-v1-FA-P015084-U2OS-48h-P5-L1/2021-12-17/851/specs935-v1-FA-P015084-U2OS-48h-P5-L1_H06_s1_w5813C6ACB-B29A-48C2-95EA-8FB303F6A837.npy,ATPase inhibitor
P015084,H06,s2,CBK308980,/mnt/micro-images-pvc/specs935-v1/specs935-v1-FA-P015084-U2OS-48h-P5-L1/2021-12-17/851/specs935-v1-FA-P015084-U2OS-48h-P5-L1_H06_s2_w52DDFE45C-6571-421C-86CB-8EEA63977484.npy,ATPase inhibitor
P015084,H06,s3,CBK308980,/mnt/micro-images-pvc/specs935-v1/specs935-v1-FA-P015084-U2OS-48h-P5-L1/2021-12-17/851/specs935-v1-FA-P015084-U2OS-48h-P5-L1_H06_s3_w5E4B2B33D-D2B5-4288-B8D0-3469C3A4C144.npy,ATPase inhibitor
P015084,H06,s4,CBK308980,/mnt/micro-images-pvc/specs935-v1/specs935-v1-FA-P015084-U2OS-48h-P5-L1/2021-12-17/851/specs935-v1-FA-P015084-U2OS-48h-P5-L1_H06_s4_w5EEAEE06A-1EE4-4BDE-B40B-9CE00769A1D8.npy,ATPase inhibitor
P015084,H06,s5,CBK308980,/mnt/micro-images-pvc/specs935-v1/specs935-v1-FA-P015084-U2OS-48h-P5-L1/2021-12-17/851/specs935-v1-FA-P015084-U2OS-48h-P5-L1_H06_s5_w5D929E4B2-547F-4879-BA9F-088B1907D23B.npy,ATPase inhibitor
P015084,H06,s6,CBK308980,/mnt/micro-images-pvc/specs935-v1/specs935-v1-FA-P015084-U2OS-48h-P5-L1/2021-12-17/851/specs935-v1-FA-P015084-U2OS-48h-P5-L1_H06_s6_w59303DC06-35F7-4A75-840E-C8555FAAD4C8.npy,ATPase inhibitor
P015084,H06,s7,CBK308980,/mnt/micro-images-pvc/specs935-v1/specs935-v1-FA-P015084-U2OS-48h-P5-L1/2021-12-17/851/specs935-v1-FA-P015084-U2OS-48h-P5-L1_H06_s7_w52E48E07E-971D-4153-A835-8B89D061A9FB.npy,ATPase inhibitor
P015084,H06,s8,CBK308980,/mnt/micro-images-pvc/specs935-v1/specs935-v1-FA-P015084-U2OS-48h-P5-L1/2021-12-17/851/specs935-v1-FA-P015084-U2OS-48h-P5-L1_H06_s8_w585C087DD-48CB-48ED-8AC5-B1288B1CB455.npy,ATPase inhibitor
P015084,H06,s9,CBK308980,/mnt/micro-images-pvc/specs935-v1/specs935-v1-FA-P015084-U2OS-48h-P5-L1/2021-12-17/851/specs935-v1-FA-P015084-U2OS-48h-P5-L1_H06_s9_w59369C274-AA9A-48F2-9966-7A649D6A66CB.npy,ATPase inhibitor
P015084,H16,s1,CBK041779,/mnt/micro-images-pvc/specs935-v1/specs935-v1-FA-P015084-U2OS-48h-P5-L1/2021-12-17/851/specs935-v1-FA-P015084-U2OS-48h-P5-L1_H16_s1_w599DD7532-8CB9-447B-B0B8-FE532972CBE7.npy,ATPase inhibitor
P015084,H16,s2,CBK041779,/mnt/micro-images-pvc/specs935-v1/specs935-v1-FA-P015084-U2OS-48h-P5-L1/2021-12-17/851/specs935-v1-FA-P015084-U2OS-48h-P5-L1_H16_s2_w5EBBF8B92-1294-4B2F-9DF1-5BA0EB524E7C.npy,ATPase inhibitor
P015084,H16,s3,CBK041779,/mnt/micro-images-pvc/specs935-v1/specs935-v1-FA-P015084-U2OS-48h-P5-L1/2021-12-17/851/specs935-v1-FA-P015084-U2OS-48h-P5-L1_H16_s3_w5FA9433E8-23DD-4C88-828A-654978B4B025.npy,ATPase inhibitor
P015084,H16,s4,CBK041779,/mnt/micro-images-pvc/specs935-v1/specs935-v1-FA-P015084-U2OS-48h-P5-L1/2021-12-17/851/specs935-v1-FA-P015084-U2OS-48h-P5-L1_H16_s4_w5A67CA620-895D-4452-9704-0C320CB28A7B.npy,ATPase inhibitor
P015084,H16,s5,CBK041779,/mnt/micro-images-pvc/specs935-v1/specs935-v1-FA-P015084-U2OS-48h-P5-L1/2021-12-17/851/specs935-v1-FA-P015084-U2OS-48h-P5-L1_H16_s5_w553FB2E95-E7B3-4B6F-AACB-214693014B52.npy,ATPase inhibitor
P015084,H16,s6,CBK041779,/mnt/micro-images-pvc/specs935-v1/specs935-v1-FA-P015084-U2OS-48h-P5-L1/2021-12-17/851/specs935-v1-FA-P015084-U2OS-48h-P5-L1_H16_s6_w54083CCAD-29D1-4948-9587-8C4A292016CC.npy,ATPase inhibitor
P015084,H16,s7,CBK041779,/mnt/micro-images-pvc/specs935-v1/specs935-v1-FA-P015084-U2OS-48h-P5-L1/2021-12-17/851/specs935-v1-FA-P015084-U2OS-48h-P5-L1_H16_s7_w55013CCB9-CE17-4786-A622-BD7CE23F238F.npy,ATPase inhibitor
P015084,H16,s8,CBK041779,/mnt/micro-images-pvc/specs935-v1/specs935-v1-FA-P015084-U2OS-48h-P5-L1/2021-12-17/851/specs935-v1-FA-P015084-U2OS-48h-P5-L1_H16_s8_w5FD417222-A0CB-426D-93A1-6EB4BDE974D9.npy,ATPase inhibitor
P015084,H16,s9,CBK041779,/mnt/micro-images-pvc/specs935-v1/specs935-v1-FA-P015084-U2OS-48h-P5-L1/2021-12-17/851/specs935-v1-FA-P015084-U2OS-48h-P5-L1_H16_s9_w57654ADCA-1525-43F8-8B9A-12608104D4DA.npy,ATPase inhibitor
P015084,H19,s1,CBK288286,/mnt/micro-images-pvc/specs935-v1/specs935-v1-FA-P015084-U2OS-48h-P5-L1/2021-12-17/851/specs935-v1-FA-P015084-U2OS-48h-P5-L1_H19_s1_w533F3C625-FDB0-4D64-BF12-B7DFB257B45D.npy,Aurora kinase inhibitor
P015084,H19,s2,CBK288286,/mnt/micro-images-pvc/specs935-v1/specs935-v1-FA-P015084-U2OS-48h-P5-L1/2021-12-17/851/specs935-v1-FA-P015084-U2OS-48h-P5-L1_H19_s2_w5C94F7E5C-7504-454A-8B6D-6122715420A9.npy,Aurora kinase inhibitor
P015084,H19,s3,CBK288286,/mnt/micro-images-pvc/specs935-v1/specs935-v1-FA-P015084-U2OS-48h-P5-L1/2021-12-17/851/specs935-v1-FA-P015084-U2OS-48h-P5-L1_H19_s3_w50F7B3F67-5B7B-4DB4-BA38-62D20B085A4A.npy,Aurora kinase inhibitor
P015084,H19,s4,CBK288286,/mnt/micro-images-pvc/specs935-v1/specs935-v1-FA-P015084-U2OS-48h-P5-L1/2021-12-17/851/specs935-v1-FA-P015084-U2OS-48h-P5-L1_H19_s4_w5A7FD613B-2D19-43D6-87CA-FE6E26F3ECEF.npy,Aurora kinase inhibitor
P015084,H19,s5,CBK288286,/mnt/micro-images-pvc/specs935-v1/specs935-v1-FA-P015084-U2OS-48h-P5-L1/2021-12-17/851/specs935-v1-FA-P015084-U2OS-48h-P5-L1_H19_s5_w5CEB8FCDF-3CDF-4B46-98EE-C62EE11C02B3.npy,Aurora kinase inhibitor
P015084,H19,s6,CBK288286,/mnt/micro-images-pvc/specs935-v1/specs935-v1-FA-P015084-U2OS-48h-P5-L1/2021-12-17/851/specs935-v1-FA-P015084-U2OS-48h-P5-L1_H19_s6_w5C981C532-4B9A-4B4C-9B93-75AB97D18019.npy,Aurora kinase inhibitor
P015084,H19,s7,CBK288286,/mnt/micro-images-pvc/specs935-v1/specs935-v1-FA-P015084-U2OS-48h-P5-L1/2021-12-17/851/specs935-v1-FA-P015084-U2OS-48h-P5-L1_H19_s7_w5E98A4A69-3EF1-4FBC-BEAF-2DEC8E104D5E.npy,Aurora kinase inhibitor
P015084,H19,s8,CBK288286,/mnt/micro-images-pvc/specs935-v1/specs935-v1-FA-P015084-U2OS-48h-P5-L1/2021-12-17/851/specs935-v1-FA-P015084-U2OS-48h-P5-L1_H19_s8_w5FDC7FBE2-4DD3-41BE-8EC0-3A4CF95D35BC.npy,Aurora kinase inhibitor
P015084,H19,s9,CBK288286,/mnt/micro-images-pvc/specs935-v1/specs935-v1-FA-P015084-U2OS-48h-P5-L1/2021-12-17/851/specs935-v1-FA-P015084-U2OS-48h-P5-L1_H19_s9_w5FA233B90-39E9-4F28-9496-FCEFBBF017C8.npy,Aurora kinase inhibitor
P015084,H22,s1,CBK308101,/mnt/micro-images-pvc/specs935-v1/specs935-v1-FA-P015084-U2OS-48h-P5-L1/2021-12-17/851/specs935-v1-FA-P015084-U2OS-48h-P5-L1_H22_s1_w5F248D60B-A854-4343-A106-78D9475F5D3C.npy,Aurora kinase inhibitor
P015084,H22,s2,CBK308101,/mnt/micro-images-pvc/specs935-v1/specs935-v1-FA-P015084-U2OS-48h-P5-L1/2021-12-17/851/specs935-v1-FA-P015084-U2OS-48h-P5-L1_H22_s2_w58DF7A367-F4DA-4F64-B54F-268294BF1AF9.npy,Aurora kinase inhibitor
P015084,H22,s3,CBK308101,/mnt/micro-images-pvc/specs935-v1/specs935-v1-FA-P015084-U2OS-48h-P5-L1/2021-12-17/851/specs935-v1-FA-P015084-U2OS-48h-P5-L1_H22_s3_w5BC9D79A0-2A22-429F-88A4-406D8B8C2F10.npy,Aurora kinase inhibitor
P015084,H22,s4,CBK308101,/mnt/micro-images-pvc/specs935-v1/specs935-v1-FA-P015084-U2OS-48h-P5-L1/2021-12-17/851/specs935-v1-FA-P015084-U2OS-48h-P5-L1_H22_s4_w5C24949CB-4095-4CDB-BBCB-DFE3A948AB8C.npy,Aurora kinase inhibitor
P015084,H22,s5,CBK308101,/mnt/micro-images-pvc/specs935-v1/specs935-v1-FA-P015084-U2OS-48h-P5-L1/2021-12-17/851/specs935-v1-FA-P015084-U2OS-48h-P5-L1_H22_s5_w565FC8D68-7095-4343-A9E8-0A6694CF7558.npy,Aurora kinase inhibitor
P015084,H22,s6,CBK308101,/mnt/micro-images-pvc/specs935-v1/specs935-v1-FA-P015084-U2OS-48h-P5-L1/2021-12-17/851/specs935-v1-FA-P015084-U2OS-48h-P5-L1_H22_s6_w54661C128-A90C-436B-93AE-290EF6ACBC43.npy,Aurora kinase inhibitor
P015084,H22,s7,CBK308101,/mnt/micro-images-pvc/specs935-v1/specs935-v1-FA-P015084-U2OS-48h-P5-L1/2021-12-17/851/specs935-v1-FA-P015084-U2OS-48h-P5-L1_H22_s7_w539EA8241-32F0-4904-B721-9578F0690B6A.npy,Aurora kinase inhibitor
P015084,H22,s8,CBK308101,/mnt/micro-images-pvc/specs935-v1/specs935-v1-FA-P015084-U2OS-48h-P5-L1/2021-12-17/851/specs935-v1-FA-P015084-U2OS-48h-P5-L1_H22_s8_w57F39C816-9857-4C71-B132-2CA9155CCEDA.npy,Aurora kinase inhibitor
P015084,H22,s9,CBK308101,/mnt/micro-images-pvc/specs935-v1/specs935-v1-FA-P015084-U2OS-48h-P5-L1/2021-12-17/851/specs935-v1-FA-P015084-U2OS-48h-P5-L1_H22_s9_w526774BFE-3781-4B3D-A437-FD0EC1FC6D79.npy,Aurora kinase inhibitor
P015084,I03,s1,CBK288286,/mnt/micro-images-pvc/specs935-v1/specs935-v1-FA-P015084-U2OS-48h-P5-L1/2021-12-17/851/specs935-v1-FA-P015084-U2OS-48h-P5-L1_I03_s1_w5D8A63B3B-5098-4757-8B2F-BB321D5C3F0F.npy,Aurora kinase inhibitor
P015084,I03,s2,CBK288286,/mnt/micro-images-pvc/specs935-v1/specs935-v1-FA-P015084-U2OS-48h-P5-L1/2021-12-17/851/specs935-v1-FA-P015084-U2OS-48h-P5-L1_I03_s2_w5FCE33F5E-2BE0-45C3-8066-9DCB4B77CE47.npy,Aurora kinase inhibitor
P015084,I03,s3,CBK288286,/mnt/micro-images-pvc/specs935-v1/specs935-v1-FA-P015084-U2OS-48h-P5-L1/2021-12-17/851/specs935-v1-FA-P015084-U2OS-48h-P5-L1_I03_s3_w5A6A8EEFC-CB98-4C73-B20F-0DAFBAF5A9A3.npy,Aurora kinase inhibitor
P015084,I03,s4,CBK288286,/mnt/micro-images-pvc/specs935-v1/specs935-v1-FA-P015084-U2OS-48h-P5-L1/2021-12-17/851/specs935-v1-FA-P015084-U2OS-48h-P5-L1_I03_s4_w52057187A-E35D-4DF1-9D29-551817D02F2E.npy,Aurora kinase inhibitor
P015084,I03,s5,CBK288286,/mnt/micro-images-pvc/specs935-v1/specs935-v1-FA-P015084-U2OS-48h-P5-L1/2021-12-17/851/specs935-v1-FA-P015084-U2OS-48h-P5-L1_I03_s5_w5F7B9CAD6-F5FB-425E-AFBD-A68D2E474ECA.npy,Aurora kinase inhibitor
P015084,I03,s6,CBK288286,/mnt/micro-images-pvc/specs935-v1/specs935-v1-FA-P015084-U2OS-48h-P5-L1/2021-12-17/851/specs935-v1-FA-P015084-U2OS-48h-P5-L1_I03_s6_w5D06F78E6-6F0A-400E-85EF-A6A969D73B87.npy,Aurora kinase inhibitor
P015084,I03,s7,CBK288286,/mnt/micro-images-pvc/specs935-v1/specs935-v1-FA-P015084-U2OS-48h-P5-L1/2021-12-17/851/specs935-v1-FA-P015084-U2OS-48h-P5-L1_I03_s7_w530D039E6-9C4E-4A02-B420-FF8AEF19EB28.npy,Aurora kinase inhibitor
P015084,I03,s8,CBK288286,/mnt/micro-images-pvc/specs935-v1/specs935-v1-FA-P015084-U2OS-48h-P5-L1/2021-12-17/851/specs935-v1-FA-P015084-U2OS-48h-P5-L1_I03_s8_w58BE3D8F0-DA80-4EED-AE4E-86921848DA00.npy,Aurora kinase inhibitor
P015084,I03,s9,CBK288286,/mnt/micro-images-pvc/specs935-v1/specs935-v1-FA-P015084-U2OS-48h-P5-L1/2021-12-17/851/specs935-v1-FA-P015084-U2OS-48h-P5-L1_I03_s9_w534E858C7-4A9D-4614-BEBE-B29B5824C194.npy,Aurora kinase inhibitor
P015084,I08,s1,CBK308101,/mnt/micro-images-pvc/specs935-v1/specs935-v1-FA-P015084-U2OS-48h-P5-L1/2021-12-17/851/specs935-v1-FA-P015084-U2OS-48h-P5-L1_I08_s1_w5D6DDE49B-FB63-4E15-A936-FD3D8BE08539.npy,Aurora kinase inhibitor
P015084,I08,s2,CBK308101,/mnt/micro-images-pvc/specs935-v1/specs935-v1-FA-P015084-U2OS-48h-P5-L1/2021-12-17/851/specs935-v1-FA-P015084-U2OS-48h-P5-L1_I08_s2_w5D3392363-EFF3-4AE6-A082-EE3BC2093257.npy,Aurora kinase inhibitor
P015084,I08,s3,CBK308101,/mnt/micro-images-pvc/specs935-v1/specs935-v1-FA-P015084-U2OS-48h-P5-L1/2021-12-17/851/specs935-v1-FA-P015084-U2OS-48h-P5-L1_I08_s3_w59177AC90-70A9-41E4-A0C0-66536A4095E8.npy,Aurora kinase inhibitor
P015084,I08,s4,CBK308101,/mnt/micro-images-pvc/specs935-v1/specs935-v1-FA-P015084-U2OS-48h-P5-L1/2021-12-17/851/specs935-v1-FA-P015084-U2OS-48h-P5-L1_I08_s4_w50E1EBAA1-82DF-4AED-B8C9-ED9466538063.npy,Aurora kinase inhibitor
P015084,I08,s5,CBK308101,/mnt/micro-images-pvc/specs935-v1/specs935-v1-FA-P015084-U2OS-48h-P5-L1/2021-12-17/851/specs935-v1-FA-P015084-U2OS-48h-P5-L1_I08_s5_w5D4281D50-BD87-4F7A-A429-5AF5714466F1.npy,Aurora kinase inhibitor
P015084,I08,s6,CBK308101,/mnt/micro-images-pvc/specs935-v1/specs935-v1-FA-P015084-U2OS-48h-P5-L1/2021-12-17/851/specs935-v1-FA-P015084-U2OS-48h-P5-L1_I08_s6_w55BA5ECD9-1ADD-410C-801D-0C6F541725C8.npy,Aurora kinase inhibitor
P015084,I08,s7,CBK308101,/mnt/micro-images-pvc/specs935-v1/specs935-v1-FA-P015084-U2OS-48h-P5-L1/2021-12-17/851/specs935-v1-FA-P015084-U2OS-48h-P5-L1_I08_s7_w52614707E-50B7-4C8E-981A-DE13D11D0A0D.npy,Aurora kinase inhibitor
P015084,I08,s8,CBK308101,/mnt/micro-images-pvc/specs935-v1/specs935-v1-FA-P015084-U2OS-48h-P5-L1/2021-12-17/851/specs935-v1-FA-P015084-U2OS-48h-P5-L1_I08_s8_w5DC2AEA88-3DA9-4E41-8582-9E6931FA38CE.npy,Aurora kinase inhibitor
P015084,I08,s9,CBK308101,/mnt/micro-images-pvc/specs935-v1/specs935-v1-FA-P015084-U2OS-48h-P5-L1/2021-12-17/851/specs935-v1-FA-P015084-U2OS-48h-P5-L1_I08_s9_w5B3D53B23-60C7-4426-A460-8F25C9B5D28C.npy,Aurora kinase inhibitor
P015084,I10,s1,CBK018513,/mnt/micro-images-pvc/specs935-v1/specs935-v1-FA-P015084-U2OS-48h-P5-L1/2021-12-17/851/specs935-v1-FA-P015084-U2OS-48h-P5-L1_I10_s1_w5C34F90C4-DE06-4BD0-A0B6-33C6AEB55BAB.npy,ATPase inhibitor
P015084,I10,s2,CBK018513,/mnt/micro-images-pvc/specs935-v1/specs935-v1-FA-P015084-U2OS-48h-P5-L1/2021-12-17/851/specs935-v1-FA-P015084-U2OS-48h-P5-L1_I10_s2_w5006DC657-F2CD-46AC-82EC-F94522522C1B.npy,ATPase inhibitor
P015084,I10,s3,CBK018513,/mnt/micro-images-pvc/specs935-v1/specs935-v1-FA-P015084-U2OS-48h-P5-L1/2021-12-17/851/specs935-v1-FA-P015084-U2OS-48h-P5-L1_I10_s3_w5992E3407-CBAF-483F-A741-EB8520C249FC.npy,ATPase inhibitor
P015084,I10,s4,CBK018513,/mnt/micro-images-pvc/specs935-v1/specs935-v1-FA-P015084-U2OS-48h-P5-L1/2021-12-17/851/specs935-v1-FA-P015084-U2OS-48h-P5-L1_I10_s4_w530B9768D-C707-4A8F-B6B2-25C4F654D6CE.npy,ATPase inhibitor
P015084,I10,s5,CBK018513,/mnt/micro-images-pvc/specs935-v1/specs935-v1-FA-P015084-U2OS-48h-P5-L1/2021-12-17/851/specs935-v1-FA-P015084-U2OS-48h-P5-L1_I10_s5_w54A71354D-2296-4E7E-A066-8C5E2B98AC9E.npy,ATPase inhibitor
P015084,I10,s6,CBK018513,/mnt/micro-images-pvc/specs935-v1/specs935-v1-FA-P015084-U2OS-48h-P5-L1/2021-12-17/851/specs935-v1-FA-P015084-U2OS-48h-P5-L1_I10_s6_w54A074E7D-38C8-4086-92A4-A682C07AE991.npy,ATPase inhibitor
P015084,I10,s7,CBK018513,/mnt/micro-images-pvc/specs935-v1/specs935-v1-FA-P015084-U2OS-48h-P5-L1/2021-12-17/851/specs935-v1-FA-P015084-U2OS-48h-P5-L1_I10_s7_w5B8B7D8FE-56A2-473C-A93D-3AE3433189E4.npy,ATPase inhibitor
P015084,I10,s8,CBK018513,/mnt/micro-images-pvc/specs935-v1/specs935-v1-FA-P015084-U2OS-48h-P5-L1/2021-12-17/851/specs935-v1-FA-P015084-U2OS-48h-P5-L1_I10_s8_w56C66665E-BE0D-435B-A736-2D8DF6E3CF9B.npy,ATPase inhibitor
P015084,I10,s9,CBK018513,/mnt/micro-images-pvc/specs935-v1/specs935-v1-FA-P015084-U2OS-48h-P5-L1/2021-12-17/851/specs935-v1-FA-P015084-U2OS-48h-P5-L1_I10_s9_w556E98008-BE79-48E1-ACBF-5F2A3E37A48B.npy,ATPase inhibitor
P015084,I12,s1,CBK288285,/mnt/micro-images-pvc/specs935-v1/specs935-v1-FA-P015084-U2OS-48h-P5-L1/2021-12-17/851/specs935-v1-FA-P015084-U2OS-48h-P5-L1_I12_s1_w59EC1DEA7-F78F-4C0F-864B-2FA13499884A.npy,Aurora kinase inhibitor
P015084,I12,s2,CBK288285,/mnt/micro-images-pvc/specs935-v1/specs935-v1-FA-P015084-U2OS-48h-P5-L1/2021-12-17/851/specs935-v1-FA-P015084-U2OS-48h-P5-L1_I12_s2_w5FB74A8DD-EECF-4BE1-B53E-E31B1A9C0A19.npy,Aurora kinase inhibitor
P015084,I12,s3,CBK288285,/mnt/micro-images-pvc/specs935-v1/specs935-v1-FA-P015084-U2OS-48h-P5-L1/2021-12-17/851/specs935-v1-FA-P015084-U2OS-48h-P5-L1_I12_s3_w5E15C0CBC-3A71-4637-9B62-C792DA549880.npy,Aurora kinase inhibitor
P015084,I12,s4,CBK288285,/mnt/micro-images-pvc/specs935-v1/specs935-v1-FA-P015084-U2OS-48h-P5-L1/2021-12-17/851/specs935-v1-FA-P015084-U2OS-48h-P5-L1_I12_s4_w52AD78004-7B42-43E2-855A-3F5D82D45E48.npy,Aurora kinase inhibitor
P015084,I12,s5,CBK288285,/mnt/micro-images-pvc/specs935-v1/specs935-v1-FA-P015084-U2OS-48h-P5-L1/2021-12-17/851/specs935-v1-FA-P015084-U2OS-48h-P5-L1_I12_s5_w587C039CC-6ABA-4F1B-87B2-3465070F3186.npy,Aurora kinase inhibitor
P015084,I12,s6,CBK288285,/mnt/micro-images-pvc/specs935-v1/specs935-v1-FA-P015084-U2OS-48h-P5-L1/2021-12-17/851/specs935-v1-FA-P015084-U2OS-48h-P5-L1_I12_s6_w5F0109F47-0793-4203-A1B3-C1A0B8E5815A.npy,Aurora kinase inhibitor
P015084,I12,s7,CBK288285,/mnt/micro-images-pvc/specs935-v1/specs935-v1-FA-P015084-U2OS-48h-P5-L1/2021-12-17/851/specs935-v1-FA-P015084-U2OS-48h-P5-L1_I12_s7_w5A21C53DF-0632-48D3-8D52-1965029E7EF2.npy,Aurora kinase inhibitor
P015084,I12,s8,CBK288285,/mnt/micro-images-pvc/specs935-v1/specs935-v1-FA-P015084-U2OS-48h-P5-L1/2021-12-17/851/specs935-v1-FA-P015084-U2OS-48h-P5-L1_I12_s8_w5BE0CFFEF-71E5-4A77-B4F5-EE1E390E6A60.npy,Aurora kinase inhibitor
P015084,I12,s9,CBK288285,/mnt/micro-images-pvc/specs935-v1/specs935-v1-FA-P015084-U2OS-48h-P5-L1/2021-12-17/851/specs935-v1-FA-P015084-U2OS-48h-P5-L1_I12_s9_w59682FE06-6C73-4E90-AF50-7A71CD49AD11.npy,Aurora kinase inhibitor
P015084,I17,s1,CBK277972,/mnt/micro-images-pvc/specs935-v1/specs935-v1-FA-P015084-U2OS-48h-P5-L1/2021-12-17/851/specs935-v1-FA-P015084-U2OS-48h-P5-L1_I17_s1_w52208309A-51F9-4A82-9B69-717A6EFED00D.npy,Aurora kinase inhibitor
P015084,I17,s2,CBK277972,/mnt/micro-images-pvc/specs935-v1/specs935-v1-FA-P015084-U2OS-48h-P5-L1/2021-12-17/851/specs935-v1-FA-P015084-U2OS-48h-P5-L1_I17_s2_w5D70A4FFF-49A9-45BB-84AB-B96A8CC5ECE0.npy,Aurora kinase inhibitor
P015084,I17,s3,CBK277972,/mnt/micro-images-pvc/specs935-v1/specs935-v1-FA-P015084-U2OS-48h-P5-L1/2021-12-17/851/specs935-v1-FA-P015084-U2OS-48h-P5-L1_I17_s3_w5DEDC52C7-F4B4-40CA-9D8F-B4EEBA22CB61.npy,Aurora kinase inhibitor
P015084,I17,s4,CBK277972,/mnt/micro-images-pvc/specs935-v1/specs935-v1-FA-P015084-U2OS-48h-P5-L1/2021-12-17/851/specs935-v1-FA-P015084-U2OS-48h-P5-L1_I17_s4_w510064C64-F574-4552-8DFE-FB2133CDFD12.npy,Aurora kinase inhibitor
P015084,I17,s5,CBK277972,/mnt/micro-images-pvc/specs935-v1/specs935-v1-FA-P015084-U2OS-48h-P5-L1/2021-12-17/851/specs935-v1-FA-P015084-U2OS-48h-P5-L1_I17_s5_w5267927BE-A62F-4E3F-AB83-9A5038A3B321.npy,Aurora kinase inhibitor
P015084,I17,s6,CBK277972,/mnt/micro-images-pvc/specs935-v1/specs935-v1-FA-P015084-U2OS-48h-P5-L1/2021-12-17/851/specs935-v1-FA-P015084-U2OS-48h-P5-L1_I17_s6_w56B24D827-4D22-4DB4-B576-5E00B62239AA.npy,Aurora kinase inhibitor
P015084,I17,s7,CBK277972,/mnt/micro-images-pvc/specs935-v1/specs935-v1-FA-P015084-U2OS-48h-P5-L1/2021-12-17/851/specs935-v1-FA-P015084-U2OS-48h-P5-L1_I17_s7_w5ABD96E02-226A-4616-8C26-7C302B4631EA.npy,Aurora kinase inhibitor
P015084,I17,s8,CBK277972,/mnt/micro-images-pvc/specs935-v1/specs935-v1-FA-P015084-U2OS-48h-P5-L1/2021-12-17/851/specs935-v1-FA-P015084-U2OS-48h-P5-L1_I17_s8_w53C71A0AB-8B43-4653-BE42-CE927CA51A43.npy,Aurora kinase inhibitor
P015084,I17,s9,CBK277972,/mnt/micro-images-pvc/specs935-v1/specs935-v1-FA-P015084-U2OS-48h-P5-L1/2021-12-17/851/specs935-v1-FA-P015084-U2OS-48h-P5-L1_I17_s9_w57B51C6E4-688C-484F-9322-0AF296C41BA1.npy,Aurora kinase inhibitor
P015084,I19,s1,CBK293886,/mnt/micro-images-pvc/specs935-v1/specs935-v1-FA-P015084-U2OS-48h-P5-L1/2021-12-17/851/specs935-v1-FA-P015084-U2OS-48h-P5-L1_I19_s1_w56104F0C2-A8FA-4359-AA12-EB289CFBE64D.npy,Aurora kinase inhibitor
P015084,I19,s2,CBK293886,/mnt/micro-images-pvc/specs935-v1/specs935-v1-FA-P015084-U2OS-48h-P5-L1/2021-12-17/851/specs935-v1-FA-P015084-U2OS-48h-P5-L1_I19_s2_w50D24E42A-EA5F-429D-9109-0FA41454CDCC.npy,Aurora kinase inhibitor
P015084,I19,s3,CBK293886,/mnt/micro-images-pvc/specs935-v1/specs935-v1-FA-P015084-U2OS-48h-P5-L1/2021-12-17/851/specs935-v1-FA-P015084-U2OS-48h-P5-L1_I19_s3_w5A6129950-AD0A-45E2-89DE-E399CFA700BA.npy,Aurora kinase inhibitor
P015084,I19,s4,CBK293886,/mnt/micro-images-pvc/specs935-v1/specs935-v1-FA-P015084-U2OS-48h-P5-L1/2021-12-17/851/specs935-v1-FA-P015084-U2OS-48h-P5-L1_I19_s4_w594113D72-6759-430F-A25E-08B88EDAB7B2.npy,Aurora kinase inhibitor
P015084,I19,s5,CBK293886,/mnt/micro-images-pvc/specs935-v1/specs935-v1-FA-P015084-U2OS-48h-P5-L1/2021-12-17/851/specs935-v1-FA-P015084-U2OS-48h-P5-L1_I19_s5_w523AC007F-ECA8-4BFB-8310-FC2A6E1FE9A1.npy,Aurora kinase inhibitor
P015084,I19,s6,CBK293886,/mnt/micro-images-pvc/specs935-v1/specs935-v1-FA-P015084-U2OS-48h-P5-L1/2021-12-17/851/specs935-v1-FA-P015084-U2OS-48h-P5-L1_I19_s6_w58F6891C4-B952-45C1-8F81-79222CAE8756.npy,Aurora kinase inhibitor
P015084,I19,s7,CBK293886,/mnt/micro-images-pvc/specs935-v1/specs935-v1-FA-P015084-U2OS-48h-P5-L1/2021-12-17/851/specs935-v1-FA-P015084-U2OS-48h-P5-L1_I19_s7_w5828B6A76-70E4-4FA1-A816-EA5A18FEF8EA.npy,Aurora kinase inhibitor
P015084,I19,s8,CBK293886,/mnt/micro-images-pvc/specs935-v1/specs935-v1-FA-P015084-U2OS-48h-P5-L1/2021-12-17/851/specs935-v1-FA-P015084-U2OS-48h-P5-L1_I19_s8_w5D9AF235B-93D3-4AE6-A53F-59598DF4D041.npy,Aurora kinase inhibitor
P015084,I19,s9,CBK293886,/mnt/micro-images-pvc/specs935-v1/specs935-v1-FA-P015084-U2OS-48h-P5-L1/2021-12-17/851/specs935-v1-FA-P015084-U2OS-48h-P5-L1_I19_s9_w578048FA9-C018-474F-BD7E-6F0DC262439D.npy,Aurora kinase inhibitor
P015084,I21,s1,CBK290684,/mnt/micro-images-pvc/specs935-v1/specs935-v1-FA-P015084-U2OS-48h-P5-L1/2021-12-17/851/specs935-v1-FA-P015084-U2OS-48h-P5-L1_I21_s1_w53B9AFF52-5596-4FF4-8C10-6DAFEA504AA9.npy,Aurora kinase inhibitor
P015084,I21,s2,CBK290684,/mnt/micro-images-pvc/specs935-v1/specs935-v1-FA-P015084-U2OS-48h-P5-L1/2021-12-17/851/specs935-v1-FA-P015084-U2OS-48h-P5-L1_I21_s2_w552A22981-CD1D-484D-9DF7-4551952C65CB.npy,Aurora kinase inhibitor
P015084,I21,s3,CBK290684,/mnt/micro-images-pvc/specs935-v1/specs935-v1-FA-P015084-U2OS-48h-P5-L1/2021-12-17/851/specs935-v1-FA-P015084-U2OS-48h-P5-L1_I21_s3_w56F76D805-EE2A-4C6D-B153-9412F39FB5E0.npy,Aurora kinase inhibitor
P015084,I21,s4,CBK290684,/mnt/micro-images-pvc/specs935-v1/specs935-v1-FA-P015084-U2OS-48h-P5-L1/2021-12-17/851/specs935-v1-FA-P015084-U2OS-48h-P5-L1_I21_s4_w5280F62A7-CF69-46E8-8B6F-0D44F5A9C87C.npy,Aurora kinase inhibitor
P015084,I21,s5,CBK290684,/mnt/micro-images-pvc/specs935-v1/specs935-v1-FA-P015084-U2OS-48h-P5-L1/2021-12-17/851/specs935-v1-FA-P015084-U2OS-48h-P5-L1_I21_s5_w5245AD111-68BA-45D3-9A3B-D979306CE273.npy,Aurora kinase inhibitor
P015084,I21,s6,CBK290684,/mnt/micro-images-pvc/specs935-v1/specs935-v1-FA-P015084-U2OS-48h-P5-L1/2021-12-17/851/specs935-v1-FA-P015084-U2OS-48h-P5-L1_I21_s6_w5BC348992-4F7F-4556-B2DE-ED8A204FB52C.npy,Aurora kinase inhibitor
P015084,I21,s7,CBK290684,/mnt/micro-images-pvc/specs935-v1/specs935-v1-FA-P015084-U2OS-48h-P5-L1/2021-12-17/851/specs935-v1-FA-P015084-U2OS-48h-P5-L1_I21_s7_w50BDCB476-3994-40F5-8DC3-99C927C2D892.npy,Aurora kinase inhibitor
P015084,I21,s8,CBK290684,/mnt/micro-images-pvc/specs935-v1/specs935-v1-FA-P015084-U2OS-48h-P5-L1/2021-12-17/851/specs935-v1-FA-P015084-U2OS-48h-P5-L1_I21_s8_w5D473847E-C09C-4AB4-82F0-07CC7A123C92.npy,Aurora kinase inhibitor
P015084,I21,s9,CBK290684,/mnt/micro-images-pvc/specs935-v1/specs935-v1-FA-P015084-U2OS-48h-P5-L1/2021-12-17/851/specs935-v1-FA-P015084-U2OS-48h-P5-L1_I21_s9_w5C1ECDAAA-7BE5-4336-9337-603F3822B627.npy,Aurora kinase inhibitor
P015084,J03,s1,CBK308980,/mnt/micro-images-pvc/specs935-v1/specs935-v1-FA-P015084-U2OS-48h-P5-L1/2021-12-17/851/specs935-v1-FA-P015084-U2OS-48h-P5-L1_J03_s1_w5EA2B6144-9A4A-4A97-8576-CC77F579DDA5.npy,ATPase inhibitor
P015084,J03,s2,CBK308980,/mnt/micro-images-pvc/specs935-v1/specs935-v1-FA-P015084-U2OS-48h-P5-L1/2021-12-17/851/specs935-v1-FA-P015084-U2OS-48h-P5-L1_J03_s2_w5AC1D2942-6E80-42C0-9546-8C01C6003F15.npy,ATPase inhibitor
P015084,J03,s3,CBK308980,/mnt/micro-images-pvc/specs935-v1/specs935-v1-FA-P015084-U2OS-48h-P5-L1/2021-12-17/851/specs935-v1-FA-P015084-U2OS-48h-P5-L1_J03_s3_w59DB73A76-E2D6-465A-9237-EE5AE1AC5019.npy,ATPase inhibitor
P015084,J03,s4,CBK308980,/mnt/micro-images-pvc/specs935-v1/specs935-v1-FA-P015084-U2OS-48h-P5-L1/2021-12-17/851/specs935-v1-FA-P015084-U2OS-48h-P5-L1_J03_s4_w57E0DDE1B-2315-4AE1-BF52-947DAEF9F10B.npy,ATPase inhibitor
P015084,J03,s5,CBK308980,/mnt/micro-images-pvc/specs935-v1/specs935-v1-FA-P015084-U2OS-48h-P5-L1/2021-12-17/851/specs935-v1-FA-P015084-U2OS-48h-P5-L1_J03_s5_w525DF7DE5-C867-4158-A8E0-E8B414B023DF.npy,ATPase inhibitor
P015084,J03,s6,CBK308980,/mnt/micro-images-pvc/specs935-v1/specs935-v1-FA-P015084-U2OS-48h-P5-L1/2021-12-17/851/specs935-v1-FA-P015084-U2OS-48h-P5-L1_J03_s6_w5B5A475A0-B043-428F-A7A8-EF73B93CFE1F.npy,ATPase inhibitor
P015084,J03,s7,CBK308980,/mnt/micro-images-pvc/specs935-v1/specs935-v1-FA-P015084-U2OS-48h-P5-L1/2021-12-17/851/specs935-v1-FA-P015084-U2OS-48h-P5-L1_J03_s7_w519D3FCE5-6807-4B78-9521-F8B0C1DCC7E8.npy,ATPase inhibitor
P015084,J03,s8,CBK308980,/mnt/micro-images-pvc/specs935-v1/specs935-v1-FA-P015084-U2OS-48h-P5-L1/2021-12-17/851/specs935-v1-FA-P015084-U2OS-48h-P5-L1_J03_s8_w51BEDE72F-21F4-4121-9D8E-C0C78062D782.npy,ATPase inhibitor
P015084,J03,s9,CBK308980,/mnt/micro-images-pvc/specs935-v1/specs935-v1-FA-P015084-U2OS-48h-P5-L1/2021-12-17/851/specs935-v1-FA-P015084-U2OS-48h-P5-L1_J03_s9_w5C198D157-4680-41EF-9684-A7F095252EDA.npy,ATPase inhibitor
P015084,J10,s1,CBK290829,/mnt/micro-images-pvc/specs935-v1/specs935-v1-FA-P015084-U2OS-48h-P5-L1/2021-12-17/851/specs935-v1-FA-P015084-U2OS-48h-P5-L1_J10_s1_w500EEF60F-CD76-402C-8388-A7D206A6DC93.npy,Aurora kinase inhibitor
P015084,J10,s2,CBK290829,/mnt/micro-images-pvc/specs935-v1/specs935-v1-FA-P015084-U2OS-48h-P5-L1/2021-12-17/851/specs935-v1-FA-P015084-U2OS-48h-P5-L1_J10_s2_w52593AF36-5E97-4692-9BDB-DE06B6C6AA94.npy,Aurora kinase inhibitor
P015084,J10,s3,CBK290829,/mnt/micro-images-pvc/specs935-v1/specs935-v1-FA-P015084-U2OS-48h-P5-L1/2021-12-17/851/specs935-v1-FA-P015084-U2OS-48h-P5-L1_J10_s3_w5A6E712A3-40A5-4296-9239-FC882913378B.npy,Aurora kinase inhibitor
P015084,J10,s4,CBK290829,/mnt/micro-images-pvc/specs935-v1/specs935-v1-FA-P015084-U2OS-48h-P5-L1/2021-12-17/851/specs935-v1-FA-P015084-U2OS-48h-P5-L1_J10_s4_w5F1307843-85FE-487A-825B-1230206C8EE7.npy,Aurora kinase inhibitor
P015084,J10,s5,CBK290829,/mnt/micro-images-pvc/specs935-v1/specs935-v1-FA-P015084-U2OS-48h-P5-L1/2021-12-17/851/specs935-v1-FA-P015084-U2OS-48h-P5-L1_J10_s5_w568C1FFEF-362E-46B9-A280-62800FA1CC7B.npy,Aurora kinase inhibitor
P015084,J10,s6,CBK290829,/mnt/micro-images-pvc/specs935-v1/specs935-v1-FA-P015084-U2OS-48h-P5-L1/2021-12-17/851/specs935-v1-FA-P015084-U2OS-48h-P5-L1_J10_s6_w521AD383F-7002-40D9-B85D-30FAD9C2C1CF.npy,Aurora kinase inhibitor
P015084,J10,s7,CBK290829,/mnt/micro-images-pvc/specs935-v1/specs935-v1-FA-P015084-U2OS-48h-P5-L1/2021-12-17/851/specs935-v1-FA-P015084-U2OS-48h-P5-L1_J10_s7_w5C1AE2DD9-153B-447F-9351-56F34CA876CC.npy,Aurora kinase inhibitor
P015084,J10,s8,CBK290829,/mnt/micro-images-pvc/specs935-v1/specs935-v1-FA-P015084-U2OS-48h-P5-L1/2021-12-17/851/specs935-v1-FA-P015084-U2OS-48h-P5-L1_J10_s8_w5FF041478-020B-4DE0-A7E2-7DD9E379D8B0.npy,Aurora kinase inhibitor
P015084,J10,s9,CBK290829,/mnt/micro-images-pvc/specs935-v1/specs935-v1-FA-P015084-U2OS-48h-P5-L1/2021-12-17/851/specs935-v1-FA-P015084-U2OS-48h-P5-L1_J10_s9_w5BE6C1D15-D9BB-4A73-914A-B6890CFDE4BB.npy,Aurora kinase inhibitor
P015084,J11,s1,CBK018513,/mnt/micro-images-pvc/specs935-v1/specs935-v1-FA-P015084-U2OS-48h-P5-L1/2021-12-17/851/specs935-v1-FA-P015084-U2OS-48h-P5-L1_J11_s1_w5E5F8C785-B3C8-4486-91A5-67A22602FADE.npy,ATPase inhibitor
P015084,J11,s2,CBK018513,/mnt/micro-images-pvc/specs935-v1/specs935-v1-FA-P015084-U2OS-48h-P5-L1/2021-12-17/851/specs935-v1-FA-P015084-U2OS-48h-P5-L1_J11_s2_w527CC9F00-C214-4CF0-BCCA-F3F2DCAEC465.npy,ATPase inhibitor
P015084,J11,s3,CBK018513,/mnt/micro-images-pvc/specs935-v1/specs935-v1-FA-P015084-U2OS-48h-P5-L1/2021-12-17/851/specs935-v1-FA-P015084-U2OS-48h-P5-L1_J11_s3_w5B6DEDCA2-F5E3-44B8-A28E-83BBA1D6FFFD.npy,ATPase inhibitor
P015084,J11,s4,CBK018513,/mnt/micro-images-pvc/specs935-v1/specs935-v1-FA-P015084-U2OS-48h-P5-L1/2021-12-17/851/specs935-v1-FA-P015084-U2OS-48h-P5-L1_J11_s4_w5C2D52310-B18E-4B70-95A9-4F8AD2871130.npy,ATPase inhibitor
P015084,J11,s5,CBK018513,/mnt/micro-images-pvc/specs935-v1/specs935-v1-FA-P015084-U2OS-48h-P5-L1/2021-12-17/851/specs935-v1-FA-P015084-U2OS-48h-P5-L1_J11_s5_w5FB3F192A-6BCF-40EE-B9B7-6EB0A42100D7.npy,ATPase inhibitor
P015084,J11,s6,CBK018513,/mnt/micro-images-pvc/specs935-v1/specs935-v1-FA-P015084-U2OS-48h-P5-L1/2021-12-17/851/specs935-v1-FA-P015084-U2OS-48h-P5-L1_J11_s6_w54333B113-89E8-4461-A695-A819E8A043E9.npy,ATPase inhibitor
P015084,J11,s7,CBK018513,/mnt/micro-images-pvc/specs935-v1/specs935-v1-FA-P015084-U2OS-48h-P5-L1/2021-12-17/851/specs935-v1-FA-P015084-U2OS-48h-P5-L1_J11_s7_w54B385CAB-51AE-47FD-806F-BEC8691DD144.npy,ATPase inhibitor
P015084,J11,s8,CBK018513,/mnt/micro-images-pvc/specs935-v1/specs935-v1-FA-P015084-U2OS-48h-P5-L1/2021-12-17/851/specs935-v1-FA-P015084-U2OS-48h-P5-L1_J11_s8_w580F9D490-8AA4-4537-99E0-DCFAF9330B07.npy,ATPase inhibitor
P015084,J11,s9,CBK018513,/mnt/micro-images-pvc/specs935-v1/specs935-v1-FA-P015084-U2OS-48h-P5-L1/2021-12-17/851/specs935-v1-FA-P015084-U2OS-48h-P5-L1_J11_s9_w58C9BB904-5762-4497-BE1E-EF51E31B8820.npy,ATPase inhibitor
P015084,J14,s1,CBK228145,/mnt/micro-images-pvc/specs935-v1/specs935-v1-FA-P015084-U2OS-48h-P5-L1/2021-12-17/851/specs935-v1-FA-P015084-U2OS-48h-P5-L1_J14_s1_w5D37A40A2-E7F4-4CE5-BDA5-A01312345977.npy,ATPase inhibitor
P015084,J14,s2,CBK228145,/mnt/micro-images-pvc/specs935-v1/specs935-v1-FA-P015084-U2OS-48h-P5-L1/2021-12-17/851/specs935-v1-FA-P015084-U2OS-48h-P5-L1_J14_s2_w5B9258693-18A2-436F-8381-CD76CD6487AB.npy,ATPase inhibitor
P015084,J14,s3,CBK228145,/mnt/micro-images-pvc/specs935-v1/specs935-v1-FA-P015084-U2OS-48h-P5-L1/2021-12-17/851/specs935-v1-FA-P015084-U2OS-48h-P5-L1_J14_s3_w599BD4B9C-78A8-4765-B694-97E393548A62.npy,ATPase inhibitor
P015084,J14,s4,CBK228145,/mnt/micro-images-pvc/specs935-v1/specs935-v1-FA-P015084-U2OS-48h-P5-L1/2021-12-17/851/specs935-v1-FA-P015084-U2OS-48h-P5-L1_J14_s4_w5B21B1365-B9ED-44FB-A267-C857AA9512AB.npy,ATPase inhibitor
P015084,J14,s5,CBK228145,/mnt/micro-images-pvc/specs935-v1/specs935-v1-FA-P015084-U2OS-48h-P5-L1/2021-12-17/851/specs935-v1-FA-P015084-U2OS-48h-P5-L1_J14_s5_w5EC5A75CF-7C50-4F2A-BD18-8546BFBB356B.npy,ATPase inhibitor
P015084,J14,s6,CBK228145,/mnt/micro-images-pvc/specs935-v1/specs935-v1-FA-P015084-U2OS-48h-P5-L1/2021-12-17/851/specs935-v1-FA-P015084-U2OS-48h-P5-L1_J14_s6_w58BDCDECB-ECAE-43D1-9DBD-B323E08F9CBD.npy,ATPase inhibitor
P015084,J14,s7,CBK228145,/mnt/micro-images-pvc/specs935-v1/specs935-v1-FA-P015084-U2OS-48h-P5-L1/2021-12-17/851/specs935-v1-FA-P015084-U2OS-48h-P5-L1_J14_s7_w5D4554F9F-5200-47DE-9DF7-7228EB23EEB9.npy,ATPase inhibitor
P015084,J14,s8,CBK228145,/mnt/micro-images-pvc/specs935-v1/specs935-v1-FA-P015084-U2OS-48h-P5-L1/2021-12-17/851/specs935-v1-FA-P015084-U2OS-48h-P5-L1_J14_s8_w5195F42B7-931D-4149-841E-0768FFC64DEB.npy,ATPase inhibitor
P015084,J14,s9,CBK228145,/mnt/micro-images-pvc/specs935-v1/specs935-v1-FA-P015084-U2OS-48h-P5-L1/2021-12-17/851/specs935-v1-FA-P015084-U2OS-48h-P5-L1_J14_s9_w517A69D86-29D3-4EAB-AE18-58902F689842.npy,ATPase inhibitor
P015084,J16,s1,CBK309086,/mnt/micro-images-pvc/specs935-v1/specs935-v1-FA-P015084-U2OS-48h-P5-L1/2021-12-17/851/specs935-v1-FA-P015084-U2OS-48h-P5-L1_J16_s1_w551AB9C66-9A52-42C6-A1AF-E13980FD2270.npy,ATPase inhibitor
P015084,J16,s2,CBK309086,/mnt/micro-images-pvc/specs935-v1/specs935-v1-FA-P015084-U2OS-48h-P5-L1/2021-12-17/851/specs935-v1-FA-P015084-U2OS-48h-P5-L1_J16_s2_w556666656-C8EE-40E0-8987-D79AAD1C5570.npy,ATPase inhibitor
P015084,J16,s3,CBK309086,/mnt/micro-images-pvc/specs935-v1/specs935-v1-FA-P015084-U2OS-48h-P5-L1/2021-12-17/851/specs935-v1-FA-P015084-U2OS-48h-P5-L1_J16_s3_w54D69784E-75CD-4F23-B8C3-7F76982D4953.npy,ATPase inhibitor
P015084,J16,s4,CBK309086,/mnt/micro-images-pvc/specs935-v1/specs935-v1-FA-P015084-U2OS-48h-P5-L1/2021-12-17/851/specs935-v1-FA-P015084-U2OS-48h-P5-L1_J16_s4_w584751CD2-E4F3-4928-9A56-01D8BF2138FC.npy,ATPase inhibitor
P015084,J16,s5,CBK309086,/mnt/micro-images-pvc/specs935-v1/specs935-v1-FA-P015084-U2OS-48h-P5-L1/2021-12-17/851/specs935-v1-FA-P015084-U2OS-48h-P5-L1_J16_s5_w567652A4C-B311-4D6B-8374-158E63ACFF3E.npy,ATPase inhibitor
P015084,J16,s6,CBK309086,/mnt/micro-images-pvc/specs935-v1/specs935-v1-FA-P015084-U2OS-48h-P5-L1/2021-12-17/851/specs935-v1-FA-P015084-U2OS-48h-P5-L1_J16_s6_w52147C538-2FDD-4CA8-96F9-D691A9E47105.npy,ATPase inhibitor
P015084,J16,s7,CBK309086,/mnt/micro-images-pvc/specs935-v1/specs935-v1-FA-P015084-U2OS-48h-P5-L1/2021-12-17/851/specs935-v1-FA-P015084-U2OS-48h-P5-L1_J16_s7_w523D3816F-64DF-489D-ACAF-7902BAEB6626.npy,ATPase inhibitor
P015084,J16,s8,CBK309086,/mnt/micro-images-pvc/specs935-v1/specs935-v1-FA-P015084-U2OS-48h-P5-L1/2021-12-17/851/specs935-v1-FA-P015084-U2OS-48h-P5-L1_J16_s8_w53062EA57-40D4-4018-9971-087E93F98C59.npy,ATPase inhibitor
P015084,J16,s9,CBK309086,/mnt/micro-images-pvc/specs935-v1/specs935-v1-FA-P015084-U2OS-48h-P5-L1/2021-12-17/851/specs935-v1-FA-P015084-U2OS-48h-P5-L1_J16_s9_w53F511CF1-E87D-45EE-AE03-81B303FDA7E2.npy,ATPase inhibitor
P015084,J18,s1,CBK288285,/mnt/micro-images-pvc/specs935-v1/specs935-v1-FA-P015084-U2OS-48h-P5-L1/2021-12-17/851/specs935-v1-FA-P015084-U2OS-48h-P5-L1_J18_s1_w5D4CF19D5-4B2F-4C86-83A0-564387E63563.npy,Aurora kinase inhibitor
P015084,J18,s2,CBK288285,/mnt/micro-images-pvc/specs935-v1/specs935-v1-FA-P015084-U2OS-48h-P5-L1/2021-12-17/851/specs935-v1-FA-P015084-U2OS-48h-P5-L1_J18_s2_w532744EB4-2CBF-42AF-9C0C-B093C5923659.npy,Aurora kinase inhibitor
P015084,J18,s3,CBK288285,/mnt/micro-images-pvc/specs935-v1/specs935-v1-FA-P015084-U2OS-48h-P5-L1/2021-12-17/851/specs935-v1-FA-P015084-U2OS-48h-P5-L1_J18_s3_w5D471F7E9-E14B-45E7-A9BE-06F9D57463D2.npy,Aurora kinase inhibitor
P015084,J18,s4,CBK288285,/mnt/micro-images-pvc/specs935-v1/specs935-v1-FA-P015084-U2OS-48h-P5-L1/2021-12-17/851/specs935-v1-FA-P015084-U2OS-48h-P5-L1_J18_s4_w5AE081E67-42EA-4326-AB9F-F9E794F8CDBE.npy,Aurora kinase inhibitor
P015084,J18,s5,CBK288285,/mnt/micro-images-pvc/specs935-v1/specs935-v1-FA-P015084-U2OS-48h-P5-L1/2021-12-17/851/specs935-v1-FA-P015084-U2OS-48h-P5-L1_J18_s5_w55815D105-2B00-4F32-88AF-ABF29E6FF40A.npy,Aurora kinase inhibitor
P015084,J18,s6,CBK288285,/mnt/micro-images-pvc/specs935-v1/specs935-v1-FA-P015084-U2OS-48h-P5-L1/2021-12-17/851/specs935-v1-FA-P015084-U2OS-48h-P5-L1_J18_s6_w5C2B77065-709A-4A1A-A1FE-08E3D41B9B0A.npy,Aurora kinase inhibitor
P015084,J18,s7,CBK288285,/mnt/micro-images-pvc/specs935-v1/specs935-v1-FA-P015084-U2OS-48h-P5-L1/2021-12-17/851/specs935-v1-FA-P015084-U2OS-48h-P5-L1_J18_s7_w56DDFB7D8-1F9C-4249-8353-39CD2103D0EC.npy,Aurora kinase inhibitor
P015084,J18,s8,CBK288285,/mnt/micro-images-pvc/specs935-v1/specs935-v1-FA-P015084-U2OS-48h-P5-L1/2021-12-17/851/specs935-v1-FA-P015084-U2OS-48h-P5-L1_J18_s8_w591B0D816-A761-4A6F-A48A-D39CE917261F.npy,Aurora kinase inhibitor
P015084,J18,s9,CBK288285,/mnt/micro-images-pvc/specs935-v1/specs935-v1-FA-P015084-U2OS-48h-P5-L1/2021-12-17/851/specs935-v1-FA-P015084-U2OS-48h-P5-L1_J18_s9_w548BC6A09-2278-4458-B762-B5546C122D9F.npy,Aurora kinase inhibitor
P015084,J23,s1,CBK303888,/mnt/micro-images-pvc/specs935-v1/specs935-v1-FA-P015084-U2OS-48h-P5-L1/2021-12-17/851/specs935-v1-FA-P015084-U2OS-48h-P5-L1_J23_s1_w5AFA34A10-E246-44A5-B92F-ECF0E21DEFE3.npy,ATPase inhibitor
P015084,J23,s2,CBK303888,/mnt/micro-images-pvc/specs935-v1/specs935-v1-FA-P015084-U2OS-48h-P5-L1/2021-12-17/851/specs935-v1-FA-P015084-U2OS-48h-P5-L1_J23_s2_w5F135587B-6EAF-44F1-8C1B-246838A6F6D6.npy,ATPase inhibitor
P015084,J23,s3,CBK303888,/mnt/micro-images-pvc/specs935-v1/specs935-v1-FA-P015084-U2OS-48h-P5-L1/2021-12-17/851/specs935-v1-FA-P015084-U2OS-48h-P5-L1_J23_s3_w564C5010C-A5BC-4301-BE0A-B657EF4F8DD7.npy,ATPase inhibitor
P015084,J23,s4,CBK303888,/mnt/micro-images-pvc/specs935-v1/specs935-v1-FA-P015084-U2OS-48h-P5-L1/2021-12-17/851/specs935-v1-FA-P015084-U2OS-48h-P5-L1_J23_s4_w5090C7979-EA68-40C9-A85A-76FC426F6895.npy,ATPase inhibitor
P015084,J23,s5,CBK303888,/mnt/micro-images-pvc/specs935-v1/specs935-v1-FA-P015084-U2OS-48h-P5-L1/2021-12-17/851/specs935-v1-FA-P015084-U2OS-48h-P5-L1_J23_s5_w59A2C0BF5-31E0-44C9-BAF9-E01A1F8DD845.npy,ATPase inhibitor
P015084,J23,s6,CBK303888,/mnt/micro-images-pvc/specs935-v1/specs935-v1-FA-P015084-U2OS-48h-P5-L1/2021-12-17/851/specs935-v1-FA-P015084-U2OS-48h-P5-L1_J23_s6_w5160841AC-7E75-4FB8-9131-562297D40A03.npy,ATPase inhibitor
P015084,J23,s7,CBK303888,/mnt/micro-images-pvc/specs935-v1/specs935-v1-FA-P015084-U2OS-48h-P5-L1/2021-12-17/851/specs935-v1-FA-P015084-U2OS-48h-P5-L1_J23_s7_w5E920EB3B-01EC-4AC1-ACCC-C54A8416AF85.npy,ATPase inhibitor
P015084,J23,s8,CBK303888,/mnt/micro-images-pvc/specs935-v1/specs935-v1-FA-P015084-U2OS-48h-P5-L1/2021-12-17/851/specs935-v1-FA-P015084-U2OS-48h-P5-L1_J23_s8_w5A3FCEBD9-49F7-487E-964D-3AF2F8728968.npy,ATPase inhibitor
P015084,J23,s9,CBK303888,/mnt/micro-images-pvc/specs935-v1/specs935-v1-FA-P015084-U2OS-48h-P5-L1/2021-12-17/851/specs935-v1-FA-P015084-U2OS-48h-P5-L1_J23_s9_w5BEF9BEC9-BD19-456E-99AE-12693CC7C84C.npy,ATPase inhibitor
P015084,K04,s1,CBK308709,/mnt/micro-images-pvc/specs935-v1/specs935-v1-FA-P015084-U2OS-48h-P5-L1/2021-12-17/851/specs935-v1-FA-P015084-U2OS-48h-P5-L1_K04_s1_w5B7FBB0C1-DF39-4B1D-8B30-6B130FE8125B.npy,ATPase inhibitor
P015084,K04,s2,CBK308709,/mnt/micro-images-pvc/specs935-v1/specs935-v1-FA-P015084-U2OS-48h-P5-L1/2021-12-17/851/specs935-v1-FA-P015084-U2OS-48h-P5-L1_K04_s2_w5C101A2EC-94CB-4C70-AD8F-9AE33FD32F45.npy,ATPase inhibitor
P015084,K04,s3,CBK308709,/mnt/micro-images-pvc/specs935-v1/specs935-v1-FA-P015084-U2OS-48h-P5-L1/2021-12-17/851/specs935-v1-FA-P015084-U2OS-48h-P5-L1_K04_s3_w550029211-EDC1-4250-ADF8-6AAE34605D24.npy,ATPase inhibitor
P015084,K04,s4,CBK308709,/mnt/micro-images-pvc/specs935-v1/specs935-v1-FA-P015084-U2OS-48h-P5-L1/2021-12-17/851/specs935-v1-FA-P015084-U2OS-48h-P5-L1_K04_s4_w5234E7BF6-BAF9-4E80-BDDF-4EAB81D88055.npy,ATPase inhibitor
P015084,K04,s5,CBK308709,/mnt/micro-images-pvc/specs935-v1/specs935-v1-FA-P015084-U2OS-48h-P5-L1/2021-12-17/851/specs935-v1-FA-P015084-U2OS-48h-P5-L1_K04_s5_w509BA3259-7EA9-49EC-B761-F31CF8226897.npy,ATPase inhibitor
P015084,K04,s6,CBK308709,/mnt/micro-images-pvc/specs935-v1/specs935-v1-FA-P015084-U2OS-48h-P5-L1/2021-12-17/851/specs935-v1-FA-P015084-U2OS-48h-P5-L1_K04_s6_w5D3AE8990-ACF6-47B0-8F98-12E9FAD338DF.npy,ATPase inhibitor
P015084,K04,s7,CBK308709,/mnt/micro-images-pvc/specs935-v1/specs935-v1-FA-P015084-U2OS-48h-P5-L1/2021-12-17/851/specs935-v1-FA-P015084-U2OS-48h-P5-L1_K04_s7_w5AA378F19-55BB-4C1D-A2CB-4A62BE3D9429.npy,ATPase inhibitor
P015084,K04,s8,CBK308709,/mnt/micro-images-pvc/specs935-v1/specs935-v1-FA-P015084-U2OS-48h-P5-L1/2021-12-17/851/specs935-v1-FA-P015084-U2OS-48h-P5-L1_K04_s8_w584025E8D-2B57-4AE9-A80F-4FD3AF5993B7.npy,ATPase inhibitor
P015084,K04,s9,CBK308709,/mnt/micro-images-pvc/specs935-v1/specs935-v1-FA-P015084-U2OS-48h-P5-L1/2021-12-17/851/specs935-v1-FA-P015084-U2OS-48h-P5-L1_K04_s9_w5D7E31EA1-538B-4382-AC87-FAB30DA61E46.npy,ATPase inhibitor
P015084,K14,s1,CBK288288,/mnt/micro-images-pvc/specs935-v1/specs935-v1-FA-P015084-U2OS-48h-P5-L1/2021-12-17/851/specs935-v1-FA-P015084-U2OS-48h-P5-L1_K14_s1_w595B1E5B1-8DBD-4DB7-B9EA-FCD90AAC0913.npy,Aurora kinase inhibitor
P015084,K14,s2,CBK288288,/mnt/micro-images-pvc/specs935-v1/specs935-v1-FA-P015084-U2OS-48h-P5-L1/2021-12-17/851/specs935-v1-FA-P015084-U2OS-48h-P5-L1_K14_s2_w5C2A842B8-C1D5-43B4-BDFB-065EFF1AB111.npy,Aurora kinase inhibitor
P015084,K14,s3,CBK288288,/mnt/micro-images-pvc/specs935-v1/specs935-v1-FA-P015084-U2OS-48h-P5-L1/2021-12-17/851/specs935-v1-FA-P015084-U2OS-48h-P5-L1_K14_s3_w5E855D938-394A-4E69-913B-C16D31B027BE.npy,Aurora kinase inhibitor
P015084,K14,s4,CBK288288,/mnt/micro-images-pvc/specs935-v1/specs935-v1-FA-P015084-U2OS-48h-P5-L1/2021-12-17/851/specs935-v1-FA-P015084-U2OS-48h-P5-L1_K14_s4_w5023F40F8-8D2B-4F44-A117-C46E6CFE5EEA.npy,Aurora kinase inhibitor
P015084,K14,s5,CBK288288,/mnt/micro-images-pvc/specs935-v1/specs935-v1-FA-P015084-U2OS-48h-P5-L1/2021-12-17/851/specs935-v1-FA-P015084-U2OS-48h-P5-L1_K14_s5_w552A85A52-3C20-452B-AEDE-76D2EAEAB85A.npy,Aurora kinase inhibitor
P015084,K14,s6,CBK288288,/mnt/micro-images-pvc/specs935-v1/specs935-v1-FA-P015084-U2OS-48h-P5-L1/2021-12-17/851/specs935-v1-FA-P015084-U2OS-48h-P5-L1_K14_s6_w53C251A2C-6642-4892-81D3-B22830DCAE3C.npy,Aurora kinase inhibitor
P015084,K14,s7,CBK288288,/mnt/micro-images-pvc/specs935-v1/specs935-v1-FA-P015084-U2OS-48h-P5-L1/2021-12-17/851/specs935-v1-FA-P015084-U2OS-48h-P5-L1_K14_s7_w53B606269-3A7C-4041-A9C4-2C33E4D43308.npy,Aurora kinase inhibitor
P015084,K14,s8,CBK288288,/mnt/micro-images-pvc/specs935-v1/specs935-v1-FA-P015084-U2OS-48h-P5-L1/2021-12-17/851/specs935-v1-FA-P015084-U2OS-48h-P5-L1_K14_s8_w5B6354A73-DD07-469F-BC45-F7ECDEA37ECE.npy,Aurora kinase inhibitor
P015084,K14,s9,CBK288288,/mnt/micro-images-pvc/specs935-v1/specs935-v1-FA-P015084-U2OS-48h-P5-L1/2021-12-17/851/specs935-v1-FA-P015084-U2OS-48h-P5-L1_K14_s9_w595D1FFBF-6669-4F05-AA18-CDFCF15BCFF6.npy,Aurora kinase inhibitor
P015084,K18,s1,CBK200551,/mnt/micro-images-pvc/specs935-v1/specs935-v1-FA-P015084-U2OS-48h-P5-L1/2021-12-17/851/specs935-v1-FA-P015084-U2OS-48h-P5-L1_K18_s1_w5C1E7DC5A-BB76-48A1-A734-C82CF470A956.npy,ATPase inhibitor
P015084,K18,s2,CBK200551,/mnt/micro-images-pvc/specs935-v1/specs935-v1-FA-P015084-U2OS-48h-P5-L1/2021-12-17/851/specs935-v1-FA-P015084-U2OS-48h-P5-L1_K18_s2_w5CA7FDD4B-EDF5-4D1E-BEF1-2144B5121244.npy,ATPase inhibitor
P015084,K18,s3,CBK200551,/mnt/micro-images-pvc/specs935-v1/specs935-v1-FA-P015084-U2OS-48h-P5-L1/2021-12-17/851/specs935-v1-FA-P015084-U2OS-48h-P5-L1_K18_s3_w53351ED00-86CC-462D-AFBE-E4235BC91640.npy,ATPase inhibitor
P015084,K18,s4,CBK200551,/mnt/micro-images-pvc/specs935-v1/specs935-v1-FA-P015084-U2OS-48h-P5-L1/2021-12-17/851/specs935-v1-FA-P015084-U2OS-48h-P5-L1_K18_s4_w522D326F4-F596-46F4-847C-4E5C1943A26B.npy,ATPase inhibitor
P015084,K18,s5,CBK200551,/mnt/micro-images-pvc/specs935-v1/specs935-v1-FA-P015084-U2OS-48h-P5-L1/2021-12-17/851/specs935-v1-FA-P015084-U2OS-48h-P5-L1_K18_s5_w59DB5EE19-864D-4F0F-BE0C-2292E83D02EA.npy,ATPase inhibitor
P015084,K18,s6,CBK200551,/mnt/micro-images-pvc/specs935-v1/specs935-v1-FA-P015084-U2OS-48h-P5-L1/2021-12-17/851/specs935-v1-FA-P015084-U2OS-48h-P5-L1_K18_s6_w59DA62BFB-31ED-43B2-BC4E-8DC4927ECAD8.npy,ATPase inhibitor
P015084,K18,s7,CBK200551,/mnt/micro-images-pvc/specs935-v1/specs935-v1-FA-P015084-U2OS-48h-P5-L1/2021-12-17/851/specs935-v1-FA-P015084-U2OS-48h-P5-L1_K18_s7_w5559EB56F-4D21-47DC-BCF4-88342C86EC7E.npy,ATPase inhibitor
P015084,K18,s8,CBK200551,/mnt/micro-images-pvc/specs935-v1/specs935-v1-FA-P015084-U2OS-48h-P5-L1/2021-12-17/851/specs935-v1-FA-P015084-U2OS-48h-P5-L1_K18_s8_w5D632B0AD-82AD-4ADF-80D2-61B7F8868357.npy,ATPase inhibitor
P015084,K18,s9,CBK200551,/mnt/micro-images-pvc/specs935-v1/specs935-v1-FA-P015084-U2OS-48h-P5-L1/2021-12-17/851/specs935-v1-FA-P015084-U2OS-48h-P5-L1_K18_s9_w5B72A29FA-3A53-4869-A50C-BFB6239B8F0F.npy,ATPase inhibitor
P015084,L02,s1,CBK200716,/mnt/micro-images-pvc/specs935-v1/specs935-v1-FA-P015084-U2OS-48h-P5-L1/2021-12-17/851/specs935-v1-FA-P015084-U2OS-48h-P5-L1_L02_s1_w503FCB772-A13F-4B54-B1B1-6A71A3F0F17D.npy,ATPase inhibitor
P015084,L02,s2,CBK200716,/mnt/micro-images-pvc/specs935-v1/specs935-v1-FA-P015084-U2OS-48h-P5-L1/2021-12-17/851/specs935-v1-FA-P015084-U2OS-48h-P5-L1_L02_s2_w5D9DBE3F5-037D-4D05-810D-26D98F63E953.npy,ATPase inhibitor
P015084,L02,s3,CBK200716,/mnt/micro-images-pvc/specs935-v1/specs935-v1-FA-P015084-U2OS-48h-P5-L1/2021-12-17/851/specs935-v1-FA-P015084-U2OS-48h-P5-L1_L02_s3_w51877E34A-9873-450F-A729-AC084FAD8BE0.npy,ATPase inhibitor
P015084,L02,s4,CBK200716,/mnt/micro-images-pvc/specs935-v1/specs935-v1-FA-P015084-U2OS-48h-P5-L1/2021-12-17/851/specs935-v1-FA-P015084-U2OS-48h-P5-L1_L02_s4_w52FFA7551-9998-4FA4-B608-9431015819EA.npy,ATPase inhibitor
P015084,L02,s5,CBK200716,/mnt/micro-images-pvc/specs935-v1/specs935-v1-FA-P015084-U2OS-48h-P5-L1/2021-12-17/851/specs935-v1-FA-P015084-U2OS-48h-P5-L1_L02_s5_w58DCAF1F5-3312-444A-957E-2CAC57EFC644.npy,ATPase inhibitor
P015084,L02,s6,CBK200716,/mnt/micro-images-pvc/specs935-v1/specs935-v1-FA-P015084-U2OS-48h-P5-L1/2021-12-17/851/specs935-v1-FA-P015084-U2OS-48h-P5-L1_L02_s6_w50001E266-EB24-42A7-B188-FEC03536CD77.npy,ATPase inhibitor
P015084,L02,s7,CBK200716,/mnt/micro-images-pvc/specs935-v1/specs935-v1-FA-P015084-U2OS-48h-P5-L1/2021-12-17/851/specs935-v1-FA-P015084-U2OS-48h-P5-L1_L02_s7_w591C894D0-CDF3-4A20-9BF1-ECB97E55998B.npy,ATPase inhibitor
P015084,L02,s8,CBK200716,/mnt/micro-images-pvc/specs935-v1/specs935-v1-FA-P015084-U2OS-48h-P5-L1/2021-12-17/851/specs935-v1-FA-P015084-U2OS-48h-P5-L1_L02_s8_w57F31867D-A2C5-4533-BC31-A8FE5572840E.npy,ATPase inhibitor
P015084,L02,s9,CBK200716,/mnt/micro-images-pvc/specs935-v1/specs935-v1-FA-P015084-U2OS-48h-P5-L1/2021-12-17/851/specs935-v1-FA-P015084-U2OS-48h-P5-L1_L02_s9_w59A1E6D6B-EDAD-4730-A5A1-305EDD98DC95.npy,ATPase inhibitor
P015084,L15,s1,CBK228145,/mnt/micro-images-pvc/specs935-v1/specs935-v1-FA-P015084-U2OS-48h-P5-L1/2021-12-17/851/specs935-v1-FA-P015084-U2OS-48h-P5-L1_L15_s1_w5C667354D-3180-4997-AB85-EE3A7A1DF711.npy,ATPase inhibitor
P015084,L15,s2,CBK228145,/mnt/micro-images-pvc/specs935-v1/specs935-v1-FA-P015084-U2OS-48h-P5-L1/2021-12-17/851/specs935-v1-FA-P015084-U2OS-48h-P5-L1_L15_s2_w57BAE5D0E-86B7-42A1-B79A-274692F90410.npy,ATPase inhibitor
P015084,L15,s3,CBK228145,/mnt/micro-images-pvc/specs935-v1/specs935-v1-FA-P015084-U2OS-48h-P5-L1/2021-12-17/851/specs935-v1-FA-P015084-U2OS-48h-P5-L1_L15_s3_w572E80ED8-5CC4-4794-AFD2-782B322F7FE4.npy,ATPase inhibitor
P015084,L15,s4,CBK228145,/mnt/micro-images-pvc/specs935-v1/specs935-v1-FA-P015084-U2OS-48h-P5-L1/2021-12-17/851/specs935-v1-FA-P015084-U2OS-48h-P5-L1_L15_s4_w576DFF743-C1FF-48E7-A365-6DDF3BA402B1.npy,ATPase inhibitor
P015084,L15,s5,CBK228145,/mnt/micro-images-pvc/specs935-v1/specs935-v1-FA-P015084-U2OS-48h-P5-L1/2021-12-17/851/specs935-v1-FA-P015084-U2OS-48h-P5-L1_L15_s5_w55BF6D9C0-6A35-476C-9327-C1A16787B8F9.npy,ATPase inhibitor
P015084,L15,s6,CBK228145,/mnt/micro-images-pvc/specs935-v1/specs935-v1-FA-P015084-U2OS-48h-P5-L1/2021-12-17/851/specs935-v1-FA-P015084-U2OS-48h-P5-L1_L15_s6_w57A2973CF-8FC8-44BB-A3F3-6F2C36E15436.npy,ATPase inhibitor
P015084,L15,s7,CBK228145,/mnt/micro-images-pvc/specs935-v1/specs935-v1-FA-P015084-U2OS-48h-P5-L1/2021-12-17/851/specs935-v1-FA-P015084-U2OS-48h-P5-L1_L15_s7_w5A5230BF6-0BD9-49A8-9BB7-7AB0D816A46F.npy,ATPase inhibitor
P015084,L15,s8,CBK228145,/mnt/micro-images-pvc/specs935-v1/specs935-v1-FA-P015084-U2OS-48h-P5-L1/2021-12-17/851/specs935-v1-FA-P015084-U2OS-48h-P5-L1_L15_s8_w5B893023E-0843-48CC-9343-4381833AB64B.npy,ATPase inhibitor
P015084,L15,s9,CBK228145,/mnt/micro-images-pvc/specs935-v1/specs935-v1-FA-P015084-U2OS-48h-P5-L1/2021-12-17/851/specs935-v1-FA-P015084-U2OS-48h-P5-L1_L15_s9_w5E2589B79-6A86-44F1-8B84-B38C4EF8B377.npy,ATPase inhibitor
P015084,L18,s1,CBK308709,/mnt/micro-images-pvc/specs935-v1/specs935-v1-FA-P015084-U2OS-48h-P5-L1/2021-12-17/851/specs935-v1-FA-P015084-U2OS-48h-P5-L1_L18_s1_w5532F61A9-E7FA-4C87-A2F0-FDA2609BC27C.npy,ATPase inhibitor
P015084,L18,s2,CBK308709,/mnt/micro-images-pvc/specs935-v1/specs935-v1-FA-P015084-U2OS-48h-P5-L1/2021-12-17/851/specs935-v1-FA-P015084-U2OS-48h-P5-L1_L18_s2_w54300E515-E610-4450-97F6-6533B098DD76.npy,ATPase inhibitor
P015084,L18,s3,CBK308709,/mnt/micro-images-pvc/specs935-v1/specs935-v1-FA-P015084-U2OS-48h-P5-L1/2021-12-17/851/specs935-v1-FA-P015084-U2OS-48h-P5-L1_L18_s3_w50B04EDFC-0DFA-4C32-B035-BFAEB72A8D58.npy,ATPase inhibitor
P015084,L18,s4,CBK308709,/mnt/micro-images-pvc/specs935-v1/specs935-v1-FA-P015084-U2OS-48h-P5-L1/2021-12-17/851/specs935-v1-FA-P015084-U2OS-48h-P5-L1_L18_s4_w50BC7E0B9-748F-493C-958B-CAE996EB789B.npy,ATPase inhibitor
P015084,L18,s5,CBK308709,/mnt/micro-images-pvc/specs935-v1/specs935-v1-FA-P015084-U2OS-48h-P5-L1/2021-12-17/851/specs935-v1-FA-P015084-U2OS-48h-P5-L1_L18_s5_w5B2A5124A-9A85-4E6D-A101-04363A6FBC1A.npy,ATPase inhibitor
P015084,L18,s6,CBK308709,/mnt/micro-images-pvc/specs935-v1/specs935-v1-FA-P015084-U2OS-48h-P5-L1/2021-12-17/851/specs935-v1-FA-P015084-U2OS-48h-P5-L1_L18_s6_w5F4FA7D04-F396-42CD-AC23-EE4381B3592C.npy,ATPase inhibitor
P015084,L18,s7,CBK308709,/mnt/micro-images-pvc/specs935-v1/specs935-v1-FA-P015084-U2OS-48h-P5-L1/2021-12-17/851/specs935-v1-FA-P015084-U2OS-48h-P5-L1_L18_s7_w562EDDB2F-18B1-423A-9433-90A46167C895.npy,ATPase inhibitor
P015084,L18,s8,CBK308709,/mnt/micro-images-pvc/specs935-v1/specs935-v1-FA-P015084-U2OS-48h-P5-L1/2021-12-17/851/specs935-v1-FA-P015084-U2OS-48h-P5-L1_L18_s8_w519AC9A38-0138-4C5A-B566-53517EFA7CA2.npy,ATPase inhibitor
P015084,L18,s9,CBK308709,/mnt/micro-images-pvc/specs935-v1/specs935-v1-FA-P015084-U2OS-48h-P5-L1/2021-12-17/851/specs935-v1-FA-P015084-U2OS-48h-P5-L1_L18_s9_w588C2E229-D688-4A01-A80D-BFBBC1B4515C.npy,ATPase inhibitor
P015084,L19,s1,CBK309086,/mnt/micro-images-pvc/specs935-v1/specs935-v1-FA-P015084-U2OS-48h-P5-L1/2021-12-17/851/specs935-v1-FA-P015084-U2OS-48h-P5-L1_L19_s1_w5411A6570-FE56-4C27-BDF1-2E0FD7E87D74.npy,ATPase inhibitor
P015084,L19,s2,CBK309086,/mnt/micro-images-pvc/specs935-v1/specs935-v1-FA-P015084-U2OS-48h-P5-L1/2021-12-17/851/specs935-v1-FA-P015084-U2OS-48h-P5-L1_L19_s2_w58E2AF4EE-ABD8-49B7-B402-25963C4A0D3A.npy,ATPase inhibitor
P015084,L19,s3,CBK309086,/mnt/micro-images-pvc/specs935-v1/specs935-v1-FA-P015084-U2OS-48h-P5-L1/2021-12-17/851/specs935-v1-FA-P015084-U2OS-48h-P5-L1_L19_s3_w513D7388A-3BB6-4915-926D-1C37AB1B4F16.npy,ATPase inhibitor
P015084,L19,s4,CBK309086,/mnt/micro-images-pvc/specs935-v1/specs935-v1-FA-P015084-U2OS-48h-P5-L1/2021-12-17/851/specs935-v1-FA-P015084-U2OS-48h-P5-L1_L19_s4_w50CB90240-DE1D-44DD-8137-2362148C8DA7.npy,ATPase inhibitor
P015084,L19,s5,CBK309086,/mnt/micro-images-pvc/specs935-v1/specs935-v1-FA-P015084-U2OS-48h-P5-L1/2021-12-17/851/specs935-v1-FA-P015084-U2OS-48h-P5-L1_L19_s5_w5E654BD16-D88A-4E39-B8C2-1AEC6B71C33C.npy,ATPase inhibitor
P015084,L19,s6,CBK309086,/mnt/micro-images-pvc/specs935-v1/specs935-v1-FA-P015084-U2OS-48h-P5-L1/2021-12-17/851/specs935-v1-FA-P015084-U2OS-48h-P5-L1_L19_s6_w55848641B-B825-4CDA-BDCA-2493D1B7C4C4.npy,ATPase inhibitor
P015084,L19,s7,CBK309086,/mnt/micro-images-pvc/specs935-v1/specs935-v1-FA-P015084-U2OS-48h-P5-L1/2021-12-17/851/specs935-v1-FA-P015084-U2OS-48h-P5-L1_L19_s7_w58BB941B5-F123-4174-9B24-8A8E6E6199DE.npy,ATPase inhibitor
P015084,L19,s8,CBK309086,/mnt/micro-images-pvc/specs935-v1/specs935-v1-FA-P015084-U2OS-48h-P5-L1/2021-12-17/851/specs935-v1-FA-P015084-U2OS-48h-P5-L1_L19_s8_w57D95FA59-F241-4537-8E0A-6028DF446797.npy,ATPase inhibitor
P015084,L19,s9,CBK309086,/mnt/micro-images-pvc/specs935-v1/specs935-v1-FA-P015084-U2OS-48h-P5-L1/2021-12-17/851/specs935-v1-FA-P015084-U2OS-48h-P5-L1_L19_s9_w5B84C2223-CA2E-4217-8E46-3274460E79AC.npy,ATPase inhibitor
P015084,M04,s1,CBK277972,/mnt/micro-images-pvc/specs935-v1/specs935-v1-FA-P015084-U2OS-48h-P5-L1/2021-12-17/851/specs935-v1-FA-P015084-U2OS-48h-P5-L1_M04_s1_w53216C42D-0AC1-42D6-BF23-377D3D7295ED.npy,Aurora kinase inhibitor
P015084,M04,s2,CBK277972,/mnt/micro-images-pvc/specs935-v1/specs935-v1-FA-P015084-U2OS-48h-P5-L1/2021-12-17/851/specs935-v1-FA-P015084-U2OS-48h-P5-L1_M04_s2_w553256AD6-8295-48FB-B967-0A2DDFA2506A.npy,Aurora kinase inhibitor
P015084,M04,s3,CBK277972,/mnt/micro-images-pvc/specs935-v1/specs935-v1-FA-P015084-U2OS-48h-P5-L1/2021-12-17/851/specs935-v1-FA-P015084-U2OS-48h-P5-L1_M04_s3_w538EA17B0-F396-48FE-A72F-4A5C55702FD5.npy,Aurora kinase inhibitor
P015084,M04,s4,CBK277972,/mnt/micro-images-pvc/specs935-v1/specs935-v1-FA-P015084-U2OS-48h-P5-L1/2021-12-17/851/specs935-v1-FA-P015084-U2OS-48h-P5-L1_M04_s4_w58E646F45-4529-4ECB-BCFF-A3661AC7CB6E.npy,Aurora kinase inhibitor
P015084,M04,s5,CBK277972,/mnt/micro-images-pvc/specs935-v1/specs935-v1-FA-P015084-U2OS-48h-P5-L1/2021-12-17/851/specs935-v1-FA-P015084-U2OS-48h-P5-L1_M04_s5_w560CEA918-5B69-42A3-9611-A868E29ECC4A.npy,Aurora kinase inhibitor
P015084,M04,s6,CBK277972,/mnt/micro-images-pvc/specs935-v1/specs935-v1-FA-P015084-U2OS-48h-P5-L1/2021-12-17/851/specs935-v1-FA-P015084-U2OS-48h-P5-L1_M04_s6_w52BFE9F43-142F-4096-93CD-AA673FBD2CB1.npy,Aurora kinase inhibitor
P015084,M04,s7,CBK277972,/mnt/micro-images-pvc/specs935-v1/specs935-v1-FA-P015084-U2OS-48h-P5-L1/2021-12-17/851/specs935-v1-FA-P015084-U2OS-48h-P5-L1_M04_s7_w5DBDE2B73-BC6C-4DDA-9A51-B528E28FA46E.npy,Aurora kinase inhibitor
P015084,M04,s8,CBK277972,/mnt/micro-images-pvc/specs935-v1/specs935-v1-FA-P015084-U2OS-48h-P5-L1/2021-12-17/851/specs935-v1-FA-P015084-U2OS-48h-P5-L1_M04_s8_w534028E32-6A79-4A4B-A38F-469795CC189E.npy,Aurora kinase inhibitor
P015084,M04,s9,CBK277972,/mnt/micro-images-pvc/specs935-v1/specs935-v1-FA-P015084-U2OS-48h-P5-L1/2021-12-17/851/specs935-v1-FA-P015084-U2OS-48h-P5-L1_M04_s9_w51BAF5CEB-A783-481A-A0C6-B37EB6A793EF.npy,Aurora kinase inhibitor
P015084,M09,s1,CBK288259,/mnt/micro-images-pvc/specs935-v1/specs935-v1-FA-P015084-U2OS-48h-P5-L1/2021-12-17/851/specs935-v1-FA-P015084-U2OS-48h-P5-L1_M09_s1_w5B7013A03-49E7-4152-AAD2-C5A29D8E92F2.npy,Aurora kinase inhibitor
P015084,M09,s2,CBK288259,/mnt/micro-images-pvc/specs935-v1/specs935-v1-FA-P015084-U2OS-48h-P5-L1/2021-12-17/851/specs935-v1-FA-P015084-U2OS-48h-P5-L1_M09_s2_w56A1985E2-5CE4-43E0-9802-ADBBA7E932F7.npy,Aurora kinase inhibitor
P015084,M09,s3,CBK288259,/mnt/micro-images-pvc/specs935-v1/specs935-v1-FA-P015084-U2OS-48h-P5-L1/2021-12-17/851/specs935-v1-FA-P015084-U2OS-48h-P5-L1_M09_s3_w56535C7FF-FF80-4EBC-9416-CB30A8A04853.npy,Aurora kinase inhibitor
P015084,M09,s4,CBK288259,/mnt/micro-images-pvc/specs935-v1/specs935-v1-FA-P015084-U2OS-48h-P5-L1/2021-12-17/851/specs935-v1-FA-P015084-U2OS-48h-P5-L1_M09_s4_w52B0B4EF0-F086-485C-A91C-087405F83D40.npy,Aurora kinase inhibitor
P015084,M09,s5,CBK288259,/mnt/micro-images-pvc/specs935-v1/specs935-v1-FA-P015084-U2OS-48h-P5-L1/2021-12-17/851/specs935-v1-FA-P015084-U2OS-48h-P5-L1_M09_s5_w5BF1D382A-61F9-42A2-BB53-1A54D0ED0273.npy,Aurora kinase inhibitor
P015084,M09,s6,CBK288259,/mnt/micro-images-pvc/specs935-v1/specs935-v1-FA-P015084-U2OS-48h-P5-L1/2021-12-17/851/specs935-v1-FA-P015084-U2OS-48h-P5-L1_M09_s6_w5ECA0311A-136E-44C9-BA76-1A91149E1C7D.npy,Aurora kinase inhibitor
P015084,M09,s7,CBK288259,/mnt/micro-images-pvc/specs935-v1/specs935-v1-FA-P015084-U2OS-48h-P5-L1/2021-12-17/851/specs935-v1-FA-P015084-U2OS-48h-P5-L1_M09_s7_w5829D1E9B-95A5-45F3-975B-DD5FA7DC1B5C.npy,Aurora kinase inhibitor
P015084,M09,s8,CBK288259,/mnt/micro-images-pvc/specs935-v1/specs935-v1-FA-P015084-U2OS-48h-P5-L1/2021-12-17/851/specs935-v1-FA-P015084-U2OS-48h-P5-L1_M09_s8_w59B84A835-7983-4A94-8E6E-AFC8B9A96027.npy,Aurora kinase inhibitor
P015084,M09,s9,CBK288259,/mnt/micro-images-pvc/specs935-v1/specs935-v1-FA-P015084-U2OS-48h-P5-L1/2021-12-17/851/specs935-v1-FA-P015084-U2OS-48h-P5-L1_M09_s9_w55758FD60-02DF-4CAF-9CF5-CB2B11CF7596.npy,Aurora kinase inhibitor
P015084,M10,s1,CBK041779,/mnt/micro-images-pvc/specs935-v1/specs935-v1-FA-P015084-U2OS-48h-P5-L1/2021-12-17/851/specs935-v1-FA-P015084-U2OS-48h-P5-L1_M10_s1_w537855941-260D-441E-A070-8047EC62D82A.npy,ATPase inhibitor
P015084,M10,s2,CBK041779,/mnt/micro-images-pvc/specs935-v1/specs935-v1-FA-P015084-U2OS-48h-P5-L1/2021-12-17/851/specs935-v1-FA-P015084-U2OS-48h-P5-L1_M10_s2_w5D65CD741-2197-44FE-A99F-D5071E44363D.npy,ATPase inhibitor
P015084,M10,s3,CBK041779,/mnt/micro-images-pvc/specs935-v1/specs935-v1-FA-P015084-U2OS-48h-P5-L1/2021-12-17/851/specs935-v1-FA-P015084-U2OS-48h-P5-L1_M10_s3_w5C87D48E5-CB92-495E-951A-D92C5875F91D.npy,ATPase inhibitor
P015084,M10,s4,CBK041779,/mnt/micro-images-pvc/specs935-v1/specs935-v1-FA-P015084-U2OS-48h-P5-L1/2021-12-17/851/specs935-v1-FA-P015084-U2OS-48h-P5-L1_M10_s4_w5EDCBBF62-1EAE-4AC1-8265-2471D116FC95.npy,ATPase inhibitor
P015084,M10,s5,CBK041779,/mnt/micro-images-pvc/specs935-v1/specs935-v1-FA-P015084-U2OS-48h-P5-L1/2021-12-17/851/specs935-v1-FA-P015084-U2OS-48h-P5-L1_M10_s5_w576CA7460-55C7-4EC8-9882-A564D915A0E6.npy,ATPase inhibitor
P015084,M10,s6,CBK041779,/mnt/micro-images-pvc/specs935-v1/specs935-v1-FA-P015084-U2OS-48h-P5-L1/2021-12-17/851/specs935-v1-FA-P015084-U2OS-48h-P5-L1_M10_s6_w5CD3A7092-69A1-451B-8634-2255C96485A0.npy,ATPase inhibitor
P015084,M10,s7,CBK041779,/mnt/micro-images-pvc/specs935-v1/specs935-v1-FA-P015084-U2OS-48h-P5-L1/2021-12-17/851/specs935-v1-FA-P015084-U2OS-48h-P5-L1_M10_s7_w56EF49AC3-6193-4670-8F83-7D5E38A83217.npy,ATPase inhibitor
P015084,M10,s8,CBK041779,/mnt/micro-images-pvc/specs935-v1/specs935-v1-FA-P015084-U2OS-48h-P5-L1/2021-12-17/851/specs935-v1-FA-P015084-U2OS-48h-P5-L1_M10_s8_w536444702-5727-49FA-9F43-936ADB50863F.npy,ATPase inhibitor
P015084,M10,s9,CBK041779,/mnt/micro-images-pvc/specs935-v1/specs935-v1-FA-P015084-U2OS-48h-P5-L1/2021-12-17/851/specs935-v1-FA-P015084-U2OS-48h-P5-L1_M10_s9_w5B0FD8E3A-76EB-4446-817B-77E158D067E4.npy,ATPase inhibitor
P015084,M11,s1,CBK309653,/mnt/micro-images-pvc/specs935-v1/specs935-v1-FA-P015084-U2OS-48h-P5-L1/2021-12-17/851/specs935-v1-FA-P015084-U2OS-48h-P5-L1_M11_s1_w575C2AF70-6C31-4FFD-BDE8-4106B69BDD7A.npy,ATPase inhibitor
P015084,M11,s2,CBK309653,/mnt/micro-images-pvc/specs935-v1/specs935-v1-FA-P015084-U2OS-48h-P5-L1/2021-12-17/851/specs935-v1-FA-P015084-U2OS-48h-P5-L1_M11_s2_w5F093D954-D9D2-4F2C-AAE9-B4EC16C2A8A8.npy,ATPase inhibitor
P015084,M11,s3,CBK309653,/mnt/micro-images-pvc/specs935-v1/specs935-v1-FA-P015084-U2OS-48h-P5-L1/2021-12-17/851/specs935-v1-FA-P015084-U2OS-48h-P5-L1_M11_s3_w5005F3ED9-8DF3-43A4-8A43-FC406C4C2EDA.npy,ATPase inhibitor
P015084,M11,s4,CBK309653,/mnt/micro-images-pvc/specs935-v1/specs935-v1-FA-P015084-U2OS-48h-P5-L1/2021-12-17/851/specs935-v1-FA-P015084-U2OS-48h-P5-L1_M11_s4_w58F9D16A2-C66B-4034-8B9D-24E49B0E4B97.npy,ATPase inhibitor
P015084,M11,s5,CBK309653,/mnt/micro-images-pvc/specs935-v1/specs935-v1-FA-P015084-U2OS-48h-P5-L1/2021-12-17/851/specs935-v1-FA-P015084-U2OS-48h-P5-L1_M11_s5_w5BC93DE27-B9BD-490E-AC88-7753B35D8738.npy,ATPase inhibitor
P015084,M11,s6,CBK309653,/mnt/micro-images-pvc/specs935-v1/specs935-v1-FA-P015084-U2OS-48h-P5-L1/2021-12-17/851/specs935-v1-FA-P015084-U2OS-48h-P5-L1_M11_s6_w5B70BAC7E-3C4C-45EB-A67C-44E3455B3836.npy,ATPase inhibitor
P015084,M11,s7,CBK309653,/mnt/micro-images-pvc/specs935-v1/specs935-v1-FA-P015084-U2OS-48h-P5-L1/2021-12-17/851/specs935-v1-FA-P015084-U2OS-48h-P5-L1_M11_s7_w5BCD54B2F-1733-49C0-962B-86FD3B6EECC1.npy,ATPase inhibitor
P015084,M11,s8,CBK309653,/mnt/micro-images-pvc/specs935-v1/specs935-v1-FA-P015084-U2OS-48h-P5-L1/2021-12-17/851/specs935-v1-FA-P015084-U2OS-48h-P5-L1_M11_s8_w5613A4D12-F3B4-4AAC-9801-CFB93DFE63DF.npy,ATPase inhibitor
P015084,M11,s9,CBK309653,/mnt/micro-images-pvc/specs935-v1/specs935-v1-FA-P015084-U2OS-48h-P5-L1/2021-12-17/851/specs935-v1-FA-P015084-U2OS-48h-P5-L1_M11_s9_w500F9F410-2228-4EA6-B7D5-05262E27E14A.npy,ATPase inhibitor
P015084,M17,s1,CBK303888,/mnt/micro-images-pvc/specs935-v1/specs935-v1-FA-P015084-U2OS-48h-P5-L1/2021-12-17/851/specs935-v1-FA-P015084-U2OS-48h-P5-L1_M17_s1_w59BA6553C-91BA-490A-895A-EC035D5F5FCF.npy,ATPase inhibitor
P015084,M17,s2,CBK303888,/mnt/micro-images-pvc/specs935-v1/specs935-v1-FA-P015084-U2OS-48h-P5-L1/2021-12-17/851/specs935-v1-FA-P015084-U2OS-48h-P5-L1_M17_s2_w5E7F29A32-D1B5-49B2-BECD-35A89F01482A.npy,ATPase inhibitor
P015084,M17,s3,CBK303888,/mnt/micro-images-pvc/specs935-v1/specs935-v1-FA-P015084-U2OS-48h-P5-L1/2021-12-17/851/specs935-v1-FA-P015084-U2OS-48h-P5-L1_M17_s3_w59E3C66D6-C5C6-4992-A0EB-96F75C7B4A03.npy,ATPase inhibitor
P015084,M17,s4,CBK303888,/mnt/micro-images-pvc/specs935-v1/specs935-v1-FA-P015084-U2OS-48h-P5-L1/2021-12-17/851/specs935-v1-FA-P015084-U2OS-48h-P5-L1_M17_s4_w50CAA691C-EC70-4DF4-B2CB-91464EFF4CFE.npy,ATPase inhibitor
P015084,M17,s5,CBK303888,/mnt/micro-images-pvc/specs935-v1/specs935-v1-FA-P015084-U2OS-48h-P5-L1/2021-12-17/851/specs935-v1-FA-P015084-U2OS-48h-P5-L1_M17_s5_w5F6F37766-D184-4FD3-BA31-24264B7A195F.npy,ATPase inhibitor
P015084,M17,s6,CBK303888,/mnt/micro-images-pvc/specs935-v1/specs935-v1-FA-P015084-U2OS-48h-P5-L1/2021-12-17/851/specs935-v1-FA-P015084-U2OS-48h-P5-L1_M17_s6_w5F4AF6C7F-0AF7-4CC5-A121-7130ECD1F5DE.npy,ATPase inhibitor
P015084,M17,s7,CBK303888,/mnt/micro-images-pvc/specs935-v1/specs935-v1-FA-P015084-U2OS-48h-P5-L1/2021-12-17/851/specs935-v1-FA-P015084-U2OS-48h-P5-L1_M17_s7_w53263BCFE-3253-476F-8C2D-3DC0C68961CB.npy,ATPase inhibitor
P015084,M17,s8,CBK303888,/mnt/micro-images-pvc/specs935-v1/specs935-v1-FA-P015084-U2OS-48h-P5-L1/2021-12-17/851/specs935-v1-FA-P015084-U2OS-48h-P5-L1_M17_s8_w577CDB1AF-2152-40B5-9095-BBFDE6BBAB76.npy,ATPase inhibitor
P015084,M17,s9,CBK303888,/mnt/micro-images-pvc/specs935-v1/specs935-v1-FA-P015084-U2OS-48h-P5-L1/2021-12-17/851/specs935-v1-FA-P015084-U2OS-48h-P5-L1_M17_s9_w5D2B04408-42C0-492B-BC41-BDF271C33AB9.npy,ATPase inhibitor
P015084,M19,s1,CBK290770,/mnt/micro-images-pvc/specs935-v1/specs935-v1-FA-P015084-U2OS-48h-P5-L1/2021-12-17/851/specs935-v1-FA-P015084-U2OS-48h-P5-L1_M19_s1_w53C7A0DF4-5988-46FC-8D3E-B2A91407B4D4.npy,Aurora kinase inhibitor
P015084,M19,s2,CBK290770,/mnt/micro-images-pvc/specs935-v1/specs935-v1-FA-P015084-U2OS-48h-P5-L1/2021-12-17/851/specs935-v1-FA-P015084-U2OS-48h-P5-L1_M19_s2_w58C2719F8-2221-480E-8909-0E173F0CE566.npy,Aurora kinase inhibitor
P015084,M19,s3,CBK290770,/mnt/micro-images-pvc/specs935-v1/specs935-v1-FA-P015084-U2OS-48h-P5-L1/2021-12-17/851/specs935-v1-FA-P015084-U2OS-48h-P5-L1_M19_s3_w509072271-B5CF-457E-83D3-7F76702DADAA.npy,Aurora kinase inhibitor
P015084,M19,s4,CBK290770,/mnt/micro-images-pvc/specs935-v1/specs935-v1-FA-P015084-U2OS-48h-P5-L1/2021-12-17/851/specs935-v1-FA-P015084-U2OS-48h-P5-L1_M19_s4_w5F7E09919-E3EB-48F6-ACC9-4589B5F7D82F.npy,Aurora kinase inhibitor
P015084,M19,s5,CBK290770,/mnt/micro-images-pvc/specs935-v1/specs935-v1-FA-P015084-U2OS-48h-P5-L1/2021-12-17/851/specs935-v1-FA-P015084-U2OS-48h-P5-L1_M19_s5_w5A9E91DD8-ED71-455E-BBF2-93683646F742.npy,Aurora kinase inhibitor
P015084,M19,s6,CBK290770,/mnt/micro-images-pvc/specs935-v1/specs935-v1-FA-P015084-U2OS-48h-P5-L1/2021-12-17/851/specs935-v1-FA-P015084-U2OS-48h-P5-L1_M19_s6_w5CD908D03-6287-4272-8055-ADF0FF1121AD.npy,Aurora kinase inhibitor
P015084,M19,s7,CBK290770,/mnt/micro-images-pvc/specs935-v1/specs935-v1-FA-P015084-U2OS-48h-P5-L1/2021-12-17/851/specs935-v1-FA-P015084-U2OS-48h-P5-L1_M19_s7_w5D09D56C9-91A8-4E6C-B242-5036554F6AC6.npy,Aurora kinase inhibitor
P015084,M19,s8,CBK290770,/mnt/micro-images-pvc/specs935-v1/specs935-v1-FA-P015084-U2OS-48h-P5-L1/2021-12-17/851/specs935-v1-FA-P015084-U2OS-48h-P5-L1_M19_s8_w5E7C01476-26F9-4B2E-A67C-84C78DD96179.npy,Aurora kinase inhibitor
P015084,M19,s9,CBK290770,/mnt/micro-images-pvc/specs935-v1/specs935-v1-FA-P015084-U2OS-48h-P5-L1/2021-12-17/851/specs935-v1-FA-P015084-U2OS-48h-P5-L1_M19_s9_w5899867CE-1873-4426-B958-E3C3E01967C5.npy,Aurora kinase inhibitor
P015084,M22,s1,CBK278064,/mnt/micro-images-pvc/specs935-v1/specs935-v1-FA-P015084-U2OS-48h-P5-L1/2021-12-17/851/specs935-v1-FA-P015084-U2OS-48h-P5-L1_M22_s1_w59F6E64D8-610D-46FE-942E-7F2A9EE67CF3.npy,Aurora kinase inhibitor
P015084,M22,s2,CBK278064,/mnt/micro-images-pvc/specs935-v1/specs935-v1-FA-P015084-U2OS-48h-P5-L1/2021-12-17/851/specs935-v1-FA-P015084-U2OS-48h-P5-L1_M22_s2_w50408A9E7-5287-4B1F-837E-3388A6408451.npy,Aurora kinase inhibitor
P015084,M22,s3,CBK278064,/mnt/micro-images-pvc/specs935-v1/specs935-v1-FA-P015084-U2OS-48h-P5-L1/2021-12-17/851/specs935-v1-FA-P015084-U2OS-48h-P5-L1_M22_s3_w572322F3A-3C3F-4A12-BC89-ACE84F4E629E.npy,Aurora kinase inhibitor
P015084,M22,s4,CBK278064,/mnt/micro-images-pvc/specs935-v1/specs935-v1-FA-P015084-U2OS-48h-P5-L1/2021-12-17/851/specs935-v1-FA-P015084-U2OS-48h-P5-L1_M22_s4_w53B9DE366-D5AE-4342-891B-AD18DB507E0D.npy,Aurora kinase inhibitor
P015084,M22,s5,CBK278064,/mnt/micro-images-pvc/specs935-v1/specs935-v1-FA-P015084-U2OS-48h-P5-L1/2021-12-17/851/specs935-v1-FA-P015084-U2OS-48h-P5-L1_M22_s5_w5079EA3D4-B35C-4704-93B8-17884CACD86F.npy,Aurora kinase inhibitor
P015084,M22,s6,CBK278064,/mnt/micro-images-pvc/specs935-v1/specs935-v1-FA-P015084-U2OS-48h-P5-L1/2021-12-17/851/specs935-v1-FA-P015084-U2OS-48h-P5-L1_M22_s6_w5F712F03A-8B5A-4190-AE4D-4C978DF6A3D3.npy,Aurora kinase inhibitor
P015084,M22,s7,CBK278064,/mnt/micro-images-pvc/specs935-v1/specs935-v1-FA-P015084-U2OS-48h-P5-L1/2021-12-17/851/specs935-v1-FA-P015084-U2OS-48h-P5-L1_M22_s7_w5B9FBACD9-301B-453B-8928-1616F1EA99F5.npy,Aurora kinase inhibitor
P015084,M22,s8,CBK278064,/mnt/micro-images-pvc/specs935-v1/specs935-v1-FA-P015084-U2OS-48h-P5-L1/2021-12-17/851/specs935-v1-FA-P015084-U2OS-48h-P5-L1_M22_s8_w5B0E51223-80B3-4802-98BE-4118BFFCA405.npy,Aurora kinase inhibitor
P015084,M22,s9,CBK278064,/mnt/micro-images-pvc/specs935-v1/specs935-v1-FA-P015084-U2OS-48h-P5-L1/2021-12-17/851/specs935-v1-FA-P015084-U2OS-48h-P5-L1_M22_s9_w50E2672D0-9E27-45BD-A1F4-E8C15A342342.npy,Aurora kinase inhibitor
P015084,M23,s1,CBK288288,/mnt/micro-images-pvc/specs935-v1/specs935-v1-FA-P015084-U2OS-48h-P5-L1/2021-12-17/851/specs935-v1-FA-P015084-U2OS-48h-P5-L1_M23_s1_w58BD9DBD2-F7E5-4259-B676-6D78F6607563.npy,Aurora kinase inhibitor
P015084,M23,s2,CBK288288,/mnt/micro-images-pvc/specs935-v1/specs935-v1-FA-P015084-U2OS-48h-P5-L1/2021-12-17/851/specs935-v1-FA-P015084-U2OS-48h-P5-L1_M23_s2_w509900E9F-04D8-4A6A-A986-3897667D4257.npy,Aurora kinase inhibitor
P015084,M23,s3,CBK288288,/mnt/micro-images-pvc/specs935-v1/specs935-v1-FA-P015084-U2OS-48h-P5-L1/2021-12-17/851/specs935-v1-FA-P015084-U2OS-48h-P5-L1_M23_s3_w52BA46C77-1D02-4D57-8341-AEA9CA3C94BF.npy,Aurora kinase inhibitor
P015084,M23,s4,CBK288288,/mnt/micro-images-pvc/specs935-v1/specs935-v1-FA-P015084-U2OS-48h-P5-L1/2021-12-17/851/specs935-v1-FA-P015084-U2OS-48h-P5-L1_M23_s4_w531F05685-E6A5-469F-9B6E-BF23FF76A121.npy,Aurora kinase inhibitor
P015084,M23,s5,CBK288288,/mnt/micro-images-pvc/specs935-v1/specs935-v1-FA-P015084-U2OS-48h-P5-L1/2021-12-17/851/specs935-v1-FA-P015084-U2OS-48h-P5-L1_M23_s5_w5C39A1829-DC60-4764-AD65-F88E591A4A9C.npy,Aurora kinase inhibitor
P015084,M23,s6,CBK288288,/mnt/micro-images-pvc/specs935-v1/specs935-v1-FA-P015084-U2OS-48h-P5-L1/2021-12-17/851/specs935-v1-FA-P015084-U2OS-48h-P5-L1_M23_s6_w56801B8BF-246B-4EE0-9E5C-B0ECC1B6C80F.npy,Aurora kinase inhibitor
P015084,M23,s7,CBK288288,/mnt/micro-images-pvc/specs935-v1/specs935-v1-FA-P015084-U2OS-48h-P5-L1/2021-12-17/851/specs935-v1-FA-P015084-U2OS-48h-P5-L1_M23_s7_w51E7B3500-671D-45B9-987B-875353D7D29F.npy,Aurora kinase inhibitor
P015084,M23,s8,CBK288288,/mnt/micro-images-pvc/specs935-v1/specs935-v1-FA-P015084-U2OS-48h-P5-L1/2021-12-17/851/specs935-v1-FA-P015084-U2OS-48h-P5-L1_M23_s8_w5A59D4C1A-2DCF-4076-8382-9C075A4D3333.npy,Aurora kinase inhibitor
P015084,M23,s9,CBK288288,/mnt/micro-images-pvc/specs935-v1/specs935-v1-FA-P015084-U2OS-48h-P5-L1/2021-12-17/851/specs935-v1-FA-P015084-U2OS-48h-P5-L1_M23_s9_w5913FD375-4974-408E-B583-CFBE88910BA3.npy,Aurora kinase inhibitor
P015084,N02,s1,CBK291084,/mnt/micro-images-pvc/specs935-v1/specs935-v1-FA-P015084-U2OS-48h-P5-L1/2021-12-17/851/specs935-v1-FA-P015084-U2OS-48h-P5-L1_N02_s1_w50E39F2A8-71E2-4244-928B-33CD4DCCBD92.npy,ATPase inhibitor
P015084,N02,s2,CBK291084,/mnt/micro-images-pvc/specs935-v1/specs935-v1-FA-P015084-U2OS-48h-P5-L1/2021-12-17/851/specs935-v1-FA-P015084-U2OS-48h-P5-L1_N02_s2_w5752394C7-D103-4428-ABDD-6CFCFC0452EF.npy,ATPase inhibitor
P015084,N02,s3,CBK291084,/mnt/micro-images-pvc/specs935-v1/specs935-v1-FA-P015084-U2OS-48h-P5-L1/2021-12-17/851/specs935-v1-FA-P015084-U2OS-48h-P5-L1_N02_s3_w52CFDF463-3F64-46AB-8132-E77C51EAF8F9.npy,ATPase inhibitor
P015084,N02,s4,CBK291084,/mnt/micro-images-pvc/specs935-v1/specs935-v1-FA-P015084-U2OS-48h-P5-L1/2021-12-17/851/specs935-v1-FA-P015084-U2OS-48h-P5-L1_N02_s4_w5EB815176-9913-4D6D-B5DC-3EC44E7EA3F7.npy,ATPase inhibitor
P015084,N02,s5,CBK291084,/mnt/micro-images-pvc/specs935-v1/specs935-v1-FA-P015084-U2OS-48h-P5-L1/2021-12-17/851/specs935-v1-FA-P015084-U2OS-48h-P5-L1_N02_s5_w507F3916C-505A-4266-A95D-EC26946125C2.npy,ATPase inhibitor
P015084,N02,s6,CBK291084,/mnt/micro-images-pvc/specs935-v1/specs935-v1-FA-P015084-U2OS-48h-P5-L1/2021-12-17/851/specs935-v1-FA-P015084-U2OS-48h-P5-L1_N02_s6_w58F2510AA-B273-4A55-948F-4EB940680F59.npy,ATPase inhibitor
P015084,N02,s7,CBK291084,/mnt/micro-images-pvc/specs935-v1/specs935-v1-FA-P015084-U2OS-48h-P5-L1/2021-12-17/851/specs935-v1-FA-P015084-U2OS-48h-P5-L1_N02_s7_w59371D9ED-AAFE-4374-8A30-0268AC7B9E18.npy,ATPase inhibitor
P015084,N02,s8,CBK291084,/mnt/micro-images-pvc/specs935-v1/specs935-v1-FA-P015084-U2OS-48h-P5-L1/2021-12-17/851/specs935-v1-FA-P015084-U2OS-48h-P5-L1_N02_s8_w5D2994532-270A-48BF-90C5-4261E7D80692.npy,ATPase inhibitor
P015084,N02,s9,CBK291084,/mnt/micro-images-pvc/specs935-v1/specs935-v1-FA-P015084-U2OS-48h-P5-L1/2021-12-17/851/specs935-v1-FA-P015084-U2OS-48h-P5-L1_N02_s9_w5F08E6256-521C-4181-B548-0E123307DDF0.npy,ATPase inhibitor
P015084,N05,s1,CBK288284,/mnt/micro-images-pvc/specs935-v1/specs935-v1-FA-P015084-U2OS-48h-P5-L1/2021-12-17/851/specs935-v1-FA-P015084-U2OS-48h-P5-L1_N05_s1_w5722706FC-5FB9-48FC-893A-C4B495902F09.npy,Aurora kinase inhibitor
P015084,N05,s2,CBK288284,/mnt/micro-images-pvc/specs935-v1/specs935-v1-FA-P015084-U2OS-48h-P5-L1/2021-12-17/851/specs935-v1-FA-P015084-U2OS-48h-P5-L1_N05_s2_w5E22AC7A9-1359-4F5A-A204-014334479B2F.npy,Aurora kinase inhibitor
P015084,N05,s3,CBK288284,/mnt/micro-images-pvc/specs935-v1/specs935-v1-FA-P015084-U2OS-48h-P5-L1/2021-12-17/851/specs935-v1-FA-P015084-U2OS-48h-P5-L1_N05_s3_w5379831A9-99BB-4227-A021-ADD9FA51C17A.npy,Aurora kinase inhibitor
P015084,N05,s4,CBK288284,/mnt/micro-images-pvc/specs935-v1/specs935-v1-FA-P015084-U2OS-48h-P5-L1/2021-12-17/851/specs935-v1-FA-P015084-U2OS-48h-P5-L1_N05_s4_w55DE1F8DA-F52A-41C2-BE21-BF2B50899C0E.npy,Aurora kinase inhibitor
P015084,N05,s5,CBK288284,/mnt/micro-images-pvc/specs935-v1/specs935-v1-FA-P015084-U2OS-48h-P5-L1/2021-12-17/851/specs935-v1-FA-P015084-U2OS-48h-P5-L1_N05_s5_w5AE6DCCD7-4E9E-4746-9395-498FD08B6EC7.npy,Aurora kinase inhibitor
P015084,N05,s6,CBK288284,/mnt/micro-images-pvc/specs935-v1/specs935-v1-FA-P015084-U2OS-48h-P5-L1/2021-12-17/851/specs935-v1-FA-P015084-U2OS-48h-P5-L1_N05_s6_w58DCC840A-34B8-4969-A074-7FAACB04BE6D.npy,Aurora kinase inhibitor
P015084,N05,s7,CBK288284,/mnt/micro-images-pvc/specs935-v1/specs935-v1-FA-P015084-U2OS-48h-P5-L1/2021-12-17/851/specs935-v1-FA-P015084-U2OS-48h-P5-L1_N05_s7_w5C5EBF241-95DD-4F98-8CB3-6E3F917F09CC.npy,Aurora kinase inhibitor
P015084,N05,s8,CBK288284,/mnt/micro-images-pvc/specs935-v1/specs935-v1-FA-P015084-U2OS-48h-P5-L1/2021-12-17/851/specs935-v1-FA-P015084-U2OS-48h-P5-L1_N05_s8_w5A8203B69-60C8-440B-802E-57210D69E39E.npy,Aurora kinase inhibitor
P015084,N05,s9,CBK288284,/mnt/micro-images-pvc/specs935-v1/specs935-v1-FA-P015084-U2OS-48h-P5-L1/2021-12-17/851/specs935-v1-FA-P015084-U2OS-48h-P5-L1_N05_s9_w541E9BE94-8C41-4877-9F5E-CDA6E2372BBE.npy,Aurora kinase inhibitor
P015084,N06,s1,CBK278064,/mnt/micro-images-pvc/specs935-v1/specs935-v1-FA-P015084-U2OS-48h-P5-L1/2021-12-17/851/specs935-v1-FA-P015084-U2OS-48h-P5-L1_N06_s1_w5094AE164-734A-4C20-AEC7-7D172805308E.npy,Aurora kinase inhibitor
P015084,N06,s2,CBK278064,/mnt/micro-images-pvc/specs935-v1/specs935-v1-FA-P015084-U2OS-48h-P5-L1/2021-12-17/851/specs935-v1-FA-P015084-U2OS-48h-P5-L1_N06_s2_w51A9ECA78-3700-46FE-A27B-0E52C694F852.npy,Aurora kinase inhibitor
P015084,N06,s3,CBK278064,/mnt/micro-images-pvc/specs935-v1/specs935-v1-FA-P015084-U2OS-48h-P5-L1/2021-12-17/851/specs935-v1-FA-P015084-U2OS-48h-P5-L1_N06_s3_w5A2D285CC-DDC7-4655-9B00-11B00CFCB8B4.npy,Aurora kinase inhibitor
P015084,N06,s4,CBK278064,/mnt/micro-images-pvc/specs935-v1/specs935-v1-FA-P015084-U2OS-48h-P5-L1/2021-12-17/851/specs935-v1-FA-P015084-U2OS-48h-P5-L1_N06_s4_w5FAEA7811-8D06-452B-99E8-853EC00F0E3A.npy,Aurora kinase inhibitor
P015084,N06,s5,CBK278064,/mnt/micro-images-pvc/specs935-v1/specs935-v1-FA-P015084-U2OS-48h-P5-L1/2021-12-17/851/specs935-v1-FA-P015084-U2OS-48h-P5-L1_N06_s5_w57D7B51DE-AAC7-4591-A097-7FC24CFEE9F2.npy,Aurora kinase inhibitor
P015084,N06,s6,CBK278064,/mnt/micro-images-pvc/specs935-v1/specs935-v1-FA-P015084-U2OS-48h-P5-L1/2021-12-17/851/specs935-v1-FA-P015084-U2OS-48h-P5-L1_N06_s6_w5967BD58B-BC67-4AED-8A49-5BA140F7E42C.npy,Aurora kinase inhibitor
P015084,N06,s7,CBK278064,/mnt/micro-images-pvc/specs935-v1/specs935-v1-FA-P015084-U2OS-48h-P5-L1/2021-12-17/851/specs935-v1-FA-P015084-U2OS-48h-P5-L1_N06_s7_w576EB0058-490D-422E-B7FE-F05791101735.npy,Aurora kinase inhibitor
P015084,N06,s8,CBK278064,/mnt/micro-images-pvc/specs935-v1/specs935-v1-FA-P015084-U2OS-48h-P5-L1/2021-12-17/851/specs935-v1-FA-P015084-U2OS-48h-P5-L1_N06_s8_w5D70E1ADF-B40B-4A24-A856-8717619142CD.npy,Aurora kinase inhibitor
P015084,N06,s9,CBK278064,/mnt/micro-images-pvc/specs935-v1/specs935-v1-FA-P015084-U2OS-48h-P5-L1/2021-12-17/851/specs935-v1-FA-P015084-U2OS-48h-P5-L1_N06_s9_w506CFAC8D-06A4-40FF-BD37-3D80E4DA070B.npy,Aurora kinase inhibitor
P015084,N11,s1,CBK293886,/mnt/micro-images-pvc/specs935-v1/specs935-v1-FA-P015084-U2OS-48h-P5-L1/2021-12-17/851/specs935-v1-FA-P015084-U2OS-48h-P5-L1_N11_s1_w57D9846D8-DC83-4427-8112-0D735D6C0D2A.npy,Aurora kinase inhibitor
P015084,N11,s2,CBK293886,/mnt/micro-images-pvc/specs935-v1/specs935-v1-FA-P015084-U2OS-48h-P5-L1/2021-12-17/851/specs935-v1-FA-P015084-U2OS-48h-P5-L1_N11_s2_w5169F88AE-488D-4F5B-A8FD-4278C03F2DD6.npy,Aurora kinase inhibitor
P015084,N11,s3,CBK293886,/mnt/micro-images-pvc/specs935-v1/specs935-v1-FA-P015084-U2OS-48h-P5-L1/2021-12-17/851/specs935-v1-FA-P015084-U2OS-48h-P5-L1_N11_s3_w529424E85-579D-4E2F-8102-615EB24E5535.npy,Aurora kinase inhibitor
P015084,N11,s4,CBK293886,/mnt/micro-images-pvc/specs935-v1/specs935-v1-FA-P015084-U2OS-48h-P5-L1/2021-12-17/851/specs935-v1-FA-P015084-U2OS-48h-P5-L1_N11_s4_w5F6D7B837-E59B-414B-B5B0-9EE7533E6C8A.npy,Aurora kinase inhibitor
P015084,N11,s5,CBK293886,/mnt/micro-images-pvc/specs935-v1/specs935-v1-FA-P015084-U2OS-48h-P5-L1/2021-12-17/851/specs935-v1-FA-P015084-U2OS-48h-P5-L1_N11_s5_w5550B0DA0-4DCF-42A5-A042-3AA7F1D4DB4B.npy,Aurora kinase inhibitor
P015084,N11,s6,CBK293886,/mnt/micro-images-pvc/specs935-v1/specs935-v1-FA-P015084-U2OS-48h-P5-L1/2021-12-17/851/specs935-v1-FA-P015084-U2OS-48h-P5-L1_N11_s6_w5D1F96557-A210-4FE5-9FDD-C6200DE7F4C0.npy,Aurora kinase inhibitor
P015084,N11,s7,CBK293886,/mnt/micro-images-pvc/specs935-v1/specs935-v1-FA-P015084-U2OS-48h-P5-L1/2021-12-17/851/specs935-v1-FA-P015084-U2OS-48h-P5-L1_N11_s7_w5CB465A80-CBED-41CB-AD4F-4DC76B275084.npy,Aurora kinase inhibitor
P015084,N11,s8,CBK293886,/mnt/micro-images-pvc/specs935-v1/specs935-v1-FA-P015084-U2OS-48h-P5-L1/2021-12-17/851/specs935-v1-FA-P015084-U2OS-48h-P5-L1_N11_s8_w53990B5F6-91A5-47F1-8B99-DCAD8133A1DC.npy,Aurora kinase inhibitor
P015084,N11,s9,CBK293886,/mnt/micro-images-pvc/specs935-v1/specs935-v1-FA-P015084-U2OS-48h-P5-L1/2021-12-17/851/specs935-v1-FA-P015084-U2OS-48h-P5-L1_N11_s9_w598ECD65E-B64D-463C-978E-44123C09A380.npy,Aurora kinase inhibitor
P015084,N21,s1,CBK290770,/mnt/micro-images-pvc/specs935-v1/specs935-v1-FA-P015084-U2OS-48h-P5-L1/2021-12-17/851/specs935-v1-FA-P015084-U2OS-48h-P5-L1_N21_s1_w545FE620D-6B1B-4B62-AC00-69F42EF1D276.npy,Aurora kinase inhibitor
P015084,N21,s2,CBK290770,/mnt/micro-images-pvc/specs935-v1/specs935-v1-FA-P015084-U2OS-48h-P5-L1/2021-12-17/851/specs935-v1-FA-P015084-U2OS-48h-P5-L1_N21_s2_w5DF885049-3B44-4AF1-8022-685C63690985.npy,Aurora kinase inhibitor
P015084,N21,s3,CBK290770,/mnt/micro-images-pvc/specs935-v1/specs935-v1-FA-P015084-U2OS-48h-P5-L1/2021-12-17/851/specs935-v1-FA-P015084-U2OS-48h-P5-L1_N21_s3_w5BDBE051F-2DEE-4C4D-B643-344AFFA8B0D6.npy,Aurora kinase inhibitor
P015084,N21,s4,CBK290770,/mnt/micro-images-pvc/specs935-v1/specs935-v1-FA-P015084-U2OS-48h-P5-L1/2021-12-17/851/specs935-v1-FA-P015084-U2OS-48h-P5-L1_N21_s4_w5896AABCD-03DD-4406-8193-A9730E27E382.npy,Aurora kinase inhibitor
P015084,N21,s5,CBK290770,/mnt/micro-images-pvc/specs935-v1/specs935-v1-FA-P015084-U2OS-48h-P5-L1/2021-12-17/851/specs935-v1-FA-P015084-U2OS-48h-P5-L1_N21_s5_w545401552-B4D1-4FFC-A138-272DB2FB7308.npy,Aurora kinase inhibitor
P015084,N21,s6,CBK290770,/mnt/micro-images-pvc/specs935-v1/specs935-v1-FA-P015084-U2OS-48h-P5-L1/2021-12-17/851/specs935-v1-FA-P015084-U2OS-48h-P5-L1_N21_s6_w52389BAF8-26E2-4F7E-9AFC-1EDC03B713FB.npy,Aurora kinase inhibitor
P015084,N21,s7,CBK290770,/mnt/micro-images-pvc/specs935-v1/specs935-v1-FA-P015084-U2OS-48h-P5-L1/2021-12-17/851/specs935-v1-FA-P015084-U2OS-48h-P5-L1_N21_s7_w58268B0DC-B97D-449B-9824-27F85513D56D.npy,Aurora kinase inhibitor
P015084,N21,s8,CBK290770,/mnt/micro-images-pvc/specs935-v1/specs935-v1-FA-P015084-U2OS-48h-P5-L1/2021-12-17/851/specs935-v1-FA-P015084-U2OS-48h-P5-L1_N21_s8_w526C6FC94-496D-4CBF-BD8E-7E38AA9E51B0.npy,Aurora kinase inhibitor
P015084,N21,s9,CBK290770,/mnt/micro-images-pvc/specs935-v1/specs935-v1-FA-P015084-U2OS-48h-P5-L1/2021-12-17/851/specs935-v1-FA-P015084-U2OS-48h-P5-L1_N21_s9_w5FE7A7070-828D-434F-8824-37214CE38711.npy,Aurora kinase inhibitor
P015084,N22,s1,CBK290334,/mnt/micro-images-pvc/specs935-v1/specs935-v1-FA-P015084-U2OS-48h-P5-L1/2021-12-17/851/specs935-v1-FA-P015084-U2OS-48h-P5-L1_N22_s1_w5AF269799-7018-472D-8E56-53C7E08BBBFA.npy,ATPase inhibitor
P015084,N22,s2,CBK290334,/mnt/micro-images-pvc/specs935-v1/specs935-v1-FA-P015084-U2OS-48h-P5-L1/2021-12-17/851/specs935-v1-FA-P015084-U2OS-48h-P5-L1_N22_s2_w53B7E3136-9E05-44B3-A5C9-684AD7251CA3.npy,ATPase inhibitor
P015084,N22,s3,CBK290334,/mnt/micro-images-pvc/specs935-v1/specs935-v1-FA-P015084-U2OS-48h-P5-L1/2021-12-17/851/specs935-v1-FA-P015084-U2OS-48h-P5-L1_N22_s3_w56E3BAA2E-A2C7-4A7A-BC5D-5825D2864D77.npy,ATPase inhibitor
P015084,N22,s4,CBK290334,/mnt/micro-images-pvc/specs935-v1/specs935-v1-FA-P015084-U2OS-48h-P5-L1/2021-12-17/851/specs935-v1-FA-P015084-U2OS-48h-P5-L1_N22_s4_w5264325EF-C96C-4197-9525-F31FA62CB04A.npy,ATPase inhibitor
P015084,N22,s5,CBK290334,/mnt/micro-images-pvc/specs935-v1/specs935-v1-FA-P015084-U2OS-48h-P5-L1/2021-12-17/851/specs935-v1-FA-P015084-U2OS-48h-P5-L1_N22_s5_w565D4D526-D0BF-450D-81F4-5044DA8DD3F6.npy,ATPase inhibitor
P015084,N22,s6,CBK290334,/mnt/micro-images-pvc/specs935-v1/specs935-v1-FA-P015084-U2OS-48h-P5-L1/2021-12-17/851/specs935-v1-FA-P015084-U2OS-48h-P5-L1_N22_s6_w59E1B147D-CB2D-411A-B5B7-22FD55F2D818.npy,ATPase inhibitor
P015084,N22,s7,CBK290334,/mnt/micro-images-pvc/specs935-v1/specs935-v1-FA-P015084-U2OS-48h-P5-L1/2021-12-17/851/specs935-v1-FA-P015084-U2OS-48h-P5-L1_N22_s7_w5B35D3D08-DC7A-409E-9AD5-F659D6D3234A.npy,ATPase inhibitor
P015084,N22,s8,CBK290334,/mnt/micro-images-pvc/specs935-v1/specs935-v1-FA-P015084-U2OS-48h-P5-L1/2021-12-17/851/specs935-v1-FA-P015084-U2OS-48h-P5-L1_N22_s8_w52BB0916A-A0F4-4215-B2B0-23AF10D639D3.npy,ATPase inhibitor
P015084,N22,s9,CBK290334,/mnt/micro-images-pvc/specs935-v1/specs935-v1-FA-P015084-U2OS-48h-P5-L1/2021-12-17/851/specs935-v1-FA-P015084-U2OS-48h-P5-L1_N22_s9_w5784F4D06-043E-4950-BB3C-C04932B0775E.npy,ATPase inhibitor
P015084,O12,s1,CBK290334,/mnt/micro-images-pvc/specs935-v1/specs935-v1-FA-P015084-U2OS-48h-P5-L1/2021-12-17/851/specs935-v1-FA-P015084-U2OS-48h-P5-L1_O12_s1_w525EE3E88-AB0D-4F8C-95B4-9FCC8C77E5D5.npy,ATPase inhibitor
P015084,O12,s2,CBK290334,/mnt/micro-images-pvc/specs935-v1/specs935-v1-FA-P015084-U2OS-48h-P5-L1/2021-12-17/851/specs935-v1-FA-P015084-U2OS-48h-P5-L1_O12_s2_w5AA56530B-7696-463E-B929-FED3F6AF93D5.npy,ATPase inhibitor
P015084,O12,s3,CBK290334,/mnt/micro-images-pvc/specs935-v1/specs935-v1-FA-P015084-U2OS-48h-P5-L1/2021-12-17/851/specs935-v1-FA-P015084-U2OS-48h-P5-L1_O12_s3_w5B10B8D55-3A09-42F4-8B44-65F726D71051.npy,ATPase inhibitor
P015084,O12,s4,CBK290334,/mnt/micro-images-pvc/specs935-v1/specs935-v1-FA-P015084-U2OS-48h-P5-L1/2021-12-17/851/specs935-v1-FA-P015084-U2OS-48h-P5-L1_O12_s4_w51A7FE470-0C0E-4510-A397-4D7B38CEBEC8.npy,ATPase inhibitor
P015084,O12,s5,CBK290334,/mnt/micro-images-pvc/specs935-v1/specs935-v1-FA-P015084-U2OS-48h-P5-L1/2021-12-17/851/specs935-v1-FA-P015084-U2OS-48h-P5-L1_O12_s5_w5D6370B42-4F6F-4D99-926A-819AAC316BDD.npy,ATPase inhibitor
P015084,O12,s6,CBK290334,/mnt/micro-images-pvc/specs935-v1/specs935-v1-FA-P015084-U2OS-48h-P5-L1/2021-12-17/851/specs935-v1-FA-P015084-U2OS-48h-P5-L1_O12_s6_w5D4A657E8-C662-49F1-BDBF-68B990732F23.npy,ATPase inhibitor
P015084,O12,s7,CBK290334,/mnt/micro-images-pvc/specs935-v1/specs935-v1-FA-P015084-U2OS-48h-P5-L1/2021-12-17/851/specs935-v1-FA-P015084-U2OS-48h-P5-L1_O12_s7_w592A76839-128E-4880-80A1-1F06A28787F7.npy,ATPase inhibitor
P015084,O12,s8,CBK290334,/mnt/micro-images-pvc/specs935-v1/specs935-v1-FA-P015084-U2OS-48h-P5-L1/2021-12-17/851/specs935-v1-FA-P015084-U2OS-48h-P5-L1_O12_s8_w5D62789E4-1BA4-4F80-8120-D1D2D2C3B51D.npy,ATPase inhibitor
P015084,O12,s9,CBK290334,/mnt/micro-images-pvc/specs935-v1/specs935-v1-FA-P015084-U2OS-48h-P5-L1/2021-12-17/851/specs935-v1-FA-P015084-U2OS-48h-P5-L1_O12_s9_w562799594-5F96-4B6E-B541-F7D808BDA3C6.npy,ATPase inhibitor
P015084,O15,s1,CBK288259,/mnt/micro-images-pvc/specs935-v1/specs935-v1-FA-P015084-U2OS-48h-P5-L1/2021-12-17/851/specs935-v1-FA-P015084-U2OS-48h-P5-L1_O15_s1_w5E18AF82D-0F7E-46D4-BF47-244AE79FB37E.npy,Aurora kinase inhibitor
P015084,O15,s2,CBK288259,/mnt/micro-images-pvc/specs935-v1/specs935-v1-FA-P015084-U2OS-48h-P5-L1/2021-12-17/851/specs935-v1-FA-P015084-U2OS-48h-P5-L1_O15_s2_w5B6191E2F-2CA7-49AC-8A07-29C7FE26224A.npy,Aurora kinase inhibitor
P015084,O15,s3,CBK288259,/mnt/micro-images-pvc/specs935-v1/specs935-v1-FA-P015084-U2OS-48h-P5-L1/2021-12-17/851/specs935-v1-FA-P015084-U2OS-48h-P5-L1_O15_s3_w5D0D967DC-28CE-4421-9405-C664CCC5BC23.npy,Aurora kinase inhibitor
P015084,O15,s4,CBK288259,/mnt/micro-images-pvc/specs935-v1/specs935-v1-FA-P015084-U2OS-48h-P5-L1/2021-12-17/851/specs935-v1-FA-P015084-U2OS-48h-P5-L1_O15_s4_w5EDA8C57F-74AB-419E-A006-4AE849C4E03A.npy,Aurora kinase inhibitor
P015084,O15,s5,CBK288259,/mnt/micro-images-pvc/specs935-v1/specs935-v1-FA-P015084-U2OS-48h-P5-L1/2021-12-17/851/specs935-v1-FA-P015084-U2OS-48h-P5-L1_O15_s5_w55CE08601-D159-46AF-BD2A-9E542F14D024.npy,Aurora kinase inhibitor
P015084,O15,s6,CBK288259,/mnt/micro-images-pvc/specs935-v1/specs935-v1-FA-P015084-U2OS-48h-P5-L1/2021-12-17/851/specs935-v1-FA-P015084-U2OS-48h-P5-L1_O15_s6_w5AE921B9D-C5EB-4AD0-8346-04254B9C2B93.npy,Aurora kinase inhibitor
P015084,O15,s7,CBK288259,/mnt/micro-images-pvc/specs935-v1/specs935-v1-FA-P015084-U2OS-48h-P5-L1/2021-12-17/851/specs935-v1-FA-P015084-U2OS-48h-P5-L1_O15_s7_w56218A934-9470-4D23-AC8B-0DA026BC793F.npy,Aurora kinase inhibitor
P015084,O15,s8,CBK288259,/mnt/micro-images-pvc/specs935-v1/specs935-v1-FA-P015084-U2OS-48h-P5-L1/2021-12-17/851/specs935-v1-FA-P015084-U2OS-48h-P5-L1_O15_s8_w59B5A7700-8CE9-417E-BB01-8BC2504573F2.npy,Aurora kinase inhibitor
P015084,O15,s9,CBK288259,/mnt/micro-images-pvc/specs935-v1/specs935-v1-FA-P015084-U2OS-48h-P5-L1/2021-12-17/851/specs935-v1-FA-P015084-U2OS-48h-P5-L1_O15_s9_w5A7499927-488F-4DA3-8805-12393C69B74D.npy,Aurora kinase inhibitor
P015084,O21,s1,CBK291084,/mnt/micro-images-pvc/specs935-v1/specs935-v1-FA-P015084-U2OS-48h-P5-L1/2021-12-17/851/specs935-v1-FA-P015084-U2OS-48h-P5-L1_O21_s1_w553AF8641-2C51-4E08-B6B9-DDF9CA1604A3.npy,ATPase inhibitor
P015084,O21,s2,CBK291084,/mnt/micro-images-pvc/specs935-v1/specs935-v1-FA-P015084-U2OS-48h-P5-L1/2021-12-17/851/specs935-v1-FA-P015084-U2OS-48h-P5-L1_O21_s2_w5F03A35C4-547B-4A24-9BC0-8ABA647A8B4D.npy,ATPase inhibitor
P015084,O21,s3,CBK291084,/mnt/micro-images-pvc/specs935-v1/specs935-v1-FA-P015084-U2OS-48h-P5-L1/2021-12-17/851/specs935-v1-FA-P015084-U2OS-48h-P5-L1_O21_s3_w5B8D9DDE3-A80C-48DB-93AF-3540BBC574C2.npy,ATPase inhibitor
P015084,O21,s4,CBK291084,/mnt/micro-images-pvc/specs935-v1/specs935-v1-FA-P015084-U2OS-48h-P5-L1/2021-12-17/851/specs935-v1-FA-P015084-U2OS-48h-P5-L1_O21_s4_w51B3A316B-09D5-4F8E-9AA8-AD2083AAE1FF.npy,ATPase inhibitor
P015084,O21,s5,CBK291084,/mnt/micro-images-pvc/specs935-v1/specs935-v1-FA-P015084-U2OS-48h-P5-L1/2021-12-17/851/specs935-v1-FA-P015084-U2OS-48h-P5-L1_O21_s5_w51ABF5158-D984-4974-9F2A-0C9202C7E247.npy,ATPase inhibitor
P015084,O21,s6,CBK291084,/mnt/micro-images-pvc/specs935-v1/specs935-v1-FA-P015084-U2OS-48h-P5-L1/2021-12-17/851/specs935-v1-FA-P015084-U2OS-48h-P5-L1_O21_s6_w5C609E49D-4760-4AEA-B9ED-20AC0460959A.npy,ATPase inhibitor
P015084,O21,s7,CBK291084,/mnt/micro-images-pvc/specs935-v1/specs935-v1-FA-P015084-U2OS-48h-P5-L1/2021-12-17/851/specs935-v1-FA-P015084-U2OS-48h-P5-L1_O21_s7_w5A2F08919-FAE3-4A3D-8DA1-9D825D5954AC.npy,ATPase inhibitor
P015084,O21,s8,CBK291084,/mnt/micro-images-pvc/specs935-v1/specs935-v1-FA-P015084-U2OS-48h-P5-L1/2021-12-17/851/specs935-v1-FA-P015084-U2OS-48h-P5-L1_O21_s8_w5A1006337-D15C-48FE-9FA1-BF832CCF6093.npy,ATPase inhibitor
P015084,O21,s9,CBK291084,/mnt/micro-images-pvc/specs935-v1/specs935-v1-FA-P015084-U2OS-48h-P5-L1/2021-12-17/851/specs935-v1-FA-P015084-U2OS-48h-P5-L1_O21_s9_w56E9ED479-8FF3-4038-B6B8-5D44192419DF.npy,ATPase inhibitor
P015085,B07,s1,CBK278064,/mnt/micro-images-pvc/specs935-v1/specs935-v1-FA-P015085-U2OS-48h-P5-L2-test/2021-12-21/865/specs935-v1-FA-P015085-U2OS-48h-P5-L2-test_B07_s1_w5DE14807A-9073-470C-951F-577D0996B5E2.npy,Aurora kinase inhibitor
P015085,B07,s2,CBK278064,/mnt/micro-images-pvc/specs935-v1/specs935-v1-FA-P015085-U2OS-48h-P5-L2-test/2021-12-21/865/specs935-v1-FA-P015085-U2OS-48h-P5-L2-test_B07_s2_w5D950291F-3C6D-429E-861C-519237CC2AF0.npy,Aurora kinase inhibitor
P015085,B07,s3,CBK278064,/mnt/micro-images-pvc/specs935-v1/specs935-v1-FA-P015085-U2OS-48h-P5-L2-test/2021-12-21/865/specs935-v1-FA-P015085-U2OS-48h-P5-L2-test_B07_s3_w56E85F1BF-E7C1-4CF1-BF60-B2B4EA9020EA.npy,Aurora kinase inhibitor
P015085,B07,s4,CBK278064,/mnt/micro-images-pvc/specs935-v1/specs935-v1-FA-P015085-U2OS-48h-P5-L2-test/2021-12-21/865/specs935-v1-FA-P015085-U2OS-48h-P5-L2-test_B07_s4_w510791FEE-A404-4421-AAE2-8F9F0E5E183E.npy,Aurora kinase inhibitor
P015085,B07,s5,CBK278064,/mnt/micro-images-pvc/specs935-v1/specs935-v1-FA-P015085-U2OS-48h-P5-L2-test/2021-12-21/865/specs935-v1-FA-P015085-U2OS-48h-P5-L2-test_B07_s5_w5854500F8-C6AA-466B-8BDB-B1AA1B3A5762.npy,Aurora kinase inhibitor
P015085,B07,s6,CBK278064,/mnt/micro-images-pvc/specs935-v1/specs935-v1-FA-P015085-U2OS-48h-P5-L2-test/2021-12-21/865/specs935-v1-FA-P015085-U2OS-48h-P5-L2-test_B07_s6_w56C1348FE-EA9A-44BB-8EC2-2FCAFFD48672.npy,Aurora kinase inhibitor
P015085,B07,s7,CBK278064,/mnt/micro-images-pvc/specs935-v1/specs935-v1-FA-P015085-U2OS-48h-P5-L2-test/2021-12-21/865/specs935-v1-FA-P015085-U2OS-48h-P5-L2-test_B07_s7_w54B05BE07-4FE2-4FB9-8E94-02B32DF24B50.npy,Aurora kinase inhibitor
P015085,B07,s8,CBK278064,/mnt/micro-images-pvc/specs935-v1/specs935-v1-FA-P015085-U2OS-48h-P5-L2-test/2021-12-21/865/specs935-v1-FA-P015085-U2OS-48h-P5-L2-test_B07_s8_w5C968EB07-A524-42BD-AEED-935D78F6CB5C.npy,Aurora kinase inhibitor
P015085,B07,s9,CBK278064,/mnt/micro-images-pvc/specs935-v1/specs935-v1-FA-P015085-U2OS-48h-P5-L2-test/2021-12-21/865/specs935-v1-FA-P015085-U2OS-48h-P5-L2-test_B07_s9_w52D51AE71-CC89-4064-8AC6-0FC2FBEEA6ED.npy,Aurora kinase inhibitor
P015085,B08,s1,CBK200716,/mnt/micro-images-pvc/specs935-v1/specs935-v1-FA-P015085-U2OS-48h-P5-L2-test/2021-12-21/865/specs935-v1-FA-P015085-U2OS-48h-P5-L2-test_B08_s1_w518DBE7AA-FFFB-4994-BEB6-5A472C41B70E.npy,ATPase inhibitor
P015085,B08,s2,CBK200716,/mnt/micro-images-pvc/specs935-v1/specs935-v1-FA-P015085-U2OS-48h-P5-L2-test/2021-12-21/865/specs935-v1-FA-P015085-U2OS-48h-P5-L2-test_B08_s2_w5EE2602B8-C38A-4585-8211-4BB077B3744D.npy,ATPase inhibitor
P015085,B08,s3,CBK200716,/mnt/micro-images-pvc/specs935-v1/specs935-v1-FA-P015085-U2OS-48h-P5-L2-test/2021-12-21/865/specs935-v1-FA-P015085-U2OS-48h-P5-L2-test_B08_s3_w50FDF07F1-7D6C-48B8-887E-48D811D63756.npy,ATPase inhibitor
P015085,B08,s4,CBK200716,/mnt/micro-images-pvc/specs935-v1/specs935-v1-FA-P015085-U2OS-48h-P5-L2-test/2021-12-21/865/specs935-v1-FA-P015085-U2OS-48h-P5-L2-test_B08_s4_w55C2E2AC3-CF38-49D5-887F-B0D4DE2ECED8.npy,ATPase inhibitor
P015085,B08,s5,CBK200716,/mnt/micro-images-pvc/specs935-v1/specs935-v1-FA-P015085-U2OS-48h-P5-L2-test/2021-12-21/865/specs935-v1-FA-P015085-U2OS-48h-P5-L2-test_B08_s5_w508B0F326-1481-48CC-A916-508E70FC166A.npy,ATPase inhibitor
P015085,B08,s6,CBK200716,/mnt/micro-images-pvc/specs935-v1/specs935-v1-FA-P015085-U2OS-48h-P5-L2-test/2021-12-21/865/specs935-v1-FA-P015085-U2OS-48h-P5-L2-test_B08_s6_w563970F9E-1C9D-4156-A8B7-91BA9DD42B59.npy,ATPase inhibitor
P015085,B08,s7,CBK200716,/mnt/micro-images-pvc/specs935-v1/specs935-v1-FA-P015085-U2OS-48h-P5-L2-test/2021-12-21/865/specs935-v1-FA-P015085-U2OS-48h-P5-L2-test_B08_s7_w54691F37A-77F2-4BA5-9D0D-0DC64A0E5767.npy,ATPase inhibitor
P015085,B08,s8,CBK200716,/mnt/micro-images-pvc/specs935-v1/specs935-v1-FA-P015085-U2OS-48h-P5-L2-test/2021-12-21/865/specs935-v1-FA-P015085-U2OS-48h-P5-L2-test_B08_s8_w577CA364D-5DBA-4FAA-94BD-29F97016E644.npy,ATPase inhibitor
P015085,B08,s9,CBK200716,/mnt/micro-images-pvc/specs935-v1/specs935-v1-FA-P015085-U2OS-48h-P5-L2-test/2021-12-21/865/specs935-v1-FA-P015085-U2OS-48h-P5-L2-test_B08_s9_w5D50C6D76-5B1C-4D86-B1BA-5BC325CA6C0B.npy,ATPase inhibitor
P015085,B10,s1,CBK228145,/mnt/micro-images-pvc/specs935-v1/specs935-v1-FA-P015085-U2OS-48h-P5-L2-test/2021-12-21/865/specs935-v1-FA-P015085-U2OS-48h-P5-L2-test_B10_s1_w5B6C63BE4-BB03-43E1-9AB0-B4A11D49B0F3.npy,ATPase inhibitor
P015085,B10,s2,CBK228145,/mnt/micro-images-pvc/specs935-v1/specs935-v1-FA-P015085-U2OS-48h-P5-L2-test/2021-12-21/865/specs935-v1-FA-P015085-U2OS-48h-P5-L2-test_B10_s2_w58959F285-F4E6-4B5B-8CD7-2B0680DA67CB.npy,ATPase inhibitor
P015085,B10,s3,CBK228145,/mnt/micro-images-pvc/specs935-v1/specs935-v1-FA-P015085-U2OS-48h-P5-L2-test/2021-12-21/865/specs935-v1-FA-P015085-U2OS-48h-P5-L2-test_B10_s3_w535CD30CB-23E3-4293-A588-33741586E562.npy,ATPase inhibitor
P015085,B10,s4,CBK228145,/mnt/micro-images-pvc/specs935-v1/specs935-v1-FA-P015085-U2OS-48h-P5-L2-test/2021-12-21/865/specs935-v1-FA-P015085-U2OS-48h-P5-L2-test_B10_s4_w58D4BF8B7-1645-451B-8E0C-712FDF8D9619.npy,ATPase inhibitor
P015085,B10,s5,CBK228145,/mnt/micro-images-pvc/specs935-v1/specs935-v1-FA-P015085-U2OS-48h-P5-L2-test/2021-12-21/865/specs935-v1-FA-P015085-U2OS-48h-P5-L2-test_B10_s5_w5971F40BE-C647-413F-9F87-46DEB15912FA.npy,ATPase inhibitor
P015085,B10,s6,CBK228145,/mnt/micro-images-pvc/specs935-v1/specs935-v1-FA-P015085-U2OS-48h-P5-L2-test/2021-12-21/865/specs935-v1-FA-P015085-U2OS-48h-P5-L2-test_B10_s6_w589013B03-CC6B-4C4B-97AE-7E429D5A1328.npy,ATPase inhibitor
P015085,B10,s7,CBK228145,/mnt/micro-images-pvc/specs935-v1/specs935-v1-FA-P015085-U2OS-48h-P5-L2-test/2021-12-21/865/specs935-v1-FA-P015085-U2OS-48h-P5-L2-test_B10_s7_w5A2A86780-8156-4B07-8C39-F08170E8787B.npy,ATPase inhibitor
P015085,B10,s8,CBK228145,/mnt/micro-images-pvc/specs935-v1/specs935-v1-FA-P015085-U2OS-48h-P5-L2-test/2021-12-21/865/specs935-v1-FA-P015085-U2OS-48h-P5-L2-test_B10_s8_w50875C97D-EF31-4DAF-8553-1230A9EB6CD3.npy,ATPase inhibitor
P015085,B10,s9,CBK228145,/mnt/micro-images-pvc/specs935-v1/specs935-v1-FA-P015085-U2OS-48h-P5-L2-test/2021-12-21/865/specs935-v1-FA-P015085-U2OS-48h-P5-L2-test_B10_s9_w55484FCE6-05E4-410F-B7C3-2D6898B59614.npy,ATPase inhibitor
P015085,B13,s1,CBK041779,/mnt/micro-images-pvc/specs935-v1/specs935-v1-FA-P015085-U2OS-48h-P5-L2-test/2021-12-21/865/specs935-v1-FA-P015085-U2OS-48h-P5-L2-test_B13_s1_w5F8A35269-D981-4CDB-B48C-9564DF3549DF.npy,ATPase inhibitor
P015085,B13,s2,CBK041779,/mnt/micro-images-pvc/specs935-v1/specs935-v1-FA-P015085-U2OS-48h-P5-L2-test/2021-12-21/865/specs935-v1-FA-P015085-U2OS-48h-P5-L2-test_B13_s2_w5A12246F1-2E4E-4FEF-A3FC-FE5243E9075D.npy,ATPase inhibitor
P015085,B13,s3,CBK041779,/mnt/micro-images-pvc/specs935-v1/specs935-v1-FA-P015085-U2OS-48h-P5-L2-test/2021-12-21/865/specs935-v1-FA-P015085-U2OS-48h-P5-L2-test_B13_s3_w53892897E-87D5-458F-8B7C-8F0177F6F893.npy,ATPase inhibitor
P015085,B13,s4,CBK041779,/mnt/micro-images-pvc/specs935-v1/specs935-v1-FA-P015085-U2OS-48h-P5-L2-test/2021-12-21/865/specs935-v1-FA-P015085-U2OS-48h-P5-L2-test_B13_s4_w5BDCEEDB8-0717-4ECB-9C98-478BE9E82FFE.npy,ATPase inhibitor
P015085,B13,s5,CBK041779,/mnt/micro-images-pvc/specs935-v1/specs935-v1-FA-P015085-U2OS-48h-P5-L2-test/2021-12-21/865/specs935-v1-FA-P015085-U2OS-48h-P5-L2-test_B13_s5_w527914A70-99DA-4230-92CB-293286811840.npy,ATPase inhibitor
P015085,B13,s6,CBK041779,/mnt/micro-images-pvc/specs935-v1/specs935-v1-FA-P015085-U2OS-48h-P5-L2-test/2021-12-21/865/specs935-v1-FA-P015085-U2OS-48h-P5-L2-test_B13_s6_w5F272A1AE-C517-4907-960A-A0C9AE509D55.npy,ATPase inhibitor
P015085,B13,s7,CBK041779,/mnt/micro-images-pvc/specs935-v1/specs935-v1-FA-P015085-U2OS-48h-P5-L2-test/2021-12-21/865/specs935-v1-FA-P015085-U2OS-48h-P5-L2-test_B13_s7_w579B9894B-C34D-4631-8BBE-4E22B14BCD8C.npy,ATPase inhibitor
P015085,B13,s8,CBK041779,/mnt/micro-images-pvc/specs935-v1/specs935-v1-FA-P015085-U2OS-48h-P5-L2-test/2021-12-21/865/specs935-v1-FA-P015085-U2OS-48h-P5-L2-test_B13_s8_w504E5AB1A-CB10-4322-9B00-4E32E535C81C.npy,ATPase inhibitor
P015085,B13,s9,CBK041779,/mnt/micro-images-pvc/specs935-v1/specs935-v1-FA-P015085-U2OS-48h-P5-L2-test/2021-12-21/865/specs935-v1-FA-P015085-U2OS-48h-P5-L2-test_B13_s9_w5F9E9E4E6-3182-4AF0-A4B2-3ED0ADC7A742.npy,ATPase inhibitor
P015085,B14,s1,CBK309086,/mnt/micro-images-pvc/specs935-v1/specs935-v1-FA-P015085-U2OS-48h-P5-L2-test/2021-12-21/865/specs935-v1-FA-P015085-U2OS-48h-P5-L2-test_B14_s1_w56A41A159-A78B-4DF4-8A47-B84E84A7CC6C.npy,ATPase inhibitor
P015085,B14,s2,CBK309086,/mnt/micro-images-pvc/specs935-v1/specs935-v1-FA-P015085-U2OS-48h-P5-L2-test/2021-12-21/865/specs935-v1-FA-P015085-U2OS-48h-P5-L2-test_B14_s2_w56515DCC4-13EB-41DC-854F-BC343AAD3A6F.npy,ATPase inhibitor
P015085,B14,s3,CBK309086,/mnt/micro-images-pvc/specs935-v1/specs935-v1-FA-P015085-U2OS-48h-P5-L2-test/2021-12-21/865/specs935-v1-FA-P015085-U2OS-48h-P5-L2-test_B14_s3_w5BC9A4949-5CBD-4589-9176-45D7ACC615A7.npy,ATPase inhibitor
P015085,B14,s4,CBK309086,/mnt/micro-images-pvc/specs935-v1/specs935-v1-FA-P015085-U2OS-48h-P5-L2-test/2021-12-21/865/specs935-v1-FA-P015085-U2OS-48h-P5-L2-test_B14_s4_w5A164057B-7EC5-4212-93CD-434915EA0D69.npy,ATPase inhibitor
P015085,B14,s5,CBK309086,/mnt/micro-images-pvc/specs935-v1/specs935-v1-FA-P015085-U2OS-48h-P5-L2-test/2021-12-21/865/specs935-v1-FA-P015085-U2OS-48h-P5-L2-test_B14_s5_w59616B265-20AA-4B5D-B46B-98EF8AED64A8.npy,ATPase inhibitor
P015085,B14,s6,CBK309086,/mnt/micro-images-pvc/specs935-v1/specs935-v1-FA-P015085-U2OS-48h-P5-L2-test/2021-12-21/865/specs935-v1-FA-P015085-U2OS-48h-P5-L2-test_B14_s6_w550D04F70-A060-4443-BBF7-215AC264C300.npy,ATPase inhibitor
P015085,B14,s7,CBK309086,/mnt/micro-images-pvc/specs935-v1/specs935-v1-FA-P015085-U2OS-48h-P5-L2-test/2021-12-21/865/specs935-v1-FA-P015085-U2OS-48h-P5-L2-test_B14_s7_w5061BA61F-B966-43D0-AC70-1E34771FA395.npy,ATPase inhibitor
P015085,B14,s8,CBK309086,/mnt/micro-images-pvc/specs935-v1/specs935-v1-FA-P015085-U2OS-48h-P5-L2-test/2021-12-21/865/specs935-v1-FA-P015085-U2OS-48h-P5-L2-test_B14_s8_w5F9C497E9-9426-4E2B-9CBB-8420C2E64F45.npy,ATPase inhibitor
P015085,B14,s9,CBK309086,/mnt/micro-images-pvc/specs935-v1/specs935-v1-FA-P015085-U2OS-48h-P5-L2-test/2021-12-21/865/specs935-v1-FA-P015085-U2OS-48h-P5-L2-test_B14_s9_w5CA74ED49-B637-4FCD-9EF9-843E08FCCD2F.npy,ATPase inhibitor
P015085,B15,s1,CBK303888,/mnt/micro-images-pvc/specs935-v1/specs935-v1-FA-P015085-U2OS-48h-P5-L2-test/2021-12-21/865/specs935-v1-FA-P015085-U2OS-48h-P5-L2-test_B15_s1_w57510C45A-B0F5-41A9-AC70-DF5964E478ED.npy,ATPase inhibitor
P015085,B15,s2,CBK303888,/mnt/micro-images-pvc/specs935-v1/specs935-v1-FA-P015085-U2OS-48h-P5-L2-test/2021-12-21/865/specs935-v1-FA-P015085-U2OS-48h-P5-L2-test_B15_s2_w5DE62EB25-A627-4CFE-BA7E-E84C1F56C223.npy,ATPase inhibitor
P015085,B15,s3,CBK303888,/mnt/micro-images-pvc/specs935-v1/specs935-v1-FA-P015085-U2OS-48h-P5-L2-test/2021-12-21/865/specs935-v1-FA-P015085-U2OS-48h-P5-L2-test_B15_s3_w5BE2E6A47-9EEA-42DF-88A6-E6831CEC24C4.npy,ATPase inhibitor
P015085,B15,s4,CBK303888,/mnt/micro-images-pvc/specs935-v1/specs935-v1-FA-P015085-U2OS-48h-P5-L2-test/2021-12-21/865/specs935-v1-FA-P015085-U2OS-48h-P5-L2-test_B15_s4_w5F74FEDC1-7093-4AF6-99B7-BDF0B8CD1550.npy,ATPase inhibitor
P015085,B15,s5,CBK303888,/mnt/micro-images-pvc/specs935-v1/specs935-v1-FA-P015085-U2OS-48h-P5-L2-test/2021-12-21/865/specs935-v1-FA-P015085-U2OS-48h-P5-L2-test_B15_s5_w5754B10CC-E563-404C-8D29-EB3904D02074.npy,ATPase inhibitor
P015085,B15,s6,CBK303888,/mnt/micro-images-pvc/specs935-v1/specs935-v1-FA-P015085-U2OS-48h-P5-L2-test/2021-12-21/865/specs935-v1-FA-P015085-U2OS-48h-P5-L2-test_B15_s6_w55C49BC94-9243-428E-8BC5-0310B80A740A.npy,ATPase inhibitor
P015085,B15,s7,CBK303888,/mnt/micro-images-pvc/specs935-v1/specs935-v1-FA-P015085-U2OS-48h-P5-L2-test/2021-12-21/865/specs935-v1-FA-P015085-U2OS-48h-P5-L2-test_B15_s7_w5DFAF34B6-A464-4783-A42D-BF1E89921BDD.npy,ATPase inhibitor
P015085,B15,s8,CBK303888,/mnt/micro-images-pvc/specs935-v1/specs935-v1-FA-P015085-U2OS-48h-P5-L2-test/2021-12-21/865/specs935-v1-FA-P015085-U2OS-48h-P5-L2-test_B15_s8_w51FFDCB6D-9193-4410-84CA-2138B29F8A49.npy,ATPase inhibitor
P015085,B15,s9,CBK303888,/mnt/micro-images-pvc/specs935-v1/specs935-v1-FA-P015085-U2OS-48h-P5-L2-test/2021-12-21/865/specs935-v1-FA-P015085-U2OS-48h-P5-L2-test_B15_s9_w55F1E525C-D93F-403E-94EE-B48D17BDD6E4.npy,ATPase inhibitor
P015085,B16,s1,CBK288288,/mnt/micro-images-pvc/specs935-v1/specs935-v1-FA-P015085-U2OS-48h-P5-L2-test/2021-12-21/865/specs935-v1-FA-P015085-U2OS-48h-P5-L2-test_B16_s1_w5D8F41802-F775-4E02-BA53-C406DF619489.npy,Aurora kinase inhibitor
P015085,B16,s2,CBK288288,/mnt/micro-images-pvc/specs935-v1/specs935-v1-FA-P015085-U2OS-48h-P5-L2-test/2021-12-21/865/specs935-v1-FA-P015085-U2OS-48h-P5-L2-test_B16_s2_w5E76F1BBD-3861-42C0-95B7-0C1134F5C2FF.npy,Aurora kinase inhibitor
P015085,B16,s3,CBK288288,/mnt/micro-images-pvc/specs935-v1/specs935-v1-FA-P015085-U2OS-48h-P5-L2-test/2021-12-21/865/specs935-v1-FA-P015085-U2OS-48h-P5-L2-test_B16_s3_w5B402CC25-6009-4806-910F-4E90A5631310.npy,Aurora kinase inhibitor
P015085,B16,s4,CBK288288,/mnt/micro-images-pvc/specs935-v1/specs935-v1-FA-P015085-U2OS-48h-P5-L2-test/2021-12-21/865/specs935-v1-FA-P015085-U2OS-48h-P5-L2-test_B16_s4_w5B99DAE6B-FB1C-449B-A989-9011881A3E2E.npy,Aurora kinase inhibitor
P015085,B16,s5,CBK288288,/mnt/micro-images-pvc/specs935-v1/specs935-v1-FA-P015085-U2OS-48h-P5-L2-test/2021-12-21/865/specs935-v1-FA-P015085-U2OS-48h-P5-L2-test_B16_s5_w5D884DB45-C00A-403B-B2CC-08E52FC9FED2.npy,Aurora kinase inhibitor
P015085,B16,s6,CBK288288,/mnt/micro-images-pvc/specs935-v1/specs935-v1-FA-P015085-U2OS-48h-P5-L2-test/2021-12-21/865/specs935-v1-FA-P015085-U2OS-48h-P5-L2-test_B16_s6_w552F00123-610A-4AD3-AF4C-D7CBB558E0C4.npy,Aurora kinase inhibitor
P015085,B16,s7,CBK288288,/mnt/micro-images-pvc/specs935-v1/specs935-v1-FA-P015085-U2OS-48h-P5-L2-test/2021-12-21/865/specs935-v1-FA-P015085-U2OS-48h-P5-L2-test_B16_s7_w518AAFD2E-8C34-4E1F-9646-74F244B638FE.npy,Aurora kinase inhibitor
P015085,B16,s8,CBK288288,/mnt/micro-images-pvc/specs935-v1/specs935-v1-FA-P015085-U2OS-48h-P5-L2-test/2021-12-21/865/specs935-v1-FA-P015085-U2OS-48h-P5-L2-test_B16_s8_w593179224-7E02-4F2F-851D-1286F96823AC.npy,Aurora kinase inhibitor
P015085,B16,s9,CBK288288,/mnt/micro-images-pvc/specs935-v1/specs935-v1-FA-P015085-U2OS-48h-P5-L2-test/2021-12-21/865/specs935-v1-FA-P015085-U2OS-48h-P5-L2-test_B16_s9_w5CB1B10C1-4155-49DB-A780-51D8364995DE.npy,Aurora kinase inhibitor
P015085,B17,s1,CBK288284,/mnt/micro-images-pvc/specs935-v1/specs935-v1-FA-P015085-U2OS-48h-P5-L2-test/2021-12-21/865/specs935-v1-FA-P015085-U2OS-48h-P5-L2-test_B17_s1_w5191137DA-0EDC-4649-8D66-07E9ACBC76F5.npy,Aurora kinase inhibitor
P015085,B17,s2,CBK288284,/mnt/micro-images-pvc/specs935-v1/specs935-v1-FA-P015085-U2OS-48h-P5-L2-test/2021-12-21/865/specs935-v1-FA-P015085-U2OS-48h-P5-L2-test_B17_s2_w57CFDAF2A-94F9-43F1-9EA0-701FF5E7FB37.npy,Aurora kinase inhibitor
P015085,B17,s3,CBK288284,/mnt/micro-images-pvc/specs935-v1/specs935-v1-FA-P015085-U2OS-48h-P5-L2-test/2021-12-21/865/specs935-v1-FA-P015085-U2OS-48h-P5-L2-test_B17_s3_w5A879787D-5F73-4D4F-9997-BD49FD8D360A.npy,Aurora kinase inhibitor
P015085,B17,s4,CBK288284,/mnt/micro-images-pvc/specs935-v1/specs935-v1-FA-P015085-U2OS-48h-P5-L2-test/2021-12-21/865/specs935-v1-FA-P015085-U2OS-48h-P5-L2-test_B17_s4_w5A12946DB-7EB8-4C3E-A698-0475375CEE2B.npy,Aurora kinase inhibitor
P015085,B17,s5,CBK288284,/mnt/micro-images-pvc/specs935-v1/specs935-v1-FA-P015085-U2OS-48h-P5-L2-test/2021-12-21/865/specs935-v1-FA-P015085-U2OS-48h-P5-L2-test_B17_s5_w50AAEB75C-CDAB-49BC-94E0-94D62CF47A51.npy,Aurora kinase inhibitor
P015085,B17,s6,CBK288284,/mnt/micro-images-pvc/specs935-v1/specs935-v1-FA-P015085-U2OS-48h-P5-L2-test/2021-12-21/865/specs935-v1-FA-P015085-U2OS-48h-P5-L2-test_B17_s6_w56FFA1F84-7E95-4C2F-BD80-9AA9FC73B258.npy,Aurora kinase inhibitor
P015085,B17,s7,CBK288284,/mnt/micro-images-pvc/specs935-v1/specs935-v1-FA-P015085-U2OS-48h-P5-L2-test/2021-12-21/865/specs935-v1-FA-P015085-U2OS-48h-P5-L2-test_B17_s7_w5F7A5E03B-3913-4D8A-AA2C-04E2177386B6.npy,Aurora kinase inhibitor
P015085,B17,s8,CBK288284,/mnt/micro-images-pvc/specs935-v1/specs935-v1-FA-P015085-U2OS-48h-P5-L2-test/2021-12-21/865/specs935-v1-FA-P015085-U2OS-48h-P5-L2-test_B17_s8_w53E52482E-D77C-4DD4-B0CB-3F2538AF517B.npy,Aurora kinase inhibitor
P015085,B17,s9,CBK288284,/mnt/micro-images-pvc/specs935-v1/specs935-v1-FA-P015085-U2OS-48h-P5-L2-test/2021-12-21/865/specs935-v1-FA-P015085-U2OS-48h-P5-L2-test_B17_s9_w5EBB1EDA9-71E5-47F5-8310-09C967F461B6.npy,Aurora kinase inhibitor
P015085,B19,s1,CBK277972,/mnt/micro-images-pvc/specs935-v1/specs935-v1-FA-P015085-U2OS-48h-P5-L2-test/2021-12-21/865/specs935-v1-FA-P015085-U2OS-48h-P5-L2-test_B19_s1_w57E1DD44C-8E32-422B-8EC1-9B6D1784A6E0.npy,Aurora kinase inhibitor
P015085,B19,s2,CBK277972,/mnt/micro-images-pvc/specs935-v1/specs935-v1-FA-P015085-U2OS-48h-P5-L2-test/2021-12-21/865/specs935-v1-FA-P015085-U2OS-48h-P5-L2-test_B19_s2_w5732FD665-2AFD-4199-9A09-84CC250FE5A1.npy,Aurora kinase inhibitor
P015085,B19,s3,CBK277972,/mnt/micro-images-pvc/specs935-v1/specs935-v1-FA-P015085-U2OS-48h-P5-L2-test/2021-12-21/865/specs935-v1-FA-P015085-U2OS-48h-P5-L2-test_B19_s3_w5D0DDE7FB-CE25-438A-BB0A-11EF6D79C82A.npy,Aurora kinase inhibitor
P015085,B19,s4,CBK277972,/mnt/micro-images-pvc/specs935-v1/specs935-v1-FA-P015085-U2OS-48h-P5-L2-test/2021-12-21/865/specs935-v1-FA-P015085-U2OS-48h-P5-L2-test_B19_s4_w5B2ED5533-5EDA-4BAB-A29C-7BB2787F90AD.npy,Aurora kinase inhibitor
P015085,B19,s5,CBK277972,/mnt/micro-images-pvc/specs935-v1/specs935-v1-FA-P015085-U2OS-48h-P5-L2-test/2021-12-21/865/specs935-v1-FA-P015085-U2OS-48h-P5-L2-test_B19_s5_w5CACE2635-F9B5-4F91-80D4-DB98DA95BEB7.npy,Aurora kinase inhibitor
P015085,B19,s6,CBK277972,/mnt/micro-images-pvc/specs935-v1/specs935-v1-FA-P015085-U2OS-48h-P5-L2-test/2021-12-21/865/specs935-v1-FA-P015085-U2OS-48h-P5-L2-test_B19_s6_w5CD5EBA05-A838-4DFD-9695-95C97CAE8F45.npy,Aurora kinase inhibitor
P015085,B19,s7,CBK277972,/mnt/micro-images-pvc/specs935-v1/specs935-v1-FA-P015085-U2OS-48h-P5-L2-test/2021-12-21/865/specs935-v1-FA-P015085-U2OS-48h-P5-L2-test_B19_s7_w5FC5BCB12-29B5-47F8-88E1-D14D2C53481E.npy,Aurora kinase inhibitor
P015085,B19,s8,CBK277972,/mnt/micro-images-pvc/specs935-v1/specs935-v1-FA-P015085-U2OS-48h-P5-L2-test/2021-12-21/865/specs935-v1-FA-P015085-U2OS-48h-P5-L2-test_B19_s8_w5839EEC87-B572-48E4-8D09-4C48C53EF850.npy,Aurora kinase inhibitor
P015085,B19,s9,CBK277972,/mnt/micro-images-pvc/specs935-v1/specs935-v1-FA-P015085-U2OS-48h-P5-L2-test/2021-12-21/865/specs935-v1-FA-P015085-U2OS-48h-P5-L2-test_B19_s9_w5CF12F1EF-BDDC-4947-B3A3-215813AC3CD7.npy,Aurora kinase inhibitor
P015085,B20,s1,CBK277955,/mnt/micro-images-pvc/specs935-v1/specs935-v1-FA-P015085-U2OS-48h-P5-L2-test/2021-12-21/865/specs935-v1-FA-P015085-U2OS-48h-P5-L2-test_B20_s1_w5889D37F4-BF23-4773-9422-BFB786AE3E94.npy,Aurora kinase inhibitor
P015085,B20,s2,CBK277955,/mnt/micro-images-pvc/specs935-v1/specs935-v1-FA-P015085-U2OS-48h-P5-L2-test/2021-12-21/865/specs935-v1-FA-P015085-U2OS-48h-P5-L2-test_B20_s2_w52E64F732-F1E6-41C6-A670-2CCE06FC1347.npy,Aurora kinase inhibitor
P015085,B20,s3,CBK277955,/mnt/micro-images-pvc/specs935-v1/specs935-v1-FA-P015085-U2OS-48h-P5-L2-test/2021-12-21/865/specs935-v1-FA-P015085-U2OS-48h-P5-L2-test_B20_s3_w5F7CAD0ED-8EA0-4B17-89E6-4B5DFA44288A.npy,Aurora kinase inhibitor
P015085,B20,s4,CBK277955,/mnt/micro-images-pvc/specs935-v1/specs935-v1-FA-P015085-U2OS-48h-P5-L2-test/2021-12-21/865/specs935-v1-FA-P015085-U2OS-48h-P5-L2-test_B20_s4_w5C03C3763-3C5B-4F7E-A508-4B4225EB5705.npy,Aurora kinase inhibitor
P015085,B20,s5,CBK277955,/mnt/micro-images-pvc/specs935-v1/specs935-v1-FA-P015085-U2OS-48h-P5-L2-test/2021-12-21/865/specs935-v1-FA-P015085-U2OS-48h-P5-L2-test_B20_s5_w559054ABE-CB49-48D6-805A-22A57DD83417.npy,Aurora kinase inhibitor
P015085,B20,s6,CBK277955,/mnt/micro-images-pvc/specs935-v1/specs935-v1-FA-P015085-U2OS-48h-P5-L2-test/2021-12-21/865/specs935-v1-FA-P015085-U2OS-48h-P5-L2-test_B20_s6_w5143F9AF4-B7A1-47AB-84EC-40AF74D81E40.npy,Aurora kinase inhibitor
P015085,B20,s7,CBK277955,/mnt/micro-images-pvc/specs935-v1/specs935-v1-FA-P015085-U2OS-48h-P5-L2-test/2021-12-21/865/specs935-v1-FA-P015085-U2OS-48h-P5-L2-test_B20_s7_w5ED26A4A8-A61F-496D-BEF0-9C5DA6C13D39.npy,Aurora kinase inhibitor
P015085,B20,s8,CBK277955,/mnt/micro-images-pvc/specs935-v1/specs935-v1-FA-P015085-U2OS-48h-P5-L2-test/2021-12-21/865/specs935-v1-FA-P015085-U2OS-48h-P5-L2-test_B20_s8_w5BE6FC62E-8A2C-4603-B002-5E34C6B89BCC.npy,Aurora kinase inhibitor
P015085,B20,s9,CBK277955,/mnt/micro-images-pvc/specs935-v1/specs935-v1-FA-P015085-U2OS-48h-P5-L2-test/2021-12-21/865/specs935-v1-FA-P015085-U2OS-48h-P5-L2-test_B20_s9_w570FC27DB-71C9-41D7-AFC0-707650D7729E.npy,Aurora kinase inhibitor
P015085,B22,s1,CBK290770,/mnt/micro-images-pvc/specs935-v1/specs935-v1-FA-P015085-U2OS-48h-P5-L2-test/2021-12-21/865/specs935-v1-FA-P015085-U2OS-48h-P5-L2-test_B22_s1_w5C3B73DEE-29C7-479D-8BAF-352DDCE6131A.npy,Aurora kinase inhibitor
P015085,B22,s2,CBK290770,/mnt/micro-images-pvc/specs935-v1/specs935-v1-FA-P015085-U2OS-48h-P5-L2-test/2021-12-21/865/specs935-v1-FA-P015085-U2OS-48h-P5-L2-test_B22_s2_w5DF6BA1D3-27BE-420C-992C-2469B7C052C7.npy,Aurora kinase inhibitor
P015085,B22,s3,CBK290770,/mnt/micro-images-pvc/specs935-v1/specs935-v1-FA-P015085-U2OS-48h-P5-L2-test/2021-12-21/865/specs935-v1-FA-P015085-U2OS-48h-P5-L2-test_B22_s3_w55823FCE4-90B3-4EA1-B1F0-DAC999A8E989.npy,Aurora kinase inhibitor
P015085,B22,s4,CBK290770,/mnt/micro-images-pvc/specs935-v1/specs935-v1-FA-P015085-U2OS-48h-P5-L2-test/2021-12-21/865/specs935-v1-FA-P015085-U2OS-48h-P5-L2-test_B22_s4_w55FF61FBB-F433-4A20-B46F-8E7235924C2B.npy,Aurora kinase inhibitor
P015085,B22,s5,CBK290770,/mnt/micro-images-pvc/specs935-v1/specs935-v1-FA-P015085-U2OS-48h-P5-L2-test/2021-12-21/865/specs935-v1-FA-P015085-U2OS-48h-P5-L2-test_B22_s5_w553C0C18F-3DDC-43BD-A500-6E592DDB429B.npy,Aurora kinase inhibitor
P015085,B22,s6,CBK290770,/mnt/micro-images-pvc/specs935-v1/specs935-v1-FA-P015085-U2OS-48h-P5-L2-test/2021-12-21/865/specs935-v1-FA-P015085-U2OS-48h-P5-L2-test_B22_s6_w5F4C1D31A-C040-4470-99E7-70B3A9D0BBF4.npy,Aurora kinase inhibitor
P015085,B22,s7,CBK290770,/mnt/micro-images-pvc/specs935-v1/specs935-v1-FA-P015085-U2OS-48h-P5-L2-test/2021-12-21/865/specs935-v1-FA-P015085-U2OS-48h-P5-L2-test_B22_s7_w55E3F639D-F836-4442-986B-3572F18D988A.npy,Aurora kinase inhibitor
P015085,B22,s8,CBK290770,/mnt/micro-images-pvc/specs935-v1/specs935-v1-FA-P015085-U2OS-48h-P5-L2-test/2021-12-21/865/specs935-v1-FA-P015085-U2OS-48h-P5-L2-test_B22_s8_w5EF3AA636-B09A-40E3-8AA8-578FD34E5339.npy,Aurora kinase inhibitor
P015085,B22,s9,CBK290770,/mnt/micro-images-pvc/specs935-v1/specs935-v1-FA-P015085-U2OS-48h-P5-L2-test/2021-12-21/865/specs935-v1-FA-P015085-U2OS-48h-P5-L2-test_B22_s9_w533BB15E7-C7EC-4C38-B127-122C6C77E1B4.npy,Aurora kinase inhibitor
P015085,C05,s1,CBK278064,/mnt/micro-images-pvc/specs935-v1/specs935-v1-FA-P015085-U2OS-48h-P5-L2-test/2021-12-21/865/specs935-v1-FA-P015085-U2OS-48h-P5-L2-test_C05_s1_w5F96C8984-FF53-4F7E-A203-1053BC7D0378.npy,Aurora kinase inhibitor
P015085,C05,s2,CBK278064,/mnt/micro-images-pvc/specs935-v1/specs935-v1-FA-P015085-U2OS-48h-P5-L2-test/2021-12-21/865/specs935-v1-FA-P015085-U2OS-48h-P5-L2-test_C05_s2_w5EC0D7696-0D69-4383-A18A-DEEECAD8C72F.npy,Aurora kinase inhibitor
P015085,C05,s3,CBK278064,/mnt/micro-images-pvc/specs935-v1/specs935-v1-FA-P015085-U2OS-48h-P5-L2-test/2021-12-21/865/specs935-v1-FA-P015085-U2OS-48h-P5-L2-test_C05_s3_w577523593-DD22-4874-AEB9-A2FC955F3A67.npy,Aurora kinase inhibitor
P015085,C05,s4,CBK278064,/mnt/micro-images-pvc/specs935-v1/specs935-v1-FA-P015085-U2OS-48h-P5-L2-test/2021-12-21/865/specs935-v1-FA-P015085-U2OS-48h-P5-L2-test_C05_s4_w5F7600E16-81CD-4885-875F-ADD747BED0A9.npy,Aurora kinase inhibitor
P015085,C05,s5,CBK278064,/mnt/micro-images-pvc/specs935-v1/specs935-v1-FA-P015085-U2OS-48h-P5-L2-test/2021-12-21/865/specs935-v1-FA-P015085-U2OS-48h-P5-L2-test_C05_s5_w5A5CBEA91-4556-472C-AAC1-1F1E4CD135EC.npy,Aurora kinase inhibitor
P015085,C05,s6,CBK278064,/mnt/micro-images-pvc/specs935-v1/specs935-v1-FA-P015085-U2OS-48h-P5-L2-test/2021-12-21/865/specs935-v1-FA-P015085-U2OS-48h-P5-L2-test_C05_s6_w54B7BD1DF-3C4F-4D7C-AD52-2A82BFB3065E.npy,Aurora kinase inhibitor
P015085,C05,s7,CBK278064,/mnt/micro-images-pvc/specs935-v1/specs935-v1-FA-P015085-U2OS-48h-P5-L2-test/2021-12-21/865/specs935-v1-FA-P015085-U2OS-48h-P5-L2-test_C05_s7_w52E04E3F3-FAE6-4096-AC09-2B6D36D6F985.npy,Aurora kinase inhibitor
P015085,C05,s8,CBK278064,/mnt/micro-images-pvc/specs935-v1/specs935-v1-FA-P015085-U2OS-48h-P5-L2-test/2021-12-21/865/specs935-v1-FA-P015085-U2OS-48h-P5-L2-test_C05_s8_w599E61038-E865-4EDD-9C50-F9EFB7CC6123.npy,Aurora kinase inhibitor
P015085,C05,s9,CBK278064,/mnt/micro-images-pvc/specs935-v1/specs935-v1-FA-P015085-U2OS-48h-P5-L2-test/2021-12-21/865/specs935-v1-FA-P015085-U2OS-48h-P5-L2-test_C05_s9_w53B9FA1E7-F020-478E-8354-8322A82FAF33.npy,Aurora kinase inhibitor
P015085,C12,s1,CBK290334,/mnt/micro-images-pvc/specs935-v1/specs935-v1-FA-P015085-U2OS-48h-P5-L2-test/2021-12-21/865/specs935-v1-FA-P015085-U2OS-48h-P5-L2-test_C12_s1_w551ECE943-657C-42A0-98BB-164BCA6130FD.npy,ATPase inhibitor
P015085,C12,s2,CBK290334,/mnt/micro-images-pvc/specs935-v1/specs935-v1-FA-P015085-U2OS-48h-P5-L2-test/2021-12-21/865/specs935-v1-FA-P015085-U2OS-48h-P5-L2-test_C12_s2_w59A11FEAE-5F89-4F8E-B00A-407DFBF7A8D4.npy,ATPase inhibitor
P015085,C12,s3,CBK290334,/mnt/micro-images-pvc/specs935-v1/specs935-v1-FA-P015085-U2OS-48h-P5-L2-test/2021-12-21/865/specs935-v1-FA-P015085-U2OS-48h-P5-L2-test_C12_s3_w5E686BF13-7180-479B-B931-39029A0F7327.npy,ATPase inhibitor
P015085,C12,s4,CBK290334,/mnt/micro-images-pvc/specs935-v1/specs935-v1-FA-P015085-U2OS-48h-P5-L2-test/2021-12-21/865/specs935-v1-FA-P015085-U2OS-48h-P5-L2-test_C12_s4_w5A1B1268F-9408-49DF-97A0-157E69A267A7.npy,ATPase inhibitor
P015085,C12,s5,CBK290334,/mnt/micro-images-pvc/specs935-v1/specs935-v1-FA-P015085-U2OS-48h-P5-L2-test/2021-12-21/865/specs935-v1-FA-P015085-U2OS-48h-P5-L2-test_C12_s5_w581E9E202-CE11-4E5A-B6E5-AFB034F80EDB.npy,ATPase inhibitor
P015085,C12,s6,CBK290334,/mnt/micro-images-pvc/specs935-v1/specs935-v1-FA-P015085-U2OS-48h-P5-L2-test/2021-12-21/865/specs935-v1-FA-P015085-U2OS-48h-P5-L2-test_C12_s6_w5D5FD72D8-85F7-425B-8C6B-35AA50910DC8.npy,ATPase inhibitor
P015085,C12,s7,CBK290334,/mnt/micro-images-pvc/specs935-v1/specs935-v1-FA-P015085-U2OS-48h-P5-L2-test/2021-12-21/865/specs935-v1-FA-P015085-U2OS-48h-P5-L2-test_C12_s7_w5CDC639B6-68A6-4744-BB29-F6F6C7155A4C.npy,ATPase inhibitor
P015085,C12,s8,CBK290334,/mnt/micro-images-pvc/specs935-v1/specs935-v1-FA-P015085-U2OS-48h-P5-L2-test/2021-12-21/865/specs935-v1-FA-P015085-U2OS-48h-P5-L2-test_C12_s8_w5CB6D3E7E-13A8-4313-A6AC-46E49D8523BC.npy,ATPase inhibitor
P015085,C12,s9,CBK290334,/mnt/micro-images-pvc/specs935-v1/specs935-v1-FA-P015085-U2OS-48h-P5-L2-test/2021-12-21/865/specs935-v1-FA-P015085-U2OS-48h-P5-L2-test_C12_s9_w5D756987D-2777-4702-A7F0-DBCD968A6B10.npy,ATPase inhibitor
P015085,C23,s1,CBK288285,/mnt/micro-images-pvc/specs935-v1/specs935-v1-FA-P015085-U2OS-48h-P5-L2-test/2021-12-21/865/specs935-v1-FA-P015085-U2OS-48h-P5-L2-test_C23_s1_w56B3F557B-023A-4891-97E5-9943172675DE.npy,Aurora kinase inhibitor
P015085,C23,s2,CBK288285,/mnt/micro-images-pvc/specs935-v1/specs935-v1-FA-P015085-U2OS-48h-P5-L2-test/2021-12-21/865/specs935-v1-FA-P015085-U2OS-48h-P5-L2-test_C23_s2_w5CE18CA53-E3DC-4DB7-A08E-7312CDF88E02.npy,Aurora kinase inhibitor
P015085,C23,s3,CBK288285,/mnt/micro-images-pvc/specs935-v1/specs935-v1-FA-P015085-U2OS-48h-P5-L2-test/2021-12-21/865/specs935-v1-FA-P015085-U2OS-48h-P5-L2-test_C23_s3_w5D8A7901B-3776-454C-A732-D94A162D274A.npy,Aurora kinase inhibitor
P015085,C23,s4,CBK288285,/mnt/micro-images-pvc/specs935-v1/specs935-v1-FA-P015085-U2OS-48h-P5-L2-test/2021-12-21/865/specs935-v1-FA-P015085-U2OS-48h-P5-L2-test_C23_s4_w552DDBAF7-8094-42C7-8CE1-CB3D2CDD0DB9.npy,Aurora kinase inhibitor
P015085,C23,s5,CBK288285,/mnt/micro-images-pvc/specs935-v1/specs935-v1-FA-P015085-U2OS-48h-P5-L2-test/2021-12-21/865/specs935-v1-FA-P015085-U2OS-48h-P5-L2-test_C23_s5_w5AB138029-A366-431B-B0D5-09942498577D.npy,Aurora kinase inhibitor
P015085,C23,s6,CBK288285,/mnt/micro-images-pvc/specs935-v1/specs935-v1-FA-P015085-U2OS-48h-P5-L2-test/2021-12-21/865/specs935-v1-FA-P015085-U2OS-48h-P5-L2-test_C23_s6_w59F885D6C-B6F3-4FAE-A657-EBD9CBCE51A5.npy,Aurora kinase inhibitor
P015085,C23,s7,CBK288285,/mnt/micro-images-pvc/specs935-v1/specs935-v1-FA-P015085-U2OS-48h-P5-L2-test/2021-12-21/865/specs935-v1-FA-P015085-U2OS-48h-P5-L2-test_C23_s7_w51E6B21D9-06E2-45A8-8955-718D28F9C0AC.npy,Aurora kinase inhibitor
P015085,C23,s8,CBK288285,/mnt/micro-images-pvc/specs935-v1/specs935-v1-FA-P015085-U2OS-48h-P5-L2-test/2021-12-21/865/specs935-v1-FA-P015085-U2OS-48h-P5-L2-test_C23_s8_w5863AD765-2F3E-4D0D-AE91-92AE27214246.npy,Aurora kinase inhibitor
P015085,C23,s9,CBK288285,/mnt/micro-images-pvc/specs935-v1/specs935-v1-FA-P015085-U2OS-48h-P5-L2-test/2021-12-21/865/specs935-v1-FA-P015085-U2OS-48h-P5-L2-test_C23_s9_w5CFF58219-7F65-44FB-8CDF-B5432EDDA177.npy,Aurora kinase inhibitor
P015085,D04,s1,CBK277955,/mnt/micro-images-pvc/specs935-v1/specs935-v1-FA-P015085-U2OS-48h-P5-L2-test/2021-12-21/865/specs935-v1-FA-P015085-U2OS-48h-P5-L2-test_D04_s1_w5791C097F-9B92-45CD-BA3C-B0CF98CB61BF.npy,Aurora kinase inhibitor
P015085,D04,s2,CBK277955,/mnt/micro-images-pvc/specs935-v1/specs935-v1-FA-P015085-U2OS-48h-P5-L2-test/2021-12-21/865/specs935-v1-FA-P015085-U2OS-48h-P5-L2-test_D04_s2_w58263DC25-AEE8-434B-B482-9F919C5570A0.npy,Aurora kinase inhibitor
P015085,D04,s3,CBK277955,/mnt/micro-images-pvc/specs935-v1/specs935-v1-FA-P015085-U2OS-48h-P5-L2-test/2021-12-21/865/specs935-v1-FA-P015085-U2OS-48h-P5-L2-test_D04_s3_w581EE6BA2-F58D-4543-9B64-D093CDC23776.npy,Aurora kinase inhibitor
P015085,D04,s4,CBK277955,/mnt/micro-images-pvc/specs935-v1/specs935-v1-FA-P015085-U2OS-48h-P5-L2-test/2021-12-21/865/specs935-v1-FA-P015085-U2OS-48h-P5-L2-test_D04_s4_w54029019F-6826-4373-BC5F-DD2810B3AF98.npy,Aurora kinase inhibitor
P015085,D04,s5,CBK277955,/mnt/micro-images-pvc/specs935-v1/specs935-v1-FA-P015085-U2OS-48h-P5-L2-test/2021-12-21/865/specs935-v1-FA-P015085-U2OS-48h-P5-L2-test_D04_s5_w55CF1FCFA-9E76-478E-AB62-8CB33C7E89F0.npy,Aurora kinase inhibitor
P015085,D04,s6,CBK277955,/mnt/micro-images-pvc/specs935-v1/specs935-v1-FA-P015085-U2OS-48h-P5-L2-test/2021-12-21/865/specs935-v1-FA-P015085-U2OS-48h-P5-L2-test_D04_s6_w538A1F1AE-44AC-4343-8D39-0D0FC8B8559A.npy,Aurora kinase inhibitor
P015085,D04,s7,CBK277955,/mnt/micro-images-pvc/specs935-v1/specs935-v1-FA-P015085-U2OS-48h-P5-L2-test/2021-12-21/865/specs935-v1-FA-P015085-U2OS-48h-P5-L2-test_D04_s7_w55F97C540-F5FD-4B2C-AD6F-82771ABC229B.npy,Aurora kinase inhibitor
P015085,D04,s8,CBK277955,/mnt/micro-images-pvc/specs935-v1/specs935-v1-FA-P015085-U2OS-48h-P5-L2-test/2021-12-21/865/specs935-v1-FA-P015085-U2OS-48h-P5-L2-test_D04_s8_w5769F8BE8-5F51-4AB9-A9E0-7CB420BDCABE.npy,Aurora kinase inhibitor
P015085,D04,s9,CBK277955,/mnt/micro-images-pvc/specs935-v1/specs935-v1-FA-P015085-U2OS-48h-P5-L2-test/2021-12-21/865/specs935-v1-FA-P015085-U2OS-48h-P5-L2-test_D04_s9_w566EC9C76-91E5-4809-96B9-3944D88AE3CB.npy,Aurora kinase inhibitor
P015085,D06,s1,CBK308980,/mnt/micro-images-pvc/specs935-v1/specs935-v1-FA-P015085-U2OS-48h-P5-L2-test/2021-12-21/865/specs935-v1-FA-P015085-U2OS-48h-P5-L2-test_D06_s1_w5C15FB4ED-41CB-416E-A00C-B871644DFB06.npy,ATPase inhibitor
P015085,D06,s2,CBK308980,/mnt/micro-images-pvc/specs935-v1/specs935-v1-FA-P015085-U2OS-48h-P5-L2-test/2021-12-21/865/specs935-v1-FA-P015085-U2OS-48h-P5-L2-test_D06_s2_w544EE862F-C972-4C16-9CDD-FE184E8B3107.npy,ATPase inhibitor
P015085,D06,s3,CBK308980,/mnt/micro-images-pvc/specs935-v1/specs935-v1-FA-P015085-U2OS-48h-P5-L2-test/2021-12-21/865/specs935-v1-FA-P015085-U2OS-48h-P5-L2-test_D06_s3_w5158922D0-784C-4092-92FF-E59597D7DBE4.npy,ATPase inhibitor
P015085,D06,s4,CBK308980,/mnt/micro-images-pvc/specs935-v1/specs935-v1-FA-P015085-U2OS-48h-P5-L2-test/2021-12-21/865/specs935-v1-FA-P015085-U2OS-48h-P5-L2-test_D06_s4_w56B3EFD7C-988F-4F6A-82E5-1394DA4497E3.npy,ATPase inhibitor
P015085,D06,s5,CBK308980,/mnt/micro-images-pvc/specs935-v1/specs935-v1-FA-P015085-U2OS-48h-P5-L2-test/2021-12-21/865/specs935-v1-FA-P015085-U2OS-48h-P5-L2-test_D06_s5_w5C9BDF085-07B4-452C-9FC9-8FBF3B05B466.npy,ATPase inhibitor
P015085,D06,s6,CBK308980,/mnt/micro-images-pvc/specs935-v1/specs935-v1-FA-P015085-U2OS-48h-P5-L2-test/2021-12-21/865/specs935-v1-FA-P015085-U2OS-48h-P5-L2-test_D06_s6_w539BEF0CA-9FAB-40B2-88BA-F9AAF4C53E41.npy,ATPase inhibitor
P015085,D06,s7,CBK308980,/mnt/micro-images-pvc/specs935-v1/specs935-v1-FA-P015085-U2OS-48h-P5-L2-test/2021-12-21/865/specs935-v1-FA-P015085-U2OS-48h-P5-L2-test_D06_s7_w5CA2E7799-8CBB-45E1-A3F6-E6EDAE7C8DFD.npy,ATPase inhibitor
P015085,D06,s8,CBK308980,/mnt/micro-images-pvc/specs935-v1/specs935-v1-FA-P015085-U2OS-48h-P5-L2-test/2021-12-21/865/specs935-v1-FA-P015085-U2OS-48h-P5-L2-test_D06_s8_w526742254-4DCF-4A58-A055-DF7F8E920F4F.npy,ATPase inhibitor
P015085,D06,s9,CBK308980,/mnt/micro-images-pvc/specs935-v1/specs935-v1-FA-P015085-U2OS-48h-P5-L2-test/2021-12-21/865/specs935-v1-FA-P015085-U2OS-48h-P5-L2-test_D06_s9_w57BF32AB5-6D49-4110-AB9E-3E7B042A3BA7.npy,ATPase inhibitor
P015085,D08,s1,CBK308101,/mnt/micro-images-pvc/specs935-v1/specs935-v1-FA-P015085-U2OS-48h-P5-L2-test/2021-12-21/865/specs935-v1-FA-P015085-U2OS-48h-P5-L2-test_D08_s1_w588580989-2A90-42ED-8878-596828E84391.npy,Aurora kinase inhibitor
P015085,D08,s2,CBK308101,/mnt/micro-images-pvc/specs935-v1/specs935-v1-FA-P015085-U2OS-48h-P5-L2-test/2021-12-21/865/specs935-v1-FA-P015085-U2OS-48h-P5-L2-test_D08_s2_w5F2664552-B3C2-41E4-952F-7C120D7BD068.npy,Aurora kinase inhibitor
P015085,D08,s3,CBK308101,/mnt/micro-images-pvc/specs935-v1/specs935-v1-FA-P015085-U2OS-48h-P5-L2-test/2021-12-21/865/specs935-v1-FA-P015085-U2OS-48h-P5-L2-test_D08_s3_w54D1B5378-9D82-45D6-83AB-20E635614E94.npy,Aurora kinase inhibitor
P015085,D08,s4,CBK308101,/mnt/micro-images-pvc/specs935-v1/specs935-v1-FA-P015085-U2OS-48h-P5-L2-test/2021-12-21/865/specs935-v1-FA-P015085-U2OS-48h-P5-L2-test_D08_s4_w5A15AB15C-3741-4700-92F5-4691B237AD95.npy,Aurora kinase inhibitor
P015085,D08,s5,CBK308101,/mnt/micro-images-pvc/specs935-v1/specs935-v1-FA-P015085-U2OS-48h-P5-L2-test/2021-12-21/865/specs935-v1-FA-P015085-U2OS-48h-P5-L2-test_D08_s5_w597D2FECA-7402-4987-A6CF-7ECAF7E7710F.npy,Aurora kinase inhibitor
P015085,D08,s6,CBK308101,/mnt/micro-images-pvc/specs935-v1/specs935-v1-FA-P015085-U2OS-48h-P5-L2-test/2021-12-21/865/specs935-v1-FA-P015085-U2OS-48h-P5-L2-test_D08_s6_w52468BCE3-9E7E-4024-B65A-80FA96D9F00B.npy,Aurora kinase inhibitor
P015085,D08,s7,CBK308101,/mnt/micro-images-pvc/specs935-v1/specs935-v1-FA-P015085-U2OS-48h-P5-L2-test/2021-12-21/865/specs935-v1-FA-P015085-U2OS-48h-P5-L2-test_D08_s7_w5B35751DC-B78C-4DE3-9277-BDB94F97E18B.npy,Aurora kinase inhibitor
P015085,D08,s8,CBK308101,/mnt/micro-images-pvc/specs935-v1/specs935-v1-FA-P015085-U2OS-48h-P5-L2-test/2021-12-21/865/specs935-v1-FA-P015085-U2OS-48h-P5-L2-test_D08_s8_w5EED4FEDA-3D80-45DD-9DB5-B012397989ED.npy,Aurora kinase inhibitor
P015085,D08,s9,CBK308101,/mnt/micro-images-pvc/specs935-v1/specs935-v1-FA-P015085-U2OS-48h-P5-L2-test/2021-12-21/865/specs935-v1-FA-P015085-U2OS-48h-P5-L2-test_D08_s9_w508A98BF9-CD7C-48E0-8DD0-E052526D0F74.npy,Aurora kinase inhibitor
P015085,D21,s1,CBK308709,/mnt/micro-images-pvc/specs935-v1/specs935-v1-FA-P015085-U2OS-48h-P5-L2-test/2021-12-21/865/specs935-v1-FA-P015085-U2OS-48h-P5-L2-test_D21_s1_w50060B993-4837-4616-8463-3E99FBF1E9F4.npy,ATPase inhibitor
P015085,D21,s2,CBK308709,/mnt/micro-images-pvc/specs935-v1/specs935-v1-FA-P015085-U2OS-48h-P5-L2-test/2021-12-21/865/specs935-v1-FA-P015085-U2OS-48h-P5-L2-test_D21_s2_w540FC01B9-0A77-45C0-B4B4-506650F244C4.npy,ATPase inhibitor
P015085,D21,s3,CBK308709,/mnt/micro-images-pvc/specs935-v1/specs935-v1-FA-P015085-U2OS-48h-P5-L2-test/2021-12-21/865/specs935-v1-FA-P015085-U2OS-48h-P5-L2-test_D21_s3_w5D5446866-2F77-45B4-B49F-219EEF09043F.npy,ATPase inhibitor
P015085,D21,s4,CBK308709,/mnt/micro-images-pvc/specs935-v1/specs935-v1-FA-P015085-U2OS-48h-P5-L2-test/2021-12-21/865/specs935-v1-FA-P015085-U2OS-48h-P5-L2-test_D21_s4_w58E902CCC-A60C-4F9E-97D6-013F390A15BC.npy,ATPase inhibitor
P015085,D21,s5,CBK308709,/mnt/micro-images-pvc/specs935-v1/specs935-v1-FA-P015085-U2OS-48h-P5-L2-test/2021-12-21/865/specs935-v1-FA-P015085-U2OS-48h-P5-L2-test_D21_s5_w58EFE63B5-B5F0-4A29-9C43-D67E03455A2F.npy,ATPase inhibitor
P015085,D21,s6,CBK308709,/mnt/micro-images-pvc/specs935-v1/specs935-v1-FA-P015085-U2OS-48h-P5-L2-test/2021-12-21/865/specs935-v1-FA-P015085-U2OS-48h-P5-L2-test_D21_s6_w50E5F0828-3044-41D7-89EF-26B028C9818F.npy,ATPase inhibitor
P015085,D21,s7,CBK308709,/mnt/micro-images-pvc/specs935-v1/specs935-v1-FA-P015085-U2OS-48h-P5-L2-test/2021-12-21/865/specs935-v1-FA-P015085-U2OS-48h-P5-L2-test_D21_s7_w57AA40997-A191-4423-B89E-357B099DE3C0.npy,ATPase inhibitor
P015085,D21,s8,CBK308709,/mnt/micro-images-pvc/specs935-v1/specs935-v1-FA-P015085-U2OS-48h-P5-L2-test/2021-12-21/865/specs935-v1-FA-P015085-U2OS-48h-P5-L2-test_D21_s8_w57B09FF75-802F-4D8F-9A92-FA009AA75C22.npy,ATPase inhibitor
P015085,D21,s9,CBK308709,/mnt/micro-images-pvc/specs935-v1/specs935-v1-FA-P015085-U2OS-48h-P5-L2-test/2021-12-21/865/specs935-v1-FA-P015085-U2OS-48h-P5-L2-test_D21_s9_w51D0076E8-2FBD-4917-9B21-28B50C7693C7.npy,ATPase inhibitor
P015085,E03,s1,CBK290334,/mnt/micro-images-pvc/specs935-v1/specs935-v1-FA-P015085-U2OS-48h-P5-L2-test/2021-12-21/865/specs935-v1-FA-P015085-U2OS-48h-P5-L2-test_E03_s1_w5A9E36ED2-1506-4597-BDF2-4F74327E3D07.npy,ATPase inhibitor
P015085,E03,s2,CBK290334,/mnt/micro-images-pvc/specs935-v1/specs935-v1-FA-P015085-U2OS-48h-P5-L2-test/2021-12-21/865/specs935-v1-FA-P015085-U2OS-48h-P5-L2-test_E03_s2_w59FAE7EA6-757B-4D8B-A131-F5B7B8B18F3A.npy,ATPase inhibitor
P015085,E03,s3,CBK290334,/mnt/micro-images-pvc/specs935-v1/specs935-v1-FA-P015085-U2OS-48h-P5-L2-test/2021-12-21/865/specs935-v1-FA-P015085-U2OS-48h-P5-L2-test_E03_s3_w555C4E4CC-94F6-49DE-BED8-B172271CECFB.npy,ATPase inhibitor
P015085,E03,s4,CBK290334,/mnt/micro-images-pvc/specs935-v1/specs935-v1-FA-P015085-U2OS-48h-P5-L2-test/2021-12-21/865/specs935-v1-FA-P015085-U2OS-48h-P5-L2-test_E03_s4_w51C6E3127-A3E8-4273-951F-31E3D8231803.npy,ATPase inhibitor
P015085,E03,s5,CBK290334,/mnt/micro-images-pvc/specs935-v1/specs935-v1-FA-P015085-U2OS-48h-P5-L2-test/2021-12-21/865/specs935-v1-FA-P015085-U2OS-48h-P5-L2-test_E03_s5_w51166FE71-8676-4657-A5AA-4C433492665D.npy,ATPase inhibitor
P015085,E03,s6,CBK290334,/mnt/micro-images-pvc/specs935-v1/specs935-v1-FA-P015085-U2OS-48h-P5-L2-test/2021-12-21/865/specs935-v1-FA-P015085-U2OS-48h-P5-L2-test_E03_s6_w5771B35A0-D044-4508-9601-3C5EBBCDB78C.npy,ATPase inhibitor
P015085,E03,s7,CBK290334,/mnt/micro-images-pvc/specs935-v1/specs935-v1-FA-P015085-U2OS-48h-P5-L2-test/2021-12-21/865/specs935-v1-FA-P015085-U2OS-48h-P5-L2-test_E03_s7_w5BA59BBBF-D46F-4502-B9EB-03B87CE878E8.npy,ATPase inhibitor
P015085,E03,s8,CBK290334,/mnt/micro-images-pvc/specs935-v1/specs935-v1-FA-P015085-U2OS-48h-P5-L2-test/2021-12-21/865/specs935-v1-FA-P015085-U2OS-48h-P5-L2-test_E03_s8_w520403D84-D24E-4F03-99F4-28ED5436D37E.npy,ATPase inhibitor
P015085,E03,s9,CBK290334,/mnt/micro-images-pvc/specs935-v1/specs935-v1-FA-P015085-U2OS-48h-P5-L2-test/2021-12-21/865/specs935-v1-FA-P015085-U2OS-48h-P5-L2-test_E03_s9_w59B33F220-78A2-4C3B-AFBB-E2B08937B004.npy,ATPase inhibitor
P015085,E04,s1,CBK308980,/mnt/micro-images-pvc/specs935-v1/specs935-v1-FA-P015085-U2OS-48h-P5-L2-test/2021-12-21/865/specs935-v1-FA-P015085-U2OS-48h-P5-L2-test_E04_s1_w53F127C29-B272-4CC5-9527-BE89FE4CD940.npy,ATPase inhibitor
P015085,E04,s2,CBK308980,/mnt/micro-images-pvc/specs935-v1/specs935-v1-FA-P015085-U2OS-48h-P5-L2-test/2021-12-21/865/specs935-v1-FA-P015085-U2OS-48h-P5-L2-test_E04_s2_w5E7CF1C04-11EE-48B5-8C1C-457CEE8225E1.npy,ATPase inhibitor
P015085,E04,s3,CBK308980,/mnt/micro-images-pvc/specs935-v1/specs935-v1-FA-P015085-U2OS-48h-P5-L2-test/2021-12-21/865/specs935-v1-FA-P015085-U2OS-48h-P5-L2-test_E04_s3_w5CB614B8B-1CDA-4192-901E-050D600DD29E.npy,ATPase inhibitor
P015085,E04,s4,CBK308980,/mnt/micro-images-pvc/specs935-v1/specs935-v1-FA-P015085-U2OS-48h-P5-L2-test/2021-12-21/865/specs935-v1-FA-P015085-U2OS-48h-P5-L2-test_E04_s4_w5B4651DFA-98E9-4AFD-B771-7FE09852102A.npy,ATPase inhibitor
P015085,E04,s5,CBK308980,/mnt/micro-images-pvc/specs935-v1/specs935-v1-FA-P015085-U2OS-48h-P5-L2-test/2021-12-21/865/specs935-v1-FA-P015085-U2OS-48h-P5-L2-test_E04_s5_w5C075F576-AD34-4408-A207-CBF19DA6ADF2.npy,ATPase inhibitor
P015085,E04,s6,CBK308980,/mnt/micro-images-pvc/specs935-v1/specs935-v1-FA-P015085-U2OS-48h-P5-L2-test/2021-12-21/865/specs935-v1-FA-P015085-U2OS-48h-P5-L2-test_E04_s6_w5F8E8AAEF-602F-4996-9087-B280B72E0032.npy,ATPase inhibitor
P015085,E04,s7,CBK308980,/mnt/micro-images-pvc/specs935-v1/specs935-v1-FA-P015085-U2OS-48h-P5-L2-test/2021-12-21/865/specs935-v1-FA-P015085-U2OS-48h-P5-L2-test_E04_s7_w5152F655F-05BF-4B1A-90B8-F9048AA7E3B0.npy,ATPase inhibitor
P015085,E04,s8,CBK308980,/mnt/micro-images-pvc/specs935-v1/specs935-v1-FA-P015085-U2OS-48h-P5-L2-test/2021-12-21/865/specs935-v1-FA-P015085-U2OS-48h-P5-L2-test_E04_s8_w5C2DC4EE6-968E-468C-A266-FC31649628E9.npy,ATPase inhibitor
P015085,E04,s9,CBK308980,/mnt/micro-images-pvc/specs935-v1/specs935-v1-FA-P015085-U2OS-48h-P5-L2-test/2021-12-21/865/specs935-v1-FA-P015085-U2OS-48h-P5-L2-test_E04_s9_w558C289FD-C2BE-4B55-9F74-ED951035F139.npy,ATPase inhibitor
P015085,E06,s1,CBK291084,/mnt/micro-images-pvc/specs935-v1/specs935-v1-FA-P015085-U2OS-48h-P5-L2-test/2021-12-21/865/specs935-v1-FA-P015085-U2OS-48h-P5-L2-test_E06_s1_w56A57CE98-69B4-4F21-8C32-F7641B2B3814.npy,ATPase inhibitor
P015085,E06,s2,CBK291084,/mnt/micro-images-pvc/specs935-v1/specs935-v1-FA-P015085-U2OS-48h-P5-L2-test/2021-12-21/865/specs935-v1-FA-P015085-U2OS-48h-P5-L2-test_E06_s2_w5BA193A2C-F44B-436A-8C31-D1FA0016CC89.npy,ATPase inhibitor
P015085,E06,s3,CBK291084,/mnt/micro-images-pvc/specs935-v1/specs935-v1-FA-P015085-U2OS-48h-P5-L2-test/2021-12-21/865/specs935-v1-FA-P015085-U2OS-48h-P5-L2-test_E06_s3_w52E23F21C-C760-47A8-97F6-C8445B98C7DA.npy,ATPase inhibitor
P015085,E06,s4,CBK291084,/mnt/micro-images-pvc/specs935-v1/specs935-v1-FA-P015085-U2OS-48h-P5-L2-test/2021-12-21/865/specs935-v1-FA-P015085-U2OS-48h-P5-L2-test_E06_s4_w51229DEFD-3C8E-4FF5-8FAF-9C8CC6C39492.npy,ATPase inhibitor
P015085,E06,s5,CBK291084,/mnt/micro-images-pvc/specs935-v1/specs935-v1-FA-P015085-U2OS-48h-P5-L2-test/2021-12-21/865/specs935-v1-FA-P015085-U2OS-48h-P5-L2-test_E06_s5_w5DED62F17-7242-4D82-B8FE-8DC8251DE76F.npy,ATPase inhibitor
P015085,E06,s6,CBK291084,/mnt/micro-images-pvc/specs935-v1/specs935-v1-FA-P015085-U2OS-48h-P5-L2-test/2021-12-21/865/specs935-v1-FA-P015085-U2OS-48h-P5-L2-test_E06_s6_w5EEC8A66C-0831-4999-A520-24CCD4D3971A.npy,ATPase inhibitor
P015085,E06,s7,CBK291084,/mnt/micro-images-pvc/specs935-v1/specs935-v1-FA-P015085-U2OS-48h-P5-L2-test/2021-12-21/865/specs935-v1-FA-P015085-U2OS-48h-P5-L2-test_E06_s7_w53B5CB2DF-48AA-4938-AE86-96C406758B12.npy,ATPase inhibitor
P015085,E06,s8,CBK291084,/mnt/micro-images-pvc/specs935-v1/specs935-v1-FA-P015085-U2OS-48h-P5-L2-test/2021-12-21/865/specs935-v1-FA-P015085-U2OS-48h-P5-L2-test_E06_s8_w5E0FDE327-7A31-4A0E-98DF-23A01DCC7CCB.npy,ATPase inhibitor
P015085,E06,s9,CBK291084,/mnt/micro-images-pvc/specs935-v1/specs935-v1-FA-P015085-U2OS-48h-P5-L2-test/2021-12-21/865/specs935-v1-FA-P015085-U2OS-48h-P5-L2-test_E06_s9_w5AABC5547-A399-4D65-9D88-DC24438C24AA.npy,ATPase inhibitor
P015085,E11,s1,CBK200716,/mnt/micro-images-pvc/specs935-v1/specs935-v1-FA-P015085-U2OS-48h-P5-L2-test/2021-12-21/865/specs935-v1-FA-P015085-U2OS-48h-P5-L2-test_E11_s1_w5248E9078-8897-4472-98E1-795DD9CD7450.npy,ATPase inhibitor
P015085,E11,s2,CBK200716,/mnt/micro-images-pvc/specs935-v1/specs935-v1-FA-P015085-U2OS-48h-P5-L2-test/2021-12-21/865/specs935-v1-FA-P015085-U2OS-48h-P5-L2-test_E11_s2_w555C8FF03-D7A9-414B-835A-1D6063D02ACE.npy,ATPase inhibitor
P015085,E11,s3,CBK200716,/mnt/micro-images-pvc/specs935-v1/specs935-v1-FA-P015085-U2OS-48h-P5-L2-test/2021-12-21/865/specs935-v1-FA-P015085-U2OS-48h-P5-L2-test_E11_s3_w5F74F528E-4636-48D0-A9FE-09FB5D39D278.npy,ATPase inhibitor
P015085,E11,s4,CBK200716,/mnt/micro-images-pvc/specs935-v1/specs935-v1-FA-P015085-U2OS-48h-P5-L2-test/2021-12-21/865/specs935-v1-FA-P015085-U2OS-48h-P5-L2-test_E11_s4_w5B46C5EC9-8E3B-456A-8B65-531BB5C102BF.npy,ATPase inhibitor
P015085,E11,s5,CBK200716,/mnt/micro-images-pvc/specs935-v1/specs935-v1-FA-P015085-U2OS-48h-P5-L2-test/2021-12-21/865/specs935-v1-FA-P015085-U2OS-48h-P5-L2-test_E11_s5_w5629177F0-8216-4057-821D-E895A93EC24A.npy,ATPase inhibitor
P015085,E11,s6,CBK200716,/mnt/micro-images-pvc/specs935-v1/specs935-v1-FA-P015085-U2OS-48h-P5-L2-test/2021-12-21/865/specs935-v1-FA-P015085-U2OS-48h-P5-L2-test_E11_s6_w5435CCAAB-C6D1-4290-86F0-E07739DAD778.npy,ATPase inhibitor
P015085,E11,s7,CBK200716,/mnt/micro-images-pvc/specs935-v1/specs935-v1-FA-P015085-U2OS-48h-P5-L2-test/2021-12-21/865/specs935-v1-FA-P015085-U2OS-48h-P5-L2-test_E11_s7_w58532F803-2C49-4A76-8A85-AFD81D7C40F8.npy,ATPase inhibitor
P015085,E11,s8,CBK200716,/mnt/micro-images-pvc/specs935-v1/specs935-v1-FA-P015085-U2OS-48h-P5-L2-test/2021-12-21/865/specs935-v1-FA-P015085-U2OS-48h-P5-L2-test_E11_s8_w53DBEA2C6-47BD-42BD-BE27-AA0B58A3B9E9.npy,ATPase inhibitor
P015085,E11,s9,CBK200716,/mnt/micro-images-pvc/specs935-v1/specs935-v1-FA-P015085-U2OS-48h-P5-L2-test/2021-12-21/865/specs935-v1-FA-P015085-U2OS-48h-P5-L2-test_E11_s9_w58A7D293E-09EE-490A-A2A5-D0A31EDEDB7D.npy,ATPase inhibitor
P015085,E12,s1,CBK288286,/mnt/micro-images-pvc/specs935-v1/specs935-v1-FA-P015085-U2OS-48h-P5-L2-test/2021-12-21/865/specs935-v1-FA-P015085-U2OS-48h-P5-L2-test_E12_s1_w51D0240EA-EE77-4E67-880A-FCD2B9BCFF66.npy,Aurora kinase inhibitor
P015085,E12,s2,CBK288286,/mnt/micro-images-pvc/specs935-v1/specs935-v1-FA-P015085-U2OS-48h-P5-L2-test/2021-12-21/865/specs935-v1-FA-P015085-U2OS-48h-P5-L2-test_E12_s2_w577A83536-067D-44C3-ADDD-3CF722E9DBDD.npy,Aurora kinase inhibitor
P015085,E12,s3,CBK288286,/mnt/micro-images-pvc/specs935-v1/specs935-v1-FA-P015085-U2OS-48h-P5-L2-test/2021-12-21/865/specs935-v1-FA-P015085-U2OS-48h-P5-L2-test_E12_s3_w5DB4C6C2A-65A2-4D02-ACF6-085BE8817184.npy,Aurora kinase inhibitor
P015085,E12,s4,CBK288286,/mnt/micro-images-pvc/specs935-v1/specs935-v1-FA-P015085-U2OS-48h-P5-L2-test/2021-12-21/865/specs935-v1-FA-P015085-U2OS-48h-P5-L2-test_E12_s4_w5A311A6F4-2732-40C3-8F08-86ABB7F6D564.npy,Aurora kinase inhibitor
P015085,E12,s5,CBK288286,/mnt/micro-images-pvc/specs935-v1/specs935-v1-FA-P015085-U2OS-48h-P5-L2-test/2021-12-21/865/specs935-v1-FA-P015085-U2OS-48h-P5-L2-test_E12_s5_w50854AE65-0DF2-4BD8-B18C-EB9917F8CAC4.npy,Aurora kinase inhibitor
P015085,E12,s6,CBK288286,/mnt/micro-images-pvc/specs935-v1/specs935-v1-FA-P015085-U2OS-48h-P5-L2-test/2021-12-21/865/specs935-v1-FA-P015085-U2OS-48h-P5-L2-test_E12_s6_w524673B85-D85F-4DC3-97E7-53D223DB82B5.npy,Aurora kinase inhibitor
P015085,E12,s7,CBK288286,/mnt/micro-images-pvc/specs935-v1/specs935-v1-FA-P015085-U2OS-48h-P5-L2-test/2021-12-21/865/specs935-v1-FA-P015085-U2OS-48h-P5-L2-test_E12_s7_w59BA09532-393B-4316-9F16-D6A3DC6B141C.npy,Aurora kinase inhibitor
P015085,E12,s8,CBK288286,/mnt/micro-images-pvc/specs935-v1/specs935-v1-FA-P015085-U2OS-48h-P5-L2-test/2021-12-21/865/specs935-v1-FA-P015085-U2OS-48h-P5-L2-test_E12_s8_w5DC8A411A-C5B1-40D1-A5F4-54A5239E2665.npy,Aurora kinase inhibitor
P015085,E12,s9,CBK288286,/mnt/micro-images-pvc/specs935-v1/specs935-v1-FA-P015085-U2OS-48h-P5-L2-test/2021-12-21/865/specs935-v1-FA-P015085-U2OS-48h-P5-L2-test_E12_s9_w542766040-E665-41D7-BFAD-67EEE16F2D3D.npy,Aurora kinase inhibitor
P015085,E20,s1,CBK290829,/mnt/micro-images-pvc/specs935-v1/specs935-v1-FA-P015085-U2OS-48h-P5-L2-test/2021-12-21/865/specs935-v1-FA-P015085-U2OS-48h-P5-L2-test_E20_s1_w51441AC51-571F-4745-AFBF-99F27753FFA6.npy,Aurora kinase inhibitor
P015085,E20,s2,CBK290829,/mnt/micro-images-pvc/specs935-v1/specs935-v1-FA-P015085-U2OS-48h-P5-L2-test/2021-12-21/865/specs935-v1-FA-P015085-U2OS-48h-P5-L2-test_E20_s2_w506986FA6-28F3-4505-B01E-815426D47C03.npy,Aurora kinase inhibitor
P015085,E20,s3,CBK290829,/mnt/micro-images-pvc/specs935-v1/specs935-v1-FA-P015085-U2OS-48h-P5-L2-test/2021-12-21/865/specs935-v1-FA-P015085-U2OS-48h-P5-L2-test_E20_s3_w53E3B1786-475E-4474-8410-CFFB767A705F.npy,Aurora kinase inhibitor
P015085,E20,s4,CBK290829,/mnt/micro-images-pvc/specs935-v1/specs935-v1-FA-P015085-U2OS-48h-P5-L2-test/2021-12-21/865/specs935-v1-FA-P015085-U2OS-48h-P5-L2-test_E20_s4_w505ED17DF-8479-482E-87BC-C65F1EF1FE9A.npy,Aurora kinase inhibitor
P015085,E20,s5,CBK290829,/mnt/micro-images-pvc/specs935-v1/specs935-v1-FA-P015085-U2OS-48h-P5-L2-test/2021-12-21/865/specs935-v1-FA-P015085-U2OS-48h-P5-L2-test_E20_s5_w55E649621-EB02-48D7-A106-5593B1D36D05.npy,Aurora kinase inhibitor
P015085,E20,s6,CBK290829,/mnt/micro-images-pvc/specs935-v1/specs935-v1-FA-P015085-U2OS-48h-P5-L2-test/2021-12-21/865/specs935-v1-FA-P015085-U2OS-48h-P5-L2-test_E20_s6_w5D4C96245-46F5-4731-A37F-1317E79E258D.npy,Aurora kinase inhibitor
P015085,E20,s7,CBK290829,/mnt/micro-images-pvc/specs935-v1/specs935-v1-FA-P015085-U2OS-48h-P5-L2-test/2021-12-21/865/specs935-v1-FA-P015085-U2OS-48h-P5-L2-test_E20_s7_w53EAF238A-264C-4B6F-8B3D-5D520C1E4CB2.npy,Aurora kinase inhibitor
P015085,E20,s8,CBK290829,/mnt/micro-images-pvc/specs935-v1/specs935-v1-FA-P015085-U2OS-48h-P5-L2-test/2021-12-21/865/specs935-v1-FA-P015085-U2OS-48h-P5-L2-test_E20_s8_w533A9043E-E2F0-49B6-BD2E-2FE0F950CE72.npy,Aurora kinase inhibitor
P015085,E20,s9,CBK290829,/mnt/micro-images-pvc/specs935-v1/specs935-v1-FA-P015085-U2OS-48h-P5-L2-test/2021-12-21/865/specs935-v1-FA-P015085-U2OS-48h-P5-L2-test_E20_s9_w5F45D17A1-F19E-4EDB-B22E-80150827C133.npy,Aurora kinase inhibitor
P015085,F02,s1,CBK290684,/mnt/micro-images-pvc/specs935-v1/specs935-v1-FA-P015085-U2OS-48h-P5-L2-test/2021-12-21/865/specs935-v1-FA-P015085-U2OS-48h-P5-L2-test_F02_s1_w59386E98E-A020-4CBB-BABE-D0555A5BD8B8.npy,Aurora kinase inhibitor
P015085,F02,s2,CBK290684,/mnt/micro-images-pvc/specs935-v1/specs935-v1-FA-P015085-U2OS-48h-P5-L2-test/2021-12-21/865/specs935-v1-FA-P015085-U2OS-48h-P5-L2-test_F02_s2_w5E2DEA8CD-F968-4CCC-9F65-2C4FA5C4D978.npy,Aurora kinase inhibitor
P015085,F02,s3,CBK290684,/mnt/micro-images-pvc/specs935-v1/specs935-v1-FA-P015085-U2OS-48h-P5-L2-test/2021-12-21/865/specs935-v1-FA-P015085-U2OS-48h-P5-L2-test_F02_s3_w57961AF1B-E8D8-44DE-AC7A-AC53B16C46BA.npy,Aurora kinase inhibitor
P015085,F02,s4,CBK290684,/mnt/micro-images-pvc/specs935-v1/specs935-v1-FA-P015085-U2OS-48h-P5-L2-test/2021-12-21/865/specs935-v1-FA-P015085-U2OS-48h-P5-L2-test_F02_s4_w50BD5BA40-24D3-4ADF-9240-E8BBAFCF050B.npy,Aurora kinase inhibitor
P015085,F02,s5,CBK290684,/mnt/micro-images-pvc/specs935-v1/specs935-v1-FA-P015085-U2OS-48h-P5-L2-test/2021-12-21/865/specs935-v1-FA-P015085-U2OS-48h-P5-L2-test_F02_s5_w5B5D976B8-970B-416F-A75E-89FBD84D5E04.npy,Aurora kinase inhibitor
P015085,F02,s6,CBK290684,/mnt/micro-images-pvc/specs935-v1/specs935-v1-FA-P015085-U2OS-48h-P5-L2-test/2021-12-21/865/specs935-v1-FA-P015085-U2OS-48h-P5-L2-test_F02_s6_w5C4BFFA4E-DB72-4D87-9BF6-30FB34D8734D.npy,Aurora kinase inhibitor
P015085,F02,s7,CBK290684,/mnt/micro-images-pvc/specs935-v1/specs935-v1-FA-P015085-U2OS-48h-P5-L2-test/2021-12-21/865/specs935-v1-FA-P015085-U2OS-48h-P5-L2-test_F02_s7_w5D31A9BD2-FAA1-46C3-8948-48A78AC4E4D5.npy,Aurora kinase inhibitor
P015085,F02,s8,CBK290684,/mnt/micro-images-pvc/specs935-v1/specs935-v1-FA-P015085-U2OS-48h-P5-L2-test/2021-12-21/865/specs935-v1-FA-P015085-U2OS-48h-P5-L2-test_F02_s8_w5A2B95D44-985A-4453-B12E-8F3AD27D9471.npy,Aurora kinase inhibitor
P015085,F02,s9,CBK290684,/mnt/micro-images-pvc/specs935-v1/specs935-v1-FA-P015085-U2OS-48h-P5-L2-test/2021-12-21/865/specs935-v1-FA-P015085-U2OS-48h-P5-L2-test_F02_s9_w5E884365E-80DF-4211-920A-EF2944B37B0E.npy,Aurora kinase inhibitor
P015085,F05,s1,CBK277972,/mnt/micro-images-pvc/specs935-v1/specs935-v1-FA-P015085-U2OS-48h-P5-L2-test/2021-12-21/865/specs935-v1-FA-P015085-U2OS-48h-P5-L2-test_F05_s1_w5A5AF4CD2-C7D0-41C4-B452-C23896A22C26.npy,Aurora kinase inhibitor
P015085,F05,s2,CBK277972,/mnt/micro-images-pvc/specs935-v1/specs935-v1-FA-P015085-U2OS-48h-P5-L2-test/2021-12-21/865/specs935-v1-FA-P015085-U2OS-48h-P5-L2-test_F05_s2_w5ACD74837-F061-4F2F-A2EE-38E0CE7B36E4.npy,Aurora kinase inhibitor
P015085,F05,s3,CBK277972,/mnt/micro-images-pvc/specs935-v1/specs935-v1-FA-P015085-U2OS-48h-P5-L2-test/2021-12-21/865/specs935-v1-FA-P015085-U2OS-48h-P5-L2-test_F05_s3_w565F3B2F7-612E-4A07-9FD2-6B4BD08612E4.npy,Aurora kinase inhibitor
P015085,F05,s4,CBK277972,/mnt/micro-images-pvc/specs935-v1/specs935-v1-FA-P015085-U2OS-48h-P5-L2-test/2021-12-21/865/specs935-v1-FA-P015085-U2OS-48h-P5-L2-test_F05_s4_w503A41B7D-46AD-411E-83A4-78DF76A2E3D2.npy,Aurora kinase inhibitor
P015085,F05,s5,CBK277972,/mnt/micro-images-pvc/specs935-v1/specs935-v1-FA-P015085-U2OS-48h-P5-L2-test/2021-12-21/865/specs935-v1-FA-P015085-U2OS-48h-P5-L2-test_F05_s5_w5213A47EF-2092-4448-9EE4-3F458862FE58.npy,Aurora kinase inhibitor
P015085,F05,s6,CBK277972,/mnt/micro-images-pvc/specs935-v1/specs935-v1-FA-P015085-U2OS-48h-P5-L2-test/2021-12-21/865/specs935-v1-FA-P015085-U2OS-48h-P5-L2-test_F05_s6_w51EEE46FB-B081-4BB4-9AB4-AF4FA41722A8.npy,Aurora kinase inhibitor
P015085,F05,s7,CBK277972,/mnt/micro-images-pvc/specs935-v1/specs935-v1-FA-P015085-U2OS-48h-P5-L2-test/2021-12-21/865/specs935-v1-FA-P015085-U2OS-48h-P5-L2-test_F05_s7_w50D4F968E-6172-406A-8245-4CDC13001B0B.npy,Aurora kinase inhibitor
P015085,F05,s8,CBK277972,/mnt/micro-images-pvc/specs935-v1/specs935-v1-FA-P015085-U2OS-48h-P5-L2-test/2021-12-21/865/specs935-v1-FA-P015085-U2OS-48h-P5-L2-test_F05_s8_w57F0C0725-5893-4B58-BA66-602CE087C21D.npy,Aurora kinase inhibitor
P015085,F05,s9,CBK277972,/mnt/micro-images-pvc/specs935-v1/specs935-v1-FA-P015085-U2OS-48h-P5-L2-test/2021-12-21/865/specs935-v1-FA-P015085-U2OS-48h-P5-L2-test_F05_s9_w5CC364F5D-C9E6-4675-A5EE-DC8FB2C3C7AB.npy,Aurora kinase inhibitor
P015085,F14,s1,CBK308980,/mnt/micro-images-pvc/specs935-v1/specs935-v1-FA-P015085-U2OS-48h-P5-L2-test/2021-12-21/865/specs935-v1-FA-P015085-U2OS-48h-P5-L2-test_F14_s1_w573CA80AB-9463-4052-88C4-D8A363F111DA.npy,ATPase inhibitor
P015085,F14,s2,CBK308980,/mnt/micro-images-pvc/specs935-v1/specs935-v1-FA-P015085-U2OS-48h-P5-L2-test/2021-12-21/865/specs935-v1-FA-P015085-U2OS-48h-P5-L2-test_F14_s2_w5354891C9-3A3A-44DC-98F3-FD1340E5E5C1.npy,ATPase inhibitor
P015085,F14,s3,CBK308980,/mnt/micro-images-pvc/specs935-v1/specs935-v1-FA-P015085-U2OS-48h-P5-L2-test/2021-12-21/865/specs935-v1-FA-P015085-U2OS-48h-P5-L2-test_F14_s3_w5444A13D9-6384-44C5-8BD6-0642F1788D12.npy,ATPase inhibitor
P015085,F14,s4,CBK308980,/mnt/micro-images-pvc/specs935-v1/specs935-v1-FA-P015085-U2OS-48h-P5-L2-test/2021-12-21/865/specs935-v1-FA-P015085-U2OS-48h-P5-L2-test_F14_s4_w5CB770E05-8DD7-4200-AE00-DEEB890CAC5C.npy,ATPase inhibitor
P015085,F14,s5,CBK308980,/mnt/micro-images-pvc/specs935-v1/specs935-v1-FA-P015085-U2OS-48h-P5-L2-test/2021-12-21/865/specs935-v1-FA-P015085-U2OS-48h-P5-L2-test_F14_s5_w5F091262A-4865-4AE2-BBD5-016D5C085546.npy,ATPase inhibitor
P015085,F14,s6,CBK308980,/mnt/micro-images-pvc/specs935-v1/specs935-v1-FA-P015085-U2OS-48h-P5-L2-test/2021-12-21/865/specs935-v1-FA-P015085-U2OS-48h-P5-L2-test_F14_s6_w5B4137E70-874C-4EB7-BC1E-DC265A11B14A.npy,ATPase inhibitor
P015085,F14,s7,CBK308980,/mnt/micro-images-pvc/specs935-v1/specs935-v1-FA-P015085-U2OS-48h-P5-L2-test/2021-12-21/865/specs935-v1-FA-P015085-U2OS-48h-P5-L2-test_F14_s7_w520C8918F-EC7E-41A2-8130-5D42EF14EB62.npy,ATPase inhibitor
P015085,F14,s8,CBK308980,/mnt/micro-images-pvc/specs935-v1/specs935-v1-FA-P015085-U2OS-48h-P5-L2-test/2021-12-21/865/specs935-v1-FA-P015085-U2OS-48h-P5-L2-test_F14_s8_w5916B92BB-383B-4359-88E9-7175F38E1ABF.npy,ATPase inhibitor
P015085,F14,s9,CBK308980,/mnt/micro-images-pvc/specs935-v1/specs935-v1-FA-P015085-U2OS-48h-P5-L2-test/2021-12-21/865/specs935-v1-FA-P015085-U2OS-48h-P5-L2-test_F14_s9_w53FA2FFB1-205A-4C47-9A78-EA3DFB08FCC5.npy,ATPase inhibitor
P015085,F23,s1,CBK018513,/mnt/micro-images-pvc/specs935-v1/specs935-v1-FA-P015085-U2OS-48h-P5-L2-test/2021-12-21/865/specs935-v1-FA-P015085-U2OS-48h-P5-L2-test_F23_s1_w5949AE48F-A499-425E-8B19-3BEC46C3CF2D.npy,ATPase inhibitor
P015085,F23,s2,CBK018513,/mnt/micro-images-pvc/specs935-v1/specs935-v1-FA-P015085-U2OS-48h-P5-L2-test/2021-12-21/865/specs935-v1-FA-P015085-U2OS-48h-P5-L2-test_F23_s2_w55C8644CA-33EA-495E-BEE3-7556A5D9C91E.npy,ATPase inhibitor
P015085,F23,s3,CBK018513,/mnt/micro-images-pvc/specs935-v1/specs935-v1-FA-P015085-U2OS-48h-P5-L2-test/2021-12-21/865/specs935-v1-FA-P015085-U2OS-48h-P5-L2-test_F23_s3_w5ECFA1A70-399E-4757-8196-5F689B159849.npy,ATPase inhibitor
P015085,F23,s4,CBK018513,/mnt/micro-images-pvc/specs935-v1/specs935-v1-FA-P015085-U2OS-48h-P5-L2-test/2021-12-21/865/specs935-v1-FA-P015085-U2OS-48h-P5-L2-test_F23_s4_w57F26578A-C1FB-4BC4-9B11-AC5F1166588B.npy,ATPase inhibitor
P015085,F23,s5,CBK018513,/mnt/micro-images-pvc/specs935-v1/specs935-v1-FA-P015085-U2OS-48h-P5-L2-test/2021-12-21/865/specs935-v1-FA-P015085-U2OS-48h-P5-L2-test_F23_s5_w5DE9E9D76-5026-4B4C-BD93-D9CDBBC43812.npy,ATPase inhibitor
P015085,F23,s6,CBK018513,/mnt/micro-images-pvc/specs935-v1/specs935-v1-FA-P015085-U2OS-48h-P5-L2-test/2021-12-21/865/specs935-v1-FA-P015085-U2OS-48h-P5-L2-test_F23_s6_w5D64D76F5-72BA-49BE-9729-31E866BDA4B2.npy,ATPase inhibitor
P015085,F23,s7,CBK018513,/mnt/micro-images-pvc/specs935-v1/specs935-v1-FA-P015085-U2OS-48h-P5-L2-test/2021-12-21/865/specs935-v1-FA-P015085-U2OS-48h-P5-L2-test_F23_s7_w5AC335463-ED47-4C89-A30E-6DFE3E780429.npy,ATPase inhibitor
P015085,F23,s8,CBK018513,/mnt/micro-images-pvc/specs935-v1/specs935-v1-FA-P015085-U2OS-48h-P5-L2-test/2021-12-21/865/specs935-v1-FA-P015085-U2OS-48h-P5-L2-test_F23_s8_w54734189B-1696-4728-8E20-FD88B7C6525F.npy,ATPase inhibitor
P015085,F23,s9,CBK018513,/mnt/micro-images-pvc/specs935-v1/specs935-v1-FA-P015085-U2OS-48h-P5-L2-test/2021-12-21/865/specs935-v1-FA-P015085-U2OS-48h-P5-L2-test_F23_s9_w5FAD05492-80FA-405C-A112-BAB36BAAC5EB.npy,ATPase inhibitor
P015085,G04,s1,CBK290684,/mnt/micro-images-pvc/specs935-v1/specs935-v1-FA-P015085-U2OS-48h-P5-L2-test/2021-12-21/865/specs935-v1-FA-P015085-U2OS-48h-P5-L2-test_G04_s1_w5402184CE-6817-4191-961D-A869FD4A8F18.npy,Aurora kinase inhibitor
P015085,G04,s2,CBK290684,/mnt/micro-images-pvc/specs935-v1/specs935-v1-FA-P015085-U2OS-48h-P5-L2-test/2021-12-21/865/specs935-v1-FA-P015085-U2OS-48h-P5-L2-test_G04_s2_w506A0B152-A61F-4990-BB86-6D7997F1BDC2.npy,Aurora kinase inhibitor
P015085,G04,s3,CBK290684,/mnt/micro-images-pvc/specs935-v1/specs935-v1-FA-P015085-U2OS-48h-P5-L2-test/2021-12-21/865/specs935-v1-FA-P015085-U2OS-48h-P5-L2-test_G04_s3_w5AC1DBC8E-BBB0-45AC-BE7D-F8DF83E104B7.npy,Aurora kinase inhibitor
P015085,G04,s4,CBK290684,/mnt/micro-images-pvc/specs935-v1/specs935-v1-FA-P015085-U2OS-48h-P5-L2-test/2021-12-21/865/specs935-v1-FA-P015085-U2OS-48h-P5-L2-test_G04_s4_w5A802B067-7797-4504-984E-D33B6B74832F.npy,Aurora kinase inhibitor
P015085,G04,s5,CBK290684,/mnt/micro-images-pvc/specs935-v1/specs935-v1-FA-P015085-U2OS-48h-P5-L2-test/2021-12-21/865/specs935-v1-FA-P015085-U2OS-48h-P5-L2-test_G04_s5_w5EB4C35AC-E721-468F-A5CD-77086BB4F996.npy,Aurora kinase inhibitor
P015085,G04,s6,CBK290684,/mnt/micro-images-pvc/specs935-v1/specs935-v1-FA-P015085-U2OS-48h-P5-L2-test/2021-12-21/865/specs935-v1-FA-P015085-U2OS-48h-P5-L2-test_G04_s6_w5A3C460B0-A7C8-4A75-937F-F9037E853454.npy,Aurora kinase inhibitor
P015085,G04,s7,CBK290684,/mnt/micro-images-pvc/specs935-v1/specs935-v1-FA-P015085-U2OS-48h-P5-L2-test/2021-12-21/865/specs935-v1-FA-P015085-U2OS-48h-P5-L2-test_G04_s7_w598C216F9-40A9-464A-A9EB-BF86237ABE96.npy,Aurora kinase inhibitor
P015085,G04,s8,CBK290684,/mnt/micro-images-pvc/specs935-v1/specs935-v1-FA-P015085-U2OS-48h-P5-L2-test/2021-12-21/865/specs935-v1-FA-P015085-U2OS-48h-P5-L2-test_G04_s8_w5C05C64F0-0A71-4DBB-A3C7-456BACF78503.npy,Aurora kinase inhibitor
P015085,G04,s9,CBK290684,/mnt/micro-images-pvc/specs935-v1/specs935-v1-FA-P015085-U2OS-48h-P5-L2-test/2021-12-21/865/specs935-v1-FA-P015085-U2OS-48h-P5-L2-test_G04_s9_w56DC23EAC-5ED3-4EED-A998-476B7F762FD3.npy,Aurora kinase inhibitor
P015085,G07,s1,CBK288285,/mnt/micro-images-pvc/specs935-v1/specs935-v1-FA-P015085-U2OS-48h-P5-L2-test/2021-12-21/865/specs935-v1-FA-P015085-U2OS-48h-P5-L2-test_G07_s1_w5C4286CDB-FE30-42AB-B355-EB0894F2CFFB.npy,Aurora kinase inhibitor
P015085,G07,s2,CBK288285,/mnt/micro-images-pvc/specs935-v1/specs935-v1-FA-P015085-U2OS-48h-P5-L2-test/2021-12-21/865/specs935-v1-FA-P015085-U2OS-48h-P5-L2-test_G07_s2_w5AA972E67-7F90-4E20-B1F4-EFD5A0C61C37.npy,Aurora kinase inhibitor
P015085,G07,s3,CBK288285,/mnt/micro-images-pvc/specs935-v1/specs935-v1-FA-P015085-U2OS-48h-P5-L2-test/2021-12-21/865/specs935-v1-FA-P015085-U2OS-48h-P5-L2-test_G07_s3_w5C9161403-14DF-45F7-B6CD-5041DAB3325A.npy,Aurora kinase inhibitor
P015085,G07,s4,CBK288285,/mnt/micro-images-pvc/specs935-v1/specs935-v1-FA-P015085-U2OS-48h-P5-L2-test/2021-12-21/865/specs935-v1-FA-P015085-U2OS-48h-P5-L2-test_G07_s4_w542BD3CE7-1351-4E0F-A84D-BEC6BF67051F.npy,Aurora kinase inhibitor
P015085,G07,s5,CBK288285,/mnt/micro-images-pvc/specs935-v1/specs935-v1-FA-P015085-U2OS-48h-P5-L2-test/2021-12-21/865/specs935-v1-FA-P015085-U2OS-48h-P5-L2-test_G07_s5_w5B73132DA-7CE4-47AD-BDAA-209CFE3111EE.npy,Aurora kinase inhibitor
P015085,G07,s6,CBK288285,/mnt/micro-images-pvc/specs935-v1/specs935-v1-FA-P015085-U2OS-48h-P5-L2-test/2021-12-21/865/specs935-v1-FA-P015085-U2OS-48h-P5-L2-test_G07_s6_w579CD9242-23DF-4ACF-9EC7-9F76CC7D3D0E.npy,Aurora kinase inhibitor
P015085,G07,s7,CBK288285,/mnt/micro-images-pvc/specs935-v1/specs935-v1-FA-P015085-U2OS-48h-P5-L2-test/2021-12-21/865/specs935-v1-FA-P015085-U2OS-48h-P5-L2-test_G07_s7_w54E0E205B-8078-4AE7-A377-9C55B2B3552F.npy,Aurora kinase inhibitor
P015085,G07,s8,CBK288285,/mnt/micro-images-pvc/specs935-v1/specs935-v1-FA-P015085-U2OS-48h-P5-L2-test/2021-12-21/865/specs935-v1-FA-P015085-U2OS-48h-P5-L2-test_G07_s8_w542C68B25-272E-4C4D-9022-9515D7092E55.npy,Aurora kinase inhibitor
P015085,G07,s9,CBK288285,/mnt/micro-images-pvc/specs935-v1/specs935-v1-FA-P015085-U2OS-48h-P5-L2-test/2021-12-21/865/specs935-v1-FA-P015085-U2OS-48h-P5-L2-test_G07_s9_w57C528358-A645-4320-A6CF-4A11FF289DEF.npy,Aurora kinase inhibitor
P015085,G10,s1,CBK288286,/mnt/micro-images-pvc/specs935-v1/specs935-v1-FA-P015085-U2OS-48h-P5-L2-test/2021-12-21/865/specs935-v1-FA-P015085-U2OS-48h-P5-L2-test_G10_s1_w54DE60099-886E-4316-B48A-116062D1772C.npy,Aurora kinase inhibitor
P015085,G10,s2,CBK288286,/mnt/micro-images-pvc/specs935-v1/specs935-v1-FA-P015085-U2OS-48h-P5-L2-test/2021-12-21/865/specs935-v1-FA-P015085-U2OS-48h-P5-L2-test_G10_s2_w573F3FBEF-BBA9-41A0-93AA-20342A63858A.npy,Aurora kinase inhibitor
P015085,G10,s3,CBK288286,/mnt/micro-images-pvc/specs935-v1/specs935-v1-FA-P015085-U2OS-48h-P5-L2-test/2021-12-21/865/specs935-v1-FA-P015085-U2OS-48h-P5-L2-test_G10_s3_w53AAD6E71-037F-4C75-A253-512C98A7E3E9.npy,Aurora kinase inhibitor
P015085,G10,s4,CBK288286,/mnt/micro-images-pvc/specs935-v1/specs935-v1-FA-P015085-U2OS-48h-P5-L2-test/2021-12-21/865/specs935-v1-FA-P015085-U2OS-48h-P5-L2-test_G10_s4_w5FB7A3C56-F2F2-4007-A09F-79ABD121CA9E.npy,Aurora kinase inhibitor
P015085,G10,s5,CBK288286,/mnt/micro-images-pvc/specs935-v1/specs935-v1-FA-P015085-U2OS-48h-P5-L2-test/2021-12-21/865/specs935-v1-FA-P015085-U2OS-48h-P5-L2-test_G10_s5_w53E87F8C5-F03A-4152-B9B8-984317556C19.npy,Aurora kinase inhibitor
P015085,G10,s6,CBK288286,/mnt/micro-images-pvc/specs935-v1/specs935-v1-FA-P015085-U2OS-48h-P5-L2-test/2021-12-21/865/specs935-v1-FA-P015085-U2OS-48h-P5-L2-test_G10_s6_w5950C3871-607C-4A38-8727-458DEAA2DD43.npy,Aurora kinase inhibitor
P015085,G10,s7,CBK288286,/mnt/micro-images-pvc/specs935-v1/specs935-v1-FA-P015085-U2OS-48h-P5-L2-test/2021-12-21/865/specs935-v1-FA-P015085-U2OS-48h-P5-L2-test_G10_s7_w5102C3747-A009-4C56-A727-1585EAD16223.npy,Aurora kinase inhibitor
P015085,G10,s8,CBK288286,/mnt/micro-images-pvc/specs935-v1/specs935-v1-FA-P015085-U2OS-48h-P5-L2-test/2021-12-21/865/specs935-v1-FA-P015085-U2OS-48h-P5-L2-test_G10_s8_w564346461-22F2-4B2E-A752-36DFD64614B6.npy,Aurora kinase inhibitor
P015085,G10,s9,CBK288286,/mnt/micro-images-pvc/specs935-v1/specs935-v1-FA-P015085-U2OS-48h-P5-L2-test/2021-12-21/865/specs935-v1-FA-P015085-U2OS-48h-P5-L2-test_G10_s9_w50F628021-E63C-4D17-BA5A-AEB0ED18A830.npy,Aurora kinase inhibitor
P015085,G16,s1,CBK228145,/mnt/micro-images-pvc/specs935-v1/specs935-v1-FA-P015085-U2OS-48h-P5-L2-test/2021-12-21/865/specs935-v1-FA-P015085-U2OS-48h-P5-L2-test_G16_s1_w52D99F96E-C170-48FD-9665-55D4F60D3C13.npy,ATPase inhibitor
P015085,G16,s2,CBK228145,/mnt/micro-images-pvc/specs935-v1/specs935-v1-FA-P015085-U2OS-48h-P5-L2-test/2021-12-21/865/specs935-v1-FA-P015085-U2OS-48h-P5-L2-test_G16_s2_w55A680C73-E196-4F81-98D2-74D3D432D4A1.npy,ATPase inhibitor
P015085,G16,s3,CBK228145,/mnt/micro-images-pvc/specs935-v1/specs935-v1-FA-P015085-U2OS-48h-P5-L2-test/2021-12-21/865/specs935-v1-FA-P015085-U2OS-48h-P5-L2-test_G16_s3_w5F5BA8C08-B817-43D5-97A3-7B62E5212D41.npy,ATPase inhibitor
P015085,G16,s4,CBK228145,/mnt/micro-images-pvc/specs935-v1/specs935-v1-FA-P015085-U2OS-48h-P5-L2-test/2021-12-21/865/specs935-v1-FA-P015085-U2OS-48h-P5-L2-test_G16_s4_w56CA34A0C-A362-4803-ACBB-A6DFC97BD8AC.npy,ATPase inhibitor
P015085,G16,s5,CBK228145,/mnt/micro-images-pvc/specs935-v1/specs935-v1-FA-P015085-U2OS-48h-P5-L2-test/2021-12-21/865/specs935-v1-FA-P015085-U2OS-48h-P5-L2-test_G16_s5_w5FB45141F-78D3-4DE5-83CB-B8B608A997D4.npy,ATPase inhibitor
P015085,G16,s6,CBK228145,/mnt/micro-images-pvc/specs935-v1/specs935-v1-FA-P015085-U2OS-48h-P5-L2-test/2021-12-21/865/specs935-v1-FA-P015085-U2OS-48h-P5-L2-test_G16_s6_w5EAD4A129-99CC-4350-9579-B190663D59F2.npy,ATPase inhibitor
P015085,G16,s7,CBK228145,/mnt/micro-images-pvc/specs935-v1/specs935-v1-FA-P015085-U2OS-48h-P5-L2-test/2021-12-21/865/specs935-v1-FA-P015085-U2OS-48h-P5-L2-test_G16_s7_w573F3F0A8-0EE8-4643-82D1-E52392D4E17E.npy,ATPase inhibitor
P015085,G16,s8,CBK228145,/mnt/micro-images-pvc/specs935-v1/specs935-v1-FA-P015085-U2OS-48h-P5-L2-test/2021-12-21/865/specs935-v1-FA-P015085-U2OS-48h-P5-L2-test_G16_s8_w5C5085259-4D9A-42F7-AD95-B0AA41981CFC.npy,ATPase inhibitor
P015085,G16,s9,CBK228145,/mnt/micro-images-pvc/specs935-v1/specs935-v1-FA-P015085-U2OS-48h-P5-L2-test/2021-12-21/865/specs935-v1-FA-P015085-U2OS-48h-P5-L2-test_G16_s9_w50F25ABBE-51F9-4A08-A93C-00C29B4C6571.npy,ATPase inhibitor
P015085,G19,s1,CBK288284,/mnt/micro-images-pvc/specs935-v1/specs935-v1-FA-P015085-U2OS-48h-P5-L2-test/2021-12-21/865/specs935-v1-FA-P015085-U2OS-48h-P5-L2-test_G19_s1_w54260A2F6-0F0B-4895-B292-80CC0CE6AD3C.npy,Aurora kinase inhibitor
P015085,G19,s2,CBK288284,/mnt/micro-images-pvc/specs935-v1/specs935-v1-FA-P015085-U2OS-48h-P5-L2-test/2021-12-21/865/specs935-v1-FA-P015085-U2OS-48h-P5-L2-test_G19_s2_w57016F8EC-E8D3-4A22-80AA-D3E656F4EECF.npy,Aurora kinase inhibitor
P015085,G19,s3,CBK288284,/mnt/micro-images-pvc/specs935-v1/specs935-v1-FA-P015085-U2OS-48h-P5-L2-test/2021-12-21/865/specs935-v1-FA-P015085-U2OS-48h-P5-L2-test_G19_s3_w54172E493-670F-4892-A830-42C54020DE0C.npy,Aurora kinase inhibitor
P015085,G19,s4,CBK288284,/mnt/micro-images-pvc/specs935-v1/specs935-v1-FA-P015085-U2OS-48h-P5-L2-test/2021-12-21/865/specs935-v1-FA-P015085-U2OS-48h-P5-L2-test_G19_s4_w55BB769A2-F1A8-4353-9FF0-CAE14DA76B74.npy,Aurora kinase inhibitor
P015085,G19,s5,CBK288284,/mnt/micro-images-pvc/specs935-v1/specs935-v1-FA-P015085-U2OS-48h-P5-L2-test/2021-12-21/865/specs935-v1-FA-P015085-U2OS-48h-P5-L2-test_G19_s5_w580BB07AF-1D7F-4C02-A9E8-7096131FDC8E.npy,Aurora kinase inhibitor
P015085,G19,s6,CBK288284,/mnt/micro-images-pvc/specs935-v1/specs935-v1-FA-P015085-U2OS-48h-P5-L2-test/2021-12-21/865/specs935-v1-FA-P015085-U2OS-48h-P5-L2-test_G19_s6_w54C36FECE-09F8-453D-8E31-0A29B4176A52.npy,Aurora kinase inhibitor
P015085,G19,s7,CBK288284,/mnt/micro-images-pvc/specs935-v1/specs935-v1-FA-P015085-U2OS-48h-P5-L2-test/2021-12-21/865/specs935-v1-FA-P015085-U2OS-48h-P5-L2-test_G19_s7_w573ED0281-6640-4085-8E09-8F6DD803DF0C.npy,Aurora kinase inhibitor
P015085,G19,s8,CBK288284,/mnt/micro-images-pvc/specs935-v1/specs935-v1-FA-P015085-U2OS-48h-P5-L2-test/2021-12-21/865/specs935-v1-FA-P015085-U2OS-48h-P5-L2-test_G19_s8_w53C62F003-6B40-4F4D-BDB5-D6B2612C3382.npy,Aurora kinase inhibitor
P015085,G19,s9,CBK288284,/mnt/micro-images-pvc/specs935-v1/specs935-v1-FA-P015085-U2OS-48h-P5-L2-test/2021-12-21/865/specs935-v1-FA-P015085-U2OS-48h-P5-L2-test_G19_s9_w59EDE7800-A95D-4004-B15A-BD2E379B7B15.npy,Aurora kinase inhibitor
P015085,G23,s1,CBK308101,/mnt/micro-images-pvc/specs935-v1/specs935-v1-FA-P015085-U2OS-48h-P5-L2-test/2021-12-21/865/specs935-v1-FA-P015085-U2OS-48h-P5-L2-test_G23_s1_w51CE83513-ADF0-493B-8568-9B217197855B.npy,Aurora kinase inhibitor
P015085,G23,s2,CBK308101,/mnt/micro-images-pvc/specs935-v1/specs935-v1-FA-P015085-U2OS-48h-P5-L2-test/2021-12-21/865/specs935-v1-FA-P015085-U2OS-48h-P5-L2-test_G23_s2_w5225304BA-68A3-450E-97BB-152218F7D74F.npy,Aurora kinase inhibitor
P015085,G23,s3,CBK308101,/mnt/micro-images-pvc/specs935-v1/specs935-v1-FA-P015085-U2OS-48h-P5-L2-test/2021-12-21/865/specs935-v1-FA-P015085-U2OS-48h-P5-L2-test_G23_s3_w5543384AF-7344-49DB-BBA5-D22C70D20E09.npy,Aurora kinase inhibitor
P015085,G23,s4,CBK308101,/mnt/micro-images-pvc/specs935-v1/specs935-v1-FA-P015085-U2OS-48h-P5-L2-test/2021-12-21/865/specs935-v1-FA-P015085-U2OS-48h-P5-L2-test_G23_s4_w53087167A-8C24-44A2-BEA7-5412F598F642.npy,Aurora kinase inhibitor
P015085,G23,s5,CBK308101,/mnt/micro-images-pvc/specs935-v1/specs935-v1-FA-P015085-U2OS-48h-P5-L2-test/2021-12-21/865/specs935-v1-FA-P015085-U2OS-48h-P5-L2-test_G23_s5_w5FBFB615C-A63C-4C1A-9C2F-824B81AA5479.npy,Aurora kinase inhibitor
P015085,G23,s6,CBK308101,/mnt/micro-images-pvc/specs935-v1/specs935-v1-FA-P015085-U2OS-48h-P5-L2-test/2021-12-21/865/specs935-v1-FA-P015085-U2OS-48h-P5-L2-test_G23_s6_w58ADDB9DE-C127-46B4-BFD1-AA025A56D4F2.npy,Aurora kinase inhibitor
P015085,G23,s7,CBK308101,/mnt/micro-images-pvc/specs935-v1/specs935-v1-FA-P015085-U2OS-48h-P5-L2-test/2021-12-21/865/specs935-v1-FA-P015085-U2OS-48h-P5-L2-test_G23_s7_w506424395-8990-4922-8CB2-609760A25ACA.npy,Aurora kinase inhibitor
P015085,G23,s8,CBK308101,/mnt/micro-images-pvc/specs935-v1/specs935-v1-FA-P015085-U2OS-48h-P5-L2-test/2021-12-21/865/specs935-v1-FA-P015085-U2OS-48h-P5-L2-test_G23_s8_w58932B228-F77E-42FC-80DA-7F74BB01EF2C.npy,Aurora kinase inhibitor
P015085,G23,s9,CBK308101,/mnt/micro-images-pvc/specs935-v1/specs935-v1-FA-P015085-U2OS-48h-P5-L2-test/2021-12-21/865/specs935-v1-FA-P015085-U2OS-48h-P5-L2-test_G23_s9_w54A1D9717-1D38-4CA2-9D0E-86E3F0008CE9.npy,Aurora kinase inhibitor
P015085,H02,s1,CBK290770,/mnt/micro-images-pvc/specs935-v1/specs935-v1-FA-P015085-U2OS-48h-P5-L2-test/2021-12-21/865/specs935-v1-FA-P015085-U2OS-48h-P5-L2-test_H02_s1_w5781EDDF7-1ECD-4B35-88E6-6E9B11FDFFC6.npy,Aurora kinase inhibitor
P015085,H02,s2,CBK290770,/mnt/micro-images-pvc/specs935-v1/specs935-v1-FA-P015085-U2OS-48h-P5-L2-test/2021-12-21/865/specs935-v1-FA-P015085-U2OS-48h-P5-L2-test_H02_s2_w5A884D375-1D14-47B1-9A56-C868499035DA.npy,Aurora kinase inhibitor
P015085,H02,s3,CBK290770,/mnt/micro-images-pvc/specs935-v1/specs935-v1-FA-P015085-U2OS-48h-P5-L2-test/2021-12-21/865/specs935-v1-FA-P015085-U2OS-48h-P5-L2-test_H02_s3_w59C4ABCB8-62D0-4AD0-B93E-C2EDEB695C3C.npy,Aurora kinase inhibitor
P015085,H02,s4,CBK290770,/mnt/micro-images-pvc/specs935-v1/specs935-v1-FA-P015085-U2OS-48h-P5-L2-test/2021-12-21/865/specs935-v1-FA-P015085-U2OS-48h-P5-L2-test_H02_s4_w5085143D8-8616-4A66-B8A0-AF31AA55B19D.npy,Aurora kinase inhibitor
P015085,H02,s5,CBK290770,/mnt/micro-images-pvc/specs935-v1/specs935-v1-FA-P015085-U2OS-48h-P5-L2-test/2021-12-21/865/specs935-v1-FA-P015085-U2OS-48h-P5-L2-test_H02_s5_w54DA11268-714C-43DF-838A-E019377576C2.npy,Aurora kinase inhibitor
P015085,H02,s6,CBK290770,/mnt/micro-images-pvc/specs935-v1/specs935-v1-FA-P015085-U2OS-48h-P5-L2-test/2021-12-21/865/specs935-v1-FA-P015085-U2OS-48h-P5-L2-test_H02_s6_w5265B4AC5-9F92-4AA6-B57E-AE00E14189A9.npy,Aurora kinase inhibitor
P015085,H02,s7,CBK290770,/mnt/micro-images-pvc/specs935-v1/specs935-v1-FA-P015085-U2OS-48h-P5-L2-test/2021-12-21/865/specs935-v1-FA-P015085-U2OS-48h-P5-L2-test_H02_s7_w521360DB4-03FF-4EF5-87F2-9105BEEBAC6D.npy,Aurora kinase inhibitor
P015085,H02,s8,CBK290770,/mnt/micro-images-pvc/specs935-v1/specs935-v1-FA-P015085-U2OS-48h-P5-L2-test/2021-12-21/865/specs935-v1-FA-P015085-U2OS-48h-P5-L2-test_H02_s8_w564D11D4E-1C0E-465E-A4F7-0DB804CCB91B.npy,Aurora kinase inhibitor
P015085,H02,s9,CBK290770,/mnt/micro-images-pvc/specs935-v1/specs935-v1-FA-P015085-U2OS-48h-P5-L2-test/2021-12-21/865/specs935-v1-FA-P015085-U2OS-48h-P5-L2-test_H02_s9_w5F952A5F3-7B73-447C-A814-B2339188B54D.npy,Aurora kinase inhibitor
P015085,H05,s1,CBK200551,/mnt/micro-images-pvc/specs935-v1/specs935-v1-FA-P015085-U2OS-48h-P5-L2-test/2021-12-21/865/specs935-v1-FA-P015085-U2OS-48h-P5-L2-test_H05_s1_w50B02A10E-A9B3-4128-A543-C483AF72261E.npy,ATPase inhibitor
P015085,H05,s2,CBK200551,/mnt/micro-images-pvc/specs935-v1/specs935-v1-FA-P015085-U2OS-48h-P5-L2-test/2021-12-21/865/specs935-v1-FA-P015085-U2OS-48h-P5-L2-test_H05_s2_w52122824D-955D-4205-99A7-F3A2F775F4D9.npy,ATPase inhibitor
P015085,H05,s3,CBK200551,/mnt/micro-images-pvc/specs935-v1/specs935-v1-FA-P015085-U2OS-48h-P5-L2-test/2021-12-21/865/specs935-v1-FA-P015085-U2OS-48h-P5-L2-test_H05_s3_w55B3EC525-5684-4A69-ABCC-3D347C69EA30.npy,ATPase inhibitor
P015085,H05,s4,CBK200551,/mnt/micro-images-pvc/specs935-v1/specs935-v1-FA-P015085-U2OS-48h-P5-L2-test/2021-12-21/865/specs935-v1-FA-P015085-U2OS-48h-P5-L2-test_H05_s4_w584319BD9-3B0A-45D1-9EDE-3CFB3A27DD14.npy,ATPase inhibitor
P015085,H05,s5,CBK200551,/mnt/micro-images-pvc/specs935-v1/specs935-v1-FA-P015085-U2OS-48h-P5-L2-test/2021-12-21/865/specs935-v1-FA-P015085-U2OS-48h-P5-L2-test_H05_s5_w52FEB3701-5EF6-44E8-A3C2-E6C9E7A87FB1.npy,ATPase inhibitor
P015085,H05,s6,CBK200551,/mnt/micro-images-pvc/specs935-v1/specs935-v1-FA-P015085-U2OS-48h-P5-L2-test/2021-12-21/865/specs935-v1-FA-P015085-U2OS-48h-P5-L2-test_H05_s6_w5F91D6648-4816-4926-9F49-C3462CDCD708.npy,ATPase inhibitor
P015085,H05,s7,CBK200551,/mnt/micro-images-pvc/specs935-v1/specs935-v1-FA-P015085-U2OS-48h-P5-L2-test/2021-12-21/865/specs935-v1-FA-P015085-U2OS-48h-P5-L2-test_H05_s7_w5352DF284-D122-4A57-83B2-8B11C8BC762D.npy,ATPase inhibitor
P015085,H05,s8,CBK200551,/mnt/micro-images-pvc/specs935-v1/specs935-v1-FA-P015085-U2OS-48h-P5-L2-test/2021-12-21/865/specs935-v1-FA-P015085-U2OS-48h-P5-L2-test_H05_s8_w5C993BBAB-2D49-4281-8DB4-1EF00065EB9D.npy,ATPase inhibitor
P015085,H05,s9,CBK200551,/mnt/micro-images-pvc/specs935-v1/specs935-v1-FA-P015085-U2OS-48h-P5-L2-test/2021-12-21/865/specs935-v1-FA-P015085-U2OS-48h-P5-L2-test_H05_s9_w5996E815C-65A4-4591-AAD9-49185E4C4C85.npy,ATPase inhibitor
P015085,H08,s1,CBK278064,/mnt/micro-images-pvc/specs935-v1/specs935-v1-FA-P015085-U2OS-48h-P5-L2-test/2021-12-21/865/specs935-v1-FA-P015085-U2OS-48h-P5-L2-test_H08_s1_w5E17E2809-FAA5-4403-9BDA-F16047142363.npy,Aurora kinase inhibitor
P015085,H08,s2,CBK278064,/mnt/micro-images-pvc/specs935-v1/specs935-v1-FA-P015085-U2OS-48h-P5-L2-test/2021-12-21/865/specs935-v1-FA-P015085-U2OS-48h-P5-L2-test_H08_s2_w5CE08FCE6-B862-4CED-B320-A0A1073C34DA.npy,Aurora kinase inhibitor
P015085,H08,s3,CBK278064,/mnt/micro-images-pvc/specs935-v1/specs935-v1-FA-P015085-U2OS-48h-P5-L2-test/2021-12-21/865/specs935-v1-FA-P015085-U2OS-48h-P5-L2-test_H08_s3_w586FD43E6-EDDC-4312-AB84-99EAA56C714C.npy,Aurora kinase inhibitor
P015085,H08,s4,CBK278064,/mnt/micro-images-pvc/specs935-v1/specs935-v1-FA-P015085-U2OS-48h-P5-L2-test/2021-12-21/865/specs935-v1-FA-P015085-U2OS-48h-P5-L2-test_H08_s4_w5D6D750CB-8FC8-4B20-8B2F-43BFFF28A436.npy,Aurora kinase inhibitor
P015085,H08,s5,CBK278064,/mnt/micro-images-pvc/specs935-v1/specs935-v1-FA-P015085-U2OS-48h-P5-L2-test/2021-12-21/865/specs935-v1-FA-P015085-U2OS-48h-P5-L2-test_H08_s5_w5322876A3-A11A-4C81-A1C7-C8E588EDC1BC.npy,Aurora kinase inhibitor
P015085,H08,s6,CBK278064,/mnt/micro-images-pvc/specs935-v1/specs935-v1-FA-P015085-U2OS-48h-P5-L2-test/2021-12-21/865/specs935-v1-FA-P015085-U2OS-48h-P5-L2-test_H08_s6_w5D76B3196-8DA2-4A35-84E4-055D041997DA.npy,Aurora kinase inhibitor
P015085,H08,s7,CBK278064,/mnt/micro-images-pvc/specs935-v1/specs935-v1-FA-P015085-U2OS-48h-P5-L2-test/2021-12-21/865/specs935-v1-FA-P015085-U2OS-48h-P5-L2-test_H08_s7_w54B73FE42-6D68-4E4B-BAB4-F58330DF73FA.npy,Aurora kinase inhibitor
P015085,H08,s8,CBK278064,/mnt/micro-images-pvc/specs935-v1/specs935-v1-FA-P015085-U2OS-48h-P5-L2-test/2021-12-21/865/specs935-v1-FA-P015085-U2OS-48h-P5-L2-test_H08_s8_w5A31E648C-3966-4940-B962-69E51EC2B452.npy,Aurora kinase inhibitor
P015085,H08,s9,CBK278064,/mnt/micro-images-pvc/specs935-v1/specs935-v1-FA-P015085-U2OS-48h-P5-L2-test/2021-12-21/865/specs935-v1-FA-P015085-U2OS-48h-P5-L2-test_H08_s9_w5DC86575A-3493-4D3E-A7B1-7C6C0B31644A.npy,Aurora kinase inhibitor
P015085,H15,s1,CBK290334,/mnt/micro-images-pvc/specs935-v1/specs935-v1-FA-P015085-U2OS-48h-P5-L2-test/2021-12-21/865/specs935-v1-FA-P015085-U2OS-48h-P5-L2-test_H15_s1_w5532AF65D-1669-47B4-9C89-3B78CBE05947.npy,ATPase inhibitor
P015085,H15,s2,CBK290334,/mnt/micro-images-pvc/specs935-v1/specs935-v1-FA-P015085-U2OS-48h-P5-L2-test/2021-12-21/865/specs935-v1-FA-P015085-U2OS-48h-P5-L2-test_H15_s2_w58436EA28-EB38-440A-8430-7054303627D7.npy,ATPase inhibitor
P015085,H15,s3,CBK290334,/mnt/micro-images-pvc/specs935-v1/specs935-v1-FA-P015085-U2OS-48h-P5-L2-test/2021-12-21/865/specs935-v1-FA-P015085-U2OS-48h-P5-L2-test_H15_s3_w5222F3DE0-6668-42BB-A7E6-3B788DEA7115.npy,ATPase inhibitor
P015085,H15,s4,CBK290334,/mnt/micro-images-pvc/specs935-v1/specs935-v1-FA-P015085-U2OS-48h-P5-L2-test/2021-12-21/865/specs935-v1-FA-P015085-U2OS-48h-P5-L2-test_H15_s4_w5A456B360-C0AB-43E7-84C9-4CE6B6B522ED.npy,ATPase inhibitor
P015085,H15,s5,CBK290334,/mnt/micro-images-pvc/specs935-v1/specs935-v1-FA-P015085-U2OS-48h-P5-L2-test/2021-12-21/865/specs935-v1-FA-P015085-U2OS-48h-P5-L2-test_H15_s5_w5C7DA5EA2-19F7-4B33-834A-070BF9134D48.npy,ATPase inhibitor
P015085,H15,s6,CBK290334,/mnt/micro-images-pvc/specs935-v1/specs935-v1-FA-P015085-U2OS-48h-P5-L2-test/2021-12-21/865/specs935-v1-FA-P015085-U2OS-48h-P5-L2-test_H15_s6_w5DC4CEC88-61EB-4845-9701-274DAAC70A9E.npy,ATPase inhibitor
P015085,H15,s7,CBK290334,/mnt/micro-images-pvc/specs935-v1/specs935-v1-FA-P015085-U2OS-48h-P5-L2-test/2021-12-21/865/specs935-v1-FA-P015085-U2OS-48h-P5-L2-test_H15_s7_w5BF41E850-DD56-4402-BDA2-6287C796C51F.npy,ATPase inhibitor
P015085,H15,s8,CBK290334,/mnt/micro-images-pvc/specs935-v1/specs935-v1-FA-P015085-U2OS-48h-P5-L2-test/2021-12-21/865/specs935-v1-FA-P015085-U2OS-48h-P5-L2-test_H15_s8_w529E16D29-87E0-4222-8874-C0AFE7C65A4B.npy,ATPase inhibitor
P015085,H15,s9,CBK290334,/mnt/micro-images-pvc/specs935-v1/specs935-v1-FA-P015085-U2OS-48h-P5-L2-test/2021-12-21/865/specs935-v1-FA-P015085-U2OS-48h-P5-L2-test_H15_s9_w5523C8F94-D77B-4611-96AE-B763DCAF0EE2.npy,ATPase inhibitor
P015085,H18,s1,CBK288284,/mnt/micro-images-pvc/specs935-v1/specs935-v1-FA-P015085-U2OS-48h-P5-L2-test/2021-12-21/865/specs935-v1-FA-P015085-U2OS-48h-P5-L2-test_H18_s1_w5385B9466-05A8-4DE4-8D46-6B757E9D9F43.npy,Aurora kinase inhibitor
P015085,H18,s2,CBK288284,/mnt/micro-images-pvc/specs935-v1/specs935-v1-FA-P015085-U2OS-48h-P5-L2-test/2021-12-21/865/specs935-v1-FA-P015085-U2OS-48h-P5-L2-test_H18_s2_w5CF9220F0-6E9C-4D59-91A0-6110BC732E08.npy,Aurora kinase inhibitor
P015085,H18,s3,CBK288284,/mnt/micro-images-pvc/specs935-v1/specs935-v1-FA-P015085-U2OS-48h-P5-L2-test/2021-12-21/865/specs935-v1-FA-P015085-U2OS-48h-P5-L2-test_H18_s3_w5F474741A-4DCE-4D9D-8032-DBE4FC1BD59F.npy,Aurora kinase inhibitor
P015085,H18,s4,CBK288284,/mnt/micro-images-pvc/specs935-v1/specs935-v1-FA-P015085-U2OS-48h-P5-L2-test/2021-12-21/865/specs935-v1-FA-P015085-U2OS-48h-P5-L2-test_H18_s4_w51464E5E8-179C-4559-BECB-953D9A8A2EB6.npy,Aurora kinase inhibitor
P015085,H18,s5,CBK288284,/mnt/micro-images-pvc/specs935-v1/specs935-v1-FA-P015085-U2OS-48h-P5-L2-test/2021-12-21/865/specs935-v1-FA-P015085-U2OS-48h-P5-L2-test_H18_s5_w57DE8A4F0-AF8D-41FB-97F2-F31B2F9B1D73.npy,Aurora kinase inhibitor
P015085,H18,s6,CBK288284,/mnt/micro-images-pvc/specs935-v1/specs935-v1-FA-P015085-U2OS-48h-P5-L2-test/2021-12-21/865/specs935-v1-FA-P015085-U2OS-48h-P5-L2-test_H18_s6_w5B1573F76-D83C-467D-BD40-F4E0356F73DA.npy,Aurora kinase inhibitor
P015085,H18,s7,CBK288284,/mnt/micro-images-pvc/specs935-v1/specs935-v1-FA-P015085-U2OS-48h-P5-L2-test/2021-12-21/865/specs935-v1-FA-P015085-U2OS-48h-P5-L2-test_H18_s7_w50E29476C-B13E-479B-AC9F-9C2DA7091154.npy,Aurora kinase inhibitor
P015085,H18,s8,CBK288284,/mnt/micro-images-pvc/specs935-v1/specs935-v1-FA-P015085-U2OS-48h-P5-L2-test/2021-12-21/865/specs935-v1-FA-P015085-U2OS-48h-P5-L2-test_H18_s8_w53BC4DD73-19D6-4379-895C-EB4416B0DB20.npy,Aurora kinase inhibitor
P015085,H18,s9,CBK288284,/mnt/micro-images-pvc/specs935-v1/specs935-v1-FA-P015085-U2OS-48h-P5-L2-test/2021-12-21/865/specs935-v1-FA-P015085-U2OS-48h-P5-L2-test_H18_s9_w5A6484931-3368-43A1-A74C-6F4B3E249732.npy,Aurora kinase inhibitor
P015085,H20,s1,CBK308709,/mnt/micro-images-pvc/specs935-v1/specs935-v1-FA-P015085-U2OS-48h-P5-L2-test/2021-12-21/865/specs935-v1-FA-P015085-U2OS-48h-P5-L2-test_H20_s1_w5DC94DF88-D08D-4D0B-B828-9849FA96AE7F.npy,ATPase inhibitor
P015085,H20,s2,CBK308709,/mnt/micro-images-pvc/specs935-v1/specs935-v1-FA-P015085-U2OS-48h-P5-L2-test/2021-12-21/865/specs935-v1-FA-P015085-U2OS-48h-P5-L2-test_H20_s2_w522833D2E-6071-4D43-8AD1-EA2C5F4D7D99.npy,ATPase inhibitor
P015085,H20,s3,CBK308709,/mnt/micro-images-pvc/specs935-v1/specs935-v1-FA-P015085-U2OS-48h-P5-L2-test/2021-12-21/865/specs935-v1-FA-P015085-U2OS-48h-P5-L2-test_H20_s3_w5B4CE5F51-8488-4E40-A020-5649F1638257.npy,ATPase inhibitor
P015085,H20,s4,CBK308709,/mnt/micro-images-pvc/specs935-v1/specs935-v1-FA-P015085-U2OS-48h-P5-L2-test/2021-12-21/865/specs935-v1-FA-P015085-U2OS-48h-P5-L2-test_H20_s4_w5B20EF154-1591-497C-B937-A1CC6AF34BB5.npy,ATPase inhibitor
P015085,H20,s5,CBK308709,/mnt/micro-images-pvc/specs935-v1/specs935-v1-FA-P015085-U2OS-48h-P5-L2-test/2021-12-21/865/specs935-v1-FA-P015085-U2OS-48h-P5-L2-test_H20_s5_w5EB8F0E80-82E1-4CDD-A177-1D18452B7042.npy,ATPase inhibitor
P015085,H20,s6,CBK308709,/mnt/micro-images-pvc/specs935-v1/specs935-v1-FA-P015085-U2OS-48h-P5-L2-test/2021-12-21/865/specs935-v1-FA-P015085-U2OS-48h-P5-L2-test_H20_s6_w5E8E52647-F975-41E8-847C-C158940A63BF.npy,ATPase inhibitor
P015085,H20,s7,CBK308709,/mnt/micro-images-pvc/specs935-v1/specs935-v1-FA-P015085-U2OS-48h-P5-L2-test/2021-12-21/865/specs935-v1-FA-P015085-U2OS-48h-P5-L2-test_H20_s7_w5B583884C-7EEC-4373-BEDF-C36FB872577E.npy,ATPase inhibitor
P015085,H20,s8,CBK308709,/mnt/micro-images-pvc/specs935-v1/specs935-v1-FA-P015085-U2OS-48h-P5-L2-test/2021-12-21/865/specs935-v1-FA-P015085-U2OS-48h-P5-L2-test_H20_s8_w5E975E591-5881-42E4-A4A4-97E91AA5823E.npy,ATPase inhibitor
P015085,H20,s9,CBK308709,/mnt/micro-images-pvc/specs935-v1/specs935-v1-FA-P015085-U2OS-48h-P5-L2-test/2021-12-21/865/specs935-v1-FA-P015085-U2OS-48h-P5-L2-test_H20_s9_w510667258-EE57-47C7-A6D0-51820EE3F87E.npy,ATPase inhibitor
P015085,H21,s1,CBK293886,/mnt/micro-images-pvc/specs935-v1/specs935-v1-FA-P015085-U2OS-48h-P5-L2-test/2021-12-21/865/specs935-v1-FA-P015085-U2OS-48h-P5-L2-test_H21_s1_w53F72D378-EDA5-4461-AF7D-A4ACE9758248.npy,Aurora kinase inhibitor
P015085,H21,s2,CBK293886,/mnt/micro-images-pvc/specs935-v1/specs935-v1-FA-P015085-U2OS-48h-P5-L2-test/2021-12-21/865/specs935-v1-FA-P015085-U2OS-48h-P5-L2-test_H21_s2_w5EE087C10-5AA3-4F8B-BAB2-E96F1614860D.npy,Aurora kinase inhibitor
P015085,H21,s3,CBK293886,/mnt/micro-images-pvc/specs935-v1/specs935-v1-FA-P015085-U2OS-48h-P5-L2-test/2021-12-21/865/specs935-v1-FA-P015085-U2OS-48h-P5-L2-test_H21_s3_w52682EA0D-3288-47F5-8DE6-FCC25BD361FE.npy,Aurora kinase inhibitor
P015085,H21,s4,CBK293886,/mnt/micro-images-pvc/specs935-v1/specs935-v1-FA-P015085-U2OS-48h-P5-L2-test/2021-12-21/865/specs935-v1-FA-P015085-U2OS-48h-P5-L2-test_H21_s4_w501AA93C5-E946-4157-B610-1EF70A81DA2A.npy,Aurora kinase inhibitor
P015085,H21,s5,CBK293886,/mnt/micro-images-pvc/specs935-v1/specs935-v1-FA-P015085-U2OS-48h-P5-L2-test/2021-12-21/865/specs935-v1-FA-P015085-U2OS-48h-P5-L2-test_H21_s5_w54C1EB83E-517E-4846-A494-469CD2373B25.npy,Aurora kinase inhibitor
P015085,H21,s6,CBK293886,/mnt/micro-images-pvc/specs935-v1/specs935-v1-FA-P015085-U2OS-48h-P5-L2-test/2021-12-21/865/specs935-v1-FA-P015085-U2OS-48h-P5-L2-test_H21_s6_w5920419AF-CF33-458D-8D33-4A4383C51036.npy,Aurora kinase inhibitor
P015085,H21,s7,CBK293886,/mnt/micro-images-pvc/specs935-v1/specs935-v1-FA-P015085-U2OS-48h-P5-L2-test/2021-12-21/865/specs935-v1-FA-P015085-U2OS-48h-P5-L2-test_H21_s7_w5FB53F017-5424-41C5-8E41-4BEECF481280.npy,Aurora kinase inhibitor
P015085,H21,s8,CBK293886,/mnt/micro-images-pvc/specs935-v1/specs935-v1-FA-P015085-U2OS-48h-P5-L2-test/2021-12-21/865/specs935-v1-FA-P015085-U2OS-48h-P5-L2-test_H21_s8_w5854C4FAB-A6C7-4816-A58F-C61DD51C2CCD.npy,Aurora kinase inhibitor
P015085,H21,s9,CBK293886,/mnt/micro-images-pvc/specs935-v1/specs935-v1-FA-P015085-U2OS-48h-P5-L2-test/2021-12-21/865/specs935-v1-FA-P015085-U2OS-48h-P5-L2-test_H21_s9_w5C67EECA6-9BBD-4875-89B7-088834B24ACB.npy,Aurora kinase inhibitor
P015085,I07,s1,CBK018513,/mnt/micro-images-pvc/specs935-v1/specs935-v1-FA-P015085-U2OS-48h-P5-L2-test/2021-12-21/865/specs935-v1-FA-P015085-U2OS-48h-P5-L2-test_I07_s1_w5D610F8AC-1E43-4538-A987-BF17A546EAE8.npy,ATPase inhibitor
P015085,I07,s2,CBK018513,/mnt/micro-images-pvc/specs935-v1/specs935-v1-FA-P015085-U2OS-48h-P5-L2-test/2021-12-21/865/specs935-v1-FA-P015085-U2OS-48h-P5-L2-test_I07_s2_w5B7E22D4C-802C-4027-A479-A6868D19851A.npy,ATPase inhibitor
P015085,I07,s3,CBK018513,/mnt/micro-images-pvc/specs935-v1/specs935-v1-FA-P015085-U2OS-48h-P5-L2-test/2021-12-21/865/specs935-v1-FA-P015085-U2OS-48h-P5-L2-test_I07_s3_w51A178DEC-7AE3-4606-805F-A37812D4ED1C.npy,ATPase inhibitor
P015085,I07,s4,CBK018513,/mnt/micro-images-pvc/specs935-v1/specs935-v1-FA-P015085-U2OS-48h-P5-L2-test/2021-12-21/865/specs935-v1-FA-P015085-U2OS-48h-P5-L2-test_I07_s4_w553665037-20F6-4052-A361-1FC16C8DE1B4.npy,ATPase inhibitor
P015085,I07,s5,CBK018513,/mnt/micro-images-pvc/specs935-v1/specs935-v1-FA-P015085-U2OS-48h-P5-L2-test/2021-12-21/865/specs935-v1-FA-P015085-U2OS-48h-P5-L2-test_I07_s5_w541F4CACD-CC62-4459-A29E-E43897351267.npy,ATPase inhibitor
P015085,I07,s6,CBK018513,/mnt/micro-images-pvc/specs935-v1/specs935-v1-FA-P015085-U2OS-48h-P5-L2-test/2021-12-21/865/specs935-v1-FA-P015085-U2OS-48h-P5-L2-test_I07_s6_w5807EA9BA-F759-47A9-B41B-9B8286DFC0D7.npy,ATPase inhibitor
P015085,I07,s7,CBK018513,/mnt/micro-images-pvc/specs935-v1/specs935-v1-FA-P015085-U2OS-48h-P5-L2-test/2021-12-21/865/specs935-v1-FA-P015085-U2OS-48h-P5-L2-test_I07_s7_w5A761FE25-60E9-473B-B77C-3089024BE692.npy,ATPase inhibitor
P015085,I07,s8,CBK018513,/mnt/micro-images-pvc/specs935-v1/specs935-v1-FA-P015085-U2OS-48h-P5-L2-test/2021-12-21/865/specs935-v1-FA-P015085-U2OS-48h-P5-L2-test_I07_s8_w5A6A90554-6826-40C4-BD7F-B987AC8A9CD0.npy,ATPase inhibitor
P015085,I07,s9,CBK018513,/mnt/micro-images-pvc/specs935-v1/specs935-v1-FA-P015085-U2OS-48h-P5-L2-test/2021-12-21/865/specs935-v1-FA-P015085-U2OS-48h-P5-L2-test_I07_s9_w51A2C96A5-A83C-4099-876C-9042897B4C64.npy,ATPase inhibitor
P015085,I14,s1,CBK303888,/mnt/micro-images-pvc/specs935-v1/specs935-v1-FA-P015085-U2OS-48h-P5-L2-test/2021-12-21/865/specs935-v1-FA-P015085-U2OS-48h-P5-L2-test_I14_s1_w56B614E55-938F-41E6-B9DC-2A9CB11C341B.npy,ATPase inhibitor
P015085,I14,s2,CBK303888,/mnt/micro-images-pvc/specs935-v1/specs935-v1-FA-P015085-U2OS-48h-P5-L2-test/2021-12-21/865/specs935-v1-FA-P015085-U2OS-48h-P5-L2-test_I14_s2_w514D445CB-32E3-49DC-9D54-54ADBADD4F54.npy,ATPase inhibitor
P015085,I14,s3,CBK303888,/mnt/micro-images-pvc/specs935-v1/specs935-v1-FA-P015085-U2OS-48h-P5-L2-test/2021-12-21/865/specs935-v1-FA-P015085-U2OS-48h-P5-L2-test_I14_s3_w5DA77B6CF-8DF9-4C84-81BB-D9AD849DAF26.npy,ATPase inhibitor
P015085,I14,s4,CBK303888,/mnt/micro-images-pvc/specs935-v1/specs935-v1-FA-P015085-U2OS-48h-P5-L2-test/2021-12-21/865/specs935-v1-FA-P015085-U2OS-48h-P5-L2-test_I14_s4_w5FD1DF13E-BD3C-454D-AECC-448F794C7803.npy,ATPase inhibitor
P015085,I14,s5,CBK303888,/mnt/micro-images-pvc/specs935-v1/specs935-v1-FA-P015085-U2OS-48h-P5-L2-test/2021-12-21/865/specs935-v1-FA-P015085-U2OS-48h-P5-L2-test_I14_s5_w52F828A97-E43C-44EF-B1C1-8945C47AA404.npy,ATPase inhibitor
P015085,I14,s6,CBK303888,/mnt/micro-images-pvc/specs935-v1/specs935-v1-FA-P015085-U2OS-48h-P5-L2-test/2021-12-21/865/specs935-v1-FA-P015085-U2OS-48h-P5-L2-test_I14_s6_w565191C58-CDAA-4EB3-9159-A5F2F22A01EC.npy,ATPase inhibitor
P015085,I14,s7,CBK303888,/mnt/micro-images-pvc/specs935-v1/specs935-v1-FA-P015085-U2OS-48h-P5-L2-test/2021-12-21/865/specs935-v1-FA-P015085-U2OS-48h-P5-L2-test_I14_s7_w52263A865-E90D-4566-8BF5-C8F041F0F9F8.npy,ATPase inhibitor
P015085,I14,s8,CBK303888,/mnt/micro-images-pvc/specs935-v1/specs935-v1-FA-P015085-U2OS-48h-P5-L2-test/2021-12-21/865/specs935-v1-FA-P015085-U2OS-48h-P5-L2-test_I14_s8_w5D862EC41-9B64-4DE8-BFCF-DD0224006BD9.npy,ATPase inhibitor
P015085,I14,s9,CBK303888,/mnt/micro-images-pvc/specs935-v1/specs935-v1-FA-P015085-U2OS-48h-P5-L2-test/2021-12-21/865/specs935-v1-FA-P015085-U2OS-48h-P5-L2-test_I14_s9_w508316D1A-86C1-43E4-BBF2-68D9E8C6B01E.npy,ATPase inhibitor
P015085,I15,s1,CBK291084,/mnt/micro-images-pvc/specs935-v1/specs935-v1-FA-P015085-U2OS-48h-P5-L2-test/2021-12-21/865/specs935-v1-FA-P015085-U2OS-48h-P5-L2-test_I15_s1_w5F78ED9D2-04F3-46AF-8FAC-5841A3301ADC.npy,ATPase inhibitor
P015085,I15,s2,CBK291084,/mnt/micro-images-pvc/specs935-v1/specs935-v1-FA-P015085-U2OS-48h-P5-L2-test/2021-12-21/865/specs935-v1-FA-P015085-U2OS-48h-P5-L2-test_I15_s2_w5CA177E60-8C33-44F7-9F7A-2479F62E6EA5.npy,ATPase inhibitor
P015085,I15,s3,CBK291084,/mnt/micro-images-pvc/specs935-v1/specs935-v1-FA-P015085-U2OS-48h-P5-L2-test/2021-12-21/865/specs935-v1-FA-P015085-U2OS-48h-P5-L2-test_I15_s3_w55AD8369B-3364-438E-9513-A17E28485EF1.npy,ATPase inhibitor
P015085,I15,s4,CBK291084,/mnt/micro-images-pvc/specs935-v1/specs935-v1-FA-P015085-U2OS-48h-P5-L2-test/2021-12-21/865/specs935-v1-FA-P015085-U2OS-48h-P5-L2-test_I15_s4_w549A04C18-99AA-461D-9814-71CBD31DAACF.npy,ATPase inhibitor
P015085,I15,s5,CBK291084,/mnt/micro-images-pvc/specs935-v1/specs935-v1-FA-P015085-U2OS-48h-P5-L2-test/2021-12-21/865/specs935-v1-FA-P015085-U2OS-48h-P5-L2-test_I15_s5_w5CD53FE45-3397-4A47-A2CA-9645412494C2.npy,ATPase inhibitor
P015085,I15,s6,CBK291084,/mnt/micro-images-pvc/specs935-v1/specs935-v1-FA-P015085-U2OS-48h-P5-L2-test/2021-12-21/865/specs935-v1-FA-P015085-U2OS-48h-P5-L2-test_I15_s6_w569724085-243D-41AA-B03B-AB878902F4CF.npy,ATPase inhibitor
P015085,I15,s7,CBK291084,/mnt/micro-images-pvc/specs935-v1/specs935-v1-FA-P015085-U2OS-48h-P5-L2-test/2021-12-21/865/specs935-v1-FA-P015085-U2OS-48h-P5-L2-test_I15_s7_w579D1CFF3-7558-41D6-8685-9A6BEF9BE718.npy,ATPase inhibitor
P015085,I15,s8,CBK291084,/mnt/micro-images-pvc/specs935-v1/specs935-v1-FA-P015085-U2OS-48h-P5-L2-test/2021-12-21/865/specs935-v1-FA-P015085-U2OS-48h-P5-L2-test_I15_s8_w599AFD8CA-3B04-4C2B-8F18-60329091C91C.npy,ATPase inhibitor
P015085,I15,s9,CBK291084,/mnt/micro-images-pvc/specs935-v1/specs935-v1-FA-P015085-U2OS-48h-P5-L2-test/2021-12-21/865/specs935-v1-FA-P015085-U2OS-48h-P5-L2-test_I15_s9_w5F561638A-3721-4E90-B9A8-C94E8C9E45DF.npy,ATPase inhibitor
P015085,I20,s1,CBK277972,/mnt/micro-images-pvc/specs935-v1/specs935-v1-FA-P015085-U2OS-48h-P5-L2-test/2021-12-21/865/specs935-v1-FA-P015085-U2OS-48h-P5-L2-test_I20_s1_w5929F6EC5-1FCB-4C9A-A4B2-AF26BA55E377.npy,Aurora kinase inhibitor
P015085,I20,s2,CBK277972,/mnt/micro-images-pvc/specs935-v1/specs935-v1-FA-P015085-U2OS-48h-P5-L2-test/2021-12-21/865/specs935-v1-FA-P015085-U2OS-48h-P5-L2-test_I20_s2_w5EF2A0DEE-5C3F-4350-9F4D-DD20E35B2D50.npy,Aurora kinase inhibitor
P015085,I20,s3,CBK277972,/mnt/micro-images-pvc/specs935-v1/specs935-v1-FA-P015085-U2OS-48h-P5-L2-test/2021-12-21/865/specs935-v1-FA-P015085-U2OS-48h-P5-L2-test_I20_s3_w52510C3A2-DD0A-424F-9FBE-D4B26119A9D3.npy,Aurora kinase inhibitor
P015085,I20,s4,CBK277972,/mnt/micro-images-pvc/specs935-v1/specs935-v1-FA-P015085-U2OS-48h-P5-L2-test/2021-12-21/865/specs935-v1-FA-P015085-U2OS-48h-P5-L2-test_I20_s4_w5A9B47237-900E-4FAF-BCC0-F2F2FE89C4DB.npy,Aurora kinase inhibitor
P015085,I20,s5,CBK277972,/mnt/micro-images-pvc/specs935-v1/specs935-v1-FA-P015085-U2OS-48h-P5-L2-test/2021-12-21/865/specs935-v1-FA-P015085-U2OS-48h-P5-L2-test_I20_s5_w50543CE99-0AC9-4A9F-8BF0-FA46A19E8D8E.npy,Aurora kinase inhibitor
P015085,I20,s6,CBK277972,/mnt/micro-images-pvc/specs935-v1/specs935-v1-FA-P015085-U2OS-48h-P5-L2-test/2021-12-21/865/specs935-v1-FA-P015085-U2OS-48h-P5-L2-test_I20_s6_w5FFF2075A-6C8C-45C2-A11B-FFB607E8FA89.npy,Aurora kinase inhibitor
P015085,I20,s7,CBK277972,/mnt/micro-images-pvc/specs935-v1/specs935-v1-FA-P015085-U2OS-48h-P5-L2-test/2021-12-21/865/specs935-v1-FA-P015085-U2OS-48h-P5-L2-test_I20_s7_w566718FC0-F3D6-4A13-B710-8BF4366CE0E8.npy,Aurora kinase inhibitor
P015085,I20,s8,CBK277972,/mnt/micro-images-pvc/specs935-v1/specs935-v1-FA-P015085-U2OS-48h-P5-L2-test/2021-12-21/865/specs935-v1-FA-P015085-U2OS-48h-P5-L2-test_I20_s8_w55A5ED09C-6249-4C91-AA3F-963F0A36E2BC.npy,Aurora kinase inhibitor
P015085,I20,s9,CBK277972,/mnt/micro-images-pvc/specs935-v1/specs935-v1-FA-P015085-U2OS-48h-P5-L2-test/2021-12-21/865/specs935-v1-FA-P015085-U2OS-48h-P5-L2-test_I20_s9_w548E1FFAB-2184-4603-ADC2-6B2B742B6F52.npy,Aurora kinase inhibitor
P015085,J03,s1,CBK288288,/mnt/micro-images-pvc/specs935-v1/specs935-v1-FA-P015085-U2OS-48h-P5-L2-test/2021-12-21/865/specs935-v1-FA-P015085-U2OS-48h-P5-L2-test_J03_s1_w5A9E32026-0623-4649-BA1D-846B707E6C73.npy,Aurora kinase inhibitor
P015085,J03,s2,CBK288288,/mnt/micro-images-pvc/specs935-v1/specs935-v1-FA-P015085-U2OS-48h-P5-L2-test/2021-12-21/865/specs935-v1-FA-P015085-U2OS-48h-P5-L2-test_J03_s2_w5B9C07C88-8DF6-4B11-A4B0-34695D6B9954.npy,Aurora kinase inhibitor
P015085,J03,s3,CBK288288,/mnt/micro-images-pvc/specs935-v1/specs935-v1-FA-P015085-U2OS-48h-P5-L2-test/2021-12-21/865/specs935-v1-FA-P015085-U2OS-48h-P5-L2-test_J03_s3_w593640F65-6EB5-47CF-852D-4207A0C07622.npy,Aurora kinase inhibitor
P015085,J03,s4,CBK288288,/mnt/micro-images-pvc/specs935-v1/specs935-v1-FA-P015085-U2OS-48h-P5-L2-test/2021-12-21/865/specs935-v1-FA-P015085-U2OS-48h-P5-L2-test_J03_s4_w5239A4A60-ED49-4256-8B97-D003449A5328.npy,Aurora kinase inhibitor
P015085,J03,s5,CBK288288,/mnt/micro-images-pvc/specs935-v1/specs935-v1-FA-P015085-U2OS-48h-P5-L2-test/2021-12-21/865/specs935-v1-FA-P015085-U2OS-48h-P5-L2-test_J03_s5_w53713B5AA-4924-4D7F-991A-2DBDC46AB273.npy,Aurora kinase inhibitor
P015085,J03,s6,CBK288288,/mnt/micro-images-pvc/specs935-v1/specs935-v1-FA-P015085-U2OS-48h-P5-L2-test/2021-12-21/865/specs935-v1-FA-P015085-U2OS-48h-P5-L2-test_J03_s6_w5E1F9667A-2167-478D-88E0-D308957D7140.npy,Aurora kinase inhibitor
P015085,J03,s7,CBK288288,/mnt/micro-images-pvc/specs935-v1/specs935-v1-FA-P015085-U2OS-48h-P5-L2-test/2021-12-21/865/specs935-v1-FA-P015085-U2OS-48h-P5-L2-test_J03_s7_w519D52832-8512-4E51-A543-72C414FF5AB1.npy,Aurora kinase inhibitor
P015085,J03,s8,CBK288288,/mnt/micro-images-pvc/specs935-v1/specs935-v1-FA-P015085-U2OS-48h-P5-L2-test/2021-12-21/865/specs935-v1-FA-P015085-U2OS-48h-P5-L2-test_J03_s8_w57C5F053F-EB14-4814-8328-7022CA11B2EF.npy,Aurora kinase inhibitor
P015085,J03,s9,CBK288288,/mnt/micro-images-pvc/specs935-v1/specs935-v1-FA-P015085-U2OS-48h-P5-L2-test/2021-12-21/865/specs935-v1-FA-P015085-U2OS-48h-P5-L2-test_J03_s9_w55810FF8B-7DCC-4EC5-B99B-8694881277D8.npy,Aurora kinase inhibitor
P015085,J09,s1,CBK290684,/mnt/micro-images-pvc/specs935-v1/specs935-v1-FA-P015085-U2OS-48h-P5-L2-test/2021-12-21/865/specs935-v1-FA-P015085-U2OS-48h-P5-L2-test_J09_s1_w557A2AE43-958F-408F-9C77-79D86F4DECF7.npy,Aurora kinase inhibitor
P015085,J09,s2,CBK290684,/mnt/micro-images-pvc/specs935-v1/specs935-v1-FA-P015085-U2OS-48h-P5-L2-test/2021-12-21/865/specs935-v1-FA-P015085-U2OS-48h-P5-L2-test_J09_s2_w5A6412E33-FBF4-4567-BD90-1CF334D08100.npy,Aurora kinase inhibitor
P015085,J09,s3,CBK290684,/mnt/micro-images-pvc/specs935-v1/specs935-v1-FA-P015085-U2OS-48h-P5-L2-test/2021-12-21/865/specs935-v1-FA-P015085-U2OS-48h-P5-L2-test_J09_s3_w5055B502D-A3B7-45C1-B6E1-618EFF03A231.npy,Aurora kinase inhibitor
P015085,J09,s4,CBK290684,/mnt/micro-images-pvc/specs935-v1/specs935-v1-FA-P015085-U2OS-48h-P5-L2-test/2021-12-21/865/specs935-v1-FA-P015085-U2OS-48h-P5-L2-test_J09_s4_w5DED4ED9F-FF39-4E8F-8936-E8A3082BDE8B.npy,Aurora kinase inhibitor
P015085,J09,s5,CBK290684,/mnt/micro-images-pvc/specs935-v1/specs935-v1-FA-P015085-U2OS-48h-P5-L2-test/2021-12-21/865/specs935-v1-FA-P015085-U2OS-48h-P5-L2-test_J09_s5_w5A34734A8-6E37-427F-A665-87E19F07E4B5.npy,Aurora kinase inhibitor
P015085,J09,s6,CBK290684,/mnt/micro-images-pvc/specs935-v1/specs935-v1-FA-P015085-U2OS-48h-P5-L2-test/2021-12-21/865/specs935-v1-FA-P015085-U2OS-48h-P5-L2-test_J09_s6_w55EE58484-5BB3-4193-B8F3-F6CC3957A938.npy,Aurora kinase inhibitor
P015085,J09,s7,CBK290684,/mnt/micro-images-pvc/specs935-v1/specs935-v1-FA-P015085-U2OS-48h-P5-L2-test/2021-12-21/865/specs935-v1-FA-P015085-U2OS-48h-P5-L2-test_J09_s7_w50579D844-61FA-4BE5-8FAB-2B3EB21283EA.npy,Aurora kinase inhibitor
P015085,J09,s8,CBK290684,/mnt/micro-images-pvc/specs935-v1/specs935-v1-FA-P015085-U2OS-48h-P5-L2-test/2021-12-21/865/specs935-v1-FA-P015085-U2OS-48h-P5-L2-test_J09_s8_w5454EA6A3-C63F-487A-A78A-D89D3CFAAB72.npy,Aurora kinase inhibitor
P015085,J09,s9,CBK290684,/mnt/micro-images-pvc/specs935-v1/specs935-v1-FA-P015085-U2OS-48h-P5-L2-test/2021-12-21/865/specs935-v1-FA-P015085-U2OS-48h-P5-L2-test_J09_s9_w5394C7869-C668-446D-9173-69F1C88AD4B5.npy,Aurora kinase inhibitor
P015085,J15,s1,CBK018513,/mnt/micro-images-pvc/specs935-v1/specs935-v1-FA-P015085-U2OS-48h-P5-L2-test/2021-12-21/865/specs935-v1-FA-P015085-U2OS-48h-P5-L2-test_J15_s1_w523BA8DC6-EF1C-4E69-957F-3EFD49B49DA9.npy,ATPase inhibitor
P015085,J15,s2,CBK018513,/mnt/micro-images-pvc/specs935-v1/specs935-v1-FA-P015085-U2OS-48h-P5-L2-test/2021-12-21/865/specs935-v1-FA-P015085-U2OS-48h-P5-L2-test_J15_s2_w5A9605CC9-1F2E-4687-A88A-57D9CAA2CDA8.npy,ATPase inhibitor
P015085,J15,s3,CBK018513,/mnt/micro-images-pvc/specs935-v1/specs935-v1-FA-P015085-U2OS-48h-P5-L2-test/2021-12-21/865/specs935-v1-FA-P015085-U2OS-48h-P5-L2-test_J15_s3_w597A2DD13-6D77-43EF-9559-BD687DB60F24.npy,ATPase inhibitor
P015085,J15,s4,CBK018513,/mnt/micro-images-pvc/specs935-v1/specs935-v1-FA-P015085-U2OS-48h-P5-L2-test/2021-12-21/865/specs935-v1-FA-P015085-U2OS-48h-P5-L2-test_J15_s4_w5396F33C5-EDCF-4138-A6A0-46D8B6F8CE6D.npy,ATPase inhibitor
P015085,J15,s5,CBK018513,/mnt/micro-images-pvc/specs935-v1/specs935-v1-FA-P015085-U2OS-48h-P5-L2-test/2021-12-21/865/specs935-v1-FA-P015085-U2OS-48h-P5-L2-test_J15_s5_w5B86FDF53-DF9F-4AEB-9F8B-8A1A401B8678.npy,ATPase inhibitor
P015085,J15,s6,CBK018513,/mnt/micro-images-pvc/specs935-v1/specs935-v1-FA-P015085-U2OS-48h-P5-L2-test/2021-12-21/865/specs935-v1-FA-P015085-U2OS-48h-P5-L2-test_J15_s6_w5D01FC2FC-2BE8-4E8A-8191-37A182F3CA3F.npy,ATPase inhibitor
P015085,J15,s7,CBK018513,/mnt/micro-images-pvc/specs935-v1/specs935-v1-FA-P015085-U2OS-48h-P5-L2-test/2021-12-21/865/specs935-v1-FA-P015085-U2OS-48h-P5-L2-test_J15_s7_w51C892155-1DFA-4FF9-8AE5-085B4104C776.npy,ATPase inhibitor
P015085,J15,s8,CBK018513,/mnt/micro-images-pvc/specs935-v1/specs935-v1-FA-P015085-U2OS-48h-P5-L2-test/2021-12-21/865/specs935-v1-FA-P015085-U2OS-48h-P5-L2-test_J15_s8_w547E5225D-1F88-43F4-A4FC-2A1349F20080.npy,ATPase inhibitor
P015085,J15,s9,CBK018513,/mnt/micro-images-pvc/specs935-v1/specs935-v1-FA-P015085-U2OS-48h-P5-L2-test/2021-12-21/865/specs935-v1-FA-P015085-U2OS-48h-P5-L2-test_J15_s9_w51D2F11CA-D9AB-4632-9B46-4860831C0424.npy,ATPase inhibitor
P015085,J18,s1,CBK309086,/mnt/micro-images-pvc/specs935-v1/specs935-v1-FA-P015085-U2OS-48h-P5-L2-test/2021-12-21/865/specs935-v1-FA-P015085-U2OS-48h-P5-L2-test_J18_s1_w53DC67F45-EF68-4210-A701-03414B412388.npy,ATPase inhibitor
P015085,J18,s2,CBK309086,/mnt/micro-images-pvc/specs935-v1/specs935-v1-FA-P015085-U2OS-48h-P5-L2-test/2021-12-21/865/specs935-v1-FA-P015085-U2OS-48h-P5-L2-test_J18_s2_w5C471EEB0-6ABC-43A4-83E1-890D35E87FDE.npy,ATPase inhibitor
P015085,J18,s3,CBK309086,/mnt/micro-images-pvc/specs935-v1/specs935-v1-FA-P015085-U2OS-48h-P5-L2-test/2021-12-21/865/specs935-v1-FA-P015085-U2OS-48h-P5-L2-test_J18_s3_w5CF38586A-3259-4C31-AB67-F5D2AD8A6011.npy,ATPase inhibitor
P015085,J18,s4,CBK309086,/mnt/micro-images-pvc/specs935-v1/specs935-v1-FA-P015085-U2OS-48h-P5-L2-test/2021-12-21/865/specs935-v1-FA-P015085-U2OS-48h-P5-L2-test_J18_s4_w5B6CAE18F-114D-426C-A56A-C36991D18C17.npy,ATPase inhibitor
P015085,J18,s5,CBK309086,/mnt/micro-images-pvc/specs935-v1/specs935-v1-FA-P015085-U2OS-48h-P5-L2-test/2021-12-21/865/specs935-v1-FA-P015085-U2OS-48h-P5-L2-test_J18_s5_w5122231D7-BF6D-4144-8BE6-84AA6643B74A.npy,ATPase inhibitor
P015085,J18,s6,CBK309086,/mnt/micro-images-pvc/specs935-v1/specs935-v1-FA-P015085-U2OS-48h-P5-L2-test/2021-12-21/865/specs935-v1-FA-P015085-U2OS-48h-P5-L2-test_J18_s6_w5AEE89A8D-6597-4B15-AC03-77CA50F148C0.npy,ATPase inhibitor
P015085,J18,s7,CBK309086,/mnt/micro-images-pvc/specs935-v1/specs935-v1-FA-P015085-U2OS-48h-P5-L2-test/2021-12-21/865/specs935-v1-FA-P015085-U2OS-48h-P5-L2-test_J18_s7_w5BAF92EEF-347E-4820-956E-7C684DAF43CA.npy,ATPase inhibitor
P015085,J18,s8,CBK309086,/mnt/micro-images-pvc/specs935-v1/specs935-v1-FA-P015085-U2OS-48h-P5-L2-test/2021-12-21/865/specs935-v1-FA-P015085-U2OS-48h-P5-L2-test_J18_s8_w5DB9A7CA6-138C-437F-BC00-02A162D7FE55.npy,ATPase inhibitor
P015085,J18,s9,CBK309086,/mnt/micro-images-pvc/specs935-v1/specs935-v1-FA-P015085-U2OS-48h-P5-L2-test/2021-12-21/865/specs935-v1-FA-P015085-U2OS-48h-P5-L2-test_J18_s9_w5965B1296-11E8-4228-AF0F-D9CC9DD7BD8A.npy,ATPase inhibitor
P015085,J19,s1,CBK309653,/mnt/micro-images-pvc/specs935-v1/specs935-v1-FA-P015085-U2OS-48h-P5-L2-test/2021-12-21/865/specs935-v1-FA-P015085-U2OS-48h-P5-L2-test_J19_s1_w5268CFA87-0B55-45D2-8636-B868F6FE401F.npy,ATPase inhibitor
P015085,J19,s2,CBK309653,/mnt/micro-images-pvc/specs935-v1/specs935-v1-FA-P015085-U2OS-48h-P5-L2-test/2021-12-21/865/specs935-v1-FA-P015085-U2OS-48h-P5-L2-test_J19_s2_w520FD7A0A-715C-4F50-AEBF-96402F9C4DF7.npy,ATPase inhibitor
P015085,J19,s3,CBK309653,/mnt/micro-images-pvc/specs935-v1/specs935-v1-FA-P015085-U2OS-48h-P5-L2-test/2021-12-21/865/specs935-v1-FA-P015085-U2OS-48h-P5-L2-test_J19_s3_w5F92EB09C-A707-4D8D-9588-17603B18E91E.npy,ATPase inhibitor
P015085,J19,s4,CBK309653,/mnt/micro-images-pvc/specs935-v1/specs935-v1-FA-P015085-U2OS-48h-P5-L2-test/2021-12-21/865/specs935-v1-FA-P015085-U2OS-48h-P5-L2-test_J19_s4_w5DD5B7649-2C7F-43CF-9945-F34D3958F924.npy,ATPase inhibitor
P015085,J19,s5,CBK309653,/mnt/micro-images-pvc/specs935-v1/specs935-v1-FA-P015085-U2OS-48h-P5-L2-test/2021-12-21/865/specs935-v1-FA-P015085-U2OS-48h-P5-L2-test_J19_s5_w5077CF520-DCEC-40F7-ACCA-1800AF26E99F.npy,ATPase inhibitor
P015085,J19,s6,CBK309653,/mnt/micro-images-pvc/specs935-v1/specs935-v1-FA-P015085-U2OS-48h-P5-L2-test/2021-12-21/865/specs935-v1-FA-P015085-U2OS-48h-P5-L2-test_J19_s6_w564DC4792-FAF4-4D06-B2E4-D875B34446DF.npy,ATPase inhibitor
P015085,J19,s7,CBK309653,/mnt/micro-images-pvc/specs935-v1/specs935-v1-FA-P015085-U2OS-48h-P5-L2-test/2021-12-21/865/specs935-v1-FA-P015085-U2OS-48h-P5-L2-test_J19_s7_w59C2BCCE5-B214-4934-915C-2C6E23CB06B4.npy,ATPase inhibitor
P015085,J19,s8,CBK309653,/mnt/micro-images-pvc/specs935-v1/specs935-v1-FA-P015085-U2OS-48h-P5-L2-test/2021-12-21/865/specs935-v1-FA-P015085-U2OS-48h-P5-L2-test_J19_s8_w552695E1C-05B2-4D84-9DC1-8DCD6A8E8166.npy,ATPase inhibitor
P015085,J19,s9,CBK309653,/mnt/micro-images-pvc/specs935-v1/specs935-v1-FA-P015085-U2OS-48h-P5-L2-test/2021-12-21/865/specs935-v1-FA-P015085-U2OS-48h-P5-L2-test_J19_s9_w57D6CD13E-E4F9-4915-9799-A1A9293D4F43.npy,ATPase inhibitor
P015085,K05,s1,CBK288286,/mnt/micro-images-pvc/specs935-v1/specs935-v1-FA-P015085-U2OS-48h-P5-L2-test/2021-12-21/865/specs935-v1-FA-P015085-U2OS-48h-P5-L2-test_K05_s1_w53CC803E0-901B-4A41-B707-AF4A4E367D27.npy,Aurora kinase inhibitor
P015085,K05,s2,CBK288286,/mnt/micro-images-pvc/specs935-v1/specs935-v1-FA-P015085-U2OS-48h-P5-L2-test/2021-12-21/865/specs935-v1-FA-P015085-U2OS-48h-P5-L2-test_K05_s2_w523BBA763-3CF0-4E8B-A1B6-350207E74EA0.npy,Aurora kinase inhibitor
P015085,K05,s3,CBK288286,/mnt/micro-images-pvc/specs935-v1/specs935-v1-FA-P015085-U2OS-48h-P5-L2-test/2021-12-21/865/specs935-v1-FA-P015085-U2OS-48h-P5-L2-test_K05_s3_w53FB31E19-DF1D-4181-95B1-44B757575F57.npy,Aurora kinase inhibitor
P015085,K05,s4,CBK288286,/mnt/micro-images-pvc/specs935-v1/specs935-v1-FA-P015085-U2OS-48h-P5-L2-test/2021-12-21/865/specs935-v1-FA-P015085-U2OS-48h-P5-L2-test_K05_s4_w5CF8E371F-8623-4820-B702-F013B6AA2C1E.npy,Aurora kinase inhibitor
P015085,K05,s5,CBK288286,/mnt/micro-images-pvc/specs935-v1/specs935-v1-FA-P015085-U2OS-48h-P5-L2-test/2021-12-21/865/specs935-v1-FA-P015085-U2OS-48h-P5-L2-test_K05_s5_w5E8CBE3A3-85C3-41A8-8F0B-2D507FBDB2E3.npy,Aurora kinase inhibitor
P015085,K05,s6,CBK288286,/mnt/micro-images-pvc/specs935-v1/specs935-v1-FA-P015085-U2OS-48h-P5-L2-test/2021-12-21/865/specs935-v1-FA-P015085-U2OS-48h-P5-L2-test_K05_s6_w555C88A2C-525E-4FFD-BEF6-63B2B1B51C3C.npy,Aurora kinase inhibitor
P015085,K05,s7,CBK288286,/mnt/micro-images-pvc/specs935-v1/specs935-v1-FA-P015085-U2OS-48h-P5-L2-test/2021-12-21/865/specs935-v1-FA-P015085-U2OS-48h-P5-L2-test_K05_s7_w55EDCC33F-43F7-4F17-AEC4-5706E60A7BDE.npy,Aurora kinase inhibitor
P015085,K05,s8,CBK288286,/mnt/micro-images-pvc/specs935-v1/specs935-v1-FA-P015085-U2OS-48h-P5-L2-test/2021-12-21/865/specs935-v1-FA-P015085-U2OS-48h-P5-L2-test_K05_s8_w5B9B55386-0EFE-478D-B6E1-AE5F7077A210.npy,Aurora kinase inhibitor
P015085,K05,s9,CBK288286,/mnt/micro-images-pvc/specs935-v1/specs935-v1-FA-P015085-U2OS-48h-P5-L2-test/2021-12-21/865/specs935-v1-FA-P015085-U2OS-48h-P5-L2-test_K05_s9_w5BD8EBCE8-0825-4DDB-B96D-544F4F4B83B9.npy,Aurora kinase inhibitor
P015085,K11,s1,CBK290829,/mnt/micro-images-pvc/specs935-v1/specs935-v1-FA-P015085-U2OS-48h-P5-L2-test/2021-12-21/865/specs935-v1-FA-P015085-U2OS-48h-P5-L2-test_K11_s1_w5258A9B68-B654-4346-8094-3E7BCB4BE382.npy,Aurora kinase inhibitor
P015085,K11,s2,CBK290829,/mnt/micro-images-pvc/specs935-v1/specs935-v1-FA-P015085-U2OS-48h-P5-L2-test/2021-12-21/865/specs935-v1-FA-P015085-U2OS-48h-P5-L2-test_K11_s2_w5FB6B5A36-9C33-456E-A60F-2D0134D82083.npy,Aurora kinase inhibitor
P015085,K11,s3,CBK290829,/mnt/micro-images-pvc/specs935-v1/specs935-v1-FA-P015085-U2OS-48h-P5-L2-test/2021-12-21/865/specs935-v1-FA-P015085-U2OS-48h-P5-L2-test_K11_s3_w5B9B9BA37-031F-4105-91FB-79BEA39A0460.npy,Aurora kinase inhibitor
P015085,K11,s4,CBK290829,/mnt/micro-images-pvc/specs935-v1/specs935-v1-FA-P015085-U2OS-48h-P5-L2-test/2021-12-21/865/specs935-v1-FA-P015085-U2OS-48h-P5-L2-test_K11_s4_w5E85F90A3-6A03-41EA-846F-D866A0A57740.npy,Aurora kinase inhibitor
P015085,K11,s5,CBK290829,/mnt/micro-images-pvc/specs935-v1/specs935-v1-FA-P015085-U2OS-48h-P5-L2-test/2021-12-21/865/specs935-v1-FA-P015085-U2OS-48h-P5-L2-test_K11_s5_w50CAAABEC-D7B0-4CA7-AEDC-2940D1476D2C.npy,Aurora kinase inhibitor
P015085,K11,s6,CBK290829,/mnt/micro-images-pvc/specs935-v1/specs935-v1-FA-P015085-U2OS-48h-P5-L2-test/2021-12-21/865/specs935-v1-FA-P015085-U2OS-48h-P5-L2-test_K11_s6_w5F1F43A5C-8719-4094-A84D-6EEBADF47F32.npy,Aurora kinase inhibitor
P015085,K11,s7,CBK290829,/mnt/micro-images-pvc/specs935-v1/specs935-v1-FA-P015085-U2OS-48h-P5-L2-test/2021-12-21/865/specs935-v1-FA-P015085-U2OS-48h-P5-L2-test_K11_s7_w5CCB3E4BD-E6B2-425F-8591-74BAAABE0202.npy,Aurora kinase inhibitor
P015085,K11,s8,CBK290829,/mnt/micro-images-pvc/specs935-v1/specs935-v1-FA-P015085-U2OS-48h-P5-L2-test/2021-12-21/865/specs935-v1-FA-P015085-U2OS-48h-P5-L2-test_K11_s8_w5342FD7C3-69F3-4835-8E7A-23D54F50103E.npy,Aurora kinase inhibitor
P015085,K11,s9,CBK290829,/mnt/micro-images-pvc/specs935-v1/specs935-v1-FA-P015085-U2OS-48h-P5-L2-test/2021-12-21/865/specs935-v1-FA-P015085-U2OS-48h-P5-L2-test_K11_s9_w5A070B00F-CEB5-4BAB-892E-60E73380DA4D.npy,Aurora kinase inhibitor
P015085,K14,s1,CBK041779,/mnt/micro-images-pvc/specs935-v1/specs935-v1-FA-P015085-U2OS-48h-P5-L2-test/2021-12-21/865/specs935-v1-FA-P015085-U2OS-48h-P5-L2-test_K14_s1_w5C672A0BB-0959-4253-9C09-0B50A133055B.npy,ATPase inhibitor
P015085,K14,s2,CBK041779,/mnt/micro-images-pvc/specs935-v1/specs935-v1-FA-P015085-U2OS-48h-P5-L2-test/2021-12-21/865/specs935-v1-FA-P015085-U2OS-48h-P5-L2-test_K14_s2_w584F4DE5F-B3F0-411A-AE04-6DD1243E5F0F.npy,ATPase inhibitor
P015085,K14,s3,CBK041779,/mnt/micro-images-pvc/specs935-v1/specs935-v1-FA-P015085-U2OS-48h-P5-L2-test/2021-12-21/865/specs935-v1-FA-P015085-U2OS-48h-P5-L2-test_K14_s3_w5159A3200-174E-4C65-BF60-B0FA1716C05B.npy,ATPase inhibitor
P015085,K14,s4,CBK041779,/mnt/micro-images-pvc/specs935-v1/specs935-v1-FA-P015085-U2OS-48h-P5-L2-test/2021-12-21/865/specs935-v1-FA-P015085-U2OS-48h-P5-L2-test_K14_s4_w55911BEC1-B331-4064-9C88-44D189D9D2DE.npy,ATPase inhibitor
P015085,K14,s5,CBK041779,/mnt/micro-images-pvc/specs935-v1/specs935-v1-FA-P015085-U2OS-48h-P5-L2-test/2021-12-21/865/specs935-v1-FA-P015085-U2OS-48h-P5-L2-test_K14_s5_w53912D634-7AAE-46CE-9F12-A43321CCF1CC.npy,ATPase inhibitor
P015085,K14,s6,CBK041779,/mnt/micro-images-pvc/specs935-v1/specs935-v1-FA-P015085-U2OS-48h-P5-L2-test/2021-12-21/865/specs935-v1-FA-P015085-U2OS-48h-P5-L2-test_K14_s6_w5EB2A63B8-611F-4028-AA28-9FDBB239499B.npy,ATPase inhibitor
P015085,K14,s7,CBK041779,/mnt/micro-images-pvc/specs935-v1/specs935-v1-FA-P015085-U2OS-48h-P5-L2-test/2021-12-21/865/specs935-v1-FA-P015085-U2OS-48h-P5-L2-test_K14_s7_w509748A41-ED49-43D6-965C-5E9DF3020DA8.npy,ATPase inhibitor
P015085,K14,s8,CBK041779,/mnt/micro-images-pvc/specs935-v1/specs935-v1-FA-P015085-U2OS-48h-P5-L2-test/2021-12-21/865/specs935-v1-FA-P015085-U2OS-48h-P5-L2-test_K14_s8_w51AFA8285-3FFB-4B73-873E-DA8059D6E904.npy,ATPase inhibitor
P015085,K14,s9,CBK041779,/mnt/micro-images-pvc/specs935-v1/specs935-v1-FA-P015085-U2OS-48h-P5-L2-test/2021-12-21/865/specs935-v1-FA-P015085-U2OS-48h-P5-L2-test_K14_s9_w5318DCC46-28D1-411A-A65B-1288ECC1F25B.npy,ATPase inhibitor
P015085,K18,s1,CBK288259,/mnt/micro-images-pvc/specs935-v1/specs935-v1-FA-P015085-U2OS-48h-P5-L2-test/2021-12-21/865/specs935-v1-FA-P015085-U2OS-48h-P5-L2-test_K18_s1_w568026BDE-FDFE-4D79-90AA-494CF8BFABF7.npy,Aurora kinase inhibitor
P015085,K18,s2,CBK288259,/mnt/micro-images-pvc/specs935-v1/specs935-v1-FA-P015085-U2OS-48h-P5-L2-test/2021-12-21/865/specs935-v1-FA-P015085-U2OS-48h-P5-L2-test_K18_s2_w5A17BDF6C-461E-4FD3-85D7-2DD02249B793.npy,Aurora kinase inhibitor
P015085,K18,s3,CBK288259,/mnt/micro-images-pvc/specs935-v1/specs935-v1-FA-P015085-U2OS-48h-P5-L2-test/2021-12-21/865/specs935-v1-FA-P015085-U2OS-48h-P5-L2-test_K18_s3_w56F5E5D9F-4938-437C-B70C-B9B8501ED5F0.npy,Aurora kinase inhibitor
P015085,K18,s4,CBK288259,/mnt/micro-images-pvc/specs935-v1/specs935-v1-FA-P015085-U2OS-48h-P5-L2-test/2021-12-21/865/specs935-v1-FA-P015085-U2OS-48h-P5-L2-test_K18_s4_w51DB8371C-CF47-464B-A5FF-6FCAC4CC69BC.npy,Aurora kinase inhibitor
P015085,K18,s5,CBK288259,/mnt/micro-images-pvc/specs935-v1/specs935-v1-FA-P015085-U2OS-48h-P5-L2-test/2021-12-21/865/specs935-v1-FA-P015085-U2OS-48h-P5-L2-test_K18_s5_w554C960A3-D569-4521-8D71-533AA310D406.npy,Aurora kinase inhibitor
P015085,K18,s6,CBK288259,/mnt/micro-images-pvc/specs935-v1/specs935-v1-FA-P015085-U2OS-48h-P5-L2-test/2021-12-21/865/specs935-v1-FA-P015085-U2OS-48h-P5-L2-test_K18_s6_w5F49395C8-56F7-4728-98EB-5B2C45E5A75D.npy,Aurora kinase inhibitor
P015085,K18,s7,CBK288259,/mnt/micro-images-pvc/specs935-v1/specs935-v1-FA-P015085-U2OS-48h-P5-L2-test/2021-12-21/865/specs935-v1-FA-P015085-U2OS-48h-P5-L2-test_K18_s7_w5FB7B7622-20DA-4C48-8581-9C3825E4E2E3.npy,Aurora kinase inhibitor
P015085,K18,s8,CBK288259,/mnt/micro-images-pvc/specs935-v1/specs935-v1-FA-P015085-U2OS-48h-P5-L2-test/2021-12-21/865/specs935-v1-FA-P015085-U2OS-48h-P5-L2-test_K18_s8_w5909A2A26-13B7-4C18-99EE-363168CA8764.npy,Aurora kinase inhibitor
P015085,K18,s9,CBK288259,/mnt/micro-images-pvc/specs935-v1/specs935-v1-FA-P015085-U2OS-48h-P5-L2-test/2021-12-21/865/specs935-v1-FA-P015085-U2OS-48h-P5-L2-test_K18_s9_w5FD12F64A-41A6-468E-B24C-B246FD009465.npy,Aurora kinase inhibitor
P015085,K20,s1,CBK288285,/mnt/micro-images-pvc/specs935-v1/specs935-v1-FA-P015085-U2OS-48h-P5-L2-test/2021-12-21/865/specs935-v1-FA-P015085-U2OS-48h-P5-L2-test_K20_s1_w568148BF5-D2D2-46C5-8FCC-00061AACA811.npy,Aurora kinase inhibitor
P015085,K20,s2,CBK288285,/mnt/micro-images-pvc/specs935-v1/specs935-v1-FA-P015085-U2OS-48h-P5-L2-test/2021-12-21/865/specs935-v1-FA-P015085-U2OS-48h-P5-L2-test_K20_s2_w50D34F3FB-E1BC-4A14-A6FA-B305CE1ABD0B.npy,Aurora kinase inhibitor
P015085,K20,s3,CBK288285,/mnt/micro-images-pvc/specs935-v1/specs935-v1-FA-P015085-U2OS-48h-P5-L2-test/2021-12-21/865/specs935-v1-FA-P015085-U2OS-48h-P5-L2-test_K20_s3_w5E009253F-8820-4A1B-9A86-DDEAD874AF89.npy,Aurora kinase inhibitor
P015085,K20,s4,CBK288285,/mnt/micro-images-pvc/specs935-v1/specs935-v1-FA-P015085-U2OS-48h-P5-L2-test/2021-12-21/865/specs935-v1-FA-P015085-U2OS-48h-P5-L2-test_K20_s4_w52E343DEC-1112-4560-8F7D-EF8B08D7D720.npy,Aurora kinase inhibitor
P015085,K20,s5,CBK288285,/mnt/micro-images-pvc/specs935-v1/specs935-v1-FA-P015085-U2OS-48h-P5-L2-test/2021-12-21/865/specs935-v1-FA-P015085-U2OS-48h-P5-L2-test_K20_s5_w569B2E693-F3E6-4289-A513-930209A07652.npy,Aurora kinase inhibitor
P015085,K20,s6,CBK288285,/mnt/micro-images-pvc/specs935-v1/specs935-v1-FA-P015085-U2OS-48h-P5-L2-test/2021-12-21/865/specs935-v1-FA-P015085-U2OS-48h-P5-L2-test_K20_s6_w598B2FDC7-B62C-4648-BFE5-E29A391993C9.npy,Aurora kinase inhibitor
P015085,K20,s7,CBK288285,/mnt/micro-images-pvc/specs935-v1/specs935-v1-FA-P015085-U2OS-48h-P5-L2-test/2021-12-21/865/specs935-v1-FA-P015085-U2OS-48h-P5-L2-test_K20_s7_w52C053CE8-A025-4A7D-B5D9-778D7393B87D.npy,Aurora kinase inhibitor
P015085,K20,s8,CBK288285,/mnt/micro-images-pvc/specs935-v1/specs935-v1-FA-P015085-U2OS-48h-P5-L2-test/2021-12-21/865/specs935-v1-FA-P015085-U2OS-48h-P5-L2-test_K20_s8_w579E84F5D-F231-473D-9E01-B87F960325D6.npy,Aurora kinase inhibitor
P015085,K20,s9,CBK288285,/mnt/micro-images-pvc/specs935-v1/specs935-v1-FA-P015085-U2OS-48h-P5-L2-test/2021-12-21/865/specs935-v1-FA-P015085-U2OS-48h-P5-L2-test_K20_s9_w5A4272D7B-FB2A-4284-A402-19D6B573D870.npy,Aurora kinase inhibitor
P015085,L04,s1,CBK200551,/mnt/micro-images-pvc/specs935-v1/specs935-v1-FA-P015085-U2OS-48h-P5-L2-test/2021-12-21/865/specs935-v1-FA-P015085-U2OS-48h-P5-L2-test_L04_s1_w50F6CE255-29DB-4AAA-918D-DE2F04664CBB.npy,ATPase inhibitor
P015085,L04,s2,CBK200551,/mnt/micro-images-pvc/specs935-v1/specs935-v1-FA-P015085-U2OS-48h-P5-L2-test/2021-12-21/865/specs935-v1-FA-P015085-U2OS-48h-P5-L2-test_L04_s2_w5D1CC684C-8053-4505-808F-45B55EF5C2EC.npy,ATPase inhibitor
P015085,L04,s3,CBK200551,/mnt/micro-images-pvc/specs935-v1/specs935-v1-FA-P015085-U2OS-48h-P5-L2-test/2021-12-21/865/specs935-v1-FA-P015085-U2OS-48h-P5-L2-test_L04_s3_w5941EE0E0-3A27-4417-9E3E-D7D91DC2955D.npy,ATPase inhibitor
P015085,L04,s4,CBK200551,/mnt/micro-images-pvc/specs935-v1/specs935-v1-FA-P015085-U2OS-48h-P5-L2-test/2021-12-21/865/specs935-v1-FA-P015085-U2OS-48h-P5-L2-test_L04_s4_w528E3F0E7-8529-4C4B-BC47-EFB552517310.npy,ATPase inhibitor
P015085,L04,s5,CBK200551,/mnt/micro-images-pvc/specs935-v1/specs935-v1-FA-P015085-U2OS-48h-P5-L2-test/2021-12-21/865/specs935-v1-FA-P015085-U2OS-48h-P5-L2-test_L04_s5_w51CB4B29F-9DB9-4B0F-AD2C-BEE312C0FA4A.npy,ATPase inhibitor
P015085,L04,s6,CBK200551,/mnt/micro-images-pvc/specs935-v1/specs935-v1-FA-P015085-U2OS-48h-P5-L2-test/2021-12-21/865/specs935-v1-FA-P015085-U2OS-48h-P5-L2-test_L04_s6_w5A1BCEB4F-F605-42BF-8701-E22A48EB3985.npy,ATPase inhibitor
P015085,L04,s7,CBK200551,/mnt/micro-images-pvc/specs935-v1/specs935-v1-FA-P015085-U2OS-48h-P5-L2-test/2021-12-21/865/specs935-v1-FA-P015085-U2OS-48h-P5-L2-test_L04_s7_w5B05B1D98-EDB4-4E83-974B-FA217243CF04.npy,ATPase inhibitor
P015085,L04,s8,CBK200551,/mnt/micro-images-pvc/specs935-v1/specs935-v1-FA-P015085-U2OS-48h-P5-L2-test/2021-12-21/865/specs935-v1-FA-P015085-U2OS-48h-P5-L2-test_L04_s8_w54BDCF190-0B67-4A70-9961-096EAB90787D.npy,ATPase inhibitor
P015085,L04,s9,CBK200551,/mnt/micro-images-pvc/specs935-v1/specs935-v1-FA-P015085-U2OS-48h-P5-L2-test/2021-12-21/865/specs935-v1-FA-P015085-U2OS-48h-P5-L2-test_L04_s9_w5407A6D7B-EDF8-4B36-B42A-7DB9807CA3E1.npy,ATPase inhibitor
P015085,L06,s1,CBK308709,/mnt/micro-images-pvc/specs935-v1/specs935-v1-FA-P015085-U2OS-48h-P5-L2-test/2021-12-21/865/specs935-v1-FA-P015085-U2OS-48h-P5-L2-test_L06_s1_w577607492-9477-4E22-8F6D-9B4AC0AD95E1.npy,ATPase inhibitor
P015085,L06,s2,CBK308709,/mnt/micro-images-pvc/specs935-v1/specs935-v1-FA-P015085-U2OS-48h-P5-L2-test/2021-12-21/865/specs935-v1-FA-P015085-U2OS-48h-P5-L2-test_L06_s2_w5A90FC629-E653-4F53-B357-854238EBD73E.npy,ATPase inhibitor
P015085,L06,s3,CBK308709,/mnt/micro-images-pvc/specs935-v1/specs935-v1-FA-P015085-U2OS-48h-P5-L2-test/2021-12-21/865/specs935-v1-FA-P015085-U2OS-48h-P5-L2-test_L06_s3_w5F7A7ED12-3E48-453C-83CA-EA7CCB0419E6.npy,ATPase inhibitor
P015085,L06,s4,CBK308709,/mnt/micro-images-pvc/specs935-v1/specs935-v1-FA-P015085-U2OS-48h-P5-L2-test/2021-12-21/865/specs935-v1-FA-P015085-U2OS-48h-P5-L2-test_L06_s4_w5DBAFBC34-FFA1-441C-8A16-72F98AF9B238.npy,ATPase inhibitor
P015085,L06,s5,CBK308709,/mnt/micro-images-pvc/specs935-v1/specs935-v1-FA-P015085-U2OS-48h-P5-L2-test/2021-12-21/865/specs935-v1-FA-P015085-U2OS-48h-P5-L2-test_L06_s5_w54448247A-C7AA-45B4-A5E3-0EBB9D833F49.npy,ATPase inhibitor
P015085,L06,s6,CBK308709,/mnt/micro-images-pvc/specs935-v1/specs935-v1-FA-P015085-U2OS-48h-P5-L2-test/2021-12-21/865/specs935-v1-FA-P015085-U2OS-48h-P5-L2-test_L06_s6_w5409DEC2F-1500-4D09-8E05-0C288C06D0E2.npy,ATPase inhibitor
P015085,L06,s7,CBK308709,/mnt/micro-images-pvc/specs935-v1/specs935-v1-FA-P015085-U2OS-48h-P5-L2-test/2021-12-21/865/specs935-v1-FA-P015085-U2OS-48h-P5-L2-test_L06_s7_w57CE25D0A-FBD4-491A-9240-FB22E10313E3.npy,ATPase inhibitor
P015085,L06,s8,CBK308709,/mnt/micro-images-pvc/specs935-v1/specs935-v1-FA-P015085-U2OS-48h-P5-L2-test/2021-12-21/865/specs935-v1-FA-P015085-U2OS-48h-P5-L2-test_L06_s8_w54A1AF340-8FC2-4383-A7C0-D587CBF72F11.npy,ATPase inhibitor
P015085,L06,s9,CBK308709,/mnt/micro-images-pvc/specs935-v1/specs935-v1-FA-P015085-U2OS-48h-P5-L2-test/2021-12-21/865/specs935-v1-FA-P015085-U2OS-48h-P5-L2-test_L06_s9_w5C1039F68-A38A-47AB-9BFF-CAF1CC6C12E1.npy,ATPase inhibitor
P015085,L08,s1,CBK290770,/mnt/micro-images-pvc/specs935-v1/specs935-v1-FA-P015085-U2OS-48h-P5-L2-test/2021-12-21/865/specs935-v1-FA-P015085-U2OS-48h-P5-L2-test_L08_s1_w5187D0074-C43A-4CF4-B698-6431374A15FA.npy,Aurora kinase inhibitor
P015085,L08,s2,CBK290770,/mnt/micro-images-pvc/specs935-v1/specs935-v1-FA-P015085-U2OS-48h-P5-L2-test/2021-12-21/865/specs935-v1-FA-P015085-U2OS-48h-P5-L2-test_L08_s2_w53D080B11-70E8-4356-ABB9-0C9B04B2924D.npy,Aurora kinase inhibitor
P015085,L08,s3,CBK290770,/mnt/micro-images-pvc/specs935-v1/specs935-v1-FA-P015085-U2OS-48h-P5-L2-test/2021-12-21/865/specs935-v1-FA-P015085-U2OS-48h-P5-L2-test_L08_s3_w5122639C6-2C84-4125-8D40-B63B7112E60E.npy,Aurora kinase inhibitor
P015085,L08,s4,CBK290770,/mnt/micro-images-pvc/specs935-v1/specs935-v1-FA-P015085-U2OS-48h-P5-L2-test/2021-12-21/865/specs935-v1-FA-P015085-U2OS-48h-P5-L2-test_L08_s4_w5BE25600B-647E-47D5-A632-DCCE5B5AFAE1.npy,Aurora kinase inhibitor
P015085,L08,s5,CBK290770,/mnt/micro-images-pvc/specs935-v1/specs935-v1-FA-P015085-U2OS-48h-P5-L2-test/2021-12-21/865/specs935-v1-FA-P015085-U2OS-48h-P5-L2-test_L08_s5_w5D5D80E3D-85E6-4092-904F-C510A1EEBFFE.npy,Aurora kinase inhibitor
P015085,L08,s6,CBK290770,/mnt/micro-images-pvc/specs935-v1/specs935-v1-FA-P015085-U2OS-48h-P5-L2-test/2021-12-21/865/specs935-v1-FA-P015085-U2OS-48h-P5-L2-test_L08_s6_w59C16BFE7-F0F3-4A89-9715-D3ECDAEA2CB0.npy,Aurora kinase inhibitor
P015085,L08,s7,CBK290770,/mnt/micro-images-pvc/specs935-v1/specs935-v1-FA-P015085-U2OS-48h-P5-L2-test/2021-12-21/865/specs935-v1-FA-P015085-U2OS-48h-P5-L2-test_L08_s7_w5ED18364D-7705-4B23-BE71-14E0040E8AD5.npy,Aurora kinase inhibitor
P015085,L08,s8,CBK290770,/mnt/micro-images-pvc/specs935-v1/specs935-v1-FA-P015085-U2OS-48h-P5-L2-test/2021-12-21/865/specs935-v1-FA-P015085-U2OS-48h-P5-L2-test_L08_s8_w5A0059181-2DC2-4F15-AE43-A9517FC98FAB.npy,Aurora kinase inhibitor
P015085,L08,s9,CBK290770,/mnt/micro-images-pvc/specs935-v1/specs935-v1-FA-P015085-U2OS-48h-P5-L2-test/2021-12-21/865/specs935-v1-FA-P015085-U2OS-48h-P5-L2-test_L08_s9_w5327007B9-7892-4F43-ACCA-E22E8AA2F943.npy,Aurora kinase inhibitor
P015085,L12,s1,CBK309653,/mnt/micro-images-pvc/specs935-v1/specs935-v1-FA-P015085-U2OS-48h-P5-L2-test/2021-12-21/865/specs935-v1-FA-P015085-U2OS-48h-P5-L2-test_L12_s1_w592B93798-DE39-4A15-9087-FC70C6095B7F.npy,ATPase inhibitor
P015085,L12,s2,CBK309653,/mnt/micro-images-pvc/specs935-v1/specs935-v1-FA-P015085-U2OS-48h-P5-L2-test/2021-12-21/865/specs935-v1-FA-P015085-U2OS-48h-P5-L2-test_L12_s2_w52B32F0BE-B3B5-44E2-B1AE-F3370E6A29AB.npy,ATPase inhibitor
P015085,L12,s3,CBK309653,/mnt/micro-images-pvc/specs935-v1/specs935-v1-FA-P015085-U2OS-48h-P5-L2-test/2021-12-21/865/specs935-v1-FA-P015085-U2OS-48h-P5-L2-test_L12_s3_w570043389-F931-4D29-8E95-86808FC3485E.npy,ATPase inhibitor
P015085,L12,s4,CBK309653,/mnt/micro-images-pvc/specs935-v1/specs935-v1-FA-P015085-U2OS-48h-P5-L2-test/2021-12-21/865/specs935-v1-FA-P015085-U2OS-48h-P5-L2-test_L12_s4_w5D66829E7-DEEE-4F2B-A1C5-DFAA55E3CB82.npy,ATPase inhibitor
P015085,L12,s5,CBK309653,/mnt/micro-images-pvc/specs935-v1/specs935-v1-FA-P015085-U2OS-48h-P5-L2-test/2021-12-21/865/specs935-v1-FA-P015085-U2OS-48h-P5-L2-test_L12_s5_w579029171-3A60-4365-948A-50C69EE29002.npy,ATPase inhibitor
P015085,L12,s6,CBK309653,/mnt/micro-images-pvc/specs935-v1/specs935-v1-FA-P015085-U2OS-48h-P5-L2-test/2021-12-21/865/specs935-v1-FA-P015085-U2OS-48h-P5-L2-test_L12_s6_w562E00271-C2C0-45AE-B6EA-24EA4CAC2AAA.npy,ATPase inhibitor
P015085,L12,s7,CBK309653,/mnt/micro-images-pvc/specs935-v1/specs935-v1-FA-P015085-U2OS-48h-P5-L2-test/2021-12-21/865/specs935-v1-FA-P015085-U2OS-48h-P5-L2-test_L12_s7_w554E4BD8C-993C-405F-BE22-A757BDCA3526.npy,ATPase inhibitor
P015085,L12,s8,CBK309653,/mnt/micro-images-pvc/specs935-v1/specs935-v1-FA-P015085-U2OS-48h-P5-L2-test/2021-12-21/865/specs935-v1-FA-P015085-U2OS-48h-P5-L2-test_L12_s8_w5B405BEBF-607A-482A-A79F-362D0ADF02B6.npy,ATPase inhibitor
P015085,L12,s9,CBK309653,/mnt/micro-images-pvc/specs935-v1/specs935-v1-FA-P015085-U2OS-48h-P5-L2-test/2021-12-21/865/specs935-v1-FA-P015085-U2OS-48h-P5-L2-test_L12_s9_w5032E21A0-E875-4EEE-8F7F-7FA716D81EFB.npy,ATPase inhibitor
P015085,L19,s1,CBK288259,/mnt/micro-images-pvc/specs935-v1/specs935-v1-FA-P015085-U2OS-48h-P5-L2-test/2021-12-21/865/specs935-v1-FA-P015085-U2OS-48h-P5-L2-test_L19_s1_w5BABE0430-E4B2-4837-89F0-0E5027A581F3.npy,Aurora kinase inhibitor
P015085,L19,s2,CBK288259,/mnt/micro-images-pvc/specs935-v1/specs935-v1-FA-P015085-U2OS-48h-P5-L2-test/2021-12-21/865/specs935-v1-FA-P015085-U2OS-48h-P5-L2-test_L19_s2_w55D4A7EC5-90B9-4EE2-8FB2-6AC396898EB4.npy,Aurora kinase inhibitor
P015085,L19,s3,CBK288259,/mnt/micro-images-pvc/specs935-v1/specs935-v1-FA-P015085-U2OS-48h-P5-L2-test/2021-12-21/865/specs935-v1-FA-P015085-U2OS-48h-P5-L2-test_L19_s3_w5A7BBA2E4-43CC-405F-ADAF-A9B424AEEB63.npy,Aurora kinase inhibitor
P015085,L19,s4,CBK288259,/mnt/micro-images-pvc/specs935-v1/specs935-v1-FA-P015085-U2OS-48h-P5-L2-test/2021-12-21/865/specs935-v1-FA-P015085-U2OS-48h-P5-L2-test_L19_s4_w57208799F-05AE-48CC-8790-4FA8D8893774.npy,Aurora kinase inhibitor
P015085,L19,s5,CBK288259,/mnt/micro-images-pvc/specs935-v1/specs935-v1-FA-P015085-U2OS-48h-P5-L2-test/2021-12-21/865/specs935-v1-FA-P015085-U2OS-48h-P5-L2-test_L19_s5_w548C714FD-C6A1-4694-A76F-F812354DA3EA.npy,Aurora kinase inhibitor
P015085,L19,s6,CBK288259,/mnt/micro-images-pvc/specs935-v1/specs935-v1-FA-P015085-U2OS-48h-P5-L2-test/2021-12-21/865/specs935-v1-FA-P015085-U2OS-48h-P5-L2-test_L19_s6_w5028A0048-BADA-404B-A41F-21E91BD7250B.npy,Aurora kinase inhibitor
P015085,L19,s7,CBK288259,/mnt/micro-images-pvc/specs935-v1/specs935-v1-FA-P015085-U2OS-48h-P5-L2-test/2021-12-21/865/specs935-v1-FA-P015085-U2OS-48h-P5-L2-test_L19_s7_w5ED5F4499-D524-4551-8397-7A15C8D2C1FD.npy,Aurora kinase inhibitor
P015085,L19,s8,CBK288259,/mnt/micro-images-pvc/specs935-v1/specs935-v1-FA-P015085-U2OS-48h-P5-L2-test/2021-12-21/865/specs935-v1-FA-P015085-U2OS-48h-P5-L2-test_L19_s8_w5CB87202B-CC93-4775-94FB-F09AA01695DF.npy,Aurora kinase inhibitor
P015085,L19,s9,CBK288259,/mnt/micro-images-pvc/specs935-v1/specs935-v1-FA-P015085-U2OS-48h-P5-L2-test/2021-12-21/865/specs935-v1-FA-P015085-U2OS-48h-P5-L2-test_L19_s9_w536B888FD-6B9A-43DC-9133-2022697A4F3E.npy,Aurora kinase inhibitor
P015085,L22,s1,CBK291084,/mnt/micro-images-pvc/specs935-v1/specs935-v1-FA-P015085-U2OS-48h-P5-L2-test/2021-12-21/865/specs935-v1-FA-P015085-U2OS-48h-P5-L2-test_L22_s1_w51C333943-2D26-4F1A-93C0-0392CE07E0CC.npy,ATPase inhibitor
P015085,L22,s2,CBK291084,/mnt/micro-images-pvc/specs935-v1/specs935-v1-FA-P015085-U2OS-48h-P5-L2-test/2021-12-21/865/specs935-v1-FA-P015085-U2OS-48h-P5-L2-test_L22_s2_w51363BA63-58D1-43BE-96EB-CB6C2F70E986.npy,ATPase inhibitor
P015085,L22,s3,CBK291084,/mnt/micro-images-pvc/specs935-v1/specs935-v1-FA-P015085-U2OS-48h-P5-L2-test/2021-12-21/865/specs935-v1-FA-P015085-U2OS-48h-P5-L2-test_L22_s3_w56FE28D7E-0BF1-4143-AFA6-AC1D7C1E2EAC.npy,ATPase inhibitor
P015085,L22,s4,CBK291084,/mnt/micro-images-pvc/specs935-v1/specs935-v1-FA-P015085-U2OS-48h-P5-L2-test/2021-12-21/865/specs935-v1-FA-P015085-U2OS-48h-P5-L2-test_L22_s4_w5F17B2506-27CD-4E97-86BB-50762702A7F3.npy,ATPase inhibitor
P015085,L22,s5,CBK291084,/mnt/micro-images-pvc/specs935-v1/specs935-v1-FA-P015085-U2OS-48h-P5-L2-test/2021-12-21/865/specs935-v1-FA-P015085-U2OS-48h-P5-L2-test_L22_s5_w58927D060-FF62-4248-8BEC-079A68B6AD59.npy,ATPase inhibitor
P015085,L22,s6,CBK291084,/mnt/micro-images-pvc/specs935-v1/specs935-v1-FA-P015085-U2OS-48h-P5-L2-test/2021-12-21/865/specs935-v1-FA-P015085-U2OS-48h-P5-L2-test_L22_s6_w55FC8B395-221C-45A8-A5D2-F163AFC0061F.npy,ATPase inhibitor
P015085,L22,s7,CBK291084,/mnt/micro-images-pvc/specs935-v1/specs935-v1-FA-P015085-U2OS-48h-P5-L2-test/2021-12-21/865/specs935-v1-FA-P015085-U2OS-48h-P5-L2-test_L22_s7_w51CB66897-2AD5-447E-B363-560FD9710F91.npy,ATPase inhibitor
P015085,L22,s8,CBK291084,/mnt/micro-images-pvc/specs935-v1/specs935-v1-FA-P015085-U2OS-48h-P5-L2-test/2021-12-21/865/specs935-v1-FA-P015085-U2OS-48h-P5-L2-test_L22_s8_w534373284-F2A3-4CCF-B428-4EF1E22263B9.npy,ATPase inhibitor
P015085,L22,s9,CBK291084,/mnt/micro-images-pvc/specs935-v1/specs935-v1-FA-P015085-U2OS-48h-P5-L2-test/2021-12-21/865/specs935-v1-FA-P015085-U2OS-48h-P5-L2-test_L22_s9_w5A3C36C2E-9281-4ED1-A55D-B0CE8C0E4E18.npy,ATPase inhibitor
P015085,M08,s1,CBK288288,/mnt/micro-images-pvc/specs935-v1/specs935-v1-FA-P015085-U2OS-48h-P5-L2-test/2021-12-21/865/specs935-v1-FA-P015085-U2OS-48h-P5-L2-test_M08_s1_w53E955607-6C94-419E-9A96-3E469465535D.npy,Aurora kinase inhibitor
P015085,M08,s2,CBK288288,/mnt/micro-images-pvc/specs935-v1/specs935-v1-FA-P015085-U2OS-48h-P5-L2-test/2021-12-21/865/specs935-v1-FA-P015085-U2OS-48h-P5-L2-test_M08_s2_w5F638352E-5ED0-4983-9F64-576164DA8232.npy,Aurora kinase inhibitor
P015085,M08,s3,CBK288288,/mnt/micro-images-pvc/specs935-v1/specs935-v1-FA-P015085-U2OS-48h-P5-L2-test/2021-12-21/865/specs935-v1-FA-P015085-U2OS-48h-P5-L2-test_M08_s3_w5556762AC-27E0-4217-9DAA-9A37BDC4C60F.npy,Aurora kinase inhibitor
P015085,M08,s4,CBK288288,/mnt/micro-images-pvc/specs935-v1/specs935-v1-FA-P015085-U2OS-48h-P5-L2-test/2021-12-21/865/specs935-v1-FA-P015085-U2OS-48h-P5-L2-test_M08_s4_w533483EC4-FBCB-4D3E-9CBD-3F0514E119A7.npy,Aurora kinase inhibitor
P015085,M08,s5,CBK288288,/mnt/micro-images-pvc/specs935-v1/specs935-v1-FA-P015085-U2OS-48h-P5-L2-test/2021-12-21/865/specs935-v1-FA-P015085-U2OS-48h-P5-L2-test_M08_s5_w59F25A389-98D3-459C-80C7-ACB3BC7B3842.npy,Aurora kinase inhibitor
P015085,M08,s6,CBK288288,/mnt/micro-images-pvc/specs935-v1/specs935-v1-FA-P015085-U2OS-48h-P5-L2-test/2021-12-21/865/specs935-v1-FA-P015085-U2OS-48h-P5-L2-test_M08_s6_w5485DBBB0-7ECB-49BA-A314-A7FC57AE8AB3.npy,Aurora kinase inhibitor
P015085,M08,s7,CBK288288,/mnt/micro-images-pvc/specs935-v1/specs935-v1-FA-P015085-U2OS-48h-P5-L2-test/2021-12-21/865/specs935-v1-FA-P015085-U2OS-48h-P5-L2-test_M08_s7_w57C260CA0-4AA1-4968-A479-5BCB2B91DA47.npy,Aurora kinase inhibitor
P015085,M08,s8,CBK288288,/mnt/micro-images-pvc/specs935-v1/specs935-v1-FA-P015085-U2OS-48h-P5-L2-test/2021-12-21/865/specs935-v1-FA-P015085-U2OS-48h-P5-L2-test_M08_s8_w599B2BB02-C602-4C90-BCB3-B7F485C711AC.npy,Aurora kinase inhibitor
P015085,M08,s9,CBK288288,/mnt/micro-images-pvc/specs935-v1/specs935-v1-FA-P015085-U2OS-48h-P5-L2-test/2021-12-21/865/specs935-v1-FA-P015085-U2OS-48h-P5-L2-test_M08_s9_w5F2DAA754-6BE4-4910-B0B7-99D16BBD7ACE.npy,Aurora kinase inhibitor
P015085,M09,s1,CBK200551,/mnt/micro-images-pvc/specs935-v1/specs935-v1-FA-P015085-U2OS-48h-P5-L2-test/2021-12-21/865/specs935-v1-FA-P015085-U2OS-48h-P5-L2-test_M09_s1_w59DC18957-30B4-4088-BAD0-0BF4A1D36003.npy,ATPase inhibitor
P015085,M09,s2,CBK200551,/mnt/micro-images-pvc/specs935-v1/specs935-v1-FA-P015085-U2OS-48h-P5-L2-test/2021-12-21/865/specs935-v1-FA-P015085-U2OS-48h-P5-L2-test_M09_s2_w59F9C49C1-F858-453F-A120-8403E3871715.npy,ATPase inhibitor
P015085,M09,s3,CBK200551,/mnt/micro-images-pvc/specs935-v1/specs935-v1-FA-P015085-U2OS-48h-P5-L2-test/2021-12-21/865/specs935-v1-FA-P015085-U2OS-48h-P5-L2-test_M09_s3_w521C173B6-13F4-475F-90F2-50353F9A2758.npy,ATPase inhibitor
P015085,M09,s4,CBK200551,/mnt/micro-images-pvc/specs935-v1/specs935-v1-FA-P015085-U2OS-48h-P5-L2-test/2021-12-21/865/specs935-v1-FA-P015085-U2OS-48h-P5-L2-test_M09_s4_w5FEE670B8-F3F4-4D01-94C4-2AB3F769A594.npy,ATPase inhibitor
P015085,M09,s5,CBK200551,/mnt/micro-images-pvc/specs935-v1/specs935-v1-FA-P015085-U2OS-48h-P5-L2-test/2021-12-21/865/specs935-v1-FA-P015085-U2OS-48h-P5-L2-test_M09_s5_w52F6EB17D-3892-4963-8927-4943BA65FF73.npy,ATPase inhibitor
P015085,M09,s6,CBK200551,/mnt/micro-images-pvc/specs935-v1/specs935-v1-FA-P015085-U2OS-48h-P5-L2-test/2021-12-21/865/specs935-v1-FA-P015085-U2OS-48h-P5-L2-test_M09_s6_w50E6D34F3-0F5C-48A8-8842-E57702E76A3E.npy,ATPase inhibitor
P015085,M09,s7,CBK200551,/mnt/micro-images-pvc/specs935-v1/specs935-v1-FA-P015085-U2OS-48h-P5-L2-test/2021-12-21/865/specs935-v1-FA-P015085-U2OS-48h-P5-L2-test_M09_s7_w5EB619FC7-C4AF-4A03-B752-F8915802FE49.npy,ATPase inhibitor
P015085,M09,s8,CBK200551,/mnt/micro-images-pvc/specs935-v1/specs935-v1-FA-P015085-U2OS-48h-P5-L2-test/2021-12-21/865/specs935-v1-FA-P015085-U2OS-48h-P5-L2-test_M09_s8_w505E2EE90-83B4-4D37-B1D7-CF3186379D59.npy,ATPase inhibitor
P015085,M09,s9,CBK200551,/mnt/micro-images-pvc/specs935-v1/specs935-v1-FA-P015085-U2OS-48h-P5-L2-test/2021-12-21/865/specs935-v1-FA-P015085-U2OS-48h-P5-L2-test_M09_s9_w5F5137D6D-E49C-4AAC-8541-254623668D44.npy,ATPase inhibitor
P015085,M16,s1,CBK290829,/mnt/micro-images-pvc/specs935-v1/specs935-v1-FA-P015085-U2OS-48h-P5-L2-test/2021-12-21/865/specs935-v1-FA-P015085-U2OS-48h-P5-L2-test_M16_s1_w5BA8EA5E1-3CA2-4408-BED6-86338CFA5C30.npy,Aurora kinase inhibitor
P015085,M16,s2,CBK290829,/mnt/micro-images-pvc/specs935-v1/specs935-v1-FA-P015085-U2OS-48h-P5-L2-test/2021-12-21/865/specs935-v1-FA-P015085-U2OS-48h-P5-L2-test_M16_s2_w5CBFE802E-439B-4341-9FB3-256D3D6A7601.npy,Aurora kinase inhibitor
P015085,M16,s3,CBK290829,/mnt/micro-images-pvc/specs935-v1/specs935-v1-FA-P015085-U2OS-48h-P5-L2-test/2021-12-21/865/specs935-v1-FA-P015085-U2OS-48h-P5-L2-test_M16_s3_w5DBADDE5A-9D15-464D-B562-51FB95B6CF0E.npy,Aurora kinase inhibitor
P015085,M16,s4,CBK290829,/mnt/micro-images-pvc/specs935-v1/specs935-v1-FA-P015085-U2OS-48h-P5-L2-test/2021-12-21/865/specs935-v1-FA-P015085-U2OS-48h-P5-L2-test_M16_s4_w532931F03-8D60-4CED-BB4E-F4B6FD9AA01F.npy,Aurora kinase inhibitor
P015085,M16,s5,CBK290829,/mnt/micro-images-pvc/specs935-v1/specs935-v1-FA-P015085-U2OS-48h-P5-L2-test/2021-12-21/865/specs935-v1-FA-P015085-U2OS-48h-P5-L2-test_M16_s5_w5FC0DC80C-E1E9-40F0-ACFA-8E51CEBC883E.npy,Aurora kinase inhibitor
P015085,M16,s6,CBK290829,/mnt/micro-images-pvc/specs935-v1/specs935-v1-FA-P015085-U2OS-48h-P5-L2-test/2021-12-21/865/specs935-v1-FA-P015085-U2OS-48h-P5-L2-test_M16_s6_w5B2F0AEBD-6F69-40D0-88D8-6FF4BF9935D2.npy,Aurora kinase inhibitor
P015085,M16,s7,CBK290829,/mnt/micro-images-pvc/specs935-v1/specs935-v1-FA-P015085-U2OS-48h-P5-L2-test/2021-12-21/865/specs935-v1-FA-P015085-U2OS-48h-P5-L2-test_M16_s7_w5D3E80751-1A00-48D4-8EC0-86D169CCFEC6.npy,Aurora kinase inhibitor
P015085,M16,s8,CBK290829,/mnt/micro-images-pvc/specs935-v1/specs935-v1-FA-P015085-U2OS-48h-P5-L2-test/2021-12-21/865/specs935-v1-FA-P015085-U2OS-48h-P5-L2-test_M16_s8_w5C1ED6124-BFD3-444E-A928-2AE72AC65483.npy,Aurora kinase inhibitor
P015085,M16,s9,CBK290829,/mnt/micro-images-pvc/specs935-v1/specs935-v1-FA-P015085-U2OS-48h-P5-L2-test/2021-12-21/865/specs935-v1-FA-P015085-U2OS-48h-P5-L2-test_M16_s9_w5215E2AA9-6350-448E-BB6B-A5ED70774FC7.npy,Aurora kinase inhibitor
P015085,M21,s1,CBK288259,/mnt/micro-images-pvc/specs935-v1/specs935-v1-FA-P015085-U2OS-48h-P5-L2-test/2021-12-21/865/specs935-v1-FA-P015085-U2OS-48h-P5-L2-test_M21_s1_w5D084914B-8FE5-407B-A0C1-D60CB16747DF.npy,Aurora kinase inhibitor
P015085,M21,s2,CBK288259,/mnt/micro-images-pvc/specs935-v1/specs935-v1-FA-P015085-U2OS-48h-P5-L2-test/2021-12-21/865/specs935-v1-FA-P015085-U2OS-48h-P5-L2-test_M21_s2_w5BEA7C7C3-D5A1-4886-A4F4-94B37B129EEE.npy,Aurora kinase inhibitor
P015085,M21,s3,CBK288259,/mnt/micro-images-pvc/specs935-v1/specs935-v1-FA-P015085-U2OS-48h-P5-L2-test/2021-12-21/865/specs935-v1-FA-P015085-U2OS-48h-P5-L2-test_M21_s3_w58C45F734-1D09-44C0-B73A-44158B040EB0.npy,Aurora kinase inhibitor
P015085,M21,s4,CBK288259,/mnt/micro-images-pvc/specs935-v1/specs935-v1-FA-P015085-U2OS-48h-P5-L2-test/2021-12-21/865/specs935-v1-FA-P015085-U2OS-48h-P5-L2-test_M21_s4_w5D4BC439D-C395-4F57-A0FD-8081A9BF77EB.npy,Aurora kinase inhibitor
P015085,M21,s5,CBK288259,/mnt/micro-images-pvc/specs935-v1/specs935-v1-FA-P015085-U2OS-48h-P5-L2-test/2021-12-21/865/specs935-v1-FA-P015085-U2OS-48h-P5-L2-test_M21_s5_w501113B25-8E36-4E33-84E3-3DB2EA19EB33.npy,Aurora kinase inhibitor
P015085,M21,s6,CBK288259,/mnt/micro-images-pvc/specs935-v1/specs935-v1-FA-P015085-U2OS-48h-P5-L2-test/2021-12-21/865/specs935-v1-FA-P015085-U2OS-48h-P5-L2-test_M21_s6_w5C8E6342B-A49E-4270-9871-590E3D010DB9.npy,Aurora kinase inhibitor
P015085,M21,s7,CBK288259,/mnt/micro-images-pvc/specs935-v1/specs935-v1-FA-P015085-U2OS-48h-P5-L2-test/2021-12-21/865/specs935-v1-FA-P015085-U2OS-48h-P5-L2-test_M21_s7_w5CA47CE5B-52EA-4FE7-A17D-790D9311F068.npy,Aurora kinase inhibitor
P015085,M21,s8,CBK288259,/mnt/micro-images-pvc/specs935-v1/specs935-v1-FA-P015085-U2OS-48h-P5-L2-test/2021-12-21/865/specs935-v1-FA-P015085-U2OS-48h-P5-L2-test_M21_s8_w53C715488-EFCB-40DF-A8B0-74F91A9511E8.npy,Aurora kinase inhibitor
P015085,M21,s9,CBK288259,/mnt/micro-images-pvc/specs935-v1/specs935-v1-FA-P015085-U2OS-48h-P5-L2-test/2021-12-21/865/specs935-v1-FA-P015085-U2OS-48h-P5-L2-test_M21_s9_w55711348E-6A40-4357-9330-87FB1BFC64CD.npy,Aurora kinase inhibitor
P015085,N08,s1,CBK309653,/mnt/micro-images-pvc/specs935-v1/specs935-v1-FA-P015085-U2OS-48h-P5-L2-test/2021-12-21/865/specs935-v1-FA-P015085-U2OS-48h-P5-L2-test_N08_s1_w5C998247F-52D6-4F56-8A9C-8E8DA23E764A.npy,ATPase inhibitor
P015085,N08,s2,CBK309653,/mnt/micro-images-pvc/specs935-v1/specs935-v1-FA-P015085-U2OS-48h-P5-L2-test/2021-12-21/865/specs935-v1-FA-P015085-U2OS-48h-P5-L2-test_N08_s2_w54B05B4E9-CB95-4F3C-B5C5-EF75A9AA2B61.npy,ATPase inhibitor
P015085,N08,s3,CBK309653,/mnt/micro-images-pvc/specs935-v1/specs935-v1-FA-P015085-U2OS-48h-P5-L2-test/2021-12-21/865/specs935-v1-FA-P015085-U2OS-48h-P5-L2-test_N08_s3_w5C3F01AED-2E0D-45FD-AF6F-AC5360D48CD9.npy,ATPase inhibitor
P015085,N08,s4,CBK309653,/mnt/micro-images-pvc/specs935-v1/specs935-v1-FA-P015085-U2OS-48h-P5-L2-test/2021-12-21/865/specs935-v1-FA-P015085-U2OS-48h-P5-L2-test_N08_s4_w5F3C98D4A-4941-4CDF-8CB5-D5B1C498A39B.npy,ATPase inhibitor
P015085,N08,s5,CBK309653,/mnt/micro-images-pvc/specs935-v1/specs935-v1-FA-P015085-U2OS-48h-P5-L2-test/2021-12-21/865/specs935-v1-FA-P015085-U2OS-48h-P5-L2-test_N08_s5_w54D573F23-AAA7-4D31-9944-E554417DAD78.npy,ATPase inhibitor
P015085,N08,s6,CBK309653,/mnt/micro-images-pvc/specs935-v1/specs935-v1-FA-P015085-U2OS-48h-P5-L2-test/2021-12-21/865/specs935-v1-FA-P015085-U2OS-48h-P5-L2-test_N08_s6_w5342546B6-0644-429B-92CF-7D99867BAE51.npy,ATPase inhibitor
P015085,N08,s7,CBK309653,/mnt/micro-images-pvc/specs935-v1/specs935-v1-FA-P015085-U2OS-48h-P5-L2-test/2021-12-21/865/specs935-v1-FA-P015085-U2OS-48h-P5-L2-test_N08_s7_w55CEA61CE-9794-434F-9EB9-90B9C78570F7.npy,ATPase inhibitor
P015085,N08,s8,CBK309653,/mnt/micro-images-pvc/specs935-v1/specs935-v1-FA-P015085-U2OS-48h-P5-L2-test/2021-12-21/865/specs935-v1-FA-P015085-U2OS-48h-P5-L2-test_N08_s8_w54C9464BC-A22F-40EF-BA1A-F05DF7B04475.npy,ATPase inhibitor
P015085,N08,s9,CBK309653,/mnt/micro-images-pvc/specs935-v1/specs935-v1-FA-P015085-U2OS-48h-P5-L2-test/2021-12-21/865/specs935-v1-FA-P015085-U2OS-48h-P5-L2-test_N08_s9_w5B5D3EF7A-4747-42F1-9778-319C0C0242A4.npy,ATPase inhibitor
P015085,N10,s1,CBK277955,/mnt/micro-images-pvc/specs935-v1/specs935-v1-FA-P015085-U2OS-48h-P5-L2-test/2021-12-21/865/specs935-v1-FA-P015085-U2OS-48h-P5-L2-test_N10_s1_w5F37720A6-EC28-43C8-A7BD-8AB83C9C681E.npy,Aurora kinase inhibitor
P015085,N10,s2,CBK277955,/mnt/micro-images-pvc/specs935-v1/specs935-v1-FA-P015085-U2OS-48h-P5-L2-test/2021-12-21/865/specs935-v1-FA-P015085-U2OS-48h-P5-L2-test_N10_s2_w5D840119A-71D5-4227-8E00-2B402B022C88.npy,Aurora kinase inhibitor
P015085,N10,s3,CBK277955,/mnt/micro-images-pvc/specs935-v1/specs935-v1-FA-P015085-U2OS-48h-P5-L2-test/2021-12-21/865/specs935-v1-FA-P015085-U2OS-48h-P5-L2-test_N10_s3_w5491C4AB8-E836-4A27-8640-125DFAC3661A.npy,Aurora kinase inhibitor
P015085,N10,s4,CBK277955,/mnt/micro-images-pvc/specs935-v1/specs935-v1-FA-P015085-U2OS-48h-P5-L2-test/2021-12-21/865/specs935-v1-FA-P015085-U2OS-48h-P5-L2-test_N10_s4_w5E14D9362-C6CB-48C7-BE13-6251D16EC741.npy,Aurora kinase inhibitor
P015085,N10,s5,CBK277955,/mnt/micro-images-pvc/specs935-v1/specs935-v1-FA-P015085-U2OS-48h-P5-L2-test/2021-12-21/865/specs935-v1-FA-P015085-U2OS-48h-P5-L2-test_N10_s5_w5733E2373-72BF-4836-897A-07BC2AEC6C33.npy,Aurora kinase inhibitor
P015085,N10,s6,CBK277955,/mnt/micro-images-pvc/specs935-v1/specs935-v1-FA-P015085-U2OS-48h-P5-L2-test/2021-12-21/865/specs935-v1-FA-P015085-U2OS-48h-P5-L2-test_N10_s6_w5B10FD1A8-B603-446F-9563-4CBA1D3B7721.npy,Aurora kinase inhibitor
P015085,N10,s7,CBK277955,/mnt/micro-images-pvc/specs935-v1/specs935-v1-FA-P015085-U2OS-48h-P5-L2-test/2021-12-21/865/specs935-v1-FA-P015085-U2OS-48h-P5-L2-test_N10_s7_w5019B6F49-A118-48FD-9C8B-7EE0959F7345.npy,Aurora kinase inhibitor
P015085,N10,s8,CBK277955,/mnt/micro-images-pvc/specs935-v1/specs935-v1-FA-P015085-U2OS-48h-P5-L2-test/2021-12-21/865/specs935-v1-FA-P015085-U2OS-48h-P5-L2-test_N10_s8_w5BB786F78-F586-419C-B409-0881B3815478.npy,Aurora kinase inhibitor
P015085,N10,s9,CBK277955,/mnt/micro-images-pvc/specs935-v1/specs935-v1-FA-P015085-U2OS-48h-P5-L2-test/2021-12-21/865/specs935-v1-FA-P015085-U2OS-48h-P5-L2-test_N10_s9_w56EE1D268-886B-4185-9726-8EF63C1F6EC4.npy,Aurora kinase inhibitor
P015085,N12,s1,CBK228145,/mnt/micro-images-pvc/specs935-v1/specs935-v1-FA-P015085-U2OS-48h-P5-L2-test/2021-12-21/865/specs935-v1-FA-P015085-U2OS-48h-P5-L2-test_N12_s1_w51A6A7A84-E55A-4276-96D0-92F486C8F1E6.npy,ATPase inhibitor
P015085,N12,s2,CBK228145,/mnt/micro-images-pvc/specs935-v1/specs935-v1-FA-P015085-U2OS-48h-P5-L2-test/2021-12-21/865/specs935-v1-FA-P015085-U2OS-48h-P5-L2-test_N12_s2_w51F8B1779-C7A2-4964-919D-578198FBB708.npy,ATPase inhibitor
P015085,N12,s3,CBK228145,/mnt/micro-images-pvc/specs935-v1/specs935-v1-FA-P015085-U2OS-48h-P5-L2-test/2021-12-21/865/specs935-v1-FA-P015085-U2OS-48h-P5-L2-test_N12_s3_w5ACD75464-EC06-4B29-921B-7BBF4240A699.npy,ATPase inhibitor
P015085,N12,s4,CBK228145,/mnt/micro-images-pvc/specs935-v1/specs935-v1-FA-P015085-U2OS-48h-P5-L2-test/2021-12-21/865/specs935-v1-FA-P015085-U2OS-48h-P5-L2-test_N12_s4_w5FBE9BAFE-B797-48E3-879F-29A05BECC244.npy,ATPase inhibitor
P015085,N12,s5,CBK228145,/mnt/micro-images-pvc/specs935-v1/specs935-v1-FA-P015085-U2OS-48h-P5-L2-test/2021-12-21/865/specs935-v1-FA-P015085-U2OS-48h-P5-L2-test_N12_s5_w55D439EFF-F79A-4A1E-A7A4-C8E17969A195.npy,ATPase inhibitor
P015085,N12,s6,CBK228145,/mnt/micro-images-pvc/specs935-v1/specs935-v1-FA-P015085-U2OS-48h-P5-L2-test/2021-12-21/865/specs935-v1-FA-P015085-U2OS-48h-P5-L2-test_N12_s6_w5A93937C5-616F-4E77-8525-A6347F26DC22.npy,ATPase inhibitor
P015085,N12,s7,CBK228145,/mnt/micro-images-pvc/specs935-v1/specs935-v1-FA-P015085-U2OS-48h-P5-L2-test/2021-12-21/865/specs935-v1-FA-P015085-U2OS-48h-P5-L2-test_N12_s7_w52096B63A-0EA2-4269-B03A-A37D0C86289E.npy,ATPase inhibitor
P015085,N12,s8,CBK228145,/mnt/micro-images-pvc/specs935-v1/specs935-v1-FA-P015085-U2OS-48h-P5-L2-test/2021-12-21/865/specs935-v1-FA-P015085-U2OS-48h-P5-L2-test_N12_s8_w5E7FBDA1A-128D-45FE-83EE-D2CA5CB43D8D.npy,ATPase inhibitor
P015085,N12,s9,CBK228145,/mnt/micro-images-pvc/specs935-v1/specs935-v1-FA-P015085-U2OS-48h-P5-L2-test/2021-12-21/865/specs935-v1-FA-P015085-U2OS-48h-P5-L2-test_N12_s9_w5E1F11457-5318-4472-93CF-D13C798CDABF.npy,ATPase inhibitor
P015085,N13,s1,CBK293886,/mnt/micro-images-pvc/specs935-v1/specs935-v1-FA-P015085-U2OS-48h-P5-L2-test/2021-12-21/865/specs935-v1-FA-P015085-U2OS-48h-P5-L2-test_N13_s1_w5305D466D-6E46-4507-88AF-A65695BDC5A6.npy,Aurora kinase inhibitor
P015085,N13,s2,CBK293886,/mnt/micro-images-pvc/specs935-v1/specs935-v1-FA-P015085-U2OS-48h-P5-L2-test/2021-12-21/865/specs935-v1-FA-P015085-U2OS-48h-P5-L2-test_N13_s2_w56C5B1056-577A-4383-9C93-942B35F7A353.npy,Aurora kinase inhibitor
P015085,N13,s3,CBK293886,/mnt/micro-images-pvc/specs935-v1/specs935-v1-FA-P015085-U2OS-48h-P5-L2-test/2021-12-21/865/specs935-v1-FA-P015085-U2OS-48h-P5-L2-test_N13_s3_w59FE625DD-6F27-4573-92C3-9A5F70D7ECB7.npy,Aurora kinase inhibitor
P015085,N13,s4,CBK293886,/mnt/micro-images-pvc/specs935-v1/specs935-v1-FA-P015085-U2OS-48h-P5-L2-test/2021-12-21/865/specs935-v1-FA-P015085-U2OS-48h-P5-L2-test_N13_s4_w5019DB08F-D2E2-45AF-B771-CA3257E68C16.npy,Aurora kinase inhibitor
P015085,N13,s5,CBK293886,/mnt/micro-images-pvc/specs935-v1/specs935-v1-FA-P015085-U2OS-48h-P5-L2-test/2021-12-21/865/specs935-v1-FA-P015085-U2OS-48h-P5-L2-test_N13_s5_w5755ED160-157A-4199-96CA-D24631116F5A.npy,Aurora kinase inhibitor
P015085,N13,s6,CBK293886,/mnt/micro-images-pvc/specs935-v1/specs935-v1-FA-P015085-U2OS-48h-P5-L2-test/2021-12-21/865/specs935-v1-FA-P015085-U2OS-48h-P5-L2-test_N13_s6_w59DB9801C-2C29-4982-AD86-DF6B4F230878.npy,Aurora kinase inhibitor
P015085,N13,s7,CBK293886,/mnt/micro-images-pvc/specs935-v1/specs935-v1-FA-P015085-U2OS-48h-P5-L2-test/2021-12-21/865/specs935-v1-FA-P015085-U2OS-48h-P5-L2-test_N13_s7_w5D25CD84F-C991-4CD7-84F4-5855A0F09C58.npy,Aurora kinase inhibitor
P015085,N13,s8,CBK293886,/mnt/micro-images-pvc/specs935-v1/specs935-v1-FA-P015085-U2OS-48h-P5-L2-test/2021-12-21/865/specs935-v1-FA-P015085-U2OS-48h-P5-L2-test_N13_s8_w50C1ADEED-2CBF-4E9C-A1BC-2A417DE3F6FC.npy,Aurora kinase inhibitor
P015085,N13,s9,CBK293886,/mnt/micro-images-pvc/specs935-v1/specs935-v1-FA-P015085-U2OS-48h-P5-L2-test/2021-12-21/865/specs935-v1-FA-P015085-U2OS-48h-P5-L2-test_N13_s9_w5247758F7-211F-46B3-8155-7D8D38F56388.npy,Aurora kinase inhibitor
P015085,N15,s1,CBK308101,/mnt/micro-images-pvc/specs935-v1/specs935-v1-FA-P015085-U2OS-48h-P5-L2-test/2021-12-21/865/specs935-v1-FA-P015085-U2OS-48h-P5-L2-test_N15_s1_w502FB6D1C-8349-453A-A9CF-140B3CCD3500.npy,Aurora kinase inhibitor
P015085,N15,s2,CBK308101,/mnt/micro-images-pvc/specs935-v1/specs935-v1-FA-P015085-U2OS-48h-P5-L2-test/2021-12-21/865/specs935-v1-FA-P015085-U2OS-48h-P5-L2-test_N15_s2_w51006263A-78AC-4FA4-9F1E-01CC72A97446.npy,Aurora kinase inhibitor
P015085,N15,s3,CBK308101,/mnt/micro-images-pvc/specs935-v1/specs935-v1-FA-P015085-U2OS-48h-P5-L2-test/2021-12-21/865/specs935-v1-FA-P015085-U2OS-48h-P5-L2-test_N15_s3_w5850AD332-69D7-4D4D-B962-D15D60C22A6E.npy,Aurora kinase inhibitor
P015085,N15,s4,CBK308101,/mnt/micro-images-pvc/specs935-v1/specs935-v1-FA-P015085-U2OS-48h-P5-L2-test/2021-12-21/865/specs935-v1-FA-P015085-U2OS-48h-P5-L2-test_N15_s4_w5C4EAFB46-112A-4AF1-BB36-DFD2BEE974E8.npy,Aurora kinase inhibitor
P015085,N15,s5,CBK308101,/mnt/micro-images-pvc/specs935-v1/specs935-v1-FA-P015085-U2OS-48h-P5-L2-test/2021-12-21/865/specs935-v1-FA-P015085-U2OS-48h-P5-L2-test_N15_s5_w54383392C-F27B-4C88-A28E-E3E1E33CECB0.npy,Aurora kinase inhibitor
P015085,N15,s6,CBK308101,/mnt/micro-images-pvc/specs935-v1/specs935-v1-FA-P015085-U2OS-48h-P5-L2-test/2021-12-21/865/specs935-v1-FA-P015085-U2OS-48h-P5-L2-test_N15_s6_w5D26DCBD1-3F93-4248-93E2-C48A756D9179.npy,Aurora kinase inhibitor
P015085,N15,s7,CBK308101,/mnt/micro-images-pvc/specs935-v1/specs935-v1-FA-P015085-U2OS-48h-P5-L2-test/2021-12-21/865/specs935-v1-FA-P015085-U2OS-48h-P5-L2-test_N15_s7_w552055CDD-BC34-4334-80F2-4C532507355B.npy,Aurora kinase inhibitor
P015085,N15,s8,CBK308101,/mnt/micro-images-pvc/specs935-v1/specs935-v1-FA-P015085-U2OS-48h-P5-L2-test/2021-12-21/865/specs935-v1-FA-P015085-U2OS-48h-P5-L2-test_N15_s8_w5DD937370-A313-41DB-ADA7-73B2C752051E.npy,Aurora kinase inhibitor
P015085,N15,s9,CBK308101,/mnt/micro-images-pvc/specs935-v1/specs935-v1-FA-P015085-U2OS-48h-P5-L2-test/2021-12-21/865/specs935-v1-FA-P015085-U2OS-48h-P5-L2-test_N15_s9_w553EBC791-1DBF-498D-A5CE-F22CCFCB3F99.npy,Aurora kinase inhibitor
P015085,N17,s1,CBK200716,/mnt/micro-images-pvc/specs935-v1/specs935-v1-FA-P015085-U2OS-48h-P5-L2-test/2021-12-21/865/specs935-v1-FA-P015085-U2OS-48h-P5-L2-test_N17_s1_w50DD0ADC7-D3AF-4A37-877B-E7AEEB8226AA.npy,ATPase inhibitor
P015085,N17,s2,CBK200716,/mnt/micro-images-pvc/specs935-v1/specs935-v1-FA-P015085-U2OS-48h-P5-L2-test/2021-12-21/865/specs935-v1-FA-P015085-U2OS-48h-P5-L2-test_N17_s2_w58B93CD13-BE65-4BEA-A090-7EC8342C233E.npy,ATPase inhibitor
P015085,N17,s3,CBK200716,/mnt/micro-images-pvc/specs935-v1/specs935-v1-FA-P015085-U2OS-48h-P5-L2-test/2021-12-21/865/specs935-v1-FA-P015085-U2OS-48h-P5-L2-test_N17_s3_w574344857-D0DD-4E2B-8F6D-07212F30C376.npy,ATPase inhibitor
P015085,N17,s4,CBK200716,/mnt/micro-images-pvc/specs935-v1/specs935-v1-FA-P015085-U2OS-48h-P5-L2-test/2021-12-21/865/specs935-v1-FA-P015085-U2OS-48h-P5-L2-test_N17_s4_w5371EFCD3-CF70-4FF9-9E13-2753425B9C99.npy,ATPase inhibitor
P015085,N17,s5,CBK200716,/mnt/micro-images-pvc/specs935-v1/specs935-v1-FA-P015085-U2OS-48h-P5-L2-test/2021-12-21/865/specs935-v1-FA-P015085-U2OS-48h-P5-L2-test_N17_s5_w573A924DF-BAB3-4B33-ABF0-217B836AEC4D.npy,ATPase inhibitor
P015085,N17,s6,CBK200716,/mnt/micro-images-pvc/specs935-v1/specs935-v1-FA-P015085-U2OS-48h-P5-L2-test/2021-12-21/865/specs935-v1-FA-P015085-U2OS-48h-P5-L2-test_N17_s6_w57BBE65D7-2E71-46E7-AAF8-13AA87FED2E3.npy,ATPase inhibitor
P015085,N17,s7,CBK200716,/mnt/micro-images-pvc/specs935-v1/specs935-v1-FA-P015085-U2OS-48h-P5-L2-test/2021-12-21/865/specs935-v1-FA-P015085-U2OS-48h-P5-L2-test_N17_s7_w5D24800DA-630E-40DA-8B1B-731698932BEB.npy,ATPase inhibitor
P015085,N17,s8,CBK200716,/mnt/micro-images-pvc/specs935-v1/specs935-v1-FA-P015085-U2OS-48h-P5-L2-test/2021-12-21/865/specs935-v1-FA-P015085-U2OS-48h-P5-L2-test_N17_s8_w547F5FCF5-A820-4E2A-8150-A713B0065F73.npy,ATPase inhibitor
P015085,N17,s9,CBK200716,/mnt/micro-images-pvc/specs935-v1/specs935-v1-FA-P015085-U2OS-48h-P5-L2-test/2021-12-21/865/specs935-v1-FA-P015085-U2OS-48h-P5-L2-test_N17_s9_w54DC50E3E-8DC7-45E3-8A2E-88FFB96D026B.npy,ATPase inhibitor
P015085,O02,s1,CBK041779,/mnt/micro-images-pvc/specs935-v1/specs935-v1-FA-P015085-U2OS-48h-P5-L2-test/2021-12-21/865/specs935-v1-FA-P015085-U2OS-48h-P5-L2-test_O02_s1_w50783CD36-3F5E-4876-88E4-F51A5E76A9D2.npy,ATPase inhibitor
P015085,O02,s2,CBK041779,/mnt/micro-images-pvc/specs935-v1/specs935-v1-FA-P015085-U2OS-48h-P5-L2-test/2021-12-21/865/specs935-v1-FA-P015085-U2OS-48h-P5-L2-test_O02_s2_w5A80EA09B-CC63-4179-B0B4-486E7EB1730F.npy,ATPase inhibitor
P015085,O02,s3,CBK041779,/mnt/micro-images-pvc/specs935-v1/specs935-v1-FA-P015085-U2OS-48h-P5-L2-test/2021-12-21/865/specs935-v1-FA-P015085-U2OS-48h-P5-L2-test_O02_s3_w5E2780F9E-EE06-4729-86EB-B9AD450B92DD.npy,ATPase inhibitor
P015085,O02,s4,CBK041779,/mnt/micro-images-pvc/specs935-v1/specs935-v1-FA-P015085-U2OS-48h-P5-L2-test/2021-12-21/865/specs935-v1-FA-P015085-U2OS-48h-P5-L2-test_O02_s4_w532AF9712-9FC2-4ABC-9C74-6C48DC1D4BD9.npy,ATPase inhibitor
P015085,O02,s5,CBK041779,/mnt/micro-images-pvc/specs935-v1/specs935-v1-FA-P015085-U2OS-48h-P5-L2-test/2021-12-21/865/specs935-v1-FA-P015085-U2OS-48h-P5-L2-test_O02_s5_w54287A66E-B50D-4A56-9428-A7AD4EDD184C.npy,ATPase inhibitor
P015085,O02,s6,CBK041779,/mnt/micro-images-pvc/specs935-v1/specs935-v1-FA-P015085-U2OS-48h-P5-L2-test/2021-12-21/865/specs935-v1-FA-P015085-U2OS-48h-P5-L2-test_O02_s6_w5E71D2962-FF53-4C73-9AD1-9138E01DF7C1.npy,ATPase inhibitor
P015085,O02,s7,CBK041779,/mnt/micro-images-pvc/specs935-v1/specs935-v1-FA-P015085-U2OS-48h-P5-L2-test/2021-12-21/865/specs935-v1-FA-P015085-U2OS-48h-P5-L2-test_O02_s7_w5A557808C-8452-43ED-AB3A-B94EEE08E3DC.npy,ATPase inhibitor
P015085,O02,s8,CBK041779,/mnt/micro-images-pvc/specs935-v1/specs935-v1-FA-P015085-U2OS-48h-P5-L2-test/2021-12-21/865/specs935-v1-FA-P015085-U2OS-48h-P5-L2-test_O02_s8_w57D11E5CA-DE22-4EE8-B552-E84EB3C6C269.npy,ATPase inhibitor
P015085,O02,s9,CBK041779,/mnt/micro-images-pvc/specs935-v1/specs935-v1-FA-P015085-U2OS-48h-P5-L2-test/2021-12-21/865/specs935-v1-FA-P015085-U2OS-48h-P5-L2-test_O02_s9_w537B9B341-91FB-4618-A503-EAD0F5362BA5.npy,ATPase inhibitor
P015085,O10,s1,CBK303888,/mnt/micro-images-pvc/specs935-v1/specs935-v1-FA-P015085-U2OS-48h-P5-L2-test/2021-12-21/865/specs935-v1-FA-P015085-U2OS-48h-P5-L2-test_O10_s1_w5682B6FA2-4DFD-4CCD-A477-EBC1155779BD.npy,ATPase inhibitor
P015085,O10,s2,CBK303888,/mnt/micro-images-pvc/specs935-v1/specs935-v1-FA-P015085-U2OS-48h-P5-L2-test/2021-12-21/865/specs935-v1-FA-P015085-U2OS-48h-P5-L2-test_O10_s2_w52C2C3ADF-DBE6-47B5-948C-35F410AE7EE9.npy,ATPase inhibitor
P015085,O10,s3,CBK303888,/mnt/micro-images-pvc/specs935-v1/specs935-v1-FA-P015085-U2OS-48h-P5-L2-test/2021-12-21/865/specs935-v1-FA-P015085-U2OS-48h-P5-L2-test_O10_s3_w519C16096-5E08-4AD4-8A9A-CD537D68946E.npy,ATPase inhibitor
P015085,O10,s4,CBK303888,/mnt/micro-images-pvc/specs935-v1/specs935-v1-FA-P015085-U2OS-48h-P5-L2-test/2021-12-21/865/specs935-v1-FA-P015085-U2OS-48h-P5-L2-test_O10_s4_w55476164D-9F1A-4B3F-9459-76911C1024BE.npy,ATPase inhibitor
P015085,O10,s5,CBK303888,/mnt/micro-images-pvc/specs935-v1/specs935-v1-FA-P015085-U2OS-48h-P5-L2-test/2021-12-21/865/specs935-v1-FA-P015085-U2OS-48h-P5-L2-test_O10_s5_w50DFEDF59-AF57-4000-8BC9-927C1145D106.npy,ATPase inhibitor
P015085,O10,s6,CBK303888,/mnt/micro-images-pvc/specs935-v1/specs935-v1-FA-P015085-U2OS-48h-P5-L2-test/2021-12-21/865/specs935-v1-FA-P015085-U2OS-48h-P5-L2-test_O10_s6_w58CB03AD6-4C99-4D8C-8FDD-49BC677D11EE.npy,ATPase inhibitor
P015085,O10,s7,CBK303888,/mnt/micro-images-pvc/specs935-v1/specs935-v1-FA-P015085-U2OS-48h-P5-L2-test/2021-12-21/865/specs935-v1-FA-P015085-U2OS-48h-P5-L2-test_O10_s7_w577AFABC4-E5FC-4CF8-892C-AF0ED36E7D2F.npy,ATPase inhibitor
P015085,O10,s8,CBK303888,/mnt/micro-images-pvc/specs935-v1/specs935-v1-FA-P015085-U2OS-48h-P5-L2-test/2021-12-21/865/specs935-v1-FA-P015085-U2OS-48h-P5-L2-test_O10_s8_w5ECDDF9CF-F6B0-4657-AC34-664C6EA29820.npy,ATPase inhibitor
P015085,O10,s9,CBK303888,/mnt/micro-images-pvc/specs935-v1/specs935-v1-FA-P015085-U2OS-48h-P5-L2-test/2021-12-21/865/specs935-v1-FA-P015085-U2OS-48h-P5-L2-test_O10_s9_w57686C5FC-EBF0-4DC2-8A20-3688D49A2A77.npy,ATPase inhibitor
P015085,O22,s1,CBK293886,/mnt/micro-images-pvc/specs935-v1/specs935-v1-FA-P015085-U2OS-48h-P5-L2-test/2021-12-21/865/specs935-v1-FA-P015085-U2OS-48h-P5-L2-test_O22_s1_w539FDE12C-5B61-48D7-876E-BA6A4BCF72F9.npy,Aurora kinase inhibitor
P015085,O22,s2,CBK293886,/mnt/micro-images-pvc/specs935-v1/specs935-v1-FA-P015085-U2OS-48h-P5-L2-test/2021-12-21/865/specs935-v1-FA-P015085-U2OS-48h-P5-L2-test_O22_s2_w5F90DD115-0ADB-4676-91F3-DEC3B22E68BE.npy,Aurora kinase inhibitor
P015085,O22,s3,CBK293886,/mnt/micro-images-pvc/specs935-v1/specs935-v1-FA-P015085-U2OS-48h-P5-L2-test/2021-12-21/865/specs935-v1-FA-P015085-U2OS-48h-P5-L2-test_O22_s3_w5B0EFCA27-DD26-4623-BF1C-9DC01DC62DB5.npy,Aurora kinase inhibitor
P015085,O22,s4,CBK293886,/mnt/micro-images-pvc/specs935-v1/specs935-v1-FA-P015085-U2OS-48h-P5-L2-test/2021-12-21/865/specs935-v1-FA-P015085-U2OS-48h-P5-L2-test_O22_s4_w51D6F340D-62F7-4517-B4FC-64E97D25FEF3.npy,Aurora kinase inhibitor
P015085,O22,s5,CBK293886,/mnt/micro-images-pvc/specs935-v1/specs935-v1-FA-P015085-U2OS-48h-P5-L2-test/2021-12-21/865/specs935-v1-FA-P015085-U2OS-48h-P5-L2-test_O22_s5_w5C56E96CC-AD9D-42E7-ADC3-C0323B21EDC0.npy,Aurora kinase inhibitor
P015085,O22,s6,CBK293886,/mnt/micro-images-pvc/specs935-v1/specs935-v1-FA-P015085-U2OS-48h-P5-L2-test/2021-12-21/865/specs935-v1-FA-P015085-U2OS-48h-P5-L2-test_O22_s6_w5FADF67E2-AE5F-4162-819B-A4995269B47C.npy,Aurora kinase inhibitor
P015085,O22,s7,CBK293886,/mnt/micro-images-pvc/specs935-v1/specs935-v1-FA-P015085-U2OS-48h-P5-L2-test/2021-12-21/865/specs935-v1-FA-P015085-U2OS-48h-P5-L2-test_O22_s7_w57A34470A-A366-4BC1-ACC5-1D92BF87E3C3.npy,Aurora kinase inhibitor
P015085,O22,s8,CBK293886,/mnt/micro-images-pvc/specs935-v1/specs935-v1-FA-P015085-U2OS-48h-P5-L2-test/2021-12-21/865/specs935-v1-FA-P015085-U2OS-48h-P5-L2-test_O22_s8_w540001EF9-BB9D-429C-B13E-C7D4E56F69E9.npy,Aurora kinase inhibitor
P015085,O22,s9,CBK293886,/mnt/micro-images-pvc/specs935-v1/specs935-v1-FA-P015085-U2OS-48h-P5-L2-test/2021-12-21/865/specs935-v1-FA-P015085-U2OS-48h-P5-L2-test_O22_s9_w591DE2E08-3293-4931-A744-424D46370AFF.npy,Aurora kinase inhibitor
P015085,O23,s1,CBK309086,/mnt/micro-images-pvc/specs935-v1/specs935-v1-FA-P015085-U2OS-48h-P5-L2-test/2021-12-21/865/specs935-v1-FA-P015085-U2OS-48h-P5-L2-test_O23_s1_w5BE381814-8944-427A-AB44-2C3FC6717BF2.npy,ATPase inhibitor
P015085,O23,s2,CBK309086,/mnt/micro-images-pvc/specs935-v1/specs935-v1-FA-P015085-U2OS-48h-P5-L2-test/2021-12-21/865/specs935-v1-FA-P015085-U2OS-48h-P5-L2-test_O23_s2_w52A89F1E9-71F6-46F3-9572-9C2F69271671.npy,ATPase inhibitor
P015085,O23,s3,CBK309086,/mnt/micro-images-pvc/specs935-v1/specs935-v1-FA-P015085-U2OS-48h-P5-L2-test/2021-12-21/865/specs935-v1-FA-P015085-U2OS-48h-P5-L2-test_O23_s3_w5B7796C72-6E32-4A09-A097-8AA544012DD3.npy,ATPase inhibitor
P015085,O23,s4,CBK309086,/mnt/micro-images-pvc/specs935-v1/specs935-v1-FA-P015085-U2OS-48h-P5-L2-test/2021-12-21/865/specs935-v1-FA-P015085-U2OS-48h-P5-L2-test_O23_s4_w5AA79F28F-8999-4F65-A86A-3792603C3CEE.npy,ATPase inhibitor
P015085,O23,s5,CBK309086,/mnt/micro-images-pvc/specs935-v1/specs935-v1-FA-P015085-U2OS-48h-P5-L2-test/2021-12-21/865/specs935-v1-FA-P015085-U2OS-48h-P5-L2-test_O23_s5_w5129D1793-C5BB-4C5A-82BD-20400212C8C3.npy,ATPase inhibitor
P015085,O23,s6,CBK309086,/mnt/micro-images-pvc/specs935-v1/specs935-v1-FA-P015085-U2OS-48h-P5-L2-test/2021-12-21/865/specs935-v1-FA-P015085-U2OS-48h-P5-L2-test_O23_s6_w5166437C4-49FD-45A1-9756-2CA1CB15F5B9.npy,ATPase inhibitor
P015085,O23,s7,CBK309086,/mnt/micro-images-pvc/specs935-v1/specs935-v1-FA-P015085-U2OS-48h-P5-L2-test/2021-12-21/865/specs935-v1-FA-P015085-U2OS-48h-P5-L2-test_O23_s7_w590B1D8E2-63DC-43C9-A45D-B48D65B1EE8E.npy,ATPase inhibitor
P015085,O23,s8,CBK309086,/mnt/micro-images-pvc/specs935-v1/specs935-v1-FA-P015085-U2OS-48h-P5-L2-test/2021-12-21/865/specs935-v1-FA-P015085-U2OS-48h-P5-L2-test_O23_s8_w599A1FB41-8891-4C1B-8D59-ACF444B2D9DA.npy,ATPase inhibitor
P015085,O23,s9,CBK309086,/mnt/micro-images-pvc/specs935-v1/specs935-v1-FA-P015085-U2OS-48h-P5-L2-test/2021-12-21/865/specs935-v1-FA-P015085-U2OS-48h-P5-L2-test_O23_s9_w5284812E1-6A90-424F-B03B-ED772322482C.npy,ATPase inhibitor
P015090,B11,s1,CBK290803,/mnt/micro-images-pvc/specs935-v1/specs935-v1-FA-P015090-U2OS-48h-P8-L1/2021-12-18/854/specs935-v1-FA-P015090-U2OS-48h-P8-L1_B11_s1_w5AB83E779-0C68-4522-9A09-638AB499B382.npy,HSP inhibitor
P015090,B11,s2,CBK290803,/mnt/micro-images-pvc/specs935-v1/specs935-v1-FA-P015090-U2OS-48h-P8-L1/2021-12-18/854/specs935-v1-FA-P015090-U2OS-48h-P8-L1_B11_s2_w567C516B2-B0EE-48DE-B295-832CF1AF6D37.npy,HSP inhibitor
P015090,B11,s3,CBK290803,/mnt/micro-images-pvc/specs935-v1/specs935-v1-FA-P015090-U2OS-48h-P8-L1/2021-12-18/854/specs935-v1-FA-P015090-U2OS-48h-P8-L1_B11_s3_w5D3DF58A7-BC47-4A5B-8D39-4CB315793B45.npy,HSP inhibitor
P015090,B11,s4,CBK290803,/mnt/micro-images-pvc/specs935-v1/specs935-v1-FA-P015090-U2OS-48h-P8-L1/2021-12-18/854/specs935-v1-FA-P015090-U2OS-48h-P8-L1_B11_s4_w54793B2A7-D032-425B-BCF3-F57D244EA0B4.npy,HSP inhibitor
P015090,B11,s5,CBK290803,/mnt/micro-images-pvc/specs935-v1/specs935-v1-FA-P015090-U2OS-48h-P8-L1/2021-12-18/854/specs935-v1-FA-P015090-U2OS-48h-P8-L1_B11_s5_w5C015C0AD-4289-4D1E-9709-3620B8F14F6C.npy,HSP inhibitor
P015090,B11,s6,CBK290803,/mnt/micro-images-pvc/specs935-v1/specs935-v1-FA-P015090-U2OS-48h-P8-L1/2021-12-18/854/specs935-v1-FA-P015090-U2OS-48h-P8-L1_B11_s6_w503236B8A-99D8-4E3B-AD37-0C519A4D6E7C.npy,HSP inhibitor
P015090,B11,s7,CBK290803,/mnt/micro-images-pvc/specs935-v1/specs935-v1-FA-P015090-U2OS-48h-P8-L1/2021-12-18/854/specs935-v1-FA-P015090-U2OS-48h-P8-L1_B11_s7_w5D9561CD6-7B47-4783-AF20-06F9238AECC3.npy,HSP inhibitor
P015090,B11,s8,CBK290803,/mnt/micro-images-pvc/specs935-v1/specs935-v1-FA-P015090-U2OS-48h-P8-L1/2021-12-18/854/specs935-v1-FA-P015090-U2OS-48h-P8-L1_B11_s8_w545F99641-C46D-4386-B233-E5D1AC6E95E2.npy,HSP inhibitor
P015090,B11,s9,CBK290803,/mnt/micro-images-pvc/specs935-v1/specs935-v1-FA-P015090-U2OS-48h-P8-L1/2021-12-18/854/specs935-v1-FA-P015090-U2OS-48h-P8-L1_B11_s9_w5E6A685A9-254A-4AF9-8CE9-75F8F3D98278.npy,HSP inhibitor
P015090,B17,s1,CBK307768,/mnt/micro-images-pvc/specs935-v1/specs935-v1-FA-P015090-U2OS-48h-P8-L1/2021-12-18/854/specs935-v1-FA-P015090-U2OS-48h-P8-L1_B17_s1_w5C55ADD8F-2D7F-47C5-A7BB-B79F03921AE3.npy,HSP inhibitor
P015090,B17,s2,CBK307768,/mnt/micro-images-pvc/specs935-v1/specs935-v1-FA-P015090-U2OS-48h-P8-L1/2021-12-18/854/specs935-v1-FA-P015090-U2OS-48h-P8-L1_B17_s2_w56C3394E3-4C2D-4E94-AF57-56023656E571.npy,HSP inhibitor
P015090,B17,s3,CBK307768,/mnt/micro-images-pvc/specs935-v1/specs935-v1-FA-P015090-U2OS-48h-P8-L1/2021-12-18/854/specs935-v1-FA-P015090-U2OS-48h-P8-L1_B17_s3_w5A89C1A5A-C9FE-410D-863C-810F60CBA97F.npy,HSP inhibitor
P015090,B17,s4,CBK307768,/mnt/micro-images-pvc/specs935-v1/specs935-v1-FA-P015090-U2OS-48h-P8-L1/2021-12-18/854/specs935-v1-FA-P015090-U2OS-48h-P8-L1_B17_s4_w5223A4E0F-C22B-475C-9686-A96B44577E49.npy,HSP inhibitor
P015090,B17,s5,CBK307768,/mnt/micro-images-pvc/specs935-v1/specs935-v1-FA-P015090-U2OS-48h-P8-L1/2021-12-18/854/specs935-v1-FA-P015090-U2OS-48h-P8-L1_B17_s5_w51F7DE4C8-0EE8-4F3A-9C3B-7696835FCE28.npy,HSP inhibitor
P015090,B17,s6,CBK307768,/mnt/micro-images-pvc/specs935-v1/specs935-v1-FA-P015090-U2OS-48h-P8-L1/2021-12-18/854/specs935-v1-FA-P015090-U2OS-48h-P8-L1_B17_s6_w546C484CE-BF0C-43D5-8BA2-1B41CCBAA1A1.npy,HSP inhibitor
P015090,B17,s7,CBK307768,/mnt/micro-images-pvc/specs935-v1/specs935-v1-FA-P015090-U2OS-48h-P8-L1/2021-12-18/854/specs935-v1-FA-P015090-U2OS-48h-P8-L1_B17_s7_w515CD5F66-7356-4AFE-AE3C-5E2E7D59CC54.npy,HSP inhibitor
P015090,B17,s8,CBK307768,/mnt/micro-images-pvc/specs935-v1/specs935-v1-FA-P015090-U2OS-48h-P8-L1/2021-12-18/854/specs935-v1-FA-P015090-U2OS-48h-P8-L1_B17_s8_w52E85CAF8-1396-4E22-8E2A-429EC5088C93.npy,HSP inhibitor
P015090,B17,s9,CBK307768,/mnt/micro-images-pvc/specs935-v1/specs935-v1-FA-P015090-U2OS-48h-P8-L1/2021-12-18/854/specs935-v1-FA-P015090-U2OS-48h-P8-L1_B17_s9_w5AE1577D1-D984-41E3-BB6F-D0E2BC5105A7.npy,HSP inhibitor
P015090,C04,s1,CBK290816,/mnt/micro-images-pvc/specs935-v1/specs935-v1-FA-P015090-U2OS-48h-P8-L1/2021-12-18/854/specs935-v1-FA-P015090-U2OS-48h-P8-L1_C04_s1_w54AF5D5E7-41F9-4AF2-9404-3CBFEB8DA9DD.npy,HDAC inhibitor
P015090,C04,s2,CBK290816,/mnt/micro-images-pvc/specs935-v1/specs935-v1-FA-P015090-U2OS-48h-P8-L1/2021-12-18/854/specs935-v1-FA-P015090-U2OS-48h-P8-L1_C04_s2_w53AA85E73-8D12-449F-9A12-9802871B9C8C.npy,HDAC inhibitor
P015090,C04,s3,CBK290816,/mnt/micro-images-pvc/specs935-v1/specs935-v1-FA-P015090-U2OS-48h-P8-L1/2021-12-18/854/specs935-v1-FA-P015090-U2OS-48h-P8-L1_C04_s3_w5AC8DA201-A11F-448E-B382-3407EE741FB5.npy,HDAC inhibitor
P015090,C04,s4,CBK290816,/mnt/micro-images-pvc/specs935-v1/specs935-v1-FA-P015090-U2OS-48h-P8-L1/2021-12-18/854/specs935-v1-FA-P015090-U2OS-48h-P8-L1_C04_s4_w56774F3BB-409A-4525-8307-031C42CCAAFF.npy,HDAC inhibitor
P015090,C04,s5,CBK290816,/mnt/micro-images-pvc/specs935-v1/specs935-v1-FA-P015090-U2OS-48h-P8-L1/2021-12-18/854/specs935-v1-FA-P015090-U2OS-48h-P8-L1_C04_s5_w5199FFC4F-14ED-4329-AEBF-61EE7BB1A3BC.npy,HDAC inhibitor
P015090,C04,s6,CBK290816,/mnt/micro-images-pvc/specs935-v1/specs935-v1-FA-P015090-U2OS-48h-P8-L1/2021-12-18/854/specs935-v1-FA-P015090-U2OS-48h-P8-L1_C04_s6_w57808E8B2-0E00-4418-BB34-026E2C507A56.npy,HDAC inhibitor
P015090,C04,s7,CBK290816,/mnt/micro-images-pvc/specs935-v1/specs935-v1-FA-P015090-U2OS-48h-P8-L1/2021-12-18/854/specs935-v1-FA-P015090-U2OS-48h-P8-L1_C04_s7_w58907402D-43DE-4DB8-8035-8039026C2769.npy,HDAC inhibitor
P015090,C04,s8,CBK290816,/mnt/micro-images-pvc/specs935-v1/specs935-v1-FA-P015090-U2OS-48h-P8-L1/2021-12-18/854/specs935-v1-FA-P015090-U2OS-48h-P8-L1_C04_s8_w524E70208-0289-4932-BF09-11132DFF9ACB.npy,HDAC inhibitor
P015090,C04,s9,CBK290816,/mnt/micro-images-pvc/specs935-v1/specs935-v1-FA-P015090-U2OS-48h-P8-L1/2021-12-18/854/specs935-v1-FA-P015090-U2OS-48h-P8-L1_C04_s9_w54E25D0E3-BA4C-4C5C-AEDD-9DC22C03AA27.npy,HDAC inhibitor
P015090,C07,s1,CBK289756,/mnt/micro-images-pvc/specs935-v1/specs935-v1-FA-P015090-U2OS-48h-P8-L1/2021-12-18/854/specs935-v1-FA-P015090-U2OS-48h-P8-L1_C07_s1_w5CAAFEA9F-D838-47D7-9ADC-E397699F46E2.npy,HDAC inhibitor
P015090,C07,s2,CBK289756,/mnt/micro-images-pvc/specs935-v1/specs935-v1-FA-P015090-U2OS-48h-P8-L1/2021-12-18/854/specs935-v1-FA-P015090-U2OS-48h-P8-L1_C07_s2_w58F79A4CE-7A75-4144-B0F4-38FB918ABB3B.npy,HDAC inhibitor
P015090,C07,s3,CBK289756,/mnt/micro-images-pvc/specs935-v1/specs935-v1-FA-P015090-U2OS-48h-P8-L1/2021-12-18/854/specs935-v1-FA-P015090-U2OS-48h-P8-L1_C07_s3_w504154A70-473A-4DB6-A01D-C484E6980A31.npy,HDAC inhibitor
P015090,C07,s4,CBK289756,/mnt/micro-images-pvc/specs935-v1/specs935-v1-FA-P015090-U2OS-48h-P8-L1/2021-12-18/854/specs935-v1-FA-P015090-U2OS-48h-P8-L1_C07_s4_w56E5301FC-CC6E-4ED6-89AD-E67750848BC1.npy,HDAC inhibitor
P015090,C07,s5,CBK289756,/mnt/micro-images-pvc/specs935-v1/specs935-v1-FA-P015090-U2OS-48h-P8-L1/2021-12-18/854/specs935-v1-FA-P015090-U2OS-48h-P8-L1_C07_s5_w5AB9FBA03-8691-4B8C-AD11-FB36B34223C7.npy,HDAC inhibitor
P015090,C07,s6,CBK289756,/mnt/micro-images-pvc/specs935-v1/specs935-v1-FA-P015090-U2OS-48h-P8-L1/2021-12-18/854/specs935-v1-FA-P015090-U2OS-48h-P8-L1_C07_s6_w5440102C0-B0EC-4625-8EE2-EDE726EC0DE4.npy,HDAC inhibitor
P015090,C07,s7,CBK289756,/mnt/micro-images-pvc/specs935-v1/specs935-v1-FA-P015090-U2OS-48h-P8-L1/2021-12-18/854/specs935-v1-FA-P015090-U2OS-48h-P8-L1_C07_s7_w5B2418129-2B58-4B96-916D-18E21442D512.npy,HDAC inhibitor
P015090,C07,s8,CBK289756,/mnt/micro-images-pvc/specs935-v1/specs935-v1-FA-P015090-U2OS-48h-P8-L1/2021-12-18/854/specs935-v1-FA-P015090-U2OS-48h-P8-L1_C07_s8_w5AA681761-2243-471E-8F4F-06CC0ADED3E6.npy,HDAC inhibitor
P015090,C07,s9,CBK289756,/mnt/micro-images-pvc/specs935-v1/specs935-v1-FA-P015090-U2OS-48h-P8-L1/2021-12-18/854/specs935-v1-FA-P015090-U2OS-48h-P8-L1_C07_s9_w5B72BEBF1-1D59-40C8-AD2B-0BF1EE7AAF4C.npy,HDAC inhibitor
P015090,C08,s1,CBK290479,/mnt/micro-images-pvc/specs935-v1/specs935-v1-FA-P015090-U2OS-48h-P8-L1/2021-12-18/854/specs935-v1-FA-P015090-U2OS-48h-P8-L1_C08_s1_w5A9B04C7A-B5A4-4F3F-9890-960AA0C17D98.npy,HDAC inhibitor
P015090,C08,s2,CBK290479,/mnt/micro-images-pvc/specs935-v1/specs935-v1-FA-P015090-U2OS-48h-P8-L1/2021-12-18/854/specs935-v1-FA-P015090-U2OS-48h-P8-L1_C08_s2_w53FC3946F-B4BA-4F2E-B58E-895D31E1FF7A.npy,HDAC inhibitor
P015090,C08,s3,CBK290479,/mnt/micro-images-pvc/specs935-v1/specs935-v1-FA-P015090-U2OS-48h-P8-L1/2021-12-18/854/specs935-v1-FA-P015090-U2OS-48h-P8-L1_C08_s3_w5865045F5-B15C-491F-A57B-9A248BCC44FF.npy,HDAC inhibitor
P015090,C08,s4,CBK290479,/mnt/micro-images-pvc/specs935-v1/specs935-v1-FA-P015090-U2OS-48h-P8-L1/2021-12-18/854/specs935-v1-FA-P015090-U2OS-48h-P8-L1_C08_s4_w5C3FA9B5C-4807-4F83-9422-5E232EA1E834.npy,HDAC inhibitor
P015090,C08,s5,CBK290479,/mnt/micro-images-pvc/specs935-v1/specs935-v1-FA-P015090-U2OS-48h-P8-L1/2021-12-18/854/specs935-v1-FA-P015090-U2OS-48h-P8-L1_C08_s5_w50F03B53C-7497-4951-A1F5-8BDBAB57F9F0.npy,HDAC inhibitor
P015090,C08,s6,CBK290479,/mnt/micro-images-pvc/specs935-v1/specs935-v1-FA-P015090-U2OS-48h-P8-L1/2021-12-18/854/specs935-v1-FA-P015090-U2OS-48h-P8-L1_C08_s6_w5FDDE773B-3537-4E64-80E2-885C223A6075.npy,HDAC inhibitor
P015090,C08,s7,CBK290479,/mnt/micro-images-pvc/specs935-v1/specs935-v1-FA-P015090-U2OS-48h-P8-L1/2021-12-18/854/specs935-v1-FA-P015090-U2OS-48h-P8-L1_C08_s7_w5BFA97D2A-4DE8-461C-AE12-487F52846180.npy,HDAC inhibitor
P015090,C08,s8,CBK290479,/mnt/micro-images-pvc/specs935-v1/specs935-v1-FA-P015090-U2OS-48h-P8-L1/2021-12-18/854/specs935-v1-FA-P015090-U2OS-48h-P8-L1_C08_s8_w562FED109-AB09-4B7C-B69F-A84FF66618BB.npy,HDAC inhibitor
P015090,C08,s9,CBK290479,/mnt/micro-images-pvc/specs935-v1/specs935-v1-FA-P015090-U2OS-48h-P8-L1/2021-12-18/854/specs935-v1-FA-P015090-U2OS-48h-P8-L1_C08_s9_w57DB2046A-E80D-4483-A2D8-334C7D05864A.npy,HDAC inhibitor
P015090,C11,s1,CBK308482,/mnt/micro-images-pvc/specs935-v1/specs935-v1-FA-P015090-U2OS-48h-P8-L1/2021-12-18/854/specs935-v1-FA-P015090-U2OS-48h-P8-L1_C11_s1_w51C45C031-DE5A-44F4-90A9-3590C6FD5520.npy,HDAC inhibitor
P015090,C11,s2,CBK308482,/mnt/micro-images-pvc/specs935-v1/specs935-v1-FA-P015090-U2OS-48h-P8-L1/2021-12-18/854/specs935-v1-FA-P015090-U2OS-48h-P8-L1_C11_s2_w55F497B2B-EBFC-4583-A141-D5A1E69E7658.npy,HDAC inhibitor
P015090,C11,s3,CBK308482,/mnt/micro-images-pvc/specs935-v1/specs935-v1-FA-P015090-U2OS-48h-P8-L1/2021-12-18/854/specs935-v1-FA-P015090-U2OS-48h-P8-L1_C11_s3_w588CD2480-7D30-401D-9EA3-00C2B8A66430.npy,HDAC inhibitor
P015090,C11,s4,CBK308482,/mnt/micro-images-pvc/specs935-v1/specs935-v1-FA-P015090-U2OS-48h-P8-L1/2021-12-18/854/specs935-v1-FA-P015090-U2OS-48h-P8-L1_C11_s4_w5340F5B10-EA69-46BD-BE2C-DC9925654514.npy,HDAC inhibitor
P015090,C11,s5,CBK308482,/mnt/micro-images-pvc/specs935-v1/specs935-v1-FA-P015090-U2OS-48h-P8-L1/2021-12-18/854/specs935-v1-FA-P015090-U2OS-48h-P8-L1_C11_s5_w50AFA2715-79C6-4BD5-9D77-55A7BB0796B3.npy,HDAC inhibitor
P015090,C11,s6,CBK308482,/mnt/micro-images-pvc/specs935-v1/specs935-v1-FA-P015090-U2OS-48h-P8-L1/2021-12-18/854/specs935-v1-FA-P015090-U2OS-48h-P8-L1_C11_s6_w5E73CFA79-0495-49F8-AB0B-5F2F5AAA41C9.npy,HDAC inhibitor
P015090,C11,s7,CBK308482,/mnt/micro-images-pvc/specs935-v1/specs935-v1-FA-P015090-U2OS-48h-P8-L1/2021-12-18/854/specs935-v1-FA-P015090-U2OS-48h-P8-L1_C11_s7_w56C268E42-1385-4524-80AB-B90AB92BACE6.npy,HDAC inhibitor
P015090,C11,s8,CBK308482,/mnt/micro-images-pvc/specs935-v1/specs935-v1-FA-P015090-U2OS-48h-P8-L1/2021-12-18/854/specs935-v1-FA-P015090-U2OS-48h-P8-L1_C11_s8_w5593FE1FD-208D-4F42-9B8D-3E9056A57679.npy,HDAC inhibitor
P015090,C11,s9,CBK308482,/mnt/micro-images-pvc/specs935-v1/specs935-v1-FA-P015090-U2OS-48h-P8-L1/2021-12-18/854/specs935-v1-FA-P015090-U2OS-48h-P8-L1_C11_s9_w5D7E7E498-BB1F-441E-BC96-C81476F6A01E.npy,HDAC inhibitor
P015090,C14,s1,CBK290613,/mnt/micro-images-pvc/specs935-v1/specs935-v1-FA-P015090-U2OS-48h-P8-L1/2021-12-18/854/specs935-v1-FA-P015090-U2OS-48h-P8-L1_C14_s1_w5CD599E33-3F09-4F60-9569-FAA71A4879F4.npy,HDAC inhibitor
P015090,C14,s2,CBK290613,/mnt/micro-images-pvc/specs935-v1/specs935-v1-FA-P015090-U2OS-48h-P8-L1/2021-12-18/854/specs935-v1-FA-P015090-U2OS-48h-P8-L1_C14_s2_w56815E001-1E8B-402C-B7DA-7944EF71B91F.npy,HDAC inhibitor
P015090,C14,s3,CBK290613,/mnt/micro-images-pvc/specs935-v1/specs935-v1-FA-P015090-U2OS-48h-P8-L1/2021-12-18/854/specs935-v1-FA-P015090-U2OS-48h-P8-L1_C14_s3_w5543A7106-570C-46D3-AA79-D145C35EFD62.npy,HDAC inhibitor
P015090,C14,s4,CBK290613,/mnt/micro-images-pvc/specs935-v1/specs935-v1-FA-P015090-U2OS-48h-P8-L1/2021-12-18/854/specs935-v1-FA-P015090-U2OS-48h-P8-L1_C14_s4_w527600715-B858-48D3-87E6-6086C5CBEB00.npy,HDAC inhibitor
P015090,C14,s5,CBK290613,/mnt/micro-images-pvc/specs935-v1/specs935-v1-FA-P015090-U2OS-48h-P8-L1/2021-12-18/854/specs935-v1-FA-P015090-U2OS-48h-P8-L1_C14_s5_w59C8A6B2B-AAB2-4520-A03E-45B4C99383B1.npy,HDAC inhibitor
P015090,C14,s6,CBK290613,/mnt/micro-images-pvc/specs935-v1/specs935-v1-FA-P015090-U2OS-48h-P8-L1/2021-12-18/854/specs935-v1-FA-P015090-U2OS-48h-P8-L1_C14_s6_w5581C5087-8141-4022-8BE6-95B1F8A92B58.npy,HDAC inhibitor
P015090,C14,s7,CBK290613,/mnt/micro-images-pvc/specs935-v1/specs935-v1-FA-P015090-U2OS-48h-P8-L1/2021-12-18/854/specs935-v1-FA-P015090-U2OS-48h-P8-L1_C14_s7_w5CF23ED86-753D-4397-AB8A-3DB2ED564988.npy,HDAC inhibitor
P015090,C14,s8,CBK290613,/mnt/micro-images-pvc/specs935-v1/specs935-v1-FA-P015090-U2OS-48h-P8-L1/2021-12-18/854/specs935-v1-FA-P015090-U2OS-48h-P8-L1_C14_s8_w5BE02598C-D355-4EE0-BDE8-9B39CE1D6F97.npy,HDAC inhibitor
P015090,C14,s9,CBK290613,/mnt/micro-images-pvc/specs935-v1/specs935-v1-FA-P015090-U2OS-48h-P8-L1/2021-12-18/854/specs935-v1-FA-P015090-U2OS-48h-P8-L1_C14_s9_w5A05A9666-85BC-43CD-9FEB-AA625880389C.npy,HDAC inhibitor
P015090,C17,s1,CBK308266,/mnt/micro-images-pvc/specs935-v1/specs935-v1-FA-P015090-U2OS-48h-P8-L1/2021-12-18/854/specs935-v1-FA-P015090-U2OS-48h-P8-L1_C17_s1_w5C69CF62D-41CF-49E4-AE96-8AF3DA5EF0E1.npy,HDAC inhibitor
P015090,C17,s2,CBK308266,/mnt/micro-images-pvc/specs935-v1/specs935-v1-FA-P015090-U2OS-48h-P8-L1/2021-12-18/854/specs935-v1-FA-P015090-U2OS-48h-P8-L1_C17_s2_w5E17CE2B7-921D-453B-A18C-7358363F7218.npy,HDAC inhibitor
P015090,C17,s3,CBK308266,/mnt/micro-images-pvc/specs935-v1/specs935-v1-FA-P015090-U2OS-48h-P8-L1/2021-12-18/854/specs935-v1-FA-P015090-U2OS-48h-P8-L1_C17_s3_w546360154-5139-4F5F-A8B9-A66847063798.npy,HDAC inhibitor
P015090,C17,s4,CBK308266,/mnt/micro-images-pvc/specs935-v1/specs935-v1-FA-P015090-U2OS-48h-P8-L1/2021-12-18/854/specs935-v1-FA-P015090-U2OS-48h-P8-L1_C17_s4_w522FEDA26-E751-41D9-ABE4-2BEF1EF521C1.npy,HDAC inhibitor
P015090,C17,s5,CBK308266,/mnt/micro-images-pvc/specs935-v1/specs935-v1-FA-P015090-U2OS-48h-P8-L1/2021-12-18/854/specs935-v1-FA-P015090-U2OS-48h-P8-L1_C17_s5_w5EFD387DB-3870-419C-ACC5-80E60FCD51CE.npy,HDAC inhibitor
P015090,C17,s6,CBK308266,/mnt/micro-images-pvc/specs935-v1/specs935-v1-FA-P015090-U2OS-48h-P8-L1/2021-12-18/854/specs935-v1-FA-P015090-U2OS-48h-P8-L1_C17_s6_w52A0ED6D0-D798-4D37-AB90-F2AA630CEF2C.npy,HDAC inhibitor
P015090,C17,s7,CBK308266,/mnt/micro-images-pvc/specs935-v1/specs935-v1-FA-P015090-U2OS-48h-P8-L1/2021-12-18/854/specs935-v1-FA-P015090-U2OS-48h-P8-L1_C17_s7_w50839679C-592F-4963-A0C7-19B973D9E463.npy,HDAC inhibitor
P015090,C17,s8,CBK308266,/mnt/micro-images-pvc/specs935-v1/specs935-v1-FA-P015090-U2OS-48h-P8-L1/2021-12-18/854/specs935-v1-FA-P015090-U2OS-48h-P8-L1_C17_s8_w57CD36C15-0F76-469C-BD09-102BCFDCF693.npy,HDAC inhibitor
P015090,C17,s9,CBK308266,/mnt/micro-images-pvc/specs935-v1/specs935-v1-FA-P015090-U2OS-48h-P8-L1/2021-12-18/854/specs935-v1-FA-P015090-U2OS-48h-P8-L1_C17_s9_w59D88567D-A34D-4FEE-9AB8-ACA88257FD79.npy,HDAC inhibitor
P015090,C18,s1,CBK278039,/mnt/micro-images-pvc/specs935-v1/specs935-v1-FA-P015090-U2OS-48h-P8-L1/2021-12-18/854/specs935-v1-FA-P015090-U2OS-48h-P8-L1_C18_s1_w5BDF2BA8F-6B07-4A4A-A174-7D0F3EA1467F.npy,HDAC inhibitor
P015090,C18,s2,CBK278039,/mnt/micro-images-pvc/specs935-v1/specs935-v1-FA-P015090-U2OS-48h-P8-L1/2021-12-18/854/specs935-v1-FA-P015090-U2OS-48h-P8-L1_C18_s2_w598C4A083-5FB9-4A2C-9350-6AA41046DC02.npy,HDAC inhibitor
P015090,C18,s3,CBK278039,/mnt/micro-images-pvc/specs935-v1/specs935-v1-FA-P015090-U2OS-48h-P8-L1/2021-12-18/854/specs935-v1-FA-P015090-U2OS-48h-P8-L1_C18_s3_w5C8AE2F33-20BC-4885-8D0C-B1FA778E5C6D.npy,HDAC inhibitor
P015090,C18,s4,CBK278039,/mnt/micro-images-pvc/specs935-v1/specs935-v1-FA-P015090-U2OS-48h-P8-L1/2021-12-18/854/specs935-v1-FA-P015090-U2OS-48h-P8-L1_C18_s4_w5DDD31FFC-B93E-412D-83ED-F7F8D50A25DB.npy,HDAC inhibitor
P015090,C18,s5,CBK278039,/mnt/micro-images-pvc/specs935-v1/specs935-v1-FA-P015090-U2OS-48h-P8-L1/2021-12-18/854/specs935-v1-FA-P015090-U2OS-48h-P8-L1_C18_s5_w5FC50A53B-6815-441F-AAB3-B3B2DFC40961.npy,HDAC inhibitor
P015090,C18,s6,CBK278039,/mnt/micro-images-pvc/specs935-v1/specs935-v1-FA-P015090-U2OS-48h-P8-L1/2021-12-18/854/specs935-v1-FA-P015090-U2OS-48h-P8-L1_C18_s6_w543C9E9A7-B09B-46BF-AD26-BFAC8562BD86.npy,HDAC inhibitor
P015090,C18,s7,CBK278039,/mnt/micro-images-pvc/specs935-v1/specs935-v1-FA-P015090-U2OS-48h-P8-L1/2021-12-18/854/specs935-v1-FA-P015090-U2OS-48h-P8-L1_C18_s7_w5F21EAFC8-157C-4B52-9059-17E1E768DC1E.npy,HDAC inhibitor
P015090,C18,s8,CBK278039,/mnt/micro-images-pvc/specs935-v1/specs935-v1-FA-P015090-U2OS-48h-P8-L1/2021-12-18/854/specs935-v1-FA-P015090-U2OS-48h-P8-L1_C18_s8_w54AE910FA-75EB-4332-9396-05997CC626D0.npy,HDAC inhibitor
P015090,C18,s9,CBK278039,/mnt/micro-images-pvc/specs935-v1/specs935-v1-FA-P015090-U2OS-48h-P8-L1/2021-12-18/854/specs935-v1-FA-P015090-U2OS-48h-P8-L1_C18_s9_w5B532D413-D769-43EC-AD56-F7003C728670.npy,HDAC inhibitor
P015090,C19,s1,CBK290547,/mnt/micro-images-pvc/specs935-v1/specs935-v1-FA-P015090-U2OS-48h-P8-L1/2021-12-18/854/specs935-v1-FA-P015090-U2OS-48h-P8-L1_C19_s1_w51103354A-D7E0-47BA-A0FD-33064D01936D.npy,HDAC inhibitor
P015090,C19,s2,CBK290547,/mnt/micro-images-pvc/specs935-v1/specs935-v1-FA-P015090-U2OS-48h-P8-L1/2021-12-18/854/specs935-v1-FA-P015090-U2OS-48h-P8-L1_C19_s2_w539B9E892-DE49-4537-8329-4335AA2BE2E3.npy,HDAC inhibitor
P015090,C19,s3,CBK290547,/mnt/micro-images-pvc/specs935-v1/specs935-v1-FA-P015090-U2OS-48h-P8-L1/2021-12-18/854/specs935-v1-FA-P015090-U2OS-48h-P8-L1_C19_s3_w5116A0221-1E6F-4D80-BBFB-AFEC9630A998.npy,HDAC inhibitor
P015090,C19,s4,CBK290547,/mnt/micro-images-pvc/specs935-v1/specs935-v1-FA-P015090-U2OS-48h-P8-L1/2021-12-18/854/specs935-v1-FA-P015090-U2OS-48h-P8-L1_C19_s4_w539CE77A1-78FC-4717-AF1A-3B97CD84CB52.npy,HDAC inhibitor
P015090,C19,s5,CBK290547,/mnt/micro-images-pvc/specs935-v1/specs935-v1-FA-P015090-U2OS-48h-P8-L1/2021-12-18/854/specs935-v1-FA-P015090-U2OS-48h-P8-L1_C19_s5_w5ADC53024-C82C-492B-943E-03011A9A276F.npy,HDAC inhibitor
P015090,C19,s6,CBK290547,/mnt/micro-images-pvc/specs935-v1/specs935-v1-FA-P015090-U2OS-48h-P8-L1/2021-12-18/854/specs935-v1-FA-P015090-U2OS-48h-P8-L1_C19_s6_w57A712511-62F3-41E3-8487-CE406427486A.npy,HDAC inhibitor
P015090,C19,s7,CBK290547,/mnt/micro-images-pvc/specs935-v1/specs935-v1-FA-P015090-U2OS-48h-P8-L1/2021-12-18/854/specs935-v1-FA-P015090-U2OS-48h-P8-L1_C19_s7_w5E964C496-A686-494F-B8B0-5324579AEF7D.npy,HDAC inhibitor
P015090,C19,s8,CBK290547,/mnt/micro-images-pvc/specs935-v1/specs935-v1-FA-P015090-U2OS-48h-P8-L1/2021-12-18/854/specs935-v1-FA-P015090-U2OS-48h-P8-L1_C19_s8_w50C58FB2D-E8F6-4475-A0F5-6A9D3C3F0310.npy,HDAC inhibitor
P015090,C19,s9,CBK290547,/mnt/micro-images-pvc/specs935-v1/specs935-v1-FA-P015090-U2OS-48h-P8-L1/2021-12-18/854/specs935-v1-FA-P015090-U2OS-48h-P8-L1_C19_s9_w5D8DEE87E-C1A0-4576-980A-F08BB4307A22.npy,HDAC inhibitor
P015090,C22,s1,CBK309523,/mnt/micro-images-pvc/specs935-v1/specs935-v1-FA-P015090-U2OS-48h-P8-L1/2021-12-18/854/specs935-v1-FA-P015090-U2OS-48h-P8-L1_C22_s1_w5DF87AF8D-0746-44A1-A200-94B8FFFD2EDA.npy,HDAC inhibitor
P015090,C22,s2,CBK309523,/mnt/micro-images-pvc/specs935-v1/specs935-v1-FA-P015090-U2OS-48h-P8-L1/2021-12-18/854/specs935-v1-FA-P015090-U2OS-48h-P8-L1_C22_s2_w591797CB1-11A9-4878-A482-12788BE8D1C2.npy,HDAC inhibitor
P015090,C22,s3,CBK309523,/mnt/micro-images-pvc/specs935-v1/specs935-v1-FA-P015090-U2OS-48h-P8-L1/2021-12-18/854/specs935-v1-FA-P015090-U2OS-48h-P8-L1_C22_s3_w52C44111E-27BF-4282-8A82-A2BC4C4C0E51.npy,HDAC inhibitor
P015090,C22,s4,CBK309523,/mnt/micro-images-pvc/specs935-v1/specs935-v1-FA-P015090-U2OS-48h-P8-L1/2021-12-18/854/specs935-v1-FA-P015090-U2OS-48h-P8-L1_C22_s4_w5A9447400-E4CA-45AF-8207-363838B4B0B7.npy,HDAC inhibitor
P015090,C22,s5,CBK309523,/mnt/micro-images-pvc/specs935-v1/specs935-v1-FA-P015090-U2OS-48h-P8-L1/2021-12-18/854/specs935-v1-FA-P015090-U2OS-48h-P8-L1_C22_s5_w5289F49F0-9093-41B4-B2FF-938C5FB354C0.npy,HDAC inhibitor
P015090,C22,s6,CBK309523,/mnt/micro-images-pvc/specs935-v1/specs935-v1-FA-P015090-U2OS-48h-P8-L1/2021-12-18/854/specs935-v1-FA-P015090-U2OS-48h-P8-L1_C22_s6_w57B040505-4852-48A1-B103-9DC82243DA31.npy,HDAC inhibitor
P015090,C22,s7,CBK309523,/mnt/micro-images-pvc/specs935-v1/specs935-v1-FA-P015090-U2OS-48h-P8-L1/2021-12-18/854/specs935-v1-FA-P015090-U2OS-48h-P8-L1_C22_s7_w5704CA814-C760-439F-ACE5-7EE388DE7F21.npy,HDAC inhibitor
P015090,C22,s8,CBK309523,/mnt/micro-images-pvc/specs935-v1/specs935-v1-FA-P015090-U2OS-48h-P8-L1/2021-12-18/854/specs935-v1-FA-P015090-U2OS-48h-P8-L1_C22_s8_w50053E5CD-1F4D-42BD-8104-1322E84F97CE.npy,HDAC inhibitor
P015090,C22,s9,CBK309523,/mnt/micro-images-pvc/specs935-v1/specs935-v1-FA-P015090-U2OS-48h-P8-L1/2021-12-18/854/specs935-v1-FA-P015090-U2OS-48h-P8-L1_C22_s9_w551E6A80C-19E4-4B26-8EDF-686893BE8ABC.npy,HDAC inhibitor
P015090,D03,s1,CBK291020,/mnt/micro-images-pvc/specs935-v1/specs935-v1-FA-P015090-U2OS-48h-P8-L1/2021-12-18/854/specs935-v1-FA-P015090-U2OS-48h-P8-L1_D03_s1_w5FF313D51-1DD5-43D7-9A26-6F3E816797DE.npy,HDAC inhibitor
P015090,D03,s2,CBK291020,/mnt/micro-images-pvc/specs935-v1/specs935-v1-FA-P015090-U2OS-48h-P8-L1/2021-12-18/854/specs935-v1-FA-P015090-U2OS-48h-P8-L1_D03_s2_w56C9D63A0-02C1-4791-AEDF-203CD96E2A8C.npy,HDAC inhibitor
P015090,D03,s3,CBK291020,/mnt/micro-images-pvc/specs935-v1/specs935-v1-FA-P015090-U2OS-48h-P8-L1/2021-12-18/854/specs935-v1-FA-P015090-U2OS-48h-P8-L1_D03_s3_w5B6FFC505-450F-42EB-861E-E2B7B28A9232.npy,HDAC inhibitor
P015090,D03,s4,CBK291020,/mnt/micro-images-pvc/specs935-v1/specs935-v1-FA-P015090-U2OS-48h-P8-L1/2021-12-18/854/specs935-v1-FA-P015090-U2OS-48h-P8-L1_D03_s4_w5AD9B79B1-C932-460A-9F70-7528C993C325.npy,HDAC inhibitor
P015090,D03,s5,CBK291020,/mnt/micro-images-pvc/specs935-v1/specs935-v1-FA-P015090-U2OS-48h-P8-L1/2021-12-18/854/specs935-v1-FA-P015090-U2OS-48h-P8-L1_D03_s5_w5E0489202-02C6-4BE1-BC98-E190030748C2.npy,HDAC inhibitor
P015090,D03,s6,CBK291020,/mnt/micro-images-pvc/specs935-v1/specs935-v1-FA-P015090-U2OS-48h-P8-L1/2021-12-18/854/specs935-v1-FA-P015090-U2OS-48h-P8-L1_D03_s6_w503916583-C3A8-4BB0-A865-D016D04026B9.npy,HDAC inhibitor
P015090,D03,s7,CBK291020,/mnt/micro-images-pvc/specs935-v1/specs935-v1-FA-P015090-U2OS-48h-P8-L1/2021-12-18/854/specs935-v1-FA-P015090-U2OS-48h-P8-L1_D03_s7_w5303BE9BE-54A2-4013-9C27-1F5B0812EA2F.npy,HDAC inhibitor
P015090,D03,s8,CBK291020,/mnt/micro-images-pvc/specs935-v1/specs935-v1-FA-P015090-U2OS-48h-P8-L1/2021-12-18/854/specs935-v1-FA-P015090-U2OS-48h-P8-L1_D03_s8_w51A8FC2F7-78E4-4468-A7A4-357B9AD0C287.npy,HDAC inhibitor
P015090,D03,s9,CBK291020,/mnt/micro-images-pvc/specs935-v1/specs935-v1-FA-P015090-U2OS-48h-P8-L1/2021-12-18/854/specs935-v1-FA-P015090-U2OS-48h-P8-L1_D03_s9_w50CAF9134-3D4C-43C5-956D-3FCD31918054.npy,HDAC inhibitor
P015090,D04,s1,CBK308696,/mnt/micro-images-pvc/specs935-v1/specs935-v1-FA-P015090-U2OS-48h-P8-L1/2021-12-18/854/specs935-v1-FA-P015090-U2OS-48h-P8-L1_D04_s1_w5BB2FF624-CE98-42FE-AEBF-13163BCB5B47.npy,HSP inhibitor
P015090,D04,s2,CBK308696,/mnt/micro-images-pvc/specs935-v1/specs935-v1-FA-P015090-U2OS-48h-P8-L1/2021-12-18/854/specs935-v1-FA-P015090-U2OS-48h-P8-L1_D04_s2_w50FA37C95-76E6-4521-9FF0-519B24830D0E.npy,HSP inhibitor
P015090,D04,s3,CBK308696,/mnt/micro-images-pvc/specs935-v1/specs935-v1-FA-P015090-U2OS-48h-P8-L1/2021-12-18/854/specs935-v1-FA-P015090-U2OS-48h-P8-L1_D04_s3_w53216A9E5-6A2C-4A2B-BB4F-2DC4B678416E.npy,HSP inhibitor
P015090,D04,s4,CBK308696,/mnt/micro-images-pvc/specs935-v1/specs935-v1-FA-P015090-U2OS-48h-P8-L1/2021-12-18/854/specs935-v1-FA-P015090-U2OS-48h-P8-L1_D04_s4_w5D23FF848-0E57-4A61-B8F9-3EBF7B5229E7.npy,HSP inhibitor
P015090,D04,s5,CBK308696,/mnt/micro-images-pvc/specs935-v1/specs935-v1-FA-P015090-U2OS-48h-P8-L1/2021-12-18/854/specs935-v1-FA-P015090-U2OS-48h-P8-L1_D04_s5_w5F45BD66E-FA3D-4FD7-9971-BB1CEACF8150.npy,HSP inhibitor
P015090,D04,s6,CBK308696,/mnt/micro-images-pvc/specs935-v1/specs935-v1-FA-P015090-U2OS-48h-P8-L1/2021-12-18/854/specs935-v1-FA-P015090-U2OS-48h-P8-L1_D04_s6_w58FF897AF-0C80-405C-9846-B736047D13FA.npy,HSP inhibitor
P015090,D04,s7,CBK308696,/mnt/micro-images-pvc/specs935-v1/specs935-v1-FA-P015090-U2OS-48h-P8-L1/2021-12-18/854/specs935-v1-FA-P015090-U2OS-48h-P8-L1_D04_s7_w590607AE7-F3BD-4AE8-9B26-5709880060CB.npy,HSP inhibitor
P015090,D04,s8,CBK308696,/mnt/micro-images-pvc/specs935-v1/specs935-v1-FA-P015090-U2OS-48h-P8-L1/2021-12-18/854/specs935-v1-FA-P015090-U2OS-48h-P8-L1_D04_s8_w5DBBB0ADD-1EEC-44CE-93EC-B1DD1A18DD08.npy,HSP inhibitor
P015090,D04,s9,CBK308696,/mnt/micro-images-pvc/specs935-v1/specs935-v1-FA-P015090-U2OS-48h-P8-L1/2021-12-18/854/specs935-v1-FA-P015090-U2OS-48h-P8-L1_D04_s9_w5AB20D372-AC09-490D-9DF9-667AF29041E9.npy,HSP inhibitor
P015090,D05,s1,CBK288302,/mnt/micro-images-pvc/specs935-v1/specs935-v1-FA-P015090-U2OS-48h-P8-L1/2021-12-18/854/specs935-v1-FA-P015090-U2OS-48h-P8-L1_D05_s1_w5B0483775-5F1A-4CE8-8971-9E47CFCD676D.npy,HDAC inhibitor
P015090,D05,s2,CBK288302,/mnt/micro-images-pvc/specs935-v1/specs935-v1-FA-P015090-U2OS-48h-P8-L1/2021-12-18/854/specs935-v1-FA-P015090-U2OS-48h-P8-L1_D05_s2_w5F96536C7-7112-4F49-8985-4D53C28F46F0.npy,HDAC inhibitor
P015090,D05,s3,CBK288302,/mnt/micro-images-pvc/specs935-v1/specs935-v1-FA-P015090-U2OS-48h-P8-L1/2021-12-18/854/specs935-v1-FA-P015090-U2OS-48h-P8-L1_D05_s3_w5B3E3C43A-79F4-4DD7-ABB4-6A2414FED16C.npy,HDAC inhibitor
P015090,D05,s4,CBK288302,/mnt/micro-images-pvc/specs935-v1/specs935-v1-FA-P015090-U2OS-48h-P8-L1/2021-12-18/854/specs935-v1-FA-P015090-U2OS-48h-P8-L1_D05_s4_w58E6FA3FB-B94B-4325-A64A-479CAA7D074C.npy,HDAC inhibitor
P015090,D05,s5,CBK288302,/mnt/micro-images-pvc/specs935-v1/specs935-v1-FA-P015090-U2OS-48h-P8-L1/2021-12-18/854/specs935-v1-FA-P015090-U2OS-48h-P8-L1_D05_s5_w5C4E3B029-CB9C-42FF-977E-81ED63FFF89B.npy,HDAC inhibitor
P015090,D05,s6,CBK288302,/mnt/micro-images-pvc/specs935-v1/specs935-v1-FA-P015090-U2OS-48h-P8-L1/2021-12-18/854/specs935-v1-FA-P015090-U2OS-48h-P8-L1_D05_s6_w56E95E34F-6238-4E80-862C-82744C4BB1E5.npy,HDAC inhibitor
P015090,D05,s7,CBK288302,/mnt/micro-images-pvc/specs935-v1/specs935-v1-FA-P015090-U2OS-48h-P8-L1/2021-12-18/854/specs935-v1-FA-P015090-U2OS-48h-P8-L1_D05_s7_w55EF16346-E935-48AE-9485-EB6C581F16BD.npy,HDAC inhibitor
P015090,D05,s8,CBK288302,/mnt/micro-images-pvc/specs935-v1/specs935-v1-FA-P015090-U2OS-48h-P8-L1/2021-12-18/854/specs935-v1-FA-P015090-U2OS-48h-P8-L1_D05_s8_w52E14D982-C3FB-47AD-9C41-BC58C0EC2763.npy,HDAC inhibitor
P015090,D05,s9,CBK288302,/mnt/micro-images-pvc/specs935-v1/specs935-v1-FA-P015090-U2OS-48h-P8-L1/2021-12-18/854/specs935-v1-FA-P015090-U2OS-48h-P8-L1_D05_s9_w5CD72259E-4CF8-4710-A899-428FF058E6A1.npy,HDAC inhibitor
P015090,D13,s1,CBK309553,/mnt/micro-images-pvc/specs935-v1/specs935-v1-FA-P015090-U2OS-48h-P8-L1/2021-12-18/854/specs935-v1-FA-P015090-U2OS-48h-P8-L1_D13_s1_w5E4E33C3E-BE89-4216-8B9C-8F1861A8E46F.npy,HDAC inhibitor
P015090,D13,s2,CBK309553,/mnt/micro-images-pvc/specs935-v1/specs935-v1-FA-P015090-U2OS-48h-P8-L1/2021-12-18/854/specs935-v1-FA-P015090-U2OS-48h-P8-L1_D13_s2_w5F018BCF5-DB89-4FCD-BB11-76FC4235A991.npy,HDAC inhibitor
P015090,D13,s3,CBK309553,/mnt/micro-images-pvc/specs935-v1/specs935-v1-FA-P015090-U2OS-48h-P8-L1/2021-12-18/854/specs935-v1-FA-P015090-U2OS-48h-P8-L1_D13_s3_w5C165B18C-7C77-4DCE-B20F-02E094F0247E.npy,HDAC inhibitor
P015090,D13,s4,CBK309553,/mnt/micro-images-pvc/specs935-v1/specs935-v1-FA-P015090-U2OS-48h-P8-L1/2021-12-18/854/specs935-v1-FA-P015090-U2OS-48h-P8-L1_D13_s4_w5EBBD5134-4299-43D7-9044-C0894DB16CA4.npy,HDAC inhibitor
P015090,D13,s5,CBK309553,/mnt/micro-images-pvc/specs935-v1/specs935-v1-FA-P015090-U2OS-48h-P8-L1/2021-12-18/854/specs935-v1-FA-P015090-U2OS-48h-P8-L1_D13_s5_w521F45AC1-A24E-4F17-9D40-ABA1AB0DA60A.npy,HDAC inhibitor
P015090,D13,s6,CBK309553,/mnt/micro-images-pvc/specs935-v1/specs935-v1-FA-P015090-U2OS-48h-P8-L1/2021-12-18/854/specs935-v1-FA-P015090-U2OS-48h-P8-L1_D13_s6_w51EFA6311-CF53-4790-8E21-3C5BDEE4841C.npy,HDAC inhibitor
P015090,D13,s7,CBK309553,/mnt/micro-images-pvc/specs935-v1/specs935-v1-FA-P015090-U2OS-48h-P8-L1/2021-12-18/854/specs935-v1-FA-P015090-U2OS-48h-P8-L1_D13_s7_w5CBF32E3E-8092-4844-9562-B42F41065EB2.npy,HDAC inhibitor
P015090,D13,s8,CBK309553,/mnt/micro-images-pvc/specs935-v1/specs935-v1-FA-P015090-U2OS-48h-P8-L1/2021-12-18/854/specs935-v1-FA-P015090-U2OS-48h-P8-L1_D13_s8_w530BB8CBC-B19F-4EBA-A3BE-821ED55DD94E.npy,HDAC inhibitor
P015090,D13,s9,CBK309553,/mnt/micro-images-pvc/specs935-v1/specs935-v1-FA-P015090-U2OS-48h-P8-L1/2021-12-18/854/specs935-v1-FA-P015090-U2OS-48h-P8-L1_D13_s9_w59DC74350-57E3-4026-861C-974DD5A5D5CF.npy,HDAC inhibitor
P015090,D14,s1,CBK309488,/mnt/micro-images-pvc/specs935-v1/specs935-v1-FA-P015090-U2OS-48h-P8-L1/2021-12-18/854/specs935-v1-FA-P015090-U2OS-48h-P8-L1_D14_s1_w5485BAA94-5ED6-4D5B-9BE3-CCC302CFB4D9.npy,HSP inhibitor
P015090,D14,s2,CBK309488,/mnt/micro-images-pvc/specs935-v1/specs935-v1-FA-P015090-U2OS-48h-P8-L1/2021-12-18/854/specs935-v1-FA-P015090-U2OS-48h-P8-L1_D14_s2_w582BF3992-C86E-47E3-9A8A-4D9057FB0867.npy,HSP inhibitor
P015090,D14,s3,CBK309488,/mnt/micro-images-pvc/specs935-v1/specs935-v1-FA-P015090-U2OS-48h-P8-L1/2021-12-18/854/specs935-v1-FA-P015090-U2OS-48h-P8-L1_D14_s3_w5B091171C-ECFD-4B31-B042-6903EC1EFCB6.npy,HSP inhibitor
P015090,D14,s4,CBK309488,/mnt/micro-images-pvc/specs935-v1/specs935-v1-FA-P015090-U2OS-48h-P8-L1/2021-12-18/854/specs935-v1-FA-P015090-U2OS-48h-P8-L1_D14_s4_w52B1763A2-34C1-4DF2-A1A4-0FF7311283BE.npy,HSP inhibitor
P015090,D14,s5,CBK309488,/mnt/micro-images-pvc/specs935-v1/specs935-v1-FA-P015090-U2OS-48h-P8-L1/2021-12-18/854/specs935-v1-FA-P015090-U2OS-48h-P8-L1_D14_s5_w5B8E78BA0-EEAD-49AE-B4C1-BF4C1AC46C63.npy,HSP inhibitor
P015090,D14,s6,CBK309488,/mnt/micro-images-pvc/specs935-v1/specs935-v1-FA-P015090-U2OS-48h-P8-L1/2021-12-18/854/specs935-v1-FA-P015090-U2OS-48h-P8-L1_D14_s6_w5F3C16435-C97B-43AF-968D-EE55934AEDFD.npy,HSP inhibitor
P015090,D14,s7,CBK309488,/mnt/micro-images-pvc/specs935-v1/specs935-v1-FA-P015090-U2OS-48h-P8-L1/2021-12-18/854/specs935-v1-FA-P015090-U2OS-48h-P8-L1_D14_s7_w5732853AC-B328-41C7-9162-D6503021DC3E.npy,HSP inhibitor
P015090,D14,s8,CBK309488,/mnt/micro-images-pvc/specs935-v1/specs935-v1-FA-P015090-U2OS-48h-P8-L1/2021-12-18/854/specs935-v1-FA-P015090-U2OS-48h-P8-L1_D14_s8_w562B873FF-0B66-48F5-82C4-B162AE0A2D39.npy,HSP inhibitor
P015090,D14,s9,CBK309488,/mnt/micro-images-pvc/specs935-v1/specs935-v1-FA-P015090-U2OS-48h-P8-L1/2021-12-18/854/specs935-v1-FA-P015090-U2OS-48h-P8-L1_D14_s9_w528A9BB1C-8558-4077-9B18-FC6F7617F770.npy,HSP inhibitor
P015090,D15,s1,CBK308482,/mnt/micro-images-pvc/specs935-v1/specs935-v1-FA-P015090-U2OS-48h-P8-L1/2021-12-18/854/specs935-v1-FA-P015090-U2OS-48h-P8-L1_D15_s1_w5469FEC89-591D-46BF-B692-CE45879F476A.npy,HDAC inhibitor
P015090,D15,s2,CBK308482,/mnt/micro-images-pvc/specs935-v1/specs935-v1-FA-P015090-U2OS-48h-P8-L1/2021-12-18/854/specs935-v1-FA-P015090-U2OS-48h-P8-L1_D15_s2_w5C64A32C0-F949-461E-8580-848093CA4DE0.npy,HDAC inhibitor
P015090,D15,s3,CBK308482,/mnt/micro-images-pvc/specs935-v1/specs935-v1-FA-P015090-U2OS-48h-P8-L1/2021-12-18/854/specs935-v1-FA-P015090-U2OS-48h-P8-L1_D15_s3_w522DEA31A-779B-4134-9831-B456B60F2DC7.npy,HDAC inhibitor
P015090,D15,s4,CBK308482,/mnt/micro-images-pvc/specs935-v1/specs935-v1-FA-P015090-U2OS-48h-P8-L1/2021-12-18/854/specs935-v1-FA-P015090-U2OS-48h-P8-L1_D15_s4_w5A661C199-66AE-450D-BA17-D13D6DB73BE3.npy,HDAC inhibitor
P015090,D15,s5,CBK308482,/mnt/micro-images-pvc/specs935-v1/specs935-v1-FA-P015090-U2OS-48h-P8-L1/2021-12-18/854/specs935-v1-FA-P015090-U2OS-48h-P8-L1_D15_s5_w594937578-6976-4E18-B074-0E5A5DC365E0.npy,HDAC inhibitor
P015090,D15,s6,CBK308482,/mnt/micro-images-pvc/specs935-v1/specs935-v1-FA-P015090-U2OS-48h-P8-L1/2021-12-18/854/specs935-v1-FA-P015090-U2OS-48h-P8-L1_D15_s6_w59259066B-C34B-4A32-8F3A-66997178E796.npy,HDAC inhibitor
P015090,D15,s7,CBK308482,/mnt/micro-images-pvc/specs935-v1/specs935-v1-FA-P015090-U2OS-48h-P8-L1/2021-12-18/854/specs935-v1-FA-P015090-U2OS-48h-P8-L1_D15_s7_w5D396AF26-ADAC-47B1-ADC3-60E44522D761.npy,HDAC inhibitor
P015090,D15,s8,CBK308482,/mnt/micro-images-pvc/specs935-v1/specs935-v1-FA-P015090-U2OS-48h-P8-L1/2021-12-18/854/specs935-v1-FA-P015090-U2OS-48h-P8-L1_D15_s8_w50D4C24CD-80D5-4005-A219-BA331F61CA5D.npy,HDAC inhibitor
P015090,D15,s9,CBK308482,/mnt/micro-images-pvc/specs935-v1/specs935-v1-FA-P015090-U2OS-48h-P8-L1/2021-12-18/854/specs935-v1-FA-P015090-U2OS-48h-P8-L1_D15_s9_w501338198-66A9-4AAD-8487-DF20D3C5291A.npy,HDAC inhibitor
P015090,D18,s1,CBK308430,/mnt/micro-images-pvc/specs935-v1/specs935-v1-FA-P015090-U2OS-48h-P8-L1/2021-12-18/854/specs935-v1-FA-P015090-U2OS-48h-P8-L1_D18_s1_w56164F018-7046-42AE-B6F5-685557E60B30.npy,HDAC inhibitor
P015090,D18,s2,CBK308430,/mnt/micro-images-pvc/specs935-v1/specs935-v1-FA-P015090-U2OS-48h-P8-L1/2021-12-18/854/specs935-v1-FA-P015090-U2OS-48h-P8-L1_D18_s2_w5E722B1BC-9175-448D-BC26-75584659503F.npy,HDAC inhibitor
P015090,D18,s3,CBK308430,/mnt/micro-images-pvc/specs935-v1/specs935-v1-FA-P015090-U2OS-48h-P8-L1/2021-12-18/854/specs935-v1-FA-P015090-U2OS-48h-P8-L1_D18_s3_w5C1F21FA6-B375-4CCA-87D1-43AD3A644CAE.npy,HDAC inhibitor
P015090,D18,s4,CBK308430,/mnt/micro-images-pvc/specs935-v1/specs935-v1-FA-P015090-U2OS-48h-P8-L1/2021-12-18/854/specs935-v1-FA-P015090-U2OS-48h-P8-L1_D18_s4_w560806461-92A5-408F-962D-EED6DB6CC7A5.npy,HDAC inhibitor
P015090,D18,s5,CBK308430,/mnt/micro-images-pvc/specs935-v1/specs935-v1-FA-P015090-U2OS-48h-P8-L1/2021-12-18/854/specs935-v1-FA-P015090-U2OS-48h-P8-L1_D18_s5_w5BA4E2278-2134-404D-939A-0BAA1E5FFA9E.npy,HDAC inhibitor
P015090,D18,s6,CBK308430,/mnt/micro-images-pvc/specs935-v1/specs935-v1-FA-P015090-U2OS-48h-P8-L1/2021-12-18/854/specs935-v1-FA-P015090-U2OS-48h-P8-L1_D18_s6_w5DFCC1F00-830A-4851-9790-BC7B09C1C991.npy,HDAC inhibitor
P015090,D18,s7,CBK308430,/mnt/micro-images-pvc/specs935-v1/specs935-v1-FA-P015090-U2OS-48h-P8-L1/2021-12-18/854/specs935-v1-FA-P015090-U2OS-48h-P8-L1_D18_s7_w5AD091A14-4E8B-43FF-A990-0E530AE29E41.npy,HDAC inhibitor
P015090,D18,s8,CBK308430,/mnt/micro-images-pvc/specs935-v1/specs935-v1-FA-P015090-U2OS-48h-P8-L1/2021-12-18/854/specs935-v1-FA-P015090-U2OS-48h-P8-L1_D18_s8_w50010301A-E969-4588-BA2F-F917284DA6FB.npy,HDAC inhibitor
P015090,D18,s9,CBK308430,/mnt/micro-images-pvc/specs935-v1/specs935-v1-FA-P015090-U2OS-48h-P8-L1/2021-12-18/854/specs935-v1-FA-P015090-U2OS-48h-P8-L1_D18_s9_w5762E61D3-7EA9-42FA-86F8-E3BD9767AA4A.npy,HDAC inhibitor
P015090,D19,s1,CBK278021,/mnt/micro-images-pvc/specs935-v1/specs935-v1-FA-P015090-U2OS-48h-P8-L1/2021-12-18/854/specs935-v1-FA-P015090-U2OS-48h-P8-L1_D19_s1_w5F6101D5A-8822-4BA4-8346-1B2A8E459E5B.npy,HSP inhibitor
P015090,D19,s2,CBK278021,/mnt/micro-images-pvc/specs935-v1/specs935-v1-FA-P015090-U2OS-48h-P8-L1/2021-12-18/854/specs935-v1-FA-P015090-U2OS-48h-P8-L1_D19_s2_w5D92AB586-1EDD-4F5D-A546-813CD1FA29A1.npy,HSP inhibitor
P015090,D19,s3,CBK278021,/mnt/micro-images-pvc/specs935-v1/specs935-v1-FA-P015090-U2OS-48h-P8-L1/2021-12-18/854/specs935-v1-FA-P015090-U2OS-48h-P8-L1_D19_s3_w576B7E523-61F8-4082-8D03-64073575A7A0.npy,HSP inhibitor
P015090,D19,s4,CBK278021,/mnt/micro-images-pvc/specs935-v1/specs935-v1-FA-P015090-U2OS-48h-P8-L1/2021-12-18/854/specs935-v1-FA-P015090-U2OS-48h-P8-L1_D19_s4_w59375AE41-EB6B-42DE-8DC9-BEF42F3E892B.npy,HSP inhibitor
P015090,D19,s5,CBK278021,/mnt/micro-images-pvc/specs935-v1/specs935-v1-FA-P015090-U2OS-48h-P8-L1/2021-12-18/854/specs935-v1-FA-P015090-U2OS-48h-P8-L1_D19_s5_w5EA02EB80-627D-4712-ABC1-38C9DB8F43F3.npy,HSP inhibitor
P015090,D19,s6,CBK278021,/mnt/micro-images-pvc/specs935-v1/specs935-v1-FA-P015090-U2OS-48h-P8-L1/2021-12-18/854/specs935-v1-FA-P015090-U2OS-48h-P8-L1_D19_s6_w5088EDB84-8950-47B1-AA6E-F69CBC718784.npy,HSP inhibitor
P015090,D19,s7,CBK278021,/mnt/micro-images-pvc/specs935-v1/specs935-v1-FA-P015090-U2OS-48h-P8-L1/2021-12-18/854/specs935-v1-FA-P015090-U2OS-48h-P8-L1_D19_s7_w52EA0DC48-F65F-4C08-9163-808D1BDC5FAD.npy,HSP inhibitor
P015090,D19,s8,CBK278021,/mnt/micro-images-pvc/specs935-v1/specs935-v1-FA-P015090-U2OS-48h-P8-L1/2021-12-18/854/specs935-v1-FA-P015090-U2OS-48h-P8-L1_D19_s8_w5658601B5-797B-4941-8AC1-50FDA94179BE.npy,HSP inhibitor
P015090,D19,s9,CBK278021,/mnt/micro-images-pvc/specs935-v1/specs935-v1-FA-P015090-U2OS-48h-P8-L1/2021-12-18/854/specs935-v1-FA-P015090-U2OS-48h-P8-L1_D19_s9_w566511255-EA91-484E-8DDF-BD0DEC7C05C0.npy,HSP inhibitor
P015090,D21,s1,CBK290837,/mnt/micro-images-pvc/specs935-v1/specs935-v1-FA-P015090-U2OS-48h-P8-L1/2021-12-18/854/specs935-v1-FA-P015090-U2OS-48h-P8-L1_D21_s1_w5AAAF32A9-12F1-4711-A49E-0585FB406BBC.npy,HDAC inhibitor
P015090,D21,s2,CBK290837,/mnt/micro-images-pvc/specs935-v1/specs935-v1-FA-P015090-U2OS-48h-P8-L1/2021-12-18/854/specs935-v1-FA-P015090-U2OS-48h-P8-L1_D21_s2_w5D39711D9-0B41-4ED5-A2AF-79BFCA9BD4B8.npy,HDAC inhibitor
P015090,D21,s3,CBK290837,/mnt/micro-images-pvc/specs935-v1/specs935-v1-FA-P015090-U2OS-48h-P8-L1/2021-12-18/854/specs935-v1-FA-P015090-U2OS-48h-P8-L1_D21_s3_w53E9B483F-590B-4B6B-8FBA-D99D46303926.npy,HDAC inhibitor
P015090,D21,s4,CBK290837,/mnt/micro-images-pvc/specs935-v1/specs935-v1-FA-P015090-U2OS-48h-P8-L1/2021-12-18/854/specs935-v1-FA-P015090-U2OS-48h-P8-L1_D21_s4_w5EE2DD1E5-7554-4473-8374-899F71857790.npy,HDAC inhibitor
P015090,D21,s5,CBK290837,/mnt/micro-images-pvc/specs935-v1/specs935-v1-FA-P015090-U2OS-48h-P8-L1/2021-12-18/854/specs935-v1-FA-P015090-U2OS-48h-P8-L1_D21_s5_w5AA2C2AF9-F7A8-4A60-ABB6-EC55A50771BE.npy,HDAC inhibitor
P015090,D21,s6,CBK290837,/mnt/micro-images-pvc/specs935-v1/specs935-v1-FA-P015090-U2OS-48h-P8-L1/2021-12-18/854/specs935-v1-FA-P015090-U2OS-48h-P8-L1_D21_s6_w597B5646A-A149-4232-9CC8-0BC36842FE92.npy,HDAC inhibitor
P015090,D21,s7,CBK290837,/mnt/micro-images-pvc/specs935-v1/specs935-v1-FA-P015090-U2OS-48h-P8-L1/2021-12-18/854/specs935-v1-FA-P015090-U2OS-48h-P8-L1_D21_s7_w53EEC396B-D681-4F76-9972-5A01C7E6D6F0.npy,HDAC inhibitor
P015090,D21,s8,CBK290837,/mnt/micro-images-pvc/specs935-v1/specs935-v1-FA-P015090-U2OS-48h-P8-L1/2021-12-18/854/specs935-v1-FA-P015090-U2OS-48h-P8-L1_D21_s8_w583DCE4FD-3D86-4DE8-B39A-EE69FF8F1148.npy,HDAC inhibitor
P015090,D21,s9,CBK290837,/mnt/micro-images-pvc/specs935-v1/specs935-v1-FA-P015090-U2OS-48h-P8-L1/2021-12-18/854/specs935-v1-FA-P015090-U2OS-48h-P8-L1_D21_s9_w5834868C6-EE39-4736-B77A-D630DFF790BE.npy,HDAC inhibitor
P015090,D23,s1,CBK277934,/mnt/micro-images-pvc/specs935-v1/specs935-v1-FA-P015090-U2OS-48h-P8-L1/2021-12-18/854/specs935-v1-FA-P015090-U2OS-48h-P8-L1_D23_s1_w591088604-1008-47EA-B8D4-4A47D4D0CC80.npy,HSP inhibitor
P015090,D23,s2,CBK277934,/mnt/micro-images-pvc/specs935-v1/specs935-v1-FA-P015090-U2OS-48h-P8-L1/2021-12-18/854/specs935-v1-FA-P015090-U2OS-48h-P8-L1_D23_s2_w5D2E93B36-87D3-4CFC-9A53-FFCC2E08F470.npy,HSP inhibitor
P015090,D23,s3,CBK277934,/mnt/micro-images-pvc/specs935-v1/specs935-v1-FA-P015090-U2OS-48h-P8-L1/2021-12-18/854/specs935-v1-FA-P015090-U2OS-48h-P8-L1_D23_s3_w56912EB34-0F95-4186-8C3E-96D5311A44DC.npy,HSP inhibitor
P015090,D23,s4,CBK277934,/mnt/micro-images-pvc/specs935-v1/specs935-v1-FA-P015090-U2OS-48h-P8-L1/2021-12-18/854/specs935-v1-FA-P015090-U2OS-48h-P8-L1_D23_s4_w5FAAD904B-E6E5-4FBF-A3D2-BAB1D2B10353.npy,HSP inhibitor
P015090,D23,s5,CBK277934,/mnt/micro-images-pvc/specs935-v1/specs935-v1-FA-P015090-U2OS-48h-P8-L1/2021-12-18/854/specs935-v1-FA-P015090-U2OS-48h-P8-L1_D23_s5_w5ABB8E12B-B180-4149-92E4-1F022CB5E653.npy,HSP inhibitor
P015090,D23,s6,CBK277934,/mnt/micro-images-pvc/specs935-v1/specs935-v1-FA-P015090-U2OS-48h-P8-L1/2021-12-18/854/specs935-v1-FA-P015090-U2OS-48h-P8-L1_D23_s6_w58105AE37-E6D7-40CB-8C29-DBE99865ED90.npy,HSP inhibitor
P015090,D23,s7,CBK277934,/mnt/micro-images-pvc/specs935-v1/specs935-v1-FA-P015090-U2OS-48h-P8-L1/2021-12-18/854/specs935-v1-FA-P015090-U2OS-48h-P8-L1_D23_s7_w51C9BDA90-B33A-4BBE-8F46-9717D4C3BF1B.npy,HSP inhibitor
P015090,D23,s8,CBK277934,/mnt/micro-images-pvc/specs935-v1/specs935-v1-FA-P015090-U2OS-48h-P8-L1/2021-12-18/854/specs935-v1-FA-P015090-U2OS-48h-P8-L1_D23_s8_w5BA95581C-AE46-4A9B-A5DF-E105677D4C69.npy,HSP inhibitor
P015090,D23,s9,CBK277934,/mnt/micro-images-pvc/specs935-v1/specs935-v1-FA-P015090-U2OS-48h-P8-L1/2021-12-18/854/specs935-v1-FA-P015090-U2OS-48h-P8-L1_D23_s9_w525433039-060A-418A-8200-F70EED9DB3E0.npy,HSP inhibitor
P015090,E02,s1,CBK308657,/mnt/micro-images-pvc/specs935-v1/specs935-v1-FA-P015090-U2OS-48h-P8-L1/2021-12-18/854/specs935-v1-FA-P015090-U2OS-48h-P8-L1_E02_s1_w551A1C019-EF1E-4B19-9ECE-9EF5A8CD1578.npy,HSP inhibitor
P015090,E02,s2,CBK308657,/mnt/micro-images-pvc/specs935-v1/specs935-v1-FA-P015090-U2OS-48h-P8-L1/2021-12-18/854/specs935-v1-FA-P015090-U2OS-48h-P8-L1_E02_s2_w5B8E4F454-D43B-495E-8AD3-4EBC1346038D.npy,HSP inhibitor
P015090,E02,s3,CBK308657,/mnt/micro-images-pvc/specs935-v1/specs935-v1-FA-P015090-U2OS-48h-P8-L1/2021-12-18/854/specs935-v1-FA-P015090-U2OS-48h-P8-L1_E02_s3_w5ECE95C5C-3F2C-4851-BE75-7B34437269A9.npy,HSP inhibitor
P015090,E02,s4,CBK308657,/mnt/micro-images-pvc/specs935-v1/specs935-v1-FA-P015090-U2OS-48h-P8-L1/2021-12-18/854/specs935-v1-FA-P015090-U2OS-48h-P8-L1_E02_s4_w5F6853D00-F638-4770-883A-3435A96D9F80.npy,HSP inhibitor
P015090,E02,s5,CBK308657,/mnt/micro-images-pvc/specs935-v1/specs935-v1-FA-P015090-U2OS-48h-P8-L1/2021-12-18/854/specs935-v1-FA-P015090-U2OS-48h-P8-L1_E02_s5_w577E7A684-9291-4672-BECA-AFD4A09E0ED9.npy,HSP inhibitor
P015090,E02,s6,CBK308657,/mnt/micro-images-pvc/specs935-v1/specs935-v1-FA-P015090-U2OS-48h-P8-L1/2021-12-18/854/specs935-v1-FA-P015090-U2OS-48h-P8-L1_E02_s6_w55E69E66C-5FEB-41F4-B893-0CA12EA3872A.npy,HSP inhibitor
P015090,E02,s7,CBK308657,/mnt/micro-images-pvc/specs935-v1/specs935-v1-FA-P015090-U2OS-48h-P8-L1/2021-12-18/854/specs935-v1-FA-P015090-U2OS-48h-P8-L1_E02_s7_w53294FCFA-04A5-4537-ADBD-E19E4C6F22B4.npy,HSP inhibitor
P015090,E02,s8,CBK308657,/mnt/micro-images-pvc/specs935-v1/specs935-v1-FA-P015090-U2OS-48h-P8-L1/2021-12-18/854/specs935-v1-FA-P015090-U2OS-48h-P8-L1_E02_s8_w5328E0EFB-BCEB-4C4C-B694-D22C553E3E8F.npy,HSP inhibitor
P015090,E02,s9,CBK308657,/mnt/micro-images-pvc/specs935-v1/specs935-v1-FA-P015090-U2OS-48h-P8-L1/2021-12-18/854/specs935-v1-FA-P015090-U2OS-48h-P8-L1_E02_s9_w5A21CE874-3A5A-4759-9B94-82C74B2F6955.npy,HSP inhibitor
P015090,E03,s1,CBK278039,/mnt/micro-images-pvc/specs935-v1/specs935-v1-FA-P015090-U2OS-48h-P8-L1/2021-12-18/854/specs935-v1-FA-P015090-U2OS-48h-P8-L1_E03_s1_w5212F10AD-6518-40FF-BD3D-CBA205E42E3E.npy,HDAC inhibitor
P015090,E03,s2,CBK278039,/mnt/micro-images-pvc/specs935-v1/specs935-v1-FA-P015090-U2OS-48h-P8-L1/2021-12-18/854/specs935-v1-FA-P015090-U2OS-48h-P8-L1_E03_s2_w548770F9E-A534-4A4C-9A47-85BE2BD696C1.npy,HDAC inhibitor
P015090,E03,s3,CBK278039,/mnt/micro-images-pvc/specs935-v1/specs935-v1-FA-P015090-U2OS-48h-P8-L1/2021-12-18/854/specs935-v1-FA-P015090-U2OS-48h-P8-L1_E03_s3_w5DA9719B3-F53E-4D2B-A93B-2A741769FFFB.npy,HDAC inhibitor
P015090,E03,s4,CBK278039,/mnt/micro-images-pvc/specs935-v1/specs935-v1-FA-P015090-U2OS-48h-P8-L1/2021-12-18/854/specs935-v1-FA-P015090-U2OS-48h-P8-L1_E03_s4_w50A765AB1-CB4D-43F2-B8BF-EC43FC23A578.npy,HDAC inhibitor
P015090,E03,s5,CBK278039,/mnt/micro-images-pvc/specs935-v1/specs935-v1-FA-P015090-U2OS-48h-P8-L1/2021-12-18/854/specs935-v1-FA-P015090-U2OS-48h-P8-L1_E03_s5_w56DB95796-0BED-4148-9068-A5280838E554.npy,HDAC inhibitor
P015090,E03,s6,CBK278039,/mnt/micro-images-pvc/specs935-v1/specs935-v1-FA-P015090-U2OS-48h-P8-L1/2021-12-18/854/specs935-v1-FA-P015090-U2OS-48h-P8-L1_E03_s6_w5ADE89D52-EAD6-43B2-AA94-C6CA1626135C.npy,HDAC inhibitor
P015090,E03,s7,CBK278039,/mnt/micro-images-pvc/specs935-v1/specs935-v1-FA-P015090-U2OS-48h-P8-L1/2021-12-18/854/specs935-v1-FA-P015090-U2OS-48h-P8-L1_E03_s7_w5C14B9F2B-FF57-4084-899C-884FE9B7DBD6.npy,HDAC inhibitor
P015090,E03,s8,CBK278039,/mnt/micro-images-pvc/specs935-v1/specs935-v1-FA-P015090-U2OS-48h-P8-L1/2021-12-18/854/specs935-v1-FA-P015090-U2OS-48h-P8-L1_E03_s8_w5223F7415-5684-433C-96C5-5BE9369DE31D.npy,HDAC inhibitor
P015090,E03,s9,CBK278039,/mnt/micro-images-pvc/specs935-v1/specs935-v1-FA-P015090-U2OS-48h-P8-L1/2021-12-18/854/specs935-v1-FA-P015090-U2OS-48h-P8-L1_E03_s9_w5AD1F3268-2A0D-49E3-9D68-7323C919C545.npy,HDAC inhibitor
P015090,E06,s1,CBK278556G,/mnt/micro-images-pvc/specs935-v1/specs935-v1-FA-P015090-U2OS-48h-P8-L1/2021-12-18/854/specs935-v1-FA-P015090-U2OS-48h-P8-L1_E06_s1_w59DE19067-11C4-4A01-97FA-6C790A2FFDBC.npy,HSP inhibitor
P015090,E06,s2,CBK278556G,/mnt/micro-images-pvc/specs935-v1/specs935-v1-FA-P015090-U2OS-48h-P8-L1/2021-12-18/854/specs935-v1-FA-P015090-U2OS-48h-P8-L1_E06_s2_w52D2DC8DF-AFE2-40FC-A6BF-118D97611C02.npy,HSP inhibitor
P015090,E06,s3,CBK278556G,/mnt/micro-images-pvc/specs935-v1/specs935-v1-FA-P015090-U2OS-48h-P8-L1/2021-12-18/854/specs935-v1-FA-P015090-U2OS-48h-P8-L1_E06_s3_w554EBB470-CD32-48F5-88F7-37040EC23731.npy,HSP inhibitor
P015090,E06,s4,CBK278556G,/mnt/micro-images-pvc/specs935-v1/specs935-v1-FA-P015090-U2OS-48h-P8-L1/2021-12-18/854/specs935-v1-FA-P015090-U2OS-48h-P8-L1_E06_s4_w5400E4C3D-C4B9-4E65-9B09-D71B60BD93D4.npy,HSP inhibitor
P015090,E06,s5,CBK278556G,/mnt/micro-images-pvc/specs935-v1/specs935-v1-FA-P015090-U2OS-48h-P8-L1/2021-12-18/854/specs935-v1-FA-P015090-U2OS-48h-P8-L1_E06_s5_w5FF3D011F-1994-4236-BABA-6216383BCA02.npy,HSP inhibitor
P015090,E06,s6,CBK278556G,/mnt/micro-images-pvc/specs935-v1/specs935-v1-FA-P015090-U2OS-48h-P8-L1/2021-12-18/854/specs935-v1-FA-P015090-U2OS-48h-P8-L1_E06_s6_w5C5516407-D5AA-4E55-8F58-8E3770597083.npy,HSP inhibitor
P015090,E06,s7,CBK278556G,/mnt/micro-images-pvc/specs935-v1/specs935-v1-FA-P015090-U2OS-48h-P8-L1/2021-12-18/854/specs935-v1-FA-P015090-U2OS-48h-P8-L1_E06_s7_w54D5F1696-16FB-4FD0-AEC0-23783022C8A9.npy,HSP inhibitor
P015090,E06,s8,CBK278556G,/mnt/micro-images-pvc/specs935-v1/specs935-v1-FA-P015090-U2OS-48h-P8-L1/2021-12-18/854/specs935-v1-FA-P015090-U2OS-48h-P8-L1_E06_s8_w580B514D0-3FBC-4033-8820-4E5216497AE0.npy,HSP inhibitor
P015090,E06,s9,CBK278556G,/mnt/micro-images-pvc/specs935-v1/specs935-v1-FA-P015090-U2OS-48h-P8-L1/2021-12-18/854/specs935-v1-FA-P015090-U2OS-48h-P8-L1_E06_s9_w5A9346BBD-E28B-468E-8846-F236BB34E132.npy,HSP inhibitor
P015090,E09,s1,CBK291020,/mnt/micro-images-pvc/specs935-v1/specs935-v1-FA-P015090-U2OS-48h-P8-L1/2021-12-18/854/specs935-v1-FA-P015090-U2OS-48h-P8-L1_E09_s1_w51F28B06C-C486-4763-A6B5-7EB6A18001FD.npy,HDAC inhibitor
P015090,E09,s2,CBK291020,/mnt/micro-images-pvc/specs935-v1/specs935-v1-FA-P015090-U2OS-48h-P8-L1/2021-12-18/854/specs935-v1-FA-P015090-U2OS-48h-P8-L1_E09_s2_w531A26EC7-9E60-4E3C-8912-D95D12C678C2.npy,HDAC inhibitor
P015090,E09,s3,CBK291020,/mnt/micro-images-pvc/specs935-v1/specs935-v1-FA-P015090-U2OS-48h-P8-L1/2021-12-18/854/specs935-v1-FA-P015090-U2OS-48h-P8-L1_E09_s3_w57C6A57C7-2DF0-4DF3-B0DA-3DD3BBE7BABB.npy,HDAC inhibitor
P015090,E09,s4,CBK291020,/mnt/micro-images-pvc/specs935-v1/specs935-v1-FA-P015090-U2OS-48h-P8-L1/2021-12-18/854/specs935-v1-FA-P015090-U2OS-48h-P8-L1_E09_s4_w5C35B2B9F-8ECD-4E2C-AF0A-570645C25916.npy,HDAC inhibitor
P015090,E09,s5,CBK291020,/mnt/micro-images-pvc/specs935-v1/specs935-v1-FA-P015090-U2OS-48h-P8-L1/2021-12-18/854/specs935-v1-FA-P015090-U2OS-48h-P8-L1_E09_s5_w54C6E962E-64A2-4405-A13A-3560B34E5118.npy,HDAC inhibitor
P015090,E09,s6,CBK291020,/mnt/micro-images-pvc/specs935-v1/specs935-v1-FA-P015090-U2OS-48h-P8-L1/2021-12-18/854/specs935-v1-FA-P015090-U2OS-48h-P8-L1_E09_s6_w5193E2877-3B8C-4727-8983-0B6AE23C0B5E.npy,HDAC inhibitor
P015090,E09,s7,CBK291020,/mnt/micro-images-pvc/specs935-v1/specs935-v1-FA-P015090-U2OS-48h-P8-L1/2021-12-18/854/specs935-v1-FA-P015090-U2OS-48h-P8-L1_E09_s7_w5D0A12FDF-610B-42A2-99A3-F8F72DBCAA59.npy,HDAC inhibitor
P015090,E09,s8,CBK291020,/mnt/micro-images-pvc/specs935-v1/specs935-v1-FA-P015090-U2OS-48h-P8-L1/2021-12-18/854/specs935-v1-FA-P015090-U2OS-48h-P8-L1_E09_s8_w57FA2C84A-064B-494E-A89E-9AEDAE777D00.npy,HDAC inhibitor
P015090,E09,s9,CBK291020,/mnt/micro-images-pvc/specs935-v1/specs935-v1-FA-P015090-U2OS-48h-P8-L1/2021-12-18/854/specs935-v1-FA-P015090-U2OS-48h-P8-L1_E09_s9_w5A31F76DF-1DF3-4E8B-9D87-FECA064161CB.npy,HDAC inhibitor
P015090,E10,s1,CBK291055,/mnt/micro-images-pvc/specs935-v1/specs935-v1-FA-P015090-U2OS-48h-P8-L1/2021-12-18/854/specs935-v1-FA-P015090-U2OS-48h-P8-L1_E10_s1_w5D8E8D7D2-A6A8-4778-9011-55881F9AFC67.npy,HDAC inhibitor
P015090,E10,s2,CBK291055,/mnt/micro-images-pvc/specs935-v1/specs935-v1-FA-P015090-U2OS-48h-P8-L1/2021-12-18/854/specs935-v1-FA-P015090-U2OS-48h-P8-L1_E10_s2_w584775CA4-AE49-49E7-9DD9-D161DBAA54A5.npy,HDAC inhibitor
P015090,E10,s3,CBK291055,/mnt/micro-images-pvc/specs935-v1/specs935-v1-FA-P015090-U2OS-48h-P8-L1/2021-12-18/854/specs935-v1-FA-P015090-U2OS-48h-P8-L1_E10_s3_w5C7CDB44A-18AC-4CF2-93D6-712B482A2A48.npy,HDAC inhibitor
P015090,E10,s4,CBK291055,/mnt/micro-images-pvc/specs935-v1/specs935-v1-FA-P015090-U2OS-48h-P8-L1/2021-12-18/854/specs935-v1-FA-P015090-U2OS-48h-P8-L1_E10_s4_w589290A67-78D6-418C-BF75-FBEA49F547E4.npy,HDAC inhibitor
P015090,E10,s5,CBK291055,/mnt/micro-images-pvc/specs935-v1/specs935-v1-FA-P015090-U2OS-48h-P8-L1/2021-12-18/854/specs935-v1-FA-P015090-U2OS-48h-P8-L1_E10_s5_w52C1335CD-0285-46C9-A038-0AF4A5B79C6C.npy,HDAC inhibitor
P015090,E10,s6,CBK291055,/mnt/micro-images-pvc/specs935-v1/specs935-v1-FA-P015090-U2OS-48h-P8-L1/2021-12-18/854/specs935-v1-FA-P015090-U2OS-48h-P8-L1_E10_s6_w5EA1CBB89-C46B-43B0-A73A-E2934BDEEEEA.npy,HDAC inhibitor
P015090,E10,s7,CBK291055,/mnt/micro-images-pvc/specs935-v1/specs935-v1-FA-P015090-U2OS-48h-P8-L1/2021-12-18/854/specs935-v1-FA-P015090-U2OS-48h-P8-L1_E10_s7_w558580CF5-3D83-438F-B737-0067E04978B4.npy,HDAC inhibitor
P015090,E10,s8,CBK291055,/mnt/micro-images-pvc/specs935-v1/specs935-v1-FA-P015090-U2OS-48h-P8-L1/2021-12-18/854/specs935-v1-FA-P015090-U2OS-48h-P8-L1_E10_s8_w55DE179B5-03EA-4EAC-AAB8-B9FF8B011ADD.npy,HDAC inhibitor
P015090,E10,s9,CBK291055,/mnt/micro-images-pvc/specs935-v1/specs935-v1-FA-P015090-U2OS-48h-P8-L1/2021-12-18/854/specs935-v1-FA-P015090-U2OS-48h-P8-L1_E10_s9_w5AC67777E-D107-4F36-BA17-5183BBFCA4AF.npy,HDAC inhibitor
P015090,E12,s1,CBK309553,/mnt/micro-images-pvc/specs935-v1/specs935-v1-FA-P015090-U2OS-48h-P8-L1/2021-12-18/854/specs935-v1-FA-P015090-U2OS-48h-P8-L1_E12_s1_w5D141D2F5-DF46-43E7-9F74-6AA7DED2A9CD.npy,HDAC inhibitor
P015090,E12,s2,CBK309553,/mnt/micro-images-pvc/specs935-v1/specs935-v1-FA-P015090-U2OS-48h-P8-L1/2021-12-18/854/specs935-v1-FA-P015090-U2OS-48h-P8-L1_E12_s2_w552594C3A-6B06-4780-8E0A-71EDF2F0EA4D.npy,HDAC inhibitor
P015090,E12,s3,CBK309553,/mnt/micro-images-pvc/specs935-v1/specs935-v1-FA-P015090-U2OS-48h-P8-L1/2021-12-18/854/specs935-v1-FA-P015090-U2OS-48h-P8-L1_E12_s3_w53377249F-F139-47CB-AB5F-3D7CC91C4012.npy,HDAC inhibitor
P015090,E12,s4,CBK309553,/mnt/micro-images-pvc/specs935-v1/specs935-v1-FA-P015090-U2OS-48h-P8-L1/2021-12-18/854/specs935-v1-FA-P015090-U2OS-48h-P8-L1_E12_s4_w59A2C5F49-47D4-400A-A648-F63E22BFF5E4.npy,HDAC inhibitor
P015090,E12,s5,CBK309553,/mnt/micro-images-pvc/specs935-v1/specs935-v1-FA-P015090-U2OS-48h-P8-L1/2021-12-18/854/specs935-v1-FA-P015090-U2OS-48h-P8-L1_E12_s5_w563B52E30-2BFA-4C9A-981B-C0C077ABFE9D.npy,HDAC inhibitor
P015090,E12,s6,CBK309553,/mnt/micro-images-pvc/specs935-v1/specs935-v1-FA-P015090-U2OS-48h-P8-L1/2021-12-18/854/specs935-v1-FA-P015090-U2OS-48h-P8-L1_E12_s6_w59C91205D-1076-4002-8F2D-BEB74BE7EA04.npy,HDAC inhibitor
P015090,E12,s7,CBK309553,/mnt/micro-images-pvc/specs935-v1/specs935-v1-FA-P015090-U2OS-48h-P8-L1/2021-12-18/854/specs935-v1-FA-P015090-U2OS-48h-P8-L1_E12_s7_w5C9686F5E-D470-436C-8462-D165E6773608.npy,HDAC inhibitor
P015090,E12,s8,CBK309553,/mnt/micro-images-pvc/specs935-v1/specs935-v1-FA-P015090-U2OS-48h-P8-L1/2021-12-18/854/specs935-v1-FA-P015090-U2OS-48h-P8-L1_E12_s8_w567BC319F-C885-48B1-8CA0-B83EAB164A23.npy,HDAC inhibitor
P015090,E12,s9,CBK309553,/mnt/micro-images-pvc/specs935-v1/specs935-v1-FA-P015090-U2OS-48h-P8-L1/2021-12-18/854/specs935-v1-FA-P015090-U2OS-48h-P8-L1_E12_s9_w5D054E20E-C482-4739-9314-D147A45066AD.npy,HDAC inhibitor
P015090,E15,s1,CBK290613,/mnt/micro-images-pvc/specs935-v1/specs935-v1-FA-P015090-U2OS-48h-P8-L1/2021-12-18/854/specs935-v1-FA-P015090-U2OS-48h-P8-L1_E15_s1_w5AFAA8927-502A-445B-9B5A-FB53ACD8875E.npy,HDAC inhibitor
P015090,E15,s2,CBK290613,/mnt/micro-images-pvc/specs935-v1/specs935-v1-FA-P015090-U2OS-48h-P8-L1/2021-12-18/854/specs935-v1-FA-P015090-U2OS-48h-P8-L1_E15_s2_w5DB2D72D8-CA33-49DD-B208-9D5C99D2DD14.npy,HDAC inhibitor
P015090,E15,s3,CBK290613,/mnt/micro-images-pvc/specs935-v1/specs935-v1-FA-P015090-U2OS-48h-P8-L1/2021-12-18/854/specs935-v1-FA-P015090-U2OS-48h-P8-L1_E15_s3_w5D9D844CD-BA4E-491E-A70C-B7EFF71CD783.npy,HDAC inhibitor
P015090,E15,s4,CBK290613,/mnt/micro-images-pvc/specs935-v1/specs935-v1-FA-P015090-U2OS-48h-P8-L1/2021-12-18/854/specs935-v1-FA-P015090-U2OS-48h-P8-L1_E15_s4_w5EB3B86D8-AD67-4CB3-916A-C1868398D620.npy,HDAC inhibitor
P015090,E15,s5,CBK290613,/mnt/micro-images-pvc/specs935-v1/specs935-v1-FA-P015090-U2OS-48h-P8-L1/2021-12-18/854/specs935-v1-FA-P015090-U2OS-48h-P8-L1_E15_s5_w51BA995E9-2A31-45C4-BF49-C7E07C5AF3BA.npy,HDAC inhibitor
P015090,E15,s6,CBK290613,/mnt/micro-images-pvc/specs935-v1/specs935-v1-FA-P015090-U2OS-48h-P8-L1/2021-12-18/854/specs935-v1-FA-P015090-U2OS-48h-P8-L1_E15_s6_w5C5EA35C3-C47B-4B15-A638-39B3AD38F98C.npy,HDAC inhibitor
P015090,E15,s7,CBK290613,/mnt/micro-images-pvc/specs935-v1/specs935-v1-FA-P015090-U2OS-48h-P8-L1/2021-12-18/854/specs935-v1-FA-P015090-U2OS-48h-P8-L1_E15_s7_w58FCBC6B5-CD6D-4BE4-8FDF-00B8B2C67181.npy,HDAC inhibitor
P015090,E15,s8,CBK290613,/mnt/micro-images-pvc/specs935-v1/specs935-v1-FA-P015090-U2OS-48h-P8-L1/2021-12-18/854/specs935-v1-FA-P015090-U2OS-48h-P8-L1_E15_s8_w51E5FE643-B668-418B-B68D-1071FC6D1964.npy,HDAC inhibitor
P015090,E15,s9,CBK290613,/mnt/micro-images-pvc/specs935-v1/specs935-v1-FA-P015090-U2OS-48h-P8-L1/2021-12-18/854/specs935-v1-FA-P015090-U2OS-48h-P8-L1_E15_s9_w5DC307045-9208-4C0E-83F1-F9C851260E20.npy,HDAC inhibitor
P015090,E17,s1,CBK290547,/mnt/micro-images-pvc/specs935-v1/specs935-v1-FA-P015090-U2OS-48h-P8-L1/2021-12-18/854/specs935-v1-FA-P015090-U2OS-48h-P8-L1_E17_s1_w511B5DA88-F007-4F62-8D5A-F32BFFA913D4.npy,HDAC inhibitor
P015090,E17,s2,CBK290547,/mnt/micro-images-pvc/specs935-v1/specs935-v1-FA-P015090-U2OS-48h-P8-L1/2021-12-18/854/specs935-v1-FA-P015090-U2OS-48h-P8-L1_E17_s2_w5A2DFDEFD-44FD-40D8-A0EC-9E554E375D54.npy,HDAC inhibitor
P015090,E17,s3,CBK290547,/mnt/micro-images-pvc/specs935-v1/specs935-v1-FA-P015090-U2OS-48h-P8-L1/2021-12-18/854/specs935-v1-FA-P015090-U2OS-48h-P8-L1_E17_s3_w5AFABB672-8061-452C-A293-FEEE023F859A.npy,HDAC inhibitor
P015090,E17,s4,CBK290547,/mnt/micro-images-pvc/specs935-v1/specs935-v1-FA-P015090-U2OS-48h-P8-L1/2021-12-18/854/specs935-v1-FA-P015090-U2OS-48h-P8-L1_E17_s4_w59B78B45D-C932-46E7-A3FB-49E6344C97E9.npy,HDAC inhibitor
P015090,E17,s5,CBK290547,/mnt/micro-images-pvc/specs935-v1/specs935-v1-FA-P015090-U2OS-48h-P8-L1/2021-12-18/854/specs935-v1-FA-P015090-U2OS-48h-P8-L1_E17_s5_w56F8340D6-7A96-4035-99B5-9A9A5FBB0F50.npy,HDAC inhibitor
P015090,E17,s6,CBK290547,/mnt/micro-images-pvc/specs935-v1/specs935-v1-FA-P015090-U2OS-48h-P8-L1/2021-12-18/854/specs935-v1-FA-P015090-U2OS-48h-P8-L1_E17_s6_w5770A1006-1FED-4032-9E48-87395DD36F6B.npy,HDAC inhibitor
P015090,E17,s7,CBK290547,/mnt/micro-images-pvc/specs935-v1/specs935-v1-FA-P015090-U2OS-48h-P8-L1/2021-12-18/854/specs935-v1-FA-P015090-U2OS-48h-P8-L1_E17_s7_w509A4B394-70A1-493D-8447-A1885B4B60E1.npy,HDAC inhibitor
P015090,E17,s8,CBK290547,/mnt/micro-images-pvc/specs935-v1/specs935-v1-FA-P015090-U2OS-48h-P8-L1/2021-12-18/854/specs935-v1-FA-P015090-U2OS-48h-P8-L1_E17_s8_w5AB0A870A-1E0C-43DA-8078-36F0AF8FF417.npy,HDAC inhibitor
P015090,E17,s9,CBK290547,/mnt/micro-images-pvc/specs935-v1/specs935-v1-FA-P015090-U2OS-48h-P8-L1/2021-12-18/854/specs935-v1-FA-P015090-U2OS-48h-P8-L1_E17_s9_w52515F140-957F-4EA3-8E40-B4279BBA7256.npy,HDAC inhibitor
P015090,E20,s1,CBK201016,/mnt/micro-images-pvc/specs935-v1/specs935-v1-FA-P015090-U2OS-48h-P8-L1/2021-12-18/854/specs935-v1-FA-P015090-U2OS-48h-P8-L1_E20_s1_w5E3EABFA3-2CF2-496B-BC63-CF78FF8D8294.npy,HDAC inhibitor
P015090,E20,s2,CBK201016,/mnt/micro-images-pvc/specs935-v1/specs935-v1-FA-P015090-U2OS-48h-P8-L1/2021-12-18/854/specs935-v1-FA-P015090-U2OS-48h-P8-L1_E20_s2_w543C602CA-F6AB-4D5F-8DB5-27CF6EEF5F9E.npy,HDAC inhibitor
P015090,E20,s3,CBK201016,/mnt/micro-images-pvc/specs935-v1/specs935-v1-FA-P015090-U2OS-48h-P8-L1/2021-12-18/854/specs935-v1-FA-P015090-U2OS-48h-P8-L1_E20_s3_w52AA3E602-C447-49D6-8D4D-DF8AA1524785.npy,HDAC inhibitor
P015090,E20,s4,CBK201016,/mnt/micro-images-pvc/specs935-v1/specs935-v1-FA-P015090-U2OS-48h-P8-L1/2021-12-18/854/specs935-v1-FA-P015090-U2OS-48h-P8-L1_E20_s4_w5B71D6763-0B27-42C2-98AA-17262EE53FA6.npy,HDAC inhibitor
P015090,E20,s5,CBK201016,/mnt/micro-images-pvc/specs935-v1/specs935-v1-FA-P015090-U2OS-48h-P8-L1/2021-12-18/854/specs935-v1-FA-P015090-U2OS-48h-P8-L1_E20_s5_w54B59A0BD-A95B-4873-81CD-6A64E33570FA.npy,HDAC inhibitor
P015090,E20,s6,CBK201016,/mnt/micro-images-pvc/specs935-v1/specs935-v1-FA-P015090-U2OS-48h-P8-L1/2021-12-18/854/specs935-v1-FA-P015090-U2OS-48h-P8-L1_E20_s6_w5FE0D09EB-8F2C-46B3-99B7-4DF2BE774C8A.npy,HDAC inhibitor
P015090,E20,s7,CBK201016,/mnt/micro-images-pvc/specs935-v1/specs935-v1-FA-P015090-U2OS-48h-P8-L1/2021-12-18/854/specs935-v1-FA-P015090-U2OS-48h-P8-L1_E20_s7_w5454F693F-65AB-4873-A328-8FEDCFC9B147.npy,HDAC inhibitor
P015090,E20,s8,CBK201016,/mnt/micro-images-pvc/specs935-v1/specs935-v1-FA-P015090-U2OS-48h-P8-L1/2021-12-18/854/specs935-v1-FA-P015090-U2OS-48h-P8-L1_E20_s8_w50F31A18C-FFA6-4496-BB8E-25BF023D903D.npy,HDAC inhibitor
P015090,E20,s9,CBK201016,/mnt/micro-images-pvc/specs935-v1/specs935-v1-FA-P015090-U2OS-48h-P8-L1/2021-12-18/854/specs935-v1-FA-P015090-U2OS-48h-P8-L1_E20_s9_w5B7695473-B4EC-4851-988D-57978EBA3DC3.npy,HDAC inhibitor
P015090,E22,s1,CBK290760,/mnt/micro-images-pvc/specs935-v1/specs935-v1-FA-P015090-U2OS-48h-P8-L1/2021-12-18/854/specs935-v1-FA-P015090-U2OS-48h-P8-L1_E22_s1_w5E5907ECB-CFC3-4B37-B497-34763E4830FE.npy,HSP inhibitor
P015090,E22,s2,CBK290760,/mnt/micro-images-pvc/specs935-v1/specs935-v1-FA-P015090-U2OS-48h-P8-L1/2021-12-18/854/specs935-v1-FA-P015090-U2OS-48h-P8-L1_E22_s2_w542F1C44A-E663-4B23-99F3-09EB9B2DC027.npy,HSP inhibitor
P015090,E22,s3,CBK290760,/mnt/micro-images-pvc/specs935-v1/specs935-v1-FA-P015090-U2OS-48h-P8-L1/2021-12-18/854/specs935-v1-FA-P015090-U2OS-48h-P8-L1_E22_s3_w540ADE48A-8154-4600-B242-0BECF8F310F7.npy,HSP inhibitor
P015090,E22,s4,CBK290760,/mnt/micro-images-pvc/specs935-v1/specs935-v1-FA-P015090-U2OS-48h-P8-L1/2021-12-18/854/specs935-v1-FA-P015090-U2OS-48h-P8-L1_E22_s4_w582771BD9-41D7-4187-AB42-28DA39294EA1.npy,HSP inhibitor
P015090,E22,s5,CBK290760,/mnt/micro-images-pvc/specs935-v1/specs935-v1-FA-P015090-U2OS-48h-P8-L1/2021-12-18/854/specs935-v1-FA-P015090-U2OS-48h-P8-L1_E22_s5_w57AAB0436-9868-4EAA-8ADB-CBF2872DF587.npy,HSP inhibitor
P015090,E22,s6,CBK290760,/mnt/micro-images-pvc/specs935-v1/specs935-v1-FA-P015090-U2OS-48h-P8-L1/2021-12-18/854/specs935-v1-FA-P015090-U2OS-48h-P8-L1_E22_s6_w529867E08-89B2-4737-A2C1-8BBC86444093.npy,HSP inhibitor
P015090,E22,s7,CBK290760,/mnt/micro-images-pvc/specs935-v1/specs935-v1-FA-P015090-U2OS-48h-P8-L1/2021-12-18/854/specs935-v1-FA-P015090-U2OS-48h-P8-L1_E22_s7_w56C721D14-D1A7-498B-A784-D21029225240.npy,HSP inhibitor
P015090,E22,s8,CBK290760,/mnt/micro-images-pvc/specs935-v1/specs935-v1-FA-P015090-U2OS-48h-P8-L1/2021-12-18/854/specs935-v1-FA-P015090-U2OS-48h-P8-L1_E22_s8_w53AC9393A-4AF9-4A5A-8BF3-7A529BE3BC04.npy,HSP inhibitor
P015090,E22,s9,CBK290760,/mnt/micro-images-pvc/specs935-v1/specs935-v1-FA-P015090-U2OS-48h-P8-L1/2021-12-18/854/specs935-v1-FA-P015090-U2OS-48h-P8-L1_E22_s9_w502E51741-DDE1-4A48-9FD5-1CEB1C85B49D.npy,HSP inhibitor
P015090,F03,s1,CBK308923,/mnt/micro-images-pvc/specs935-v1/specs935-v1-FA-P015090-U2OS-48h-P8-L1/2021-12-18/854/specs935-v1-FA-P015090-U2OS-48h-P8-L1_F03_s1_w5F2980180-EDBE-435C-9FDA-18826B345C8B.npy,HSP inhibitor
P015090,F03,s2,CBK308923,/mnt/micro-images-pvc/specs935-v1/specs935-v1-FA-P015090-U2OS-48h-P8-L1/2021-12-18/854/specs935-v1-FA-P015090-U2OS-48h-P8-L1_F03_s2_w564A3DAEF-66A0-41EE-955B-E5F6DF371D41.npy,HSP inhibitor
P015090,F03,s3,CBK308923,/mnt/micro-images-pvc/specs935-v1/specs935-v1-FA-P015090-U2OS-48h-P8-L1/2021-12-18/854/specs935-v1-FA-P015090-U2OS-48h-P8-L1_F03_s3_w527C654E8-0D03-4162-91CE-67247B701773.npy,HSP inhibitor
P015090,F03,s4,CBK308923,/mnt/micro-images-pvc/specs935-v1/specs935-v1-FA-P015090-U2OS-48h-P8-L1/2021-12-18/854/specs935-v1-FA-P015090-U2OS-48h-P8-L1_F03_s4_w580E955D8-7410-4B62-BD39-84E983A176BB.npy,HSP inhibitor
P015090,F03,s5,CBK308923,/mnt/micro-images-pvc/specs935-v1/specs935-v1-FA-P015090-U2OS-48h-P8-L1/2021-12-18/854/specs935-v1-FA-P015090-U2OS-48h-P8-L1_F03_s5_w5E581157D-9D9B-4175-A5D1-3175A7BD9925.npy,HSP inhibitor
P015090,F03,s6,CBK308923,/mnt/micro-images-pvc/specs935-v1/specs935-v1-FA-P015090-U2OS-48h-P8-L1/2021-12-18/854/specs935-v1-FA-P015090-U2OS-48h-P8-L1_F03_s6_w56363B98E-3BFC-4D42-94E0-8F5A58B39026.npy,HSP inhibitor
P015090,F03,s7,CBK308923,/mnt/micro-images-pvc/specs935-v1/specs935-v1-FA-P015090-U2OS-48h-P8-L1/2021-12-18/854/specs935-v1-FA-P015090-U2OS-48h-P8-L1_F03_s7_w5F2EAE96C-051D-4FF2-A9D9-C49C22959DD6.npy,HSP inhibitor
P015090,F03,s8,CBK308923,/mnt/micro-images-pvc/specs935-v1/specs935-v1-FA-P015090-U2OS-48h-P8-L1/2021-12-18/854/specs935-v1-FA-P015090-U2OS-48h-P8-L1_F03_s8_w592C3343A-C100-40DC-8C97-79E91CFA1D00.npy,HSP inhibitor
P015090,F03,s9,CBK308923,/mnt/micro-images-pvc/specs935-v1/specs935-v1-FA-P015090-U2OS-48h-P8-L1/2021-12-18/854/specs935-v1-FA-P015090-U2OS-48h-P8-L1_F03_s9_w5B4703D84-A6A1-463C-8655-E80237D537A7.npy,HSP inhibitor
P015090,F05,s1,CBK309522,/mnt/micro-images-pvc/specs935-v1/specs935-v1-FA-P015090-U2OS-48h-P8-L1/2021-12-18/854/specs935-v1-FA-P015090-U2OS-48h-P8-L1_F05_s1_w5E297E63D-6055-4B7C-AE35-D0F360F84B2B.npy,HSP inhibitor
P015090,F05,s2,CBK309522,/mnt/micro-images-pvc/specs935-v1/specs935-v1-FA-P015090-U2OS-48h-P8-L1/2021-12-18/854/specs935-v1-FA-P015090-U2OS-48h-P8-L1_F05_s2_w590CC05FF-D995-49B6-8037-7AD25489E2DE.npy,HSP inhibitor
P015090,F05,s3,CBK309522,/mnt/micro-images-pvc/specs935-v1/specs935-v1-FA-P015090-U2OS-48h-P8-L1/2021-12-18/854/specs935-v1-FA-P015090-U2OS-48h-P8-L1_F05_s3_w5E55DD89E-17DC-4C70-A253-090CFBF4193E.npy,HSP inhibitor
P015090,F05,s4,CBK309522,/mnt/micro-images-pvc/specs935-v1/specs935-v1-FA-P015090-U2OS-48h-P8-L1/2021-12-18/854/specs935-v1-FA-P015090-U2OS-48h-P8-L1_F05_s4_w5755F4001-B08E-4CE4-9641-F57414657CCF.npy,HSP inhibitor
P015090,F05,s5,CBK309522,/mnt/micro-images-pvc/specs935-v1/specs935-v1-FA-P015090-U2OS-48h-P8-L1/2021-12-18/854/specs935-v1-FA-P015090-U2OS-48h-P8-L1_F05_s5_w54AEB6768-4004-46BA-BE38-4CE7335C02D2.npy,HSP inhibitor
P015090,F05,s6,CBK309522,/mnt/micro-images-pvc/specs935-v1/specs935-v1-FA-P015090-U2OS-48h-P8-L1/2021-12-18/854/specs935-v1-FA-P015090-U2OS-48h-P8-L1_F05_s6_w5D5B673B9-BBAD-466D-8A87-F77CDF151E3B.npy,HSP inhibitor
P015090,F05,s7,CBK309522,/mnt/micro-images-pvc/specs935-v1/specs935-v1-FA-P015090-U2OS-48h-P8-L1/2021-12-18/854/specs935-v1-FA-P015090-U2OS-48h-P8-L1_F05_s7_w5D13E1BCF-23C0-438B-BD77-2B7F4DECF3EE.npy,HSP inhibitor
P015090,F05,s8,CBK309522,/mnt/micro-images-pvc/specs935-v1/specs935-v1-FA-P015090-U2OS-48h-P8-L1/2021-12-18/854/specs935-v1-FA-P015090-U2OS-48h-P8-L1_F05_s8_w5871037D2-A279-4D0E-8562-0AE45AA5A160.npy,HSP inhibitor
P015090,F05,s9,CBK309522,/mnt/micro-images-pvc/specs935-v1/specs935-v1-FA-P015090-U2OS-48h-P8-L1/2021-12-18/854/specs935-v1-FA-P015090-U2OS-48h-P8-L1_F05_s9_w506102BBE-E99B-4F75-955F-F44D081A27A4.npy,HSP inhibitor
P015090,F12,s1,CBK291020,/mnt/micro-images-pvc/specs935-v1/specs935-v1-FA-P015090-U2OS-48h-P8-L1/2021-12-18/854/specs935-v1-FA-P015090-U2OS-48h-P8-L1_F12_s1_w5314BF28B-2B61-4AC9-A0BA-377BE215A87C.npy,HDAC inhibitor
P015090,F12,s2,CBK291020,/mnt/micro-images-pvc/specs935-v1/specs935-v1-FA-P015090-U2OS-48h-P8-L1/2021-12-18/854/specs935-v1-FA-P015090-U2OS-48h-P8-L1_F12_s2_w57D5AF283-627E-4F63-BF90-AF717278411C.npy,HDAC inhibitor
P015090,F12,s3,CBK291020,/mnt/micro-images-pvc/specs935-v1/specs935-v1-FA-P015090-U2OS-48h-P8-L1/2021-12-18/854/specs935-v1-FA-P015090-U2OS-48h-P8-L1_F12_s3_w5BC44518A-4199-407E-81A2-BB281F36D6D2.npy,HDAC inhibitor
P015090,F12,s4,CBK291020,/mnt/micro-images-pvc/specs935-v1/specs935-v1-FA-P015090-U2OS-48h-P8-L1/2021-12-18/854/specs935-v1-FA-P015090-U2OS-48h-P8-L1_F12_s4_w5F507EA40-12C9-457F-8D0C-E0D8514469D8.npy,HDAC inhibitor
P015090,F12,s5,CBK291020,/mnt/micro-images-pvc/specs935-v1/specs935-v1-FA-P015090-U2OS-48h-P8-L1/2021-12-18/854/specs935-v1-FA-P015090-U2OS-48h-P8-L1_F12_s5_w5D2D8A25B-21AD-4D14-B690-E4BC5501A666.npy,HDAC inhibitor
P015090,F12,s6,CBK291020,/mnt/micro-images-pvc/specs935-v1/specs935-v1-FA-P015090-U2OS-48h-P8-L1/2021-12-18/854/specs935-v1-FA-P015090-U2OS-48h-P8-L1_F12_s6_w5C5C44DDD-CE17-4F11-9FB2-AC81E82F89DC.npy,HDAC inhibitor
P015090,F12,s7,CBK291020,/mnt/micro-images-pvc/specs935-v1/specs935-v1-FA-P015090-U2OS-48h-P8-L1/2021-12-18/854/specs935-v1-FA-P015090-U2OS-48h-P8-L1_F12_s7_w58CD67210-521F-44F6-BBEB-5019725E5002.npy,HDAC inhibitor
P015090,F12,s8,CBK291020,/mnt/micro-images-pvc/specs935-v1/specs935-v1-FA-P015090-U2OS-48h-P8-L1/2021-12-18/854/specs935-v1-FA-P015090-U2OS-48h-P8-L1_F12_s8_w5E8642ECF-26A6-4B51-9C64-0A46DF818FAD.npy,HDAC inhibitor
P015090,F12,s9,CBK291020,/mnt/micro-images-pvc/specs935-v1/specs935-v1-FA-P015090-U2OS-48h-P8-L1/2021-12-18/854/specs935-v1-FA-P015090-U2OS-48h-P8-L1_F12_s9_w5C58382AE-DAB1-4262-B968-548B51058AB7.npy,HDAC inhibitor
P015090,F16,s1,CBK308482,/mnt/micro-images-pvc/specs935-v1/specs935-v1-FA-P015090-U2OS-48h-P8-L1/2021-12-18/854/specs935-v1-FA-P015090-U2OS-48h-P8-L1_F16_s1_w5020BDDF6-EAE1-4764-9CA3-9411C0759645.npy,HDAC inhibitor
P015090,F16,s2,CBK308482,/mnt/micro-images-pvc/specs935-v1/specs935-v1-FA-P015090-U2OS-48h-P8-L1/2021-12-18/854/specs935-v1-FA-P015090-U2OS-48h-P8-L1_F16_s2_w5536262E4-BCC4-4ED6-8DDC-1B0B35E7DF9B.npy,HDAC inhibitor
P015090,F16,s3,CBK308482,/mnt/micro-images-pvc/specs935-v1/specs935-v1-FA-P015090-U2OS-48h-P8-L1/2021-12-18/854/specs935-v1-FA-P015090-U2OS-48h-P8-L1_F16_s3_w5198C8859-2A4D-4968-81A0-6FB7B8C950C2.npy,HDAC inhibitor
P015090,F16,s4,CBK308482,/mnt/micro-images-pvc/specs935-v1/specs935-v1-FA-P015090-U2OS-48h-P8-L1/2021-12-18/854/specs935-v1-FA-P015090-U2OS-48h-P8-L1_F16_s4_w51CC166E1-E24E-460A-A857-33F344EAF8E1.npy,HDAC inhibitor
P015090,F16,s5,CBK308482,/mnt/micro-images-pvc/specs935-v1/specs935-v1-FA-P015090-U2OS-48h-P8-L1/2021-12-18/854/specs935-v1-FA-P015090-U2OS-48h-P8-L1_F16_s5_w58D234B17-2223-4B32-9A1E-B6C6C5797BC1.npy,HDAC inhibitor
P015090,F16,s6,CBK308482,/mnt/micro-images-pvc/specs935-v1/specs935-v1-FA-P015090-U2OS-48h-P8-L1/2021-12-18/854/specs935-v1-FA-P015090-U2OS-48h-P8-L1_F16_s6_w5C5D1BF59-0C12-4420-A98D-A820FCF4B44B.npy,HDAC inhibitor
P015090,F16,s7,CBK308482,/mnt/micro-images-pvc/specs935-v1/specs935-v1-FA-P015090-U2OS-48h-P8-L1/2021-12-18/854/specs935-v1-FA-P015090-U2OS-48h-P8-L1_F16_s7_w502617E75-1F47-433B-AFB1-2956A7B028E9.npy,HDAC inhibitor
P015090,F16,s8,CBK308482,/mnt/micro-images-pvc/specs935-v1/specs935-v1-FA-P015090-U2OS-48h-P8-L1/2021-12-18/854/specs935-v1-FA-P015090-U2OS-48h-P8-L1_F16_s8_w5CBCA4F66-F00F-4855-BC23-3F23E694AFFD.npy,HDAC inhibitor
P015090,F16,s9,CBK308482,/mnt/micro-images-pvc/specs935-v1/specs935-v1-FA-P015090-U2OS-48h-P8-L1/2021-12-18/854/specs935-v1-FA-P015090-U2OS-48h-P8-L1_F16_s9_w55C1FE615-A0E1-4403-9797-0E6984E9B514.npy,HDAC inhibitor
P015090,F17,s1,CBK290753,/mnt/micro-images-pvc/specs935-v1/specs935-v1-FA-P015090-U2OS-48h-P8-L1/2021-12-18/854/specs935-v1-FA-P015090-U2OS-48h-P8-L1_F17_s1_w55476C84F-FCB2-4B65-B73B-2DED5EC43B41.npy,HSP inhibitor
P015090,F17,s2,CBK290753,/mnt/micro-images-pvc/specs935-v1/specs935-v1-FA-P015090-U2OS-48h-P8-L1/2021-12-18/854/specs935-v1-FA-P015090-U2OS-48h-P8-L1_F17_s2_w58566E230-BD66-42C5-91D5-0A43878C191B.npy,HSP inhibitor
P015090,F17,s3,CBK290753,/mnt/micro-images-pvc/specs935-v1/specs935-v1-FA-P015090-U2OS-48h-P8-L1/2021-12-18/854/specs935-v1-FA-P015090-U2OS-48h-P8-L1_F17_s3_w555E56715-6650-4BED-AC21-A2583A49FBAF.npy,HSP inhibitor
P015090,F17,s4,CBK290753,/mnt/micro-images-pvc/specs935-v1/specs935-v1-FA-P015090-U2OS-48h-P8-L1/2021-12-18/854/specs935-v1-FA-P015090-U2OS-48h-P8-L1_F17_s4_w5A17F9684-478E-4A70-B551-8BF86165B458.npy,HSP inhibitor
P015090,F17,s5,CBK290753,/mnt/micro-images-pvc/specs935-v1/specs935-v1-FA-P015090-U2OS-48h-P8-L1/2021-12-18/854/specs935-v1-FA-P015090-U2OS-48h-P8-L1_F17_s5_w5EDCA8996-2F19-416D-B59B-A73440D5AD02.npy,HSP inhibitor
P015090,F17,s6,CBK290753,/mnt/micro-images-pvc/specs935-v1/specs935-v1-FA-P015090-U2OS-48h-P8-L1/2021-12-18/854/specs935-v1-FA-P015090-U2OS-48h-P8-L1_F17_s6_w5F3FEFBA6-B2C5-4647-A90F-5592EA5E3121.npy,HSP inhibitor
P015090,F17,s7,CBK290753,/mnt/micro-images-pvc/specs935-v1/specs935-v1-FA-P015090-U2OS-48h-P8-L1/2021-12-18/854/specs935-v1-FA-P015090-U2OS-48h-P8-L1_F17_s7_w5B018F7B4-F10F-4389-9FA7-F2C55BB85C3E.npy,HSP inhibitor
P015090,F17,s8,CBK290753,/mnt/micro-images-pvc/specs935-v1/specs935-v1-FA-P015090-U2OS-48h-P8-L1/2021-12-18/854/specs935-v1-FA-P015090-U2OS-48h-P8-L1_F17_s8_w5A9EE91A4-FAE9-4AEA-BAB7-9F0A7AFF4E9B.npy,HSP inhibitor
P015090,F17,s9,CBK290753,/mnt/micro-images-pvc/specs935-v1/specs935-v1-FA-P015090-U2OS-48h-P8-L1/2021-12-18/854/specs935-v1-FA-P015090-U2OS-48h-P8-L1_F17_s9_w5D01DF281-7351-4CE6-89E7-366FB4900480.npy,HSP inhibitor
P015090,F19,s1,CBK307768,/mnt/micro-images-pvc/specs935-v1/specs935-v1-FA-P015090-U2OS-48h-P8-L1/2021-12-18/854/specs935-v1-FA-P015090-U2OS-48h-P8-L1_F19_s1_w58112AD27-CD17-4427-BC24-DB05FE1F95C3.npy,HSP inhibitor
P015090,F19,s2,CBK307768,/mnt/micro-images-pvc/specs935-v1/specs935-v1-FA-P015090-U2OS-48h-P8-L1/2021-12-18/854/specs935-v1-FA-P015090-U2OS-48h-P8-L1_F19_s2_w5124009BD-AF9D-4A4D-BDE1-9839A1D40F11.npy,HSP inhibitor
P015090,F19,s3,CBK307768,/mnt/micro-images-pvc/specs935-v1/specs935-v1-FA-P015090-U2OS-48h-P8-L1/2021-12-18/854/specs935-v1-FA-P015090-U2OS-48h-P8-L1_F19_s3_w5C1C3A5CB-86A4-408F-A89D-7420FE856536.npy,HSP inhibitor
P015090,F19,s4,CBK307768,/mnt/micro-images-pvc/specs935-v1/specs935-v1-FA-P015090-U2OS-48h-P8-L1/2021-12-18/854/specs935-v1-FA-P015090-U2OS-48h-P8-L1_F19_s4_w5982E8CE4-A790-4971-A855-C8248E0E6A40.npy,HSP inhibitor
P015090,F19,s5,CBK307768,/mnt/micro-images-pvc/specs935-v1/specs935-v1-FA-P015090-U2OS-48h-P8-L1/2021-12-18/854/specs935-v1-FA-P015090-U2OS-48h-P8-L1_F19_s5_w571E4711A-1837-473D-9681-BFBF638AB5E7.npy,HSP inhibitor
P015090,F19,s6,CBK307768,/mnt/micro-images-pvc/specs935-v1/specs935-v1-FA-P015090-U2OS-48h-P8-L1/2021-12-18/854/specs935-v1-FA-P015090-U2OS-48h-P8-L1_F19_s6_w525ADB1C5-CD16-4C6A-92CF-0DAF5C7B5F25.npy,HSP inhibitor
P015090,F19,s7,CBK307768,/mnt/micro-images-pvc/specs935-v1/specs935-v1-FA-P015090-U2OS-48h-P8-L1/2021-12-18/854/specs935-v1-FA-P015090-U2OS-48h-P8-L1_F19_s7_w5041556A2-8C40-4A11-AE6C-F3245BB98A1B.npy,HSP inhibitor
P015090,F19,s8,CBK307768,/mnt/micro-images-pvc/specs935-v1/specs935-v1-FA-P015090-U2OS-48h-P8-L1/2021-12-18/854/specs935-v1-FA-P015090-U2OS-48h-P8-L1_F19_s8_w5F50EAA81-2047-4586-B314-9C0DFDD8953E.npy,HSP inhibitor
P015090,F19,s9,CBK307768,/mnt/micro-images-pvc/specs935-v1/specs935-v1-FA-P015090-U2OS-48h-P8-L1/2021-12-18/854/specs935-v1-FA-P015090-U2OS-48h-P8-L1_F19_s9_w5DD27CFA2-6642-4569-9C5E-25DA2FC2D5EA.npy,HSP inhibitor
P015090,F20,s1,CBK041487,/mnt/micro-images-pvc/specs935-v1/specs935-v1-FA-P015090-U2OS-48h-P8-L1/2021-12-18/854/specs935-v1-FA-P015090-U2OS-48h-P8-L1_F20_s1_w58CE7D6A9-0E90-4005-893F-1212D4A9A507.npy,HSP inhibitor
P015090,F20,s2,CBK041487,/mnt/micro-images-pvc/specs935-v1/specs935-v1-FA-P015090-U2OS-48h-P8-L1/2021-12-18/854/specs935-v1-FA-P015090-U2OS-48h-P8-L1_F20_s2_w511E6AD4A-0EDC-42B3-BF39-8750328F1986.npy,HSP inhibitor
P015090,F20,s3,CBK041487,/mnt/micro-images-pvc/specs935-v1/specs935-v1-FA-P015090-U2OS-48h-P8-L1/2021-12-18/854/specs935-v1-FA-P015090-U2OS-48h-P8-L1_F20_s3_w5E1A45480-94AC-4E2E-BA20-8D9589570259.npy,HSP inhibitor
P015090,F20,s4,CBK041487,/mnt/micro-images-pvc/specs935-v1/specs935-v1-FA-P015090-U2OS-48h-P8-L1/2021-12-18/854/specs935-v1-FA-P015090-U2OS-48h-P8-L1_F20_s4_w522766174-C572-4793-BC74-7746D9F9FA8A.npy,HSP inhibitor
P015090,F20,s5,CBK041487,/mnt/micro-images-pvc/specs935-v1/specs935-v1-FA-P015090-U2OS-48h-P8-L1/2021-12-18/854/specs935-v1-FA-P015090-U2OS-48h-P8-L1_F20_s5_w5E69BBA40-24A8-46B9-AA09-4B900E181FCF.npy,HSP inhibitor
P015090,F20,s6,CBK041487,/mnt/micro-images-pvc/specs935-v1/specs935-v1-FA-P015090-U2OS-48h-P8-L1/2021-12-18/854/specs935-v1-FA-P015090-U2OS-48h-P8-L1_F20_s6_w5F198BEA1-ABFB-4E5B-83F9-73A8B1FAF19A.npy,HSP inhibitor
P015090,F20,s7,CBK041487,/mnt/micro-images-pvc/specs935-v1/specs935-v1-FA-P015090-U2OS-48h-P8-L1/2021-12-18/854/specs935-v1-FA-P015090-U2OS-48h-P8-L1_F20_s7_w568CD60BF-878D-45B6-8C26-A73DFB8476BA.npy,HSP inhibitor
P015090,F20,s8,CBK041487,/mnt/micro-images-pvc/specs935-v1/specs935-v1-FA-P015090-U2OS-48h-P8-L1/2021-12-18/854/specs935-v1-FA-P015090-U2OS-48h-P8-L1_F20_s8_w594F443CE-E9B9-4232-BBF9-72925F3573B1.npy,HSP inhibitor
P015090,F20,s9,CBK041487,/mnt/micro-images-pvc/specs935-v1/specs935-v1-FA-P015090-U2OS-48h-P8-L1/2021-12-18/854/specs935-v1-FA-P015090-U2OS-48h-P8-L1_F20_s9_w5C9FF8101-7B6C-404F-8144-5B008D57CD08.npy,HSP inhibitor
P015090,F21,s1,CBK278021,/mnt/micro-images-pvc/specs935-v1/specs935-v1-FA-P015090-U2OS-48h-P8-L1/2021-12-18/854/specs935-v1-FA-P015090-U2OS-48h-P8-L1_F21_s1_w5D24EECB8-69AF-4599-AE5E-5FD55724811E.npy,HSP inhibitor
P015090,F21,s2,CBK278021,/mnt/micro-images-pvc/specs935-v1/specs935-v1-FA-P015090-U2OS-48h-P8-L1/2021-12-18/854/specs935-v1-FA-P015090-U2OS-48h-P8-L1_F21_s2_w5EC817629-577B-458A-987D-BE0092AFCBE5.npy,HSP inhibitor
P015090,F21,s3,CBK278021,/mnt/micro-images-pvc/specs935-v1/specs935-v1-FA-P015090-U2OS-48h-P8-L1/2021-12-18/854/specs935-v1-FA-P015090-U2OS-48h-P8-L1_F21_s3_w5DCD4185D-15F0-49FE-9C5F-0CB860CAB66A.npy,HSP inhibitor
P015090,F21,s4,CBK278021,/mnt/micro-images-pvc/specs935-v1/specs935-v1-FA-P015090-U2OS-48h-P8-L1/2021-12-18/854/specs935-v1-FA-P015090-U2OS-48h-P8-L1_F21_s4_w5390D4C57-2628-4E44-AAA8-2027F00EFD90.npy,HSP inhibitor
P015090,F21,s5,CBK278021,/mnt/micro-images-pvc/specs935-v1/specs935-v1-FA-P015090-U2OS-48h-P8-L1/2021-12-18/854/specs935-v1-FA-P015090-U2OS-48h-P8-L1_F21_s5_w5CD24B6AD-DA05-488E-8241-EF1B7ABBF7D3.npy,HSP inhibitor
P015090,F21,s6,CBK278021,/mnt/micro-images-pvc/specs935-v1/specs935-v1-FA-P015090-U2OS-48h-P8-L1/2021-12-18/854/specs935-v1-FA-P015090-U2OS-48h-P8-L1_F21_s6_w587AC1EC5-2FA8-411D-A64E-EC6B2D715089.npy,HSP inhibitor
P015090,F21,s7,CBK278021,/mnt/micro-images-pvc/specs935-v1/specs935-v1-FA-P015090-U2OS-48h-P8-L1/2021-12-18/854/specs935-v1-FA-P015090-U2OS-48h-P8-L1_F21_s7_w588FAE9D7-3AF1-42D8-AC42-D627966485E9.npy,HSP inhibitor
P015090,F21,s8,CBK278021,/mnt/micro-images-pvc/specs935-v1/specs935-v1-FA-P015090-U2OS-48h-P8-L1/2021-12-18/854/specs935-v1-FA-P015090-U2OS-48h-P8-L1_F21_s8_w5FA0FB288-EF35-4B3A-A01D-AEC5CBC97593.npy,HSP inhibitor
P015090,F21,s9,CBK278021,/mnt/micro-images-pvc/specs935-v1/specs935-v1-FA-P015090-U2OS-48h-P8-L1/2021-12-18/854/specs935-v1-FA-P015090-U2OS-48h-P8-L1_F21_s9_w571C702EC-D60E-4AA4-A912-EC572B13BB42.npy,HSP inhibitor
P015090,F23,s1,CBK308696,/mnt/micro-images-pvc/specs935-v1/specs935-v1-FA-P015090-U2OS-48h-P8-L1/2021-12-18/854/specs935-v1-FA-P015090-U2OS-48h-P8-L1_F23_s1_w52D06126E-478D-4DD4-8487-9C6A9B885F0E.npy,HSP inhibitor
P015090,F23,s2,CBK308696,/mnt/micro-images-pvc/specs935-v1/specs935-v1-FA-P015090-U2OS-48h-P8-L1/2021-12-18/854/specs935-v1-FA-P015090-U2OS-48h-P8-L1_F23_s2_w5492249D3-644A-4123-9EBC-FB13EFC59661.npy,HSP inhibitor
P015090,F23,s3,CBK308696,/mnt/micro-images-pvc/specs935-v1/specs935-v1-FA-P015090-U2OS-48h-P8-L1/2021-12-18/854/specs935-v1-FA-P015090-U2OS-48h-P8-L1_F23_s3_w598FA1BD9-FC8D-49C7-BEED-5381D3B8C18B.npy,HSP inhibitor
P015090,F23,s4,CBK308696,/mnt/micro-images-pvc/specs935-v1/specs935-v1-FA-P015090-U2OS-48h-P8-L1/2021-12-18/854/specs935-v1-FA-P015090-U2OS-48h-P8-L1_F23_s4_w527B5E076-2910-48EB-86FC-C738703F7E36.npy,HSP inhibitor
P015090,F23,s5,CBK308696,/mnt/micro-images-pvc/specs935-v1/specs935-v1-FA-P015090-U2OS-48h-P8-L1/2021-12-18/854/specs935-v1-FA-P015090-U2OS-48h-P8-L1_F23_s5_w54AD85781-10DD-483E-BDF3-D589A60A730D.npy,HSP inhibitor
P015090,F23,s6,CBK308696,/mnt/micro-images-pvc/specs935-v1/specs935-v1-FA-P015090-U2OS-48h-P8-L1/2021-12-18/854/specs935-v1-FA-P015090-U2OS-48h-P8-L1_F23_s6_w5320ADFCD-7A19-4C12-8DC7-89BEEAEDCBEB.npy,HSP inhibitor
P015090,F23,s7,CBK308696,/mnt/micro-images-pvc/specs935-v1/specs935-v1-FA-P015090-U2OS-48h-P8-L1/2021-12-18/854/specs935-v1-FA-P015090-U2OS-48h-P8-L1_F23_s7_w5F08A67F2-A6DA-47D5-857F-987CEB513463.npy,HSP inhibitor
P015090,F23,s8,CBK308696,/mnt/micro-images-pvc/specs935-v1/specs935-v1-FA-P015090-U2OS-48h-P8-L1/2021-12-18/854/specs935-v1-FA-P015090-U2OS-48h-P8-L1_F23_s8_w5FC59B0DD-F7CE-4254-AA78-8C40ED818A76.npy,HSP inhibitor
P015090,F23,s9,CBK308696,/mnt/micro-images-pvc/specs935-v1/specs935-v1-FA-P015090-U2OS-48h-P8-L1/2021-12-18/854/specs935-v1-FA-P015090-U2OS-48h-P8-L1_F23_s9_w53421BE30-A3EA-4366-9707-D00325DD4C46.npy,HSP inhibitor
P015090,G03,s1,CBK290479,/mnt/micro-images-pvc/specs935-v1/specs935-v1-FA-P015090-U2OS-48h-P8-L1/2021-12-18/854/specs935-v1-FA-P015090-U2OS-48h-P8-L1_G03_s1_w5DD410B7A-B172-465D-82BF-AFCCA6B46B2B.npy,HDAC inhibitor
P015090,G03,s2,CBK290479,/mnt/micro-images-pvc/specs935-v1/specs935-v1-FA-P015090-U2OS-48h-P8-L1/2021-12-18/854/specs935-v1-FA-P015090-U2OS-48h-P8-L1_G03_s2_w594FE96A1-BF04-438F-B024-4059C68D39EF.npy,HDAC inhibitor
P015090,G03,s3,CBK290479,/mnt/micro-images-pvc/specs935-v1/specs935-v1-FA-P015090-U2OS-48h-P8-L1/2021-12-18/854/specs935-v1-FA-P015090-U2OS-48h-P8-L1_G03_s3_w5DEB2C19C-E721-40B5-907B-4C295258B5AD.npy,HDAC inhibitor
P015090,G03,s4,CBK290479,/mnt/micro-images-pvc/specs935-v1/specs935-v1-FA-P015090-U2OS-48h-P8-L1/2021-12-18/854/specs935-v1-FA-P015090-U2OS-48h-P8-L1_G03_s4_w510F0CC63-50E3-4393-999A-52AB2534CA4E.npy,HDAC inhibitor
P015090,G03,s5,CBK290479,/mnt/micro-images-pvc/specs935-v1/specs935-v1-FA-P015090-U2OS-48h-P8-L1/2021-12-18/854/specs935-v1-FA-P015090-U2OS-48h-P8-L1_G03_s5_w546C9DC41-0013-468F-9372-51F7FC16AB14.npy,HDAC inhibitor
P015090,G03,s6,CBK290479,/mnt/micro-images-pvc/specs935-v1/specs935-v1-FA-P015090-U2OS-48h-P8-L1/2021-12-18/854/specs935-v1-FA-P015090-U2OS-48h-P8-L1_G03_s6_w50EA8A238-3788-4138-B4C1-BC34A6DE0E77.npy,HDAC inhibitor
P015090,G03,s7,CBK290479,/mnt/micro-images-pvc/specs935-v1/specs935-v1-FA-P015090-U2OS-48h-P8-L1/2021-12-18/854/specs935-v1-FA-P015090-U2OS-48h-P8-L1_G03_s7_w5B87753BA-200B-4645-9E5E-8B65A3B6D825.npy,HDAC inhibitor
P015090,G03,s8,CBK290479,/mnt/micro-images-pvc/specs935-v1/specs935-v1-FA-P015090-U2OS-48h-P8-L1/2021-12-18/854/specs935-v1-FA-P015090-U2OS-48h-P8-L1_G03_s8_w558CD2D0F-BDBB-43EB-B95A-B5D0C804A6DC.npy,HDAC inhibitor
P015090,G03,s9,CBK290479,/mnt/micro-images-pvc/specs935-v1/specs935-v1-FA-P015090-U2OS-48h-P8-L1/2021-12-18/854/specs935-v1-FA-P015090-U2OS-48h-P8-L1_G03_s9_w539706A41-E336-482A-AD4B-0249E4D0BFDA.npy,HDAC inhibitor
P015090,G04,s1,CBK309488,/mnt/micro-images-pvc/specs935-v1/specs935-v1-FA-P015090-U2OS-48h-P8-L1/2021-12-18/854/specs935-v1-FA-P015090-U2OS-48h-P8-L1_G04_s1_w5BD8E0106-ED29-4E30-88FD-8729A64772BB.npy,HSP inhibitor
P015090,G04,s2,CBK309488,/mnt/micro-images-pvc/specs935-v1/specs935-v1-FA-P015090-U2OS-48h-P8-L1/2021-12-18/854/specs935-v1-FA-P015090-U2OS-48h-P8-L1_G04_s2_w56FD6D7A7-ECE4-4811-A884-8EC89C5BB171.npy,HSP inhibitor
P015090,G04,s3,CBK309488,/mnt/micro-images-pvc/specs935-v1/specs935-v1-FA-P015090-U2OS-48h-P8-L1/2021-12-18/854/specs935-v1-FA-P015090-U2OS-48h-P8-L1_G04_s3_w51120E21D-B189-4B1A-8633-9BDE20AF67B5.npy,HSP inhibitor
P015090,G04,s4,CBK309488,/mnt/micro-images-pvc/specs935-v1/specs935-v1-FA-P015090-U2OS-48h-P8-L1/2021-12-18/854/specs935-v1-FA-P015090-U2OS-48h-P8-L1_G04_s4_w5AF4C07E8-308B-408C-9667-4C7102802E26.npy,HSP inhibitor
P015090,G04,s5,CBK309488,/mnt/micro-images-pvc/specs935-v1/specs935-v1-FA-P015090-U2OS-48h-P8-L1/2021-12-18/854/specs935-v1-FA-P015090-U2OS-48h-P8-L1_G04_s5_w53C1F9376-95E2-4342-BA0B-2C93F1761C2D.npy,HSP inhibitor
P015090,G04,s6,CBK309488,/mnt/micro-images-pvc/specs935-v1/specs935-v1-FA-P015090-U2OS-48h-P8-L1/2021-12-18/854/specs935-v1-FA-P015090-U2OS-48h-P8-L1_G04_s6_w5425428FD-91BB-45CE-BC70-36747D252D71.npy,HSP inhibitor
P015090,G04,s7,CBK309488,/mnt/micro-images-pvc/specs935-v1/specs935-v1-FA-P015090-U2OS-48h-P8-L1/2021-12-18/854/specs935-v1-FA-P015090-U2OS-48h-P8-L1_G04_s7_w527FB29CC-C5D8-4618-B603-2D5BD7168CF6.npy,HSP inhibitor
P015090,G04,s8,CBK309488,/mnt/micro-images-pvc/specs935-v1/specs935-v1-FA-P015090-U2OS-48h-P8-L1/2021-12-18/854/specs935-v1-FA-P015090-U2OS-48h-P8-L1_G04_s8_w5EC6C283D-A789-48FB-82C4-FBBF0CF94870.npy,HSP inhibitor
P015090,G04,s9,CBK309488,/mnt/micro-images-pvc/specs935-v1/specs935-v1-FA-P015090-U2OS-48h-P8-L1/2021-12-18/854/specs935-v1-FA-P015090-U2OS-48h-P8-L1_G04_s9_w58909B2A9-A416-4708-BAD3-F2E2FD7A89C0.npy,HSP inhibitor
P015090,G05,s1,CBK278039,/mnt/micro-images-pvc/specs935-v1/specs935-v1-FA-P015090-U2OS-48h-P8-L1/2021-12-18/854/specs935-v1-FA-P015090-U2OS-48h-P8-L1_G05_s1_w543CF3921-44A6-4DED-AE95-D797938F565A.npy,HDAC inhibitor
P015090,G05,s2,CBK278039,/mnt/micro-images-pvc/specs935-v1/specs935-v1-FA-P015090-U2OS-48h-P8-L1/2021-12-18/854/specs935-v1-FA-P015090-U2OS-48h-P8-L1_G05_s2_w51062E451-DD13-4294-ACB7-B76FED575A80.npy,HDAC inhibitor
P015090,G05,s3,CBK278039,/mnt/micro-images-pvc/specs935-v1/specs935-v1-FA-P015090-U2OS-48h-P8-L1/2021-12-18/854/specs935-v1-FA-P015090-U2OS-48h-P8-L1_G05_s3_w52A0963A4-461F-44A0-A014-C0923EE62211.npy,HDAC inhibitor
P015090,G05,s4,CBK278039,/mnt/micro-images-pvc/specs935-v1/specs935-v1-FA-P015090-U2OS-48h-P8-L1/2021-12-18/854/specs935-v1-FA-P015090-U2OS-48h-P8-L1_G05_s4_w58B5DC4B1-8A6F-4A1D-B91C-3F9506BA5B98.npy,HDAC inhibitor
P015090,G05,s5,CBK278039,/mnt/micro-images-pvc/specs935-v1/specs935-v1-FA-P015090-U2OS-48h-P8-L1/2021-12-18/854/specs935-v1-FA-P015090-U2OS-48h-P8-L1_G05_s5_w5E7A8C466-8167-4164-84F8-FE72A57EBA6E.npy,HDAC inhibitor
P015090,G05,s6,CBK278039,/mnt/micro-images-pvc/specs935-v1/specs935-v1-FA-P015090-U2OS-48h-P8-L1/2021-12-18/854/specs935-v1-FA-P015090-U2OS-48h-P8-L1_G05_s6_w5DCEEA47C-4A27-4571-9436-A84E5333D63F.npy,HDAC inhibitor
P015090,G05,s7,CBK278039,/mnt/micro-images-pvc/specs935-v1/specs935-v1-FA-P015090-U2OS-48h-P8-L1/2021-12-18/854/specs935-v1-FA-P015090-U2OS-48h-P8-L1_G05_s7_w5DAD48FDE-C7D7-4482-BDFB-8F86006CD542.npy,HDAC inhibitor
P015090,G05,s8,CBK278039,/mnt/micro-images-pvc/specs935-v1/specs935-v1-FA-P015090-U2OS-48h-P8-L1/2021-12-18/854/specs935-v1-FA-P015090-U2OS-48h-P8-L1_G05_s8_w5C97A321E-DDE6-4527-AA79-2C26C5B4B1F3.npy,HDAC inhibitor
P015090,G05,s9,CBK278039,/mnt/micro-images-pvc/specs935-v1/specs935-v1-FA-P015090-U2OS-48h-P8-L1/2021-12-18/854/specs935-v1-FA-P015090-U2OS-48h-P8-L1_G05_s9_w595F6DF78-7E1F-4786-B756-6D4C181601EF.npy,HDAC inhibitor
P015090,G06,s1,CBK288302,/mnt/micro-images-pvc/specs935-v1/specs935-v1-FA-P015090-U2OS-48h-P8-L1/2021-12-18/854/specs935-v1-FA-P015090-U2OS-48h-P8-L1_G06_s1_w55886DD0B-8275-464A-82D3-A5C6E889EE1A.npy,HDAC inhibitor
P015090,G06,s2,CBK288302,/mnt/micro-images-pvc/specs935-v1/specs935-v1-FA-P015090-U2OS-48h-P8-L1/2021-12-18/854/specs935-v1-FA-P015090-U2OS-48h-P8-L1_G06_s2_w50A20C882-4581-4523-8306-80506F308D21.npy,HDAC inhibitor
P015090,G06,s3,CBK288302,/mnt/micro-images-pvc/specs935-v1/specs935-v1-FA-P015090-U2OS-48h-P8-L1/2021-12-18/854/specs935-v1-FA-P015090-U2OS-48h-P8-L1_G06_s3_w5140601B9-936A-48DA-8E96-21F1DF892D0F.npy,HDAC inhibitor
P015090,G06,s4,CBK288302,/mnt/micro-images-pvc/specs935-v1/specs935-v1-FA-P015090-U2OS-48h-P8-L1/2021-12-18/854/specs935-v1-FA-P015090-U2OS-48h-P8-L1_G06_s4_w58EE75B1D-4E73-4931-9110-45C5452EC65B.npy,HDAC inhibitor
P015090,G06,s5,CBK288302,/mnt/micro-images-pvc/specs935-v1/specs935-v1-FA-P015090-U2OS-48h-P8-L1/2021-12-18/854/specs935-v1-FA-P015090-U2OS-48h-P8-L1_G06_s5_w51B17990B-33D0-417A-99AC-ED6F04F29B13.npy,HDAC inhibitor
P015090,G06,s6,CBK288302,/mnt/micro-images-pvc/specs935-v1/specs935-v1-FA-P015090-U2OS-48h-P8-L1/2021-12-18/854/specs935-v1-FA-P015090-U2OS-48h-P8-L1_G06_s6_w5BFE49213-449E-4AA2-A2B7-12AF1E5CAB22.npy,HDAC inhibitor
P015090,G06,s7,CBK288302,/mnt/micro-images-pvc/specs935-v1/specs935-v1-FA-P015090-U2OS-48h-P8-L1/2021-12-18/854/specs935-v1-FA-P015090-U2OS-48h-P8-L1_G06_s7_w5258FCB34-7692-4AA2-A27B-E0EBB8C16458.npy,HDAC inhibitor
P015090,G06,s8,CBK288302,/mnt/micro-images-pvc/specs935-v1/specs935-v1-FA-P015090-U2OS-48h-P8-L1/2021-12-18/854/specs935-v1-FA-P015090-U2OS-48h-P8-L1_G06_s8_w53580FD92-945B-43E2-9D40-2BD6FF28E699.npy,HDAC inhibitor
P015090,G06,s9,CBK288302,/mnt/micro-images-pvc/specs935-v1/specs935-v1-FA-P015090-U2OS-48h-P8-L1/2021-12-18/854/specs935-v1-FA-P015090-U2OS-48h-P8-L1_G06_s9_w510EF3728-E00D-4850-8F80-A06D8014612D.npy,HDAC inhibitor
P015090,G08,s1,CBK308696,/mnt/micro-images-pvc/specs935-v1/specs935-v1-FA-P015090-U2OS-48h-P8-L1/2021-12-18/854/specs935-v1-FA-P015090-U2OS-48h-P8-L1_G08_s1_w55298AEA2-8A3A-4482-A4F4-BB62054083CB.npy,HSP inhibitor
P015090,G08,s2,CBK308696,/mnt/micro-images-pvc/specs935-v1/specs935-v1-FA-P015090-U2OS-48h-P8-L1/2021-12-18/854/specs935-v1-FA-P015090-U2OS-48h-P8-L1_G08_s2_w5B337798C-BB1E-4314-B8EA-07DD3A090D37.npy,HSP inhibitor
P015090,G08,s3,CBK308696,/mnt/micro-images-pvc/specs935-v1/specs935-v1-FA-P015090-U2OS-48h-P8-L1/2021-12-18/854/specs935-v1-FA-P015090-U2OS-48h-P8-L1_G08_s3_w56E45A068-DD1D-46B4-A56C-11E8B046AD4B.npy,HSP inhibitor
P015090,G08,s4,CBK308696,/mnt/micro-images-pvc/specs935-v1/specs935-v1-FA-P015090-U2OS-48h-P8-L1/2021-12-18/854/specs935-v1-FA-P015090-U2OS-48h-P8-L1_G08_s4_w5BCC461C3-88E1-4F08-8518-E22DEE3464BB.npy,HSP inhibitor
P015090,G08,s5,CBK308696,/mnt/micro-images-pvc/specs935-v1/specs935-v1-FA-P015090-U2OS-48h-P8-L1/2021-12-18/854/specs935-v1-FA-P015090-U2OS-48h-P8-L1_G08_s5_w5E98348A5-1F23-48C8-93AE-9B424E74939A.npy,HSP inhibitor
P015090,G08,s6,CBK308696,/mnt/micro-images-pvc/specs935-v1/specs935-v1-FA-P015090-U2OS-48h-P8-L1/2021-12-18/854/specs935-v1-FA-P015090-U2OS-48h-P8-L1_G08_s6_w5EF69D8F3-BD0B-4B19-AD88-00446731ABCE.npy,HSP inhibitor
P015090,G08,s7,CBK308696,/mnt/micro-images-pvc/specs935-v1/specs935-v1-FA-P015090-U2OS-48h-P8-L1/2021-12-18/854/specs935-v1-FA-P015090-U2OS-48h-P8-L1_G08_s7_w5BA4488BB-91BE-4F36-BCDD-0B8DE4A68ADB.npy,HSP inhibitor
P015090,G08,s8,CBK308696,/mnt/micro-images-pvc/specs935-v1/specs935-v1-FA-P015090-U2OS-48h-P8-L1/2021-12-18/854/specs935-v1-FA-P015090-U2OS-48h-P8-L1_G08_s8_w5E138224F-56AE-4E42-80F8-CEE8F450D2D9.npy,HSP inhibitor
P015090,G08,s9,CBK308696,/mnt/micro-images-pvc/specs935-v1/specs935-v1-FA-P015090-U2OS-48h-P8-L1/2021-12-18/854/specs935-v1-FA-P015090-U2OS-48h-P8-L1_G08_s9_w53DDE44F3-4365-45EF-A7C8-7DC73FA72E88.npy,HSP inhibitor
P015090,G09,s1,CBK289756,/mnt/micro-images-pvc/specs935-v1/specs935-v1-FA-P015090-U2OS-48h-P8-L1/2021-12-18/854/specs935-v1-FA-P015090-U2OS-48h-P8-L1_G09_s1_w5449214CF-F960-43DE-BD61-0D20FD010A6E.npy,HDAC inhibitor
P015090,G09,s2,CBK289756,/mnt/micro-images-pvc/specs935-v1/specs935-v1-FA-P015090-U2OS-48h-P8-L1/2021-12-18/854/specs935-v1-FA-P015090-U2OS-48h-P8-L1_G09_s2_w5E3DD5A1C-EFCC-4C76-A90B-776D93955F99.npy,HDAC inhibitor
P015090,G09,s3,CBK289756,/mnt/micro-images-pvc/specs935-v1/specs935-v1-FA-P015090-U2OS-48h-P8-L1/2021-12-18/854/specs935-v1-FA-P015090-U2OS-48h-P8-L1_G09_s3_w54C455886-5196-4462-B382-3AE2A8AF6B63.npy,HDAC inhibitor
P015090,G09,s4,CBK289756,/mnt/micro-images-pvc/specs935-v1/specs935-v1-FA-P015090-U2OS-48h-P8-L1/2021-12-18/854/specs935-v1-FA-P015090-U2OS-48h-P8-L1_G09_s4_w53EECB7DB-2170-4B79-8A8A-E7231363B55E.npy,HDAC inhibitor
P015090,G09,s5,CBK289756,/mnt/micro-images-pvc/specs935-v1/specs935-v1-FA-P015090-U2OS-48h-P8-L1/2021-12-18/854/specs935-v1-FA-P015090-U2OS-48h-P8-L1_G09_s5_w54A1BADD4-3FD5-4EED-94E9-84C7370D13F2.npy,HDAC inhibitor
P015090,G09,s6,CBK289756,/mnt/micro-images-pvc/specs935-v1/specs935-v1-FA-P015090-U2OS-48h-P8-L1/2021-12-18/854/specs935-v1-FA-P015090-U2OS-48h-P8-L1_G09_s6_w5B86B7414-E366-473A-8F4C-1B55409922FD.npy,HDAC inhibitor
P015090,G09,s7,CBK289756,/mnt/micro-images-pvc/specs935-v1/specs935-v1-FA-P015090-U2OS-48h-P8-L1/2021-12-18/854/specs935-v1-FA-P015090-U2OS-48h-P8-L1_G09_s7_w512EF183B-3F8B-4865-8B76-C52CD3E986B9.npy,HDAC inhibitor
P015090,G09,s8,CBK289756,/mnt/micro-images-pvc/specs935-v1/specs935-v1-FA-P015090-U2OS-48h-P8-L1/2021-12-18/854/specs935-v1-FA-P015090-U2OS-48h-P8-L1_G09_s8_w564546659-C23F-45EE-9CE1-B7DAF0695CBE.npy,HDAC inhibitor
P015090,G09,s9,CBK289756,/mnt/micro-images-pvc/specs935-v1/specs935-v1-FA-P015090-U2OS-48h-P8-L1/2021-12-18/854/specs935-v1-FA-P015090-U2OS-48h-P8-L1_G09_s9_w5A75999D9-485A-4A99-84F4-C531384B14B2.npy,HDAC inhibitor
P015090,G10,s1,CBK308430,/mnt/micro-images-pvc/specs935-v1/specs935-v1-FA-P015090-U2OS-48h-P8-L1/2021-12-18/854/specs935-v1-FA-P015090-U2OS-48h-P8-L1_G10_s1_w5C6FBD9D5-7D46-403E-8F4D-4B99857E9505.npy,HDAC inhibitor
P015090,G10,s2,CBK308430,/mnt/micro-images-pvc/specs935-v1/specs935-v1-FA-P015090-U2OS-48h-P8-L1/2021-12-18/854/specs935-v1-FA-P015090-U2OS-48h-P8-L1_G10_s2_w5EF7C88E2-4E1B-4D31-836D-64A2FB10B015.npy,HDAC inhibitor
P015090,G10,s3,CBK308430,/mnt/micro-images-pvc/specs935-v1/specs935-v1-FA-P015090-U2OS-48h-P8-L1/2021-12-18/854/specs935-v1-FA-P015090-U2OS-48h-P8-L1_G10_s3_w562C7E8F4-B7C3-461B-8BD5-5382BBF20601.npy,HDAC inhibitor
P015090,G10,s4,CBK308430,/mnt/micro-images-pvc/specs935-v1/specs935-v1-FA-P015090-U2OS-48h-P8-L1/2021-12-18/854/specs935-v1-FA-P015090-U2OS-48h-P8-L1_G10_s4_w5EF0EDF05-305E-499B-A6C8-5AFB301211B1.npy,HDAC inhibitor
P015090,G10,s5,CBK308430,/mnt/micro-images-pvc/specs935-v1/specs935-v1-FA-P015090-U2OS-48h-P8-L1/2021-12-18/854/specs935-v1-FA-P015090-U2OS-48h-P8-L1_G10_s5_w55926BDC8-3C8C-4E2B-AA81-610CBA4F0532.npy,HDAC inhibitor
P015090,G10,s6,CBK308430,/mnt/micro-images-pvc/specs935-v1/specs935-v1-FA-P015090-U2OS-48h-P8-L1/2021-12-18/854/specs935-v1-FA-P015090-U2OS-48h-P8-L1_G10_s6_w51F3843EE-ED85-4C17-8D07-CD54F5DD7060.npy,HDAC inhibitor
P015090,G10,s7,CBK308430,/mnt/micro-images-pvc/specs935-v1/specs935-v1-FA-P015090-U2OS-48h-P8-L1/2021-12-18/854/specs935-v1-FA-P015090-U2OS-48h-P8-L1_G10_s7_w5B0270450-B4AC-4902-9690-2338D20BD49C.npy,HDAC inhibitor
P015090,G10,s8,CBK308430,/mnt/micro-images-pvc/specs935-v1/specs935-v1-FA-P015090-U2OS-48h-P8-L1/2021-12-18/854/specs935-v1-FA-P015090-U2OS-48h-P8-L1_G10_s8_w5742D3589-07DE-4217-AB75-F557C3CB3024.npy,HDAC inhibitor
P015090,G10,s9,CBK308430,/mnt/micro-images-pvc/specs935-v1/specs935-v1-FA-P015090-U2OS-48h-P8-L1/2021-12-18/854/specs935-v1-FA-P015090-U2OS-48h-P8-L1_G10_s9_w537E318CC-0F99-4644-A0F4-1AE539B26D2E.npy,HDAC inhibitor
P015090,G11,s1,CBK308266,/mnt/micro-images-pvc/specs935-v1/specs935-v1-FA-P015090-U2OS-48h-P8-L1/2021-12-18/854/specs935-v1-FA-P015090-U2OS-48h-P8-L1_G11_s1_w5544D0432-F65F-461F-9307-1DA83B75FC75.npy,HDAC inhibitor
P015090,G11,s2,CBK308266,/mnt/micro-images-pvc/specs935-v1/specs935-v1-FA-P015090-U2OS-48h-P8-L1/2021-12-18/854/specs935-v1-FA-P015090-U2OS-48h-P8-L1_G11_s2_w58007461C-C046-470F-AE40-BA02B07D84AE.npy,HDAC inhibitor
P015090,G11,s3,CBK308266,/mnt/micro-images-pvc/specs935-v1/specs935-v1-FA-P015090-U2OS-48h-P8-L1/2021-12-18/854/specs935-v1-FA-P015090-U2OS-48h-P8-L1_G11_s3_w575651487-B214-4E25-97D1-FDBDF35986BB.npy,HDAC inhibitor
P015090,G11,s4,CBK308266,/mnt/micro-images-pvc/specs935-v1/specs935-v1-FA-P015090-U2OS-48h-P8-L1/2021-12-18/854/specs935-v1-FA-P015090-U2OS-48h-P8-L1_G11_s4_w58878678A-8BAF-4FF0-9B50-6FA2161551E3.npy,HDAC inhibitor
P015090,G11,s5,CBK308266,/mnt/micro-images-pvc/specs935-v1/specs935-v1-FA-P015090-U2OS-48h-P8-L1/2021-12-18/854/specs935-v1-FA-P015090-U2OS-48h-P8-L1_G11_s5_w5EB2E7A93-DAE1-4484-B757-7A137DB77A4D.npy,HDAC inhibitor
P015090,G11,s6,CBK308266,/mnt/micro-images-pvc/specs935-v1/specs935-v1-FA-P015090-U2OS-48h-P8-L1/2021-12-18/854/specs935-v1-FA-P015090-U2OS-48h-P8-L1_G11_s6_w5F18BB271-0D07-4A79-8DD4-C271B57C526C.npy,HDAC inhibitor
P015090,G11,s7,CBK308266,/mnt/micro-images-pvc/specs935-v1/specs935-v1-FA-P015090-U2OS-48h-P8-L1/2021-12-18/854/specs935-v1-FA-P015090-U2OS-48h-P8-L1_G11_s7_w513BACF1B-CF98-4165-A7CF-0E3F608FEB72.npy,HDAC inhibitor
P015090,G11,s8,CBK308266,/mnt/micro-images-pvc/specs935-v1/specs935-v1-FA-P015090-U2OS-48h-P8-L1/2021-12-18/854/specs935-v1-FA-P015090-U2OS-48h-P8-L1_G11_s8_w533C3C5C0-F125-4457-AE55-4A1878D58D54.npy,HDAC inhibitor
P015090,G11,s9,CBK308266,/mnt/micro-images-pvc/specs935-v1/specs935-v1-FA-P015090-U2OS-48h-P8-L1/2021-12-18/854/specs935-v1-FA-P015090-U2OS-48h-P8-L1_G11_s9_w567CD56BE-34BF-47B8-A760-66D5FF3F0202.npy,HDAC inhibitor
P015090,G12,s1,CBK291055,/mnt/micro-images-pvc/specs935-v1/specs935-v1-FA-P015090-U2OS-48h-P8-L1/2021-12-18/854/specs935-v1-FA-P015090-U2OS-48h-P8-L1_G12_s1_w535448B3C-BDF6-42D4-81EF-FE8E1A2D55D7.npy,HDAC inhibitor
P015090,G12,s2,CBK291055,/mnt/micro-images-pvc/specs935-v1/specs935-v1-FA-P015090-U2OS-48h-P8-L1/2021-12-18/854/specs935-v1-FA-P015090-U2OS-48h-P8-L1_G12_s2_w55B46AC90-0BB3-4084-879A-1FD955620937.npy,HDAC inhibitor
P015090,G12,s3,CBK291055,/mnt/micro-images-pvc/specs935-v1/specs935-v1-FA-P015090-U2OS-48h-P8-L1/2021-12-18/854/specs935-v1-FA-P015090-U2OS-48h-P8-L1_G12_s3_w5F77D437E-06B9-4868-B491-34A642844179.npy,HDAC inhibitor
P015090,G12,s4,CBK291055,/mnt/micro-images-pvc/specs935-v1/specs935-v1-FA-P015090-U2OS-48h-P8-L1/2021-12-18/854/specs935-v1-FA-P015090-U2OS-48h-P8-L1_G12_s4_w5A465CEDB-365B-40BC-BED0-D78437A11504.npy,HDAC inhibitor
P015090,G12,s5,CBK291055,/mnt/micro-images-pvc/specs935-v1/specs935-v1-FA-P015090-U2OS-48h-P8-L1/2021-12-18/854/specs935-v1-FA-P015090-U2OS-48h-P8-L1_G12_s5_w5849E5190-BD86-43AB-A91A-CD7869A4201E.npy,HDAC inhibitor
P015090,G12,s6,CBK291055,/mnt/micro-images-pvc/specs935-v1/specs935-v1-FA-P015090-U2OS-48h-P8-L1/2021-12-18/854/specs935-v1-FA-P015090-U2OS-48h-P8-L1_G12_s6_w50FB16247-98F4-4674-9BB8-BF8BE24CA46E.npy,HDAC inhibitor
P015090,G12,s7,CBK291055,/mnt/micro-images-pvc/specs935-v1/specs935-v1-FA-P015090-U2OS-48h-P8-L1/2021-12-18/854/specs935-v1-FA-P015090-U2OS-48h-P8-L1_G12_s7_w54C7412CB-FB54-47FA-93DE-23D8027F32A8.npy,HDAC inhibitor
P015090,G12,s8,CBK291055,/mnt/micro-images-pvc/specs935-v1/specs935-v1-FA-P015090-U2OS-48h-P8-L1/2021-12-18/854/specs935-v1-FA-P015090-U2OS-48h-P8-L1_G12_s8_w538FBD869-123A-43B3-B9EF-F95D5EF624F2.npy,HDAC inhibitor
P015090,G12,s9,CBK291055,/mnt/micro-images-pvc/specs935-v1/specs935-v1-FA-P015090-U2OS-48h-P8-L1/2021-12-18/854/specs935-v1-FA-P015090-U2OS-48h-P8-L1_G12_s9_w5C2C78366-A25F-4F21-85BD-C04BD79AD2A6.npy,HDAC inhibitor
P015090,G15,s1,CBK289737,/mnt/micro-images-pvc/specs935-v1/specs935-v1-FA-P015090-U2OS-48h-P8-L1/2021-12-18/854/specs935-v1-FA-P015090-U2OS-48h-P8-L1_G15_s1_w5A65156D7-FFE6-4BD6-BEFC-C07EE5EF880B.npy,HDAC inhibitor
P015090,G15,s2,CBK289737,/mnt/micro-images-pvc/specs935-v1/specs935-v1-FA-P015090-U2OS-48h-P8-L1/2021-12-18/854/specs935-v1-FA-P015090-U2OS-48h-P8-L1_G15_s2_w52D6567F3-1391-4439-8E5A-F3C765A5C84D.npy,HDAC inhibitor
P015090,G15,s3,CBK289737,/mnt/micro-images-pvc/specs935-v1/specs935-v1-FA-P015090-U2OS-48h-P8-L1/2021-12-18/854/specs935-v1-FA-P015090-U2OS-48h-P8-L1_G15_s3_w537241C09-52F8-406E-BE55-312F34BCDD7E.npy,HDAC inhibitor
P015090,G15,s4,CBK289737,/mnt/micro-images-pvc/specs935-v1/specs935-v1-FA-P015090-U2OS-48h-P8-L1/2021-12-18/854/specs935-v1-FA-P015090-U2OS-48h-P8-L1_G15_s4_w5B12FF5D8-F69C-48D8-9B23-6AD722DA133B.npy,HDAC inhibitor
P015090,G15,s5,CBK289737,/mnt/micro-images-pvc/specs935-v1/specs935-v1-FA-P015090-U2OS-48h-P8-L1/2021-12-18/854/specs935-v1-FA-P015090-U2OS-48h-P8-L1_G15_s5_w55554D22C-30A1-4CC6-A84A-77002A8DCB2A.npy,HDAC inhibitor
P015090,G15,s6,CBK289737,/mnt/micro-images-pvc/specs935-v1/specs935-v1-FA-P015090-U2OS-48h-P8-L1/2021-12-18/854/specs935-v1-FA-P015090-U2OS-48h-P8-L1_G15_s6_w5D87BD7B0-05F3-4661-91E7-9106BC9F5691.npy,HDAC inhibitor
P015090,G15,s7,CBK289737,/mnt/micro-images-pvc/specs935-v1/specs935-v1-FA-P015090-U2OS-48h-P8-L1/2021-12-18/854/specs935-v1-FA-P015090-U2OS-48h-P8-L1_G15_s7_w51391B369-B03A-4ACA-B228-F0D1BB402F89.npy,HDAC inhibitor
P015090,G15,s8,CBK289737,/mnt/micro-images-pvc/specs935-v1/specs935-v1-FA-P015090-U2OS-48h-P8-L1/2021-12-18/854/specs935-v1-FA-P015090-U2OS-48h-P8-L1_G15_s8_w55D4E387A-C6B4-497A-BAE1-F39092DCB372.npy,HDAC inhibitor
P015090,G15,s9,CBK289737,/mnt/micro-images-pvc/specs935-v1/specs935-v1-FA-P015090-U2OS-48h-P8-L1/2021-12-18/854/specs935-v1-FA-P015090-U2OS-48h-P8-L1_G15_s9_w5A2AA2499-6F54-4A24-BD3A-3AD0BBF014CD.npy,HDAC inhibitor
P015090,G19,s1,CBK308232,/mnt/micro-images-pvc/specs935-v1/specs935-v1-FA-P015090-U2OS-48h-P8-L1/2021-12-18/854/specs935-v1-FA-P015090-U2OS-48h-P8-L1_G19_s1_w5B18F1933-8FBA-4E4B-8BBB-92A9CA8460D8.npy,HSP inhibitor
P015090,G19,s2,CBK308232,/mnt/micro-images-pvc/specs935-v1/specs935-v1-FA-P015090-U2OS-48h-P8-L1/2021-12-18/854/specs935-v1-FA-P015090-U2OS-48h-P8-L1_G19_s2_w5EF17A0D5-2892-4A33-ADCE-AE3472DB9522.npy,HSP inhibitor
P015090,G19,s3,CBK308232,/mnt/micro-images-pvc/specs935-v1/specs935-v1-FA-P015090-U2OS-48h-P8-L1/2021-12-18/854/specs935-v1-FA-P015090-U2OS-48h-P8-L1_G19_s3_w56786B68A-4804-449B-91C4-B8D072796A7F.npy,HSP inhibitor
P015090,G19,s4,CBK308232,/mnt/micro-images-pvc/specs935-v1/specs935-v1-FA-P015090-U2OS-48h-P8-L1/2021-12-18/854/specs935-v1-FA-P015090-U2OS-48h-P8-L1_G19_s4_w5FDAC0AE7-1AD6-4D52-8671-848BAA34C9F0.npy,HSP inhibitor
P015090,G19,s5,CBK308232,/mnt/micro-images-pvc/specs935-v1/specs935-v1-FA-P015090-U2OS-48h-P8-L1/2021-12-18/854/specs935-v1-FA-P015090-U2OS-48h-P8-L1_G19_s5_w55C33D2BF-5D5F-49D9-9FE2-70F9DBCB8C2D.npy,HSP inhibitor
P015090,G19,s6,CBK308232,/mnt/micro-images-pvc/specs935-v1/specs935-v1-FA-P015090-U2OS-48h-P8-L1/2021-12-18/854/specs935-v1-FA-P015090-U2OS-48h-P8-L1_G19_s6_w554E2788C-9A3E-4F33-85EC-7D470BC35757.npy,HSP inhibitor
P015090,G19,s7,CBK308232,/mnt/micro-images-pvc/specs935-v1/specs935-v1-FA-P015090-U2OS-48h-P8-L1/2021-12-18/854/specs935-v1-FA-P015090-U2OS-48h-P8-L1_G19_s7_w53390CE1D-0D55-43CF-BBFB-B37C23C2D40D.npy,HSP inhibitor
P015090,G19,s8,CBK308232,/mnt/micro-images-pvc/specs935-v1/specs935-v1-FA-P015090-U2OS-48h-P8-L1/2021-12-18/854/specs935-v1-FA-P015090-U2OS-48h-P8-L1_G19_s8_w57127FF09-6523-48C6-9289-E6F39DF6DA85.npy,HSP inhibitor
P015090,G19,s9,CBK308232,/mnt/micro-images-pvc/specs935-v1/specs935-v1-FA-P015090-U2OS-48h-P8-L1/2021-12-18/854/specs935-v1-FA-P015090-U2OS-48h-P8-L1_G19_s9_w52358E4FC-DF2B-467D-BECC-95E3B002AFF7.npy,HSP inhibitor
P015090,G20,s1,CBK290837,/mnt/micro-images-pvc/specs935-v1/specs935-v1-FA-P015090-U2OS-48h-P8-L1/2021-12-18/854/specs935-v1-FA-P015090-U2OS-48h-P8-L1_G20_s1_w5B6A103D4-D8AB-42C0-9B3B-24374332138A.npy,HDAC inhibitor
P015090,G20,s2,CBK290837,/mnt/micro-images-pvc/specs935-v1/specs935-v1-FA-P015090-U2OS-48h-P8-L1/2021-12-18/854/specs935-v1-FA-P015090-U2OS-48h-P8-L1_G20_s2_w575696FE0-2CA4-4EBC-9C95-D2784F2A15BA.npy,HDAC inhibitor
P015090,G20,s3,CBK290837,/mnt/micro-images-pvc/specs935-v1/specs935-v1-FA-P015090-U2OS-48h-P8-L1/2021-12-18/854/specs935-v1-FA-P015090-U2OS-48h-P8-L1_G20_s3_w59B5FB93D-62F1-4CB0-B103-E665889C2F26.npy,HDAC inhibitor
P015090,G20,s4,CBK290837,/mnt/micro-images-pvc/specs935-v1/specs935-v1-FA-P015090-U2OS-48h-P8-L1/2021-12-18/854/specs935-v1-FA-P015090-U2OS-48h-P8-L1_G20_s4_w5BFF03994-6581-4727-892C-79778D6FB296.npy,HDAC inhibitor
P015090,G20,s5,CBK290837,/mnt/micro-images-pvc/specs935-v1/specs935-v1-FA-P015090-U2OS-48h-P8-L1/2021-12-18/854/specs935-v1-FA-P015090-U2OS-48h-P8-L1_G20_s5_w548687313-ACEB-4787-BBDF-D7459D7352CD.npy,HDAC inhibitor
P015090,G20,s6,CBK290837,/mnt/micro-images-pvc/specs935-v1/specs935-v1-FA-P015090-U2OS-48h-P8-L1/2021-12-18/854/specs935-v1-FA-P015090-U2OS-48h-P8-L1_G20_s6_w583224DEC-288E-4878-9B7E-B5F39D420C58.npy,HDAC inhibitor
P015090,G20,s7,CBK290837,/mnt/micro-images-pvc/specs935-v1/specs935-v1-FA-P015090-U2OS-48h-P8-L1/2021-12-18/854/specs935-v1-FA-P015090-U2OS-48h-P8-L1_G20_s7_w5B557AF47-43A3-49B4-B475-503603916442.npy,HDAC inhibitor
P015090,G20,s8,CBK290837,/mnt/micro-images-pvc/specs935-v1/specs935-v1-FA-P015090-U2OS-48h-P8-L1/2021-12-18/854/specs935-v1-FA-P015090-U2OS-48h-P8-L1_G20_s8_w53DAF1DEE-919D-4F1F-97C4-536AD8CDBE60.npy,HDAC inhibitor
P015090,G20,s9,CBK290837,/mnt/micro-images-pvc/specs935-v1/specs935-v1-FA-P015090-U2OS-48h-P8-L1/2021-12-18/854/specs935-v1-FA-P015090-U2OS-48h-P8-L1_G20_s9_w5C8187C1E-E47D-4CCC-836D-817CA5470E5C.npy,HDAC inhibitor
P015090,G22,s1,CBK290573,/mnt/micro-images-pvc/specs935-v1/specs935-v1-FA-P015090-U2OS-48h-P8-L1/2021-12-18/854/specs935-v1-FA-P015090-U2OS-48h-P8-L1_G22_s1_w5DDEAB9A6-B4D1-4E0C-8DCD-1E5DE13124DF.npy,HDAC inhibitor
P015090,G22,s2,CBK290573,/mnt/micro-images-pvc/specs935-v1/specs935-v1-FA-P015090-U2OS-48h-P8-L1/2021-12-18/854/specs935-v1-FA-P015090-U2OS-48h-P8-L1_G22_s2_w5626C344B-A2BF-4B30-B5AC-F9C182B8F844.npy,HDAC inhibitor
P015090,G22,s3,CBK290573,/mnt/micro-images-pvc/specs935-v1/specs935-v1-FA-P015090-U2OS-48h-P8-L1/2021-12-18/854/specs935-v1-FA-P015090-U2OS-48h-P8-L1_G22_s3_w59E0154C9-7492-420F-B541-3AF6AE2095DB.npy,HDAC inhibitor
P015090,G22,s4,CBK290573,/mnt/micro-images-pvc/specs935-v1/specs935-v1-FA-P015090-U2OS-48h-P8-L1/2021-12-18/854/specs935-v1-FA-P015090-U2OS-48h-P8-L1_G22_s4_w552946320-0958-48E4-B348-5F34CC115BCA.npy,HDAC inhibitor
P015090,G22,s5,CBK290573,/mnt/micro-images-pvc/specs935-v1/specs935-v1-FA-P015090-U2OS-48h-P8-L1/2021-12-18/854/specs935-v1-FA-P015090-U2OS-48h-P8-L1_G22_s5_w50D313F67-AC9C-401A-8CAF-BFC3037B8FF9.npy,HDAC inhibitor
P015090,G22,s6,CBK290573,/mnt/micro-images-pvc/specs935-v1/specs935-v1-FA-P015090-U2OS-48h-P8-L1/2021-12-18/854/specs935-v1-FA-P015090-U2OS-48h-P8-L1_G22_s6_w50D893E98-2B06-4BDD-9BEC-74959B160B2B.npy,HDAC inhibitor
P015090,G22,s7,CBK290573,/mnt/micro-images-pvc/specs935-v1/specs935-v1-FA-P015090-U2OS-48h-P8-L1/2021-12-18/854/specs935-v1-FA-P015090-U2OS-48h-P8-L1_G22_s7_w557B1671F-70E0-41D5-A1C3-A960E0FA5C82.npy,HDAC inhibitor
P015090,G22,s8,CBK290573,/mnt/micro-images-pvc/specs935-v1/specs935-v1-FA-P015090-U2OS-48h-P8-L1/2021-12-18/854/specs935-v1-FA-P015090-U2OS-48h-P8-L1_G22_s8_w5B02376BA-B201-4064-A1E3-F268286E7A4E.npy,HDAC inhibitor
P015090,G22,s9,CBK290573,/mnt/micro-images-pvc/specs935-v1/specs935-v1-FA-P015090-U2OS-48h-P8-L1/2021-12-18/854/specs935-v1-FA-P015090-U2OS-48h-P8-L1_G22_s9_w5A39EC033-E810-4961-AFCC-7EB5660DD0A9.npy,HDAC inhibitor
P015090,H07,s1,CBK290573,/mnt/micro-images-pvc/specs935-v1/specs935-v1-FA-P015090-U2OS-48h-P8-L1/2021-12-18/854/specs935-v1-FA-P015090-U2OS-48h-P8-L1_H07_s1_w528BDE305-5E3D-49E4-945B-766189B44335.npy,HDAC inhibitor
P015090,H07,s2,CBK290573,/mnt/micro-images-pvc/specs935-v1/specs935-v1-FA-P015090-U2OS-48h-P8-L1/2021-12-18/854/specs935-v1-FA-P015090-U2OS-48h-P8-L1_H07_s2_w5768818C6-B96D-41CE-8FD2-2A1972EBE6F7.npy,HDAC inhibitor
P015090,H07,s3,CBK290573,/mnt/micro-images-pvc/specs935-v1/specs935-v1-FA-P015090-U2OS-48h-P8-L1/2021-12-18/854/specs935-v1-FA-P015090-U2OS-48h-P8-L1_H07_s3_w5BDA9BDDC-6585-4D55-AB1F-D2F91E0E7ADE.npy,HDAC inhibitor
P015090,H07,s4,CBK290573,/mnt/micro-images-pvc/specs935-v1/specs935-v1-FA-P015090-U2OS-48h-P8-L1/2021-12-18/854/specs935-v1-FA-P015090-U2OS-48h-P8-L1_H07_s4_w55BD34409-CC12-4157-9BFF-D2C37B4C0A75.npy,HDAC inhibitor
P015090,H07,s5,CBK290573,/mnt/micro-images-pvc/specs935-v1/specs935-v1-FA-P015090-U2OS-48h-P8-L1/2021-12-18/854/specs935-v1-FA-P015090-U2OS-48h-P8-L1_H07_s5_w5AA169C2A-15C6-453F-84E0-8AEB0DA9CBCC.npy,HDAC inhibitor
P015090,H07,s6,CBK290573,/mnt/micro-images-pvc/specs935-v1/specs935-v1-FA-P015090-U2OS-48h-P8-L1/2021-12-18/854/specs935-v1-FA-P015090-U2OS-48h-P8-L1_H07_s6_w56EF74CC3-B81F-4925-B73E-D7FDA1AA0E8F.npy,HDAC inhibitor
P015090,H07,s7,CBK290573,/mnt/micro-images-pvc/specs935-v1/specs935-v1-FA-P015090-U2OS-48h-P8-L1/2021-12-18/854/specs935-v1-FA-P015090-U2OS-48h-P8-L1_H07_s7_w554A2BCB2-0D88-4B36-A219-C540E6FB6EAF.npy,HDAC inhibitor
P015090,H07,s8,CBK290573,/mnt/micro-images-pvc/specs935-v1/specs935-v1-FA-P015090-U2OS-48h-P8-L1/2021-12-18/854/specs935-v1-FA-P015090-U2OS-48h-P8-L1_H07_s8_w54FA940E9-DBFD-4E33-9EE1-BED8746EE898.npy,HDAC inhibitor
P015090,H07,s9,CBK290573,/mnt/micro-images-pvc/specs935-v1/specs935-v1-FA-P015090-U2OS-48h-P8-L1/2021-12-18/854/specs935-v1-FA-P015090-U2OS-48h-P8-L1_H07_s9_w56C573908-7AA6-4684-8D54-82CCE423BC12.npy,HDAC inhibitor
P015090,H09,s1,CBK290803,/mnt/micro-images-pvc/specs935-v1/specs935-v1-FA-P015090-U2OS-48h-P8-L1/2021-12-18/854/specs935-v1-FA-P015090-U2OS-48h-P8-L1_H09_s1_w5347BB70F-8D2D-4F67-B695-FF1007C49256.npy,HSP inhibitor
P015090,H09,s2,CBK290803,/mnt/micro-images-pvc/specs935-v1/specs935-v1-FA-P015090-U2OS-48h-P8-L1/2021-12-18/854/specs935-v1-FA-P015090-U2OS-48h-P8-L1_H09_s2_w5B2D067EF-CC2C-4768-99CF-49038E93AB53.npy,HSP inhibitor
P015090,H09,s3,CBK290803,/mnt/micro-images-pvc/specs935-v1/specs935-v1-FA-P015090-U2OS-48h-P8-L1/2021-12-18/854/specs935-v1-FA-P015090-U2OS-48h-P8-L1_H09_s3_w59DB02B3B-08E8-4A5C-B45E-05A97614B420.npy,HSP inhibitor
P015090,H09,s4,CBK290803,/mnt/micro-images-pvc/specs935-v1/specs935-v1-FA-P015090-U2OS-48h-P8-L1/2021-12-18/854/specs935-v1-FA-P015090-U2OS-48h-P8-L1_H09_s4_w526B96EB3-ACCC-4FE0-A902-90BAFE5382C7.npy,HSP inhibitor
P015090,H09,s5,CBK290803,/mnt/micro-images-pvc/specs935-v1/specs935-v1-FA-P015090-U2OS-48h-P8-L1/2021-12-18/854/specs935-v1-FA-P015090-U2OS-48h-P8-L1_H09_s5_w5E062482E-3630-41A3-8445-51943650307B.npy,HSP inhibitor
P015090,H09,s6,CBK290803,/mnt/micro-images-pvc/specs935-v1/specs935-v1-FA-P015090-U2OS-48h-P8-L1/2021-12-18/854/specs935-v1-FA-P015090-U2OS-48h-P8-L1_H09_s6_w5CD75DD08-3045-41B3-B97C-4B867968FF9D.npy,HSP inhibitor
P015090,H09,s7,CBK290803,/mnt/micro-images-pvc/specs935-v1/specs935-v1-FA-P015090-U2OS-48h-P8-L1/2021-12-18/854/specs935-v1-FA-P015090-U2OS-48h-P8-L1_H09_s7_w5584F5E20-DEB4-4E02-AE07-D4C2535EC2CE.npy,HSP inhibitor
P015090,H09,s8,CBK290803,/mnt/micro-images-pvc/specs935-v1/specs935-v1-FA-P015090-U2OS-48h-P8-L1/2021-12-18/854/specs935-v1-FA-P015090-U2OS-48h-P8-L1_H09_s8_w5F38BB5C7-B732-4B2A-8628-4F1877728C86.npy,HSP inhibitor
P015090,H09,s9,CBK290803,/mnt/micro-images-pvc/specs935-v1/specs935-v1-FA-P015090-U2OS-48h-P8-L1/2021-12-18/854/specs935-v1-FA-P015090-U2OS-48h-P8-L1_H09_s9_w5E7BCD867-3465-4467-A240-F4ED50985C87.npy,HSP inhibitor
P015090,H11,s1,CBK201016,/mnt/micro-images-pvc/specs935-v1/specs935-v1-FA-P015090-U2OS-48h-P8-L1/2021-12-18/854/specs935-v1-FA-P015090-U2OS-48h-P8-L1_H11_s1_w5A01D6617-EF10-4B7B-88E2-8A6334505AF0.npy,HDAC inhibitor
P015090,H11,s2,CBK201016,/mnt/micro-images-pvc/specs935-v1/specs935-v1-FA-P015090-U2OS-48h-P8-L1/2021-12-18/854/specs935-v1-FA-P015090-U2OS-48h-P8-L1_H11_s2_w5D504D517-9AF8-4452-A42E-00C9AB519BF8.npy,HDAC inhibitor
P015090,H11,s3,CBK201016,/mnt/micro-images-pvc/specs935-v1/specs935-v1-FA-P015090-U2OS-48h-P8-L1/2021-12-18/854/specs935-v1-FA-P015090-U2OS-48h-P8-L1_H11_s3_w55426D045-BA15-4521-B5B8-B0880577562D.npy,HDAC inhibitor
P015090,H11,s4,CBK201016,/mnt/micro-images-pvc/specs935-v1/specs935-v1-FA-P015090-U2OS-48h-P8-L1/2021-12-18/854/specs935-v1-FA-P015090-U2OS-48h-P8-L1_H11_s4_w58B0400FA-1BDB-40E9-B128-2F7E2C670DA8.npy,HDAC inhibitor
P015090,H11,s5,CBK201016,/mnt/micro-images-pvc/specs935-v1/specs935-v1-FA-P015090-U2OS-48h-P8-L1/2021-12-18/854/specs935-v1-FA-P015090-U2OS-48h-P8-L1_H11_s5_w5B0F33CAA-5922-4940-AFFE-B685EABDABD3.npy,HDAC inhibitor
P015090,H11,s6,CBK201016,/mnt/micro-images-pvc/specs935-v1/specs935-v1-FA-P015090-U2OS-48h-P8-L1/2021-12-18/854/specs935-v1-FA-P015090-U2OS-48h-P8-L1_H11_s6_w51EC472EB-A2D8-4874-BC97-86CE26D1A641.npy,HDAC inhibitor
P015090,H11,s7,CBK201016,/mnt/micro-images-pvc/specs935-v1/specs935-v1-FA-P015090-U2OS-48h-P8-L1/2021-12-18/854/specs935-v1-FA-P015090-U2OS-48h-P8-L1_H11_s7_w55BE7BD4F-6286-4D21-9996-97BB5D600EAC.npy,HDAC inhibitor
P015090,H11,s8,CBK201016,/mnt/micro-images-pvc/specs935-v1/specs935-v1-FA-P015090-U2OS-48h-P8-L1/2021-12-18/854/specs935-v1-FA-P015090-U2OS-48h-P8-L1_H11_s8_w50EB926A9-D9DC-4807-B789-D3B1927B1913.npy,HDAC inhibitor
P015090,H11,s9,CBK201016,/mnt/micro-images-pvc/specs935-v1/specs935-v1-FA-P015090-U2OS-48h-P8-L1/2021-12-18/854/specs935-v1-FA-P015090-U2OS-48h-P8-L1_H11_s9_w54D899173-B3A8-4B28-BA81-5251053E1703.npy,HDAC inhibitor
P015090,H13,s1,CBK289739,/mnt/micro-images-pvc/specs935-v1/specs935-v1-FA-P015090-U2OS-48h-P8-L1/2021-12-18/854/specs935-v1-FA-P015090-U2OS-48h-P8-L1_H13_s1_w5C9D8BD94-5A16-479E-BB57-9557E247C6D2.npy,HDAC inhibitor
P015090,H13,s2,CBK289739,/mnt/micro-images-pvc/specs935-v1/specs935-v1-FA-P015090-U2OS-48h-P8-L1/2021-12-18/854/specs935-v1-FA-P015090-U2OS-48h-P8-L1_H13_s2_w5632E69EB-C2AA-4913-B5BD-FFB4B659A563.npy,HDAC inhibitor
P015090,H13,s3,CBK289739,/mnt/micro-images-pvc/specs935-v1/specs935-v1-FA-P015090-U2OS-48h-P8-L1/2021-12-18/854/specs935-v1-FA-P015090-U2OS-48h-P8-L1_H13_s3_w5FFCA7051-0C87-43EE-AFF9-820534C1CE5E.npy,HDAC inhibitor
P015090,H13,s4,CBK289739,/mnt/micro-images-pvc/specs935-v1/specs935-v1-FA-P015090-U2OS-48h-P8-L1/2021-12-18/854/specs935-v1-FA-P015090-U2OS-48h-P8-L1_H13_s4_w5EA703D49-7903-49B8-AF14-AC339A2A0ADE.npy,HDAC inhibitor
P015090,H13,s5,CBK289739,/mnt/micro-images-pvc/specs935-v1/specs935-v1-FA-P015090-U2OS-48h-P8-L1/2021-12-18/854/specs935-v1-FA-P015090-U2OS-48h-P8-L1_H13_s5_w5D46B25B7-16DD-4FF4-9144-55BD121A804C.npy,HDAC inhibitor
P015090,H13,s6,CBK289739,/mnt/micro-images-pvc/specs935-v1/specs935-v1-FA-P015090-U2OS-48h-P8-L1/2021-12-18/854/specs935-v1-FA-P015090-U2OS-48h-P8-L1_H13_s6_w5A8A7A529-A608-47B2-BEE8-441B4A2B0E31.npy,HDAC inhibitor
P015090,H13,s7,CBK289739,/mnt/micro-images-pvc/specs935-v1/specs935-v1-FA-P015090-U2OS-48h-P8-L1/2021-12-18/854/specs935-v1-FA-P015090-U2OS-48h-P8-L1_H13_s7_w5E0DD18D9-B499-48CE-B3C0-3A5AFE2CE613.npy,HDAC inhibitor
P015090,H13,s8,CBK289739,/mnt/micro-images-pvc/specs935-v1/specs935-v1-FA-P015090-U2OS-48h-P8-L1/2021-12-18/854/specs935-v1-FA-P015090-U2OS-48h-P8-L1_H13_s8_w50523F47F-6BCF-4E08-B209-53F310D183DE.npy,HDAC inhibitor
P015090,H13,s9,CBK289739,/mnt/micro-images-pvc/specs935-v1/specs935-v1-FA-P015090-U2OS-48h-P8-L1/2021-12-18/854/specs935-v1-FA-P015090-U2OS-48h-P8-L1_H13_s9_w51BE7AB52-5681-40B1-B2FA-F105B6269BCF.npy,HDAC inhibitor
P015090,H16,s1,CBK278047,/mnt/micro-images-pvc/specs935-v1/specs935-v1-FA-P015090-U2OS-48h-P8-L1/2021-12-18/854/specs935-v1-FA-P015090-U2OS-48h-P8-L1_H16_s1_w5F67B9209-3CDC-4226-8C7A-87FDD241ABBE.npy,HSP inhibitor
P015090,H16,s2,CBK278047,/mnt/micro-images-pvc/specs935-v1/specs935-v1-FA-P015090-U2OS-48h-P8-L1/2021-12-18/854/specs935-v1-FA-P015090-U2OS-48h-P8-L1_H16_s2_w56E49D22E-CDEC-4C46-90E3-07CD66E64BF2.npy,HSP inhibitor
P015090,H16,s3,CBK278047,/mnt/micro-images-pvc/specs935-v1/specs935-v1-FA-P015090-U2OS-48h-P8-L1/2021-12-18/854/specs935-v1-FA-P015090-U2OS-48h-P8-L1_H16_s3_w5E5575236-8766-4035-BD92-78BA5738A38E.npy,HSP inhibitor
P015090,H16,s4,CBK278047,/mnt/micro-images-pvc/specs935-v1/specs935-v1-FA-P015090-U2OS-48h-P8-L1/2021-12-18/854/specs935-v1-FA-P015090-U2OS-48h-P8-L1_H16_s4_w5CEA93267-A854-4B18-B09B-7E854B9A0268.npy,HSP inhibitor
P015090,H16,s5,CBK278047,/mnt/micro-images-pvc/specs935-v1/specs935-v1-FA-P015090-U2OS-48h-P8-L1/2021-12-18/854/specs935-v1-FA-P015090-U2OS-48h-P8-L1_H16_s5_w5270677EA-9C3A-4032-A662-2FA849B53713.npy,HSP inhibitor
P015090,H16,s6,CBK278047,/mnt/micro-images-pvc/specs935-v1/specs935-v1-FA-P015090-U2OS-48h-P8-L1/2021-12-18/854/specs935-v1-FA-P015090-U2OS-48h-P8-L1_H16_s6_w5B0461B58-ACC0-4677-A2B4-56B25E827793.npy,HSP inhibitor
P015090,H16,s7,CBK278047,/mnt/micro-images-pvc/specs935-v1/specs935-v1-FA-P015090-U2OS-48h-P8-L1/2021-12-18/854/specs935-v1-FA-P015090-U2OS-48h-P8-L1_H16_s7_w5AF1C87A3-A51A-46E2-800B-FBD7E7E45A31.npy,HSP inhibitor
P015090,H16,s8,CBK278047,/mnt/micro-images-pvc/specs935-v1/specs935-v1-FA-P015090-U2OS-48h-P8-L1/2021-12-18/854/specs935-v1-FA-P015090-U2OS-48h-P8-L1_H16_s8_w514F33ACE-CFA5-427E-9411-8004D80B061E.npy,HSP inhibitor
P015090,H16,s9,CBK278047,/mnt/micro-images-pvc/specs935-v1/specs935-v1-FA-P015090-U2OS-48h-P8-L1/2021-12-18/854/specs935-v1-FA-P015090-U2OS-48h-P8-L1_H16_s9_w513E7B6E2-2441-494D-8DD0-B5F0460B26E6.npy,HSP inhibitor
P015090,H18,s1,CBK277957,/mnt/micro-images-pvc/specs935-v1/specs935-v1-FA-P015090-U2OS-48h-P8-L1/2021-12-18/854/specs935-v1-FA-P015090-U2OS-48h-P8-L1_H18_s1_w542CFA48E-3875-48A7-9810-4E4F8131B2DA.npy,HDAC inhibitor
P015090,H18,s2,CBK277957,/mnt/micro-images-pvc/specs935-v1/specs935-v1-FA-P015090-U2OS-48h-P8-L1/2021-12-18/854/specs935-v1-FA-P015090-U2OS-48h-P8-L1_H18_s2_w5FD5257DC-BC54-41F3-A836-D2B2D00F6839.npy,HDAC inhibitor
P015090,H18,s3,CBK277957,/mnt/micro-images-pvc/specs935-v1/specs935-v1-FA-P015090-U2OS-48h-P8-L1/2021-12-18/854/specs935-v1-FA-P015090-U2OS-48h-P8-L1_H18_s3_w571E24613-F7DC-4964-9AE3-478CDCE5A5E3.npy,HDAC inhibitor
P015090,H18,s4,CBK277957,/mnt/micro-images-pvc/specs935-v1/specs935-v1-FA-P015090-U2OS-48h-P8-L1/2021-12-18/854/specs935-v1-FA-P015090-U2OS-48h-P8-L1_H18_s4_w59CA2A491-A036-4E19-8C41-10EFEB3749AB.npy,HDAC inhibitor
P015090,H18,s5,CBK277957,/mnt/micro-images-pvc/specs935-v1/specs935-v1-FA-P015090-U2OS-48h-P8-L1/2021-12-18/854/specs935-v1-FA-P015090-U2OS-48h-P8-L1_H18_s5_w51FBFC9DE-16E8-4B01-BAC7-D11BECF3D153.npy,HDAC inhibitor
P015090,H18,s6,CBK277957,/mnt/micro-images-pvc/specs935-v1/specs935-v1-FA-P015090-U2OS-48h-P8-L1/2021-12-18/854/specs935-v1-FA-P015090-U2OS-48h-P8-L1_H18_s6_w522B2290A-86FF-4D41-BB1D-8A9489F5A8DF.npy,HDAC inhibitor
P015090,H18,s7,CBK277957,/mnt/micro-images-pvc/specs935-v1/specs935-v1-FA-P015090-U2OS-48h-P8-L1/2021-12-18/854/specs935-v1-FA-P015090-U2OS-48h-P8-L1_H18_s7_w5229615EC-8E2E-40AA-9E7E-49ED1327FCC2.npy,HDAC inhibitor
P015090,H18,s8,CBK277957,/mnt/micro-images-pvc/specs935-v1/specs935-v1-FA-P015090-U2OS-48h-P8-L1/2021-12-18/854/specs935-v1-FA-P015090-U2OS-48h-P8-L1_H18_s8_w5470FA6BA-4F9C-463C-AC85-D15834036224.npy,HDAC inhibitor
P015090,H18,s9,CBK277957,/mnt/micro-images-pvc/specs935-v1/specs935-v1-FA-P015090-U2OS-48h-P8-L1/2021-12-18/854/specs935-v1-FA-P015090-U2OS-48h-P8-L1_H18_s9_w578953886-BC1C-4510-A0F0-86A0DC033255.npy,HDAC inhibitor
P015090,H22,s1,CBK303971,/mnt/micro-images-pvc/specs935-v1/specs935-v1-FA-P015090-U2OS-48h-P8-L1/2021-12-18/854/specs935-v1-FA-P015090-U2OS-48h-P8-L1_H22_s1_w505B1F8AD-EAE2-48A8-ACC5-56EF7D5B4386.npy,HDAC inhibitor
P015090,H22,s2,CBK303971,/mnt/micro-images-pvc/specs935-v1/specs935-v1-FA-P015090-U2OS-48h-P8-L1/2021-12-18/854/specs935-v1-FA-P015090-U2OS-48h-P8-L1_H22_s2_w5FEC35DA2-3EC3-4FDB-8255-A240D9EBE1B1.npy,HDAC inhibitor
P015090,H22,s3,CBK303971,/mnt/micro-images-pvc/specs935-v1/specs935-v1-FA-P015090-U2OS-48h-P8-L1/2021-12-18/854/specs935-v1-FA-P015090-U2OS-48h-P8-L1_H22_s3_w562060D1D-8EF0-4F9B-AB45-8C32D5555750.npy,HDAC inhibitor
P015090,H22,s4,CBK303971,/mnt/micro-images-pvc/specs935-v1/specs935-v1-FA-P015090-U2OS-48h-P8-L1/2021-12-18/854/specs935-v1-FA-P015090-U2OS-48h-P8-L1_H22_s4_w51B4A50E5-9068-47BD-9BB2-7B3AE4472548.npy,HDAC inhibitor
P015090,H22,s5,CBK303971,/mnt/micro-images-pvc/specs935-v1/specs935-v1-FA-P015090-U2OS-48h-P8-L1/2021-12-18/854/specs935-v1-FA-P015090-U2OS-48h-P8-L1_H22_s5_w5C2BB60F4-FA4C-4DA7-82D0-BC3BA3E6CF49.npy,HDAC inhibitor
P015090,H22,s6,CBK303971,/mnt/micro-images-pvc/specs935-v1/specs935-v1-FA-P015090-U2OS-48h-P8-L1/2021-12-18/854/specs935-v1-FA-P015090-U2OS-48h-P8-L1_H22_s6_w557E21B5E-1381-448E-A63A-1A0F4DE8418D.npy,HDAC inhibitor
P015090,H22,s7,CBK303971,/mnt/micro-images-pvc/specs935-v1/specs935-v1-FA-P015090-U2OS-48h-P8-L1/2021-12-18/854/specs935-v1-FA-P015090-U2OS-48h-P8-L1_H22_s7_w5A97D8312-7BD6-4C62-9FC1-3AFC18CBDA2F.npy,HDAC inhibitor
P015090,H22,s8,CBK303971,/mnt/micro-images-pvc/specs935-v1/specs935-v1-FA-P015090-U2OS-48h-P8-L1/2021-12-18/854/specs935-v1-FA-P015090-U2OS-48h-P8-L1_H22_s8_w54A9A7AE2-9BD3-425C-9679-EAC96F2196CD.npy,HDAC inhibitor
P015090,H22,s9,CBK303971,/mnt/micro-images-pvc/specs935-v1/specs935-v1-FA-P015090-U2OS-48h-P8-L1/2021-12-18/854/specs935-v1-FA-P015090-U2OS-48h-P8-L1_H22_s9_w5693C1826-E24B-4302-9936-831CDC671563.npy,HDAC inhibitor
P015090,I06,s1,CBK289739,/mnt/micro-images-pvc/specs935-v1/specs935-v1-FA-P015090-U2OS-48h-P8-L1/2021-12-18/854/specs935-v1-FA-P015090-U2OS-48h-P8-L1_I06_s1_w5442DB1CB-6A33-4F4F-ABFE-0838A0B0EFA7.npy,HDAC inhibitor
P015090,I06,s2,CBK289739,/mnt/micro-images-pvc/specs935-v1/specs935-v1-FA-P015090-U2OS-48h-P8-L1/2021-12-18/854/specs935-v1-FA-P015090-U2OS-48h-P8-L1_I06_s2_w54C436B73-6563-4804-8DD0-60F5DCB567CD.npy,HDAC inhibitor
P015090,I06,s3,CBK289739,/mnt/micro-images-pvc/specs935-v1/specs935-v1-FA-P015090-U2OS-48h-P8-L1/2021-12-18/854/specs935-v1-FA-P015090-U2OS-48h-P8-L1_I06_s3_w59759FB29-8309-4C75-9B02-9CB01E3FA572.npy,HDAC inhibitor
P015090,I06,s4,CBK289739,/mnt/micro-images-pvc/specs935-v1/specs935-v1-FA-P015090-U2OS-48h-P8-L1/2021-12-18/854/specs935-v1-FA-P015090-U2OS-48h-P8-L1_I06_s4_w5CA67CCA7-7A04-4456-A5DD-699F986A83B0.npy,HDAC inhibitor
P015090,I06,s5,CBK289739,/mnt/micro-images-pvc/specs935-v1/specs935-v1-FA-P015090-U2OS-48h-P8-L1/2021-12-18/854/specs935-v1-FA-P015090-U2OS-48h-P8-L1_I06_s5_w51B4747B3-313F-404B-9634-4B8FCC624268.npy,HDAC inhibitor
P015090,I06,s6,CBK289739,/mnt/micro-images-pvc/specs935-v1/specs935-v1-FA-P015090-U2OS-48h-P8-L1/2021-12-18/854/specs935-v1-FA-P015090-U2OS-48h-P8-L1_I06_s6_w5A7ACAB67-6B00-433B-9576-5C155997AF01.npy,HDAC inhibitor
P015090,I06,s7,CBK289739,/mnt/micro-images-pvc/specs935-v1/specs935-v1-FA-P015090-U2OS-48h-P8-L1/2021-12-18/854/specs935-v1-FA-P015090-U2OS-48h-P8-L1_I06_s7_w517B9E3B6-ED36-4C19-BB9A-D55211C5F561.npy,HDAC inhibitor
P015090,I06,s8,CBK289739,/mnt/micro-images-pvc/specs935-v1/specs935-v1-FA-P015090-U2OS-48h-P8-L1/2021-12-18/854/specs935-v1-FA-P015090-U2OS-48h-P8-L1_I06_s8_w5322EB362-E0F4-4AF4-9111-8047E00BF492.npy,HDAC inhibitor
P015090,I06,s9,CBK289739,/mnt/micro-images-pvc/specs935-v1/specs935-v1-FA-P015090-U2OS-48h-P8-L1/2021-12-18/854/specs935-v1-FA-P015090-U2OS-48h-P8-L1_I06_s9_w59EDCDA14-F2BD-4972-A0AE-B4AC894538F5.npy,HDAC inhibitor
P015090,I10,s1,CBK308657,/mnt/micro-images-pvc/specs935-v1/specs935-v1-FA-P015090-U2OS-48h-P8-L1/2021-12-18/854/specs935-v1-FA-P015090-U2OS-48h-P8-L1_I10_s1_w556BB53B1-7CAF-437B-BCFC-242BB583B72A.npy,HSP inhibitor
P015090,I10,s2,CBK308657,/mnt/micro-images-pvc/specs935-v1/specs935-v1-FA-P015090-U2OS-48h-P8-L1/2021-12-18/854/specs935-v1-FA-P015090-U2OS-48h-P8-L1_I10_s2_w5D0A4952F-E94D-4422-A67F-DFCC852137DF.npy,HSP inhibitor
P015090,I10,s3,CBK308657,/mnt/micro-images-pvc/specs935-v1/specs935-v1-FA-P015090-U2OS-48h-P8-L1/2021-12-18/854/specs935-v1-FA-P015090-U2OS-48h-P8-L1_I10_s3_w5894F6433-FEDB-4FEF-A8FC-5A3C766446C1.npy,HSP inhibitor
P015090,I10,s4,CBK308657,/mnt/micro-images-pvc/specs935-v1/specs935-v1-FA-P015090-U2OS-48h-P8-L1/2021-12-18/854/specs935-v1-FA-P015090-U2OS-48h-P8-L1_I10_s4_w5E0AB25E5-891C-4FE6-B175-60D0F4B046F5.npy,HSP inhibitor
P015090,I10,s5,CBK308657,/mnt/micro-images-pvc/specs935-v1/specs935-v1-FA-P015090-U2OS-48h-P8-L1/2021-12-18/854/specs935-v1-FA-P015090-U2OS-48h-P8-L1_I10_s5_w5D20F8611-A990-46A6-BBA2-758DA3CD3947.npy,HSP inhibitor
P015090,I10,s6,CBK308657,/mnt/micro-images-pvc/specs935-v1/specs935-v1-FA-P015090-U2OS-48h-P8-L1/2021-12-18/854/specs935-v1-FA-P015090-U2OS-48h-P8-L1_I10_s6_w58753F643-85A0-4368-9BB9-511DE53ACCDE.npy,HSP inhibitor
P015090,I10,s7,CBK308657,/mnt/micro-images-pvc/specs935-v1/specs935-v1-FA-P015090-U2OS-48h-P8-L1/2021-12-18/854/specs935-v1-FA-P015090-U2OS-48h-P8-L1_I10_s7_w5B7F707E5-4E9E-42D7-B70D-08CBFB66BDFA.npy,HSP inhibitor
P015090,I10,s8,CBK308657,/mnt/micro-images-pvc/specs935-v1/specs935-v1-FA-P015090-U2OS-48h-P8-L1/2021-12-18/854/specs935-v1-FA-P015090-U2OS-48h-P8-L1_I10_s8_w596466224-D0AA-4D09-BB09-70B56C35EB8B.npy,HSP inhibitor
P015090,I10,s9,CBK308657,/mnt/micro-images-pvc/specs935-v1/specs935-v1-FA-P015090-U2OS-48h-P8-L1/2021-12-18/854/specs935-v1-FA-P015090-U2OS-48h-P8-L1_I10_s9_w5D6AF9AB2-4C04-4698-926D-A612FA24BC3B.npy,HSP inhibitor
P015090,I11,s1,CBK278047,/mnt/micro-images-pvc/specs935-v1/specs935-v1-FA-P015090-U2OS-48h-P8-L1/2021-12-18/854/specs935-v1-FA-P015090-U2OS-48h-P8-L1_I11_s1_w529531E12-9CA0-4A4E-A39D-CF7FA8F39CD6.npy,HSP inhibitor
P015090,I11,s2,CBK278047,/mnt/micro-images-pvc/specs935-v1/specs935-v1-FA-P015090-U2OS-48h-P8-L1/2021-12-18/854/specs935-v1-FA-P015090-U2OS-48h-P8-L1_I11_s2_w54F398CD2-709A-4B18-93A1-D6AECDF1D4EB.npy,HSP inhibitor
P015090,I11,s3,CBK278047,/mnt/micro-images-pvc/specs935-v1/specs935-v1-FA-P015090-U2OS-48h-P8-L1/2021-12-18/854/specs935-v1-FA-P015090-U2OS-48h-P8-L1_I11_s3_w50E549525-E8A4-4F4E-850F-A894527D2B21.npy,HSP inhibitor
P015090,I11,s4,CBK278047,/mnt/micro-images-pvc/specs935-v1/specs935-v1-FA-P015090-U2OS-48h-P8-L1/2021-12-18/854/specs935-v1-FA-P015090-U2OS-48h-P8-L1_I11_s4_w59733F6D2-D31E-40B1-8E33-1B9C0BFB0064.npy,HSP inhibitor
P015090,I11,s5,CBK278047,/mnt/micro-images-pvc/specs935-v1/specs935-v1-FA-P015090-U2OS-48h-P8-L1/2021-12-18/854/specs935-v1-FA-P015090-U2OS-48h-P8-L1_I11_s5_w58D6B9193-9168-41CE-BA09-A90231F6B93C.npy,HSP inhibitor
P015090,I11,s6,CBK278047,/mnt/micro-images-pvc/specs935-v1/specs935-v1-FA-P015090-U2OS-48h-P8-L1/2021-12-18/854/specs935-v1-FA-P015090-U2OS-48h-P8-L1_I11_s6_w5B344ACDB-D015-4A91-B0CE-244E0BD54B25.npy,HSP inhibitor
P015090,I11,s7,CBK278047,/mnt/micro-images-pvc/specs935-v1/specs935-v1-FA-P015090-U2OS-48h-P8-L1/2021-12-18/854/specs935-v1-FA-P015090-U2OS-48h-P8-L1_I11_s7_w508EF84F8-2143-4756-9FAB-45B4FDEC6CB0.npy,HSP inhibitor
P015090,I11,s8,CBK278047,/mnt/micro-images-pvc/specs935-v1/specs935-v1-FA-P015090-U2OS-48h-P8-L1/2021-12-18/854/specs935-v1-FA-P015090-U2OS-48h-P8-L1_I11_s8_w51BA171B4-3ABF-4CCE-BAA2-D3ED6CD1B8FB.npy,HSP inhibitor
P015090,I11,s9,CBK278047,/mnt/micro-images-pvc/specs935-v1/specs935-v1-FA-P015090-U2OS-48h-P8-L1/2021-12-18/854/specs935-v1-FA-P015090-U2OS-48h-P8-L1_I11_s9_w5E1B89D29-B1F3-4D5B-9DE8-9B61FB250DAA.npy,HSP inhibitor
P015090,I12,s1,CBK290816,/mnt/micro-images-pvc/specs935-v1/specs935-v1-FA-P015090-U2OS-48h-P8-L1/2021-12-18/854/specs935-v1-FA-P015090-U2OS-48h-P8-L1_I12_s1_w543B3FE8C-A844-4ACB-B436-FE1910E6101B.npy,HDAC inhibitor
P015090,I12,s2,CBK290816,/mnt/micro-images-pvc/specs935-v1/specs935-v1-FA-P015090-U2OS-48h-P8-L1/2021-12-18/854/specs935-v1-FA-P015090-U2OS-48h-P8-L1_I12_s2_w55EB20630-CB99-4346-A187-C2A1E92EE894.npy,HDAC inhibitor
P015090,I12,s3,CBK290816,/mnt/micro-images-pvc/specs935-v1/specs935-v1-FA-P015090-U2OS-48h-P8-L1/2021-12-18/854/specs935-v1-FA-P015090-U2OS-48h-P8-L1_I12_s3_w5E9C4244B-D736-46B1-A267-1D24B27E6D12.npy,HDAC inhibitor
P015090,I12,s4,CBK290816,/mnt/micro-images-pvc/specs935-v1/specs935-v1-FA-P015090-U2OS-48h-P8-L1/2021-12-18/854/specs935-v1-FA-P015090-U2OS-48h-P8-L1_I12_s4_w533775666-1374-4982-AE63-D4109AE8086A.npy,HDAC inhibitor
P015090,I12,s5,CBK290816,/mnt/micro-images-pvc/specs935-v1/specs935-v1-FA-P015090-U2OS-48h-P8-L1/2021-12-18/854/specs935-v1-FA-P015090-U2OS-48h-P8-L1_I12_s5_w56445A894-10B6-40AC-A6EA-C5BF0B8D50D7.npy,HDAC inhibitor
P015090,I12,s6,CBK290816,/mnt/micro-images-pvc/specs935-v1/specs935-v1-FA-P015090-U2OS-48h-P8-L1/2021-12-18/854/specs935-v1-FA-P015090-U2OS-48h-P8-L1_I12_s6_w5C318C432-1583-4439-942D-781B4890BA84.npy,HDAC inhibitor
P015090,I12,s7,CBK290816,/mnt/micro-images-pvc/specs935-v1/specs935-v1-FA-P015090-U2OS-48h-P8-L1/2021-12-18/854/specs935-v1-FA-P015090-U2OS-48h-P8-L1_I12_s7_w564277ACB-B71A-484C-91A5-C8CB790ACE2C.npy,HDAC inhibitor
P015090,I12,s8,CBK290816,/mnt/micro-images-pvc/specs935-v1/specs935-v1-FA-P015090-U2OS-48h-P8-L1/2021-12-18/854/specs935-v1-FA-P015090-U2OS-48h-P8-L1_I12_s8_w5DF5EB3C1-65D7-460F-A22F-E70BE3896C46.npy,HDAC inhibitor
P015090,I12,s9,CBK290816,/mnt/micro-images-pvc/specs935-v1/specs935-v1-FA-P015090-U2OS-48h-P8-L1/2021-12-18/854/specs935-v1-FA-P015090-U2OS-48h-P8-L1_I12_s9_w5B221CB0C-EEAE-40C0-8CE3-DBB2DEF86560.npy,HDAC inhibitor
P015090,I14,s1,CBK041242,/mnt/micro-images-pvc/specs935-v1/specs935-v1-FA-P015090-U2OS-48h-P8-L1/2021-12-18/854/specs935-v1-FA-P015090-U2OS-48h-P8-L1_I14_s1_w5E0B11FB6-3885-4AE2-8BF6-407CEB0B3563.npy,JAK inhibitor
P015090,I14,s2,CBK041242,/mnt/micro-images-pvc/specs935-v1/specs935-v1-FA-P015090-U2OS-48h-P8-L1/2021-12-18/854/specs935-v1-FA-P015090-U2OS-48h-P8-L1_I14_s2_w5461F8C7E-B362-4C79-BAB3-E8C7615D2361.npy,JAK inhibitor
P015090,I14,s3,CBK041242,/mnt/micro-images-pvc/specs935-v1/specs935-v1-FA-P015090-U2OS-48h-P8-L1/2021-12-18/854/specs935-v1-FA-P015090-U2OS-48h-P8-L1_I14_s3_w5F77B6D86-4217-4023-824C-8B69D5B560BE.npy,JAK inhibitor
P015090,I14,s4,CBK041242,/mnt/micro-images-pvc/specs935-v1/specs935-v1-FA-P015090-U2OS-48h-P8-L1/2021-12-18/854/specs935-v1-FA-P015090-U2OS-48h-P8-L1_I14_s4_w50C938EB1-D77E-40E3-9A4F-91A7F49C972A.npy,JAK inhibitor
P015090,I14,s5,CBK041242,/mnt/micro-images-pvc/specs935-v1/specs935-v1-FA-P015090-U2OS-48h-P8-L1/2021-12-18/854/specs935-v1-FA-P015090-U2OS-48h-P8-L1_I14_s5_w54562D9B3-A6D0-4547-98DE-4E5562F675AE.npy,JAK inhibitor
P015090,I14,s6,CBK041242,/mnt/micro-images-pvc/specs935-v1/specs935-v1-FA-P015090-U2OS-48h-P8-L1/2021-12-18/854/specs935-v1-FA-P015090-U2OS-48h-P8-L1_I14_s6_w5450B77D0-3BE4-44CF-827E-FC3EE742C8D8.npy,JAK inhibitor
P015090,I14,s7,CBK041242,/mnt/micro-images-pvc/specs935-v1/specs935-v1-FA-P015090-U2OS-48h-P8-L1/2021-12-18/854/specs935-v1-FA-P015090-U2OS-48h-P8-L1_I14_s7_w558A27D7F-F317-4EFB-97B4-685BA30D32BD.npy,JAK inhibitor
P015090,I14,s8,CBK041242,/mnt/micro-images-pvc/specs935-v1/specs935-v1-FA-P015090-U2OS-48h-P8-L1/2021-12-18/854/specs935-v1-FA-P015090-U2OS-48h-P8-L1_I14_s8_w5DE6EAE40-BFB6-43AB-807D-214E45CA526F.npy,JAK inhibitor
P015090,I14,s9,CBK041242,/mnt/micro-images-pvc/specs935-v1/specs935-v1-FA-P015090-U2OS-48h-P8-L1/2021-12-18/854/specs935-v1-FA-P015090-U2OS-48h-P8-L1_I14_s9_w510B7482D-DE39-485F-BF70-FD95013C7CFB.npy,JAK inhibitor
P015090,I16,s1,CBK308430,/mnt/micro-images-pvc/specs935-v1/specs935-v1-FA-P015090-U2OS-48h-P8-L1/2021-12-18/854/specs935-v1-FA-P015090-U2OS-48h-P8-L1_I16_s1_w5360B527B-C128-4898-BBB0-94724BD0ED39.npy,HDAC inhibitor
P015090,I16,s2,CBK308430,/mnt/micro-images-pvc/specs935-v1/specs935-v1-FA-P015090-U2OS-48h-P8-L1/2021-12-18/854/specs935-v1-FA-P015090-U2OS-48h-P8-L1_I16_s2_w5D4FA34B2-0C29-44B3-86AA-FF6A2884790C.npy,HDAC inhibitor
P015090,I16,s3,CBK308430,/mnt/micro-images-pvc/specs935-v1/specs935-v1-FA-P015090-U2OS-48h-P8-L1/2021-12-18/854/specs935-v1-FA-P015090-U2OS-48h-P8-L1_I16_s3_w5F4DF1E17-B9F5-43B5-BA04-FF67DB4E4F02.npy,HDAC inhibitor
P015090,I16,s4,CBK308430,/mnt/micro-images-pvc/specs935-v1/specs935-v1-FA-P015090-U2OS-48h-P8-L1/2021-12-18/854/specs935-v1-FA-P015090-U2OS-48h-P8-L1_I16_s4_w5CBDE2C92-2488-45D0-ADD5-02FD12991150.npy,HDAC inhibitor
P015090,I16,s5,CBK308430,/mnt/micro-images-pvc/specs935-v1/specs935-v1-FA-P015090-U2OS-48h-P8-L1/2021-12-18/854/specs935-v1-FA-P015090-U2OS-48h-P8-L1_I16_s5_w558422B39-DA03-4C64-8065-446ECD3A124F.npy,HDAC inhibitor
P015090,I16,s6,CBK308430,/mnt/micro-images-pvc/specs935-v1/specs935-v1-FA-P015090-U2OS-48h-P8-L1/2021-12-18/854/specs935-v1-FA-P015090-U2OS-48h-P8-L1_I16_s6_w5869796EC-0A6B-445E-B522-2D836CCAE1CC.npy,HDAC inhibitor
P015090,I16,s7,CBK308430,/mnt/micro-images-pvc/specs935-v1/specs935-v1-FA-P015090-U2OS-48h-P8-L1/2021-12-18/854/specs935-v1-FA-P015090-U2OS-48h-P8-L1_I16_s7_w5D509B45A-048C-4DF5-AD2F-6DDA57804E33.npy,HDAC inhibitor
P015090,I16,s8,CBK308430,/mnt/micro-images-pvc/specs935-v1/specs935-v1-FA-P015090-U2OS-48h-P8-L1/2021-12-18/854/specs935-v1-FA-P015090-U2OS-48h-P8-L1_I16_s8_w5E5C95D30-A218-4830-989E-E47110FBCA25.npy,HDAC inhibitor
P015090,I16,s9,CBK308430,/mnt/micro-images-pvc/specs935-v1/specs935-v1-FA-P015090-U2OS-48h-P8-L1/2021-12-18/854/specs935-v1-FA-P015090-U2OS-48h-P8-L1_I16_s9_w50DBADE74-5AAA-430F-9526-46EC54F2B515.npy,HDAC inhibitor
P015090,I17,s1,CBK290945,/mnt/micro-images-pvc/specs935-v1/specs935-v1-FA-P015090-U2OS-48h-P8-L1/2021-12-18/854/specs935-v1-FA-P015090-U2OS-48h-P8-L1_I17_s1_w5A3A38D64-7C37-440C-91F1-E189ECF26C53.npy,HDAC inhibitor
P015090,I17,s2,CBK290945,/mnt/micro-images-pvc/specs935-v1/specs935-v1-FA-P015090-U2OS-48h-P8-L1/2021-12-18/854/specs935-v1-FA-P015090-U2OS-48h-P8-L1_I17_s2_w512E92247-B436-4ED3-89E6-0C0900AF9938.npy,HDAC inhibitor
P015090,I17,s3,CBK290945,/mnt/micro-images-pvc/specs935-v1/specs935-v1-FA-P015090-U2OS-48h-P8-L1/2021-12-18/854/specs935-v1-FA-P015090-U2OS-48h-P8-L1_I17_s3_w5CAD7257E-27BF-4F42-9973-520B63378364.npy,HDAC inhibitor
P015090,I17,s4,CBK290945,/mnt/micro-images-pvc/specs935-v1/specs935-v1-FA-P015090-U2OS-48h-P8-L1/2021-12-18/854/specs935-v1-FA-P015090-U2OS-48h-P8-L1_I17_s4_w555AF9680-A89C-4A60-B8F4-AC7860706CE6.npy,HDAC inhibitor
P015090,I17,s5,CBK290945,/mnt/micro-images-pvc/specs935-v1/specs935-v1-FA-P015090-U2OS-48h-P8-L1/2021-12-18/854/specs935-v1-FA-P015090-U2OS-48h-P8-L1_I17_s5_w5D0FCFA7D-3B92-4060-A7B2-DAF3197512E3.npy,HDAC inhibitor
P015090,I17,s6,CBK290945,/mnt/micro-images-pvc/specs935-v1/specs935-v1-FA-P015090-U2OS-48h-P8-L1/2021-12-18/854/specs935-v1-FA-P015090-U2OS-48h-P8-L1_I17_s6_w50030F41C-E049-4108-B584-432E7C787442.npy,HDAC inhibitor
P015090,I17,s7,CBK290945,/mnt/micro-images-pvc/specs935-v1/specs935-v1-FA-P015090-U2OS-48h-P8-L1/2021-12-18/854/specs935-v1-FA-P015090-U2OS-48h-P8-L1_I17_s7_w5742CF89D-D0BB-496D-A88E-B70C40A0E604.npy,HDAC inhibitor
P015090,I17,s8,CBK290945,/mnt/micro-images-pvc/specs935-v1/specs935-v1-FA-P015090-U2OS-48h-P8-L1/2021-12-18/854/specs935-v1-FA-P015090-U2OS-48h-P8-L1_I17_s8_w50643CDA3-8687-40F4-9864-10C6B6D02384.npy,HDAC inhibitor
P015090,I17,s9,CBK290945,/mnt/micro-images-pvc/specs935-v1/specs935-v1-FA-P015090-U2OS-48h-P8-L1/2021-12-18/854/specs935-v1-FA-P015090-U2OS-48h-P8-L1_I17_s9_w52A77ABCA-7D48-4712-AF53-E21864123C86.npy,HDAC inhibitor
P015090,I19,s1,CBK041487,/mnt/micro-images-pvc/specs935-v1/specs935-v1-FA-P015090-U2OS-48h-P8-L1/2021-12-18/854/specs935-v1-FA-P015090-U2OS-48h-P8-L1_I19_s1_w55ABB98E8-6F8E-4872-9CBF-C503F2C8ABC2.npy,HSP inhibitor
P015090,I19,s2,CBK041487,/mnt/micro-images-pvc/specs935-v1/specs935-v1-FA-P015090-U2OS-48h-P8-L1/2021-12-18/854/specs935-v1-FA-P015090-U2OS-48h-P8-L1_I19_s2_w5953ABCEB-A87A-45E5-BBDE-A01DE42E8149.npy,HSP inhibitor
P015090,I19,s3,CBK041487,/mnt/micro-images-pvc/specs935-v1/specs935-v1-FA-P015090-U2OS-48h-P8-L1/2021-12-18/854/specs935-v1-FA-P015090-U2OS-48h-P8-L1_I19_s3_w5AF979864-14A4-499F-BE5E-F10D8BB3581B.npy,HSP inhibitor
P015090,I19,s4,CBK041487,/mnt/micro-images-pvc/specs935-v1/specs935-v1-FA-P015090-U2OS-48h-P8-L1/2021-12-18/854/specs935-v1-FA-P015090-U2OS-48h-P8-L1_I19_s4_w5E74C3AB7-31ED-4FFD-BCAD-FB84CC5B14A6.npy,HSP inhibitor
P015090,I19,s5,CBK041487,/mnt/micro-images-pvc/specs935-v1/specs935-v1-FA-P015090-U2OS-48h-P8-L1/2021-12-18/854/specs935-v1-FA-P015090-U2OS-48h-P8-L1_I19_s5_w575BA7714-CFB1-4C41-A633-5135C629A529.npy,HSP inhibitor
P015090,I19,s6,CBK041487,/mnt/micro-images-pvc/specs935-v1/specs935-v1-FA-P015090-U2OS-48h-P8-L1/2021-12-18/854/specs935-v1-FA-P015090-U2OS-48h-P8-L1_I19_s6_w5D9ED8B10-378C-4215-B93A-2E38EF411F6B.npy,HSP inhibitor
P015090,I19,s7,CBK041487,/mnt/micro-images-pvc/specs935-v1/specs935-v1-FA-P015090-U2OS-48h-P8-L1/2021-12-18/854/specs935-v1-FA-P015090-U2OS-48h-P8-L1_I19_s7_w54320DC6D-872B-4241-B1BD-83CC8550A171.npy,HSP inhibitor
P015090,I19,s8,CBK041487,/mnt/micro-images-pvc/specs935-v1/specs935-v1-FA-P015090-U2OS-48h-P8-L1/2021-12-18/854/specs935-v1-FA-P015090-U2OS-48h-P8-L1_I19_s8_w50FDE3DAF-5F1D-4B94-BFF8-0EC078CFFA7F.npy,HSP inhibitor
P015090,I19,s9,CBK041487,/mnt/micro-images-pvc/specs935-v1/specs935-v1-FA-P015090-U2OS-48h-P8-L1/2021-12-18/854/specs935-v1-FA-P015090-U2OS-48h-P8-L1_I19_s9_w5BE4011F9-AF2B-4C1C-8AB6-E1E5E7AE0494.npy,HSP inhibitor
P015090,I20,s1,CBK290803,/mnt/micro-images-pvc/specs935-v1/specs935-v1-FA-P015090-U2OS-48h-P8-L1/2021-12-18/854/specs935-v1-FA-P015090-U2OS-48h-P8-L1_I20_s1_w52D685A26-89F8-4884-ADD0-73F9A6870665.npy,HSP inhibitor
P015090,I20,s2,CBK290803,/mnt/micro-images-pvc/specs935-v1/specs935-v1-FA-P015090-U2OS-48h-P8-L1/2021-12-18/854/specs935-v1-FA-P015090-U2OS-48h-P8-L1_I20_s2_w50D7F830E-DBF1-4BFC-8B7B-DE080F43D23E.npy,HSP inhibitor
P015090,I20,s3,CBK290803,/mnt/micro-images-pvc/specs935-v1/specs935-v1-FA-P015090-U2OS-48h-P8-L1/2021-12-18/854/specs935-v1-FA-P015090-U2OS-48h-P8-L1_I20_s3_w567326409-78EC-4FD5-941A-4C022DCE3D0D.npy,HSP inhibitor
P015090,I20,s4,CBK290803,/mnt/micro-images-pvc/specs935-v1/specs935-v1-FA-P015090-U2OS-48h-P8-L1/2021-12-18/854/specs935-v1-FA-P015090-U2OS-48h-P8-L1_I20_s4_w58BCE8F5F-E9FB-402D-8B51-2FBFC0DCDE67.npy,HSP inhibitor
P015090,I20,s5,CBK290803,/mnt/micro-images-pvc/specs935-v1/specs935-v1-FA-P015090-U2OS-48h-P8-L1/2021-12-18/854/specs935-v1-FA-P015090-U2OS-48h-P8-L1_I20_s5_w539A55D18-6856-49F7-B347-5323D6EC4B9F.npy,HSP inhibitor
P015090,I20,s6,CBK290803,/mnt/micro-images-pvc/specs935-v1/specs935-v1-FA-P015090-U2OS-48h-P8-L1/2021-12-18/854/specs935-v1-FA-P015090-U2OS-48h-P8-L1_I20_s6_w5AC27D4C6-6EF9-4BC6-B134-342CA60BBE14.npy,HSP inhibitor
P015090,I20,s7,CBK290803,/mnt/micro-images-pvc/specs935-v1/specs935-v1-FA-P015090-U2OS-48h-P8-L1/2021-12-18/854/specs935-v1-FA-P015090-U2OS-48h-P8-L1_I20_s7_w506D95893-5179-4921-B6F9-5151509D0470.npy,HSP inhibitor
P015090,I20,s8,CBK290803,/mnt/micro-images-pvc/specs935-v1/specs935-v1-FA-P015090-U2OS-48h-P8-L1/2021-12-18/854/specs935-v1-FA-P015090-U2OS-48h-P8-L1_I20_s8_w52B2C41B3-3D18-4410-87FC-96C4B0AC3AD1.npy,HSP inhibitor
P015090,I20,s9,CBK290803,/mnt/micro-images-pvc/specs935-v1/specs935-v1-FA-P015090-U2OS-48h-P8-L1/2021-12-18/854/specs935-v1-FA-P015090-U2OS-48h-P8-L1_I20_s9_w556A1254D-3BDB-4637-AA3B-90E65B5B3AF8.npy,HSP inhibitor
P015090,I22,s1,CBK290753,/mnt/micro-images-pvc/specs935-v1/specs935-v1-FA-P015090-U2OS-48h-P8-L1/2021-12-18/854/specs935-v1-FA-P015090-U2OS-48h-P8-L1_I22_s1_w5A7D2BA38-BC3C-45C0-9AC1-48A05734BA1A.npy,HSP inhibitor
P015090,I22,s2,CBK290753,/mnt/micro-images-pvc/specs935-v1/specs935-v1-FA-P015090-U2OS-48h-P8-L1/2021-12-18/854/specs935-v1-FA-P015090-U2OS-48h-P8-L1_I22_s2_w5C529F2B8-B7CF-4B30-84F7-96EA238DC17F.npy,HSP inhibitor
P015090,I22,s3,CBK290753,/mnt/micro-images-pvc/specs935-v1/specs935-v1-FA-P015090-U2OS-48h-P8-L1/2021-12-18/854/specs935-v1-FA-P015090-U2OS-48h-P8-L1_I22_s3_w5F8A2DF25-C657-4DE7-86A8-619F3E8F77FB.npy,HSP inhibitor
P015090,I22,s4,CBK290753,/mnt/micro-images-pvc/specs935-v1/specs935-v1-FA-P015090-U2OS-48h-P8-L1/2021-12-18/854/specs935-v1-FA-P015090-U2OS-48h-P8-L1_I22_s4_w5103C43D8-B94B-49FF-BFE2-E8A4A3692FF8.npy,HSP inhibitor
P015090,I22,s5,CBK290753,/mnt/micro-images-pvc/specs935-v1/specs935-v1-FA-P015090-U2OS-48h-P8-L1/2021-12-18/854/specs935-v1-FA-P015090-U2OS-48h-P8-L1_I22_s5_w5F863319E-029F-4F7B-9B05-E39D3A9455EA.npy,HSP inhibitor
P015090,I22,s6,CBK290753,/mnt/micro-images-pvc/specs935-v1/specs935-v1-FA-P015090-U2OS-48h-P8-L1/2021-12-18/854/specs935-v1-FA-P015090-U2OS-48h-P8-L1_I22_s6_w5C0A65435-7482-4844-9EB9-23D8EFCF0FEF.npy,HSP inhibitor
P015090,I22,s7,CBK290753,/mnt/micro-images-pvc/specs935-v1/specs935-v1-FA-P015090-U2OS-48h-P8-L1/2021-12-18/854/specs935-v1-FA-P015090-U2OS-48h-P8-L1_I22_s7_w56CD04ADF-3E7D-46CA-9897-0C2D8A5A3C9C.npy,HSP inhibitor
P015090,I22,s8,CBK290753,/mnt/micro-images-pvc/specs935-v1/specs935-v1-FA-P015090-U2OS-48h-P8-L1/2021-12-18/854/specs935-v1-FA-P015090-U2OS-48h-P8-L1_I22_s8_w5AAF39687-CF7D-4D45-A4A5-916BC5FEC3D4.npy,HSP inhibitor
P015090,I22,s9,CBK290753,/mnt/micro-images-pvc/specs935-v1/specs935-v1-FA-P015090-U2OS-48h-P8-L1/2021-12-18/854/specs935-v1-FA-P015090-U2OS-48h-P8-L1_I22_s9_w5F76D9CB8-B057-43D4-ADC3-4FB52E952911.npy,HSP inhibitor
P015090,J04,s1,CBK290613,/mnt/micro-images-pvc/specs935-v1/specs935-v1-FA-P015090-U2OS-48h-P8-L1/2021-12-18/854/specs935-v1-FA-P015090-U2OS-48h-P8-L1_J04_s1_w510F99E2C-7207-4164-9842-562B2D251130.npy,HDAC inhibitor
P015090,J04,s2,CBK290613,/mnt/micro-images-pvc/specs935-v1/specs935-v1-FA-P015090-U2OS-48h-P8-L1/2021-12-18/854/specs935-v1-FA-P015090-U2OS-48h-P8-L1_J04_s2_w5D02F4BA8-9A4D-4862-B8AD-BF8A9BDC8B8D.npy,HDAC inhibitor
P015090,J04,s3,CBK290613,/mnt/micro-images-pvc/specs935-v1/specs935-v1-FA-P015090-U2OS-48h-P8-L1/2021-12-18/854/specs935-v1-FA-P015090-U2OS-48h-P8-L1_J04_s3_w5F2A1042E-AD76-48D8-9261-7CF6F2CF77EF.npy,HDAC inhibitor
P015090,J04,s4,CBK290613,/mnt/micro-images-pvc/specs935-v1/specs935-v1-FA-P015090-U2OS-48h-P8-L1/2021-12-18/854/specs935-v1-FA-P015090-U2OS-48h-P8-L1_J04_s4_w57DCB2AD2-B6B1-4928-82C3-225F6A95C9D8.npy,HDAC inhibitor
P015090,J04,s5,CBK290613,/mnt/micro-images-pvc/specs935-v1/specs935-v1-FA-P015090-U2OS-48h-P8-L1/2021-12-18/854/specs935-v1-FA-P015090-U2OS-48h-P8-L1_J04_s5_w501980FFD-EBA2-4CF2-9A49-82510EFD06DD.npy,HDAC inhibitor
P015090,J04,s6,CBK290613,/mnt/micro-images-pvc/specs935-v1/specs935-v1-FA-P015090-U2OS-48h-P8-L1/2021-12-18/854/specs935-v1-FA-P015090-U2OS-48h-P8-L1_J04_s6_w5E9187C2C-DAEF-496B-9839-74B901834FC7.npy,HDAC inhibitor
P015090,J04,s7,CBK290613,/mnt/micro-images-pvc/specs935-v1/specs935-v1-FA-P015090-U2OS-48h-P8-L1/2021-12-18/854/specs935-v1-FA-P015090-U2OS-48h-P8-L1_J04_s7_w5937D38F5-180F-4E29-874D-C80B420AB0F4.npy,HDAC inhibitor
P015090,J04,s8,CBK290613,/mnt/micro-images-pvc/specs935-v1/specs935-v1-FA-P015090-U2OS-48h-P8-L1/2021-12-18/854/specs935-v1-FA-P015090-U2OS-48h-P8-L1_J04_s8_w5BA930B8A-3CEE-4C9A-8D73-30D9E6C9B832.npy,HDAC inhibitor
P015090,J04,s9,CBK290613,/mnt/micro-images-pvc/specs935-v1/specs935-v1-FA-P015090-U2OS-48h-P8-L1/2021-12-18/854/specs935-v1-FA-P015090-U2OS-48h-P8-L1_J04_s9_w59473F3C3-97E1-49FB-A0A3-13B1E29E4AB9.npy,HDAC inhibitor
P015090,J06,s1,CBK290816,/mnt/micro-images-pvc/specs935-v1/specs935-v1-FA-P015090-U2OS-48h-P8-L1/2021-12-18/854/specs935-v1-FA-P015090-U2OS-48h-P8-L1_J06_s1_w5B755EBCB-60FE-459F-B92E-D5F1B5B28519.npy,HDAC inhibitor
P015090,J06,s2,CBK290816,/mnt/micro-images-pvc/specs935-v1/specs935-v1-FA-P015090-U2OS-48h-P8-L1/2021-12-18/854/specs935-v1-FA-P015090-U2OS-48h-P8-L1_J06_s2_w54186BA0C-87B8-4384-B5A3-CFDBCEC3452E.npy,HDAC inhibitor
P015090,J06,s3,CBK290816,/mnt/micro-images-pvc/specs935-v1/specs935-v1-FA-P015090-U2OS-48h-P8-L1/2021-12-18/854/specs935-v1-FA-P015090-U2OS-48h-P8-L1_J06_s3_w54CC8A8D3-436F-40CC-A26D-393AF9214AD9.npy,HDAC inhibitor
P015090,J06,s4,CBK290816,/mnt/micro-images-pvc/specs935-v1/specs935-v1-FA-P015090-U2OS-48h-P8-L1/2021-12-18/854/specs935-v1-FA-P015090-U2OS-48h-P8-L1_J06_s4_w5426F2BF7-B1C2-4441-A052-BF87671D1557.npy,HDAC inhibitor
P015090,J06,s5,CBK290816,/mnt/micro-images-pvc/specs935-v1/specs935-v1-FA-P015090-U2OS-48h-P8-L1/2021-12-18/854/specs935-v1-FA-P015090-U2OS-48h-P8-L1_J06_s5_w5777E282F-3080-4514-89F7-FA7D59952C1C.npy,HDAC inhibitor
P015090,J06,s6,CBK290816,/mnt/micro-images-pvc/specs935-v1/specs935-v1-FA-P015090-U2OS-48h-P8-L1/2021-12-18/854/specs935-v1-FA-P015090-U2OS-48h-P8-L1_J06_s6_w54321A0DA-DC17-44EE-B1C0-48BC21111B5B.npy,HDAC inhibitor
P015090,J06,s7,CBK290816,/mnt/micro-images-pvc/specs935-v1/specs935-v1-FA-P015090-U2OS-48h-P8-L1/2021-12-18/854/specs935-v1-FA-P015090-U2OS-48h-P8-L1_J06_s7_w5EE6CF446-B70A-4593-B7A2-7328E07A8D95.npy,HDAC inhibitor
P015090,J06,s8,CBK290816,/mnt/micro-images-pvc/specs935-v1/specs935-v1-FA-P015090-U2OS-48h-P8-L1/2021-12-18/854/specs935-v1-FA-P015090-U2OS-48h-P8-L1_J06_s8_w5DE66446A-5BCA-4CA3-A960-BD96D8E06157.npy,HDAC inhibitor
P015090,J06,s9,CBK290816,/mnt/micro-images-pvc/specs935-v1/specs935-v1-FA-P015090-U2OS-48h-P8-L1/2021-12-18/854/specs935-v1-FA-P015090-U2OS-48h-P8-L1_J06_s9_w52FA6E2D9-D704-4B0E-A2BE-C5DC3FD38F0F.npy,HDAC inhibitor
P015090,J07,s1,CBK290285,/mnt/micro-images-pvc/specs935-v1/specs935-v1-FA-P015090-U2OS-48h-P8-L1/2021-12-18/854/specs935-v1-FA-P015090-U2OS-48h-P8-L1_J07_s1_w5CD72B3C7-B9B2-4405-B0BE-687D947C5F39.npy,HSP inhibitor
P015090,J07,s2,CBK290285,/mnt/micro-images-pvc/specs935-v1/specs935-v1-FA-P015090-U2OS-48h-P8-L1/2021-12-18/854/specs935-v1-FA-P015090-U2OS-48h-P8-L1_J07_s2_w5535D2211-597C-4B99-B74D-542FDFAA1416.npy,HSP inhibitor
P015090,J07,s3,CBK290285,/mnt/micro-images-pvc/specs935-v1/specs935-v1-FA-P015090-U2OS-48h-P8-L1/2021-12-18/854/specs935-v1-FA-P015090-U2OS-48h-P8-L1_J07_s3_w575B34BEA-3AFE-408E-83FF-F2E2B7EE1E40.npy,HSP inhibitor
P015090,J07,s4,CBK290285,/mnt/micro-images-pvc/specs935-v1/specs935-v1-FA-P015090-U2OS-48h-P8-L1/2021-12-18/854/specs935-v1-FA-P015090-U2OS-48h-P8-L1_J07_s4_w592DDA7B3-879E-4875-9E63-5FBA6F703C3E.npy,HSP inhibitor
P015090,J07,s5,CBK290285,/mnt/micro-images-pvc/specs935-v1/specs935-v1-FA-P015090-U2OS-48h-P8-L1/2021-12-18/854/specs935-v1-FA-P015090-U2OS-48h-P8-L1_J07_s5_w54FD2418C-819D-42A1-980C-8680D219BE26.npy,HSP inhibitor
P015090,J07,s6,CBK290285,/mnt/micro-images-pvc/specs935-v1/specs935-v1-FA-P015090-U2OS-48h-P8-L1/2021-12-18/854/specs935-v1-FA-P015090-U2OS-48h-P8-L1_J07_s6_w541513D6A-04FD-4F00-A5A8-FDE6CA7342D8.npy,HSP inhibitor
P015090,J07,s7,CBK290285,/mnt/micro-images-pvc/specs935-v1/specs935-v1-FA-P015090-U2OS-48h-P8-L1/2021-12-18/854/specs935-v1-FA-P015090-U2OS-48h-P8-L1_J07_s7_w55D86FB95-1894-4A6E-9FC1-5E8A65CD901E.npy,HSP inhibitor
P015090,J07,s8,CBK290285,/mnt/micro-images-pvc/specs935-v1/specs935-v1-FA-P015090-U2OS-48h-P8-L1/2021-12-18/854/specs935-v1-FA-P015090-U2OS-48h-P8-L1_J07_s8_w5FF1ECADC-E8C4-4570-B3F4-36CC839B1226.npy,HSP inhibitor
P015090,J07,s9,CBK290285,/mnt/micro-images-pvc/specs935-v1/specs935-v1-FA-P015090-U2OS-48h-P8-L1/2021-12-18/854/specs935-v1-FA-P015090-U2OS-48h-P8-L1_J07_s9_w561F03BC6-3724-4EB4-8BB1-5EEBF666B087.npy,HSP inhibitor
P015090,J08,s1,CBK289737,/mnt/micro-images-pvc/specs935-v1/specs935-v1-FA-P015090-U2OS-48h-P8-L1/2021-12-18/854/specs935-v1-FA-P015090-U2OS-48h-P8-L1_J08_s1_w54B526E50-F72F-4E93-ADF7-3F093B8C6BFC.npy,HDAC inhibitor
P015090,J08,s2,CBK289737,/mnt/micro-images-pvc/specs935-v1/specs935-v1-FA-P015090-U2OS-48h-P8-L1/2021-12-18/854/specs935-v1-FA-P015090-U2OS-48h-P8-L1_J08_s2_w51B01B654-7746-4330-82C8-C8B0844A8CAB.npy,HDAC inhibitor
P015090,J08,s3,CBK289737,/mnt/micro-images-pvc/specs935-v1/specs935-v1-FA-P015090-U2OS-48h-P8-L1/2021-12-18/854/specs935-v1-FA-P015090-U2OS-48h-P8-L1_J08_s3_w5F269950F-B43C-4303-99D7-A3739778C71C.npy,HDAC inhibitor
P015090,J08,s4,CBK289737,/mnt/micro-images-pvc/specs935-v1/specs935-v1-FA-P015090-U2OS-48h-P8-L1/2021-12-18/854/specs935-v1-FA-P015090-U2OS-48h-P8-L1_J08_s4_w59AF67EA6-E49C-49E0-9EF4-E3F53D276FEE.npy,HDAC inhibitor
P015090,J08,s5,CBK289737,/mnt/micro-images-pvc/specs935-v1/specs935-v1-FA-P015090-U2OS-48h-P8-L1/2021-12-18/854/specs935-v1-FA-P015090-U2OS-48h-P8-L1_J08_s5_w559F4BD88-FF4B-4A22-A4B3-76655909B4EE.npy,HDAC inhibitor
P015090,J08,s6,CBK289737,/mnt/micro-images-pvc/specs935-v1/specs935-v1-FA-P015090-U2OS-48h-P8-L1/2021-12-18/854/specs935-v1-FA-P015090-U2OS-48h-P8-L1_J08_s6_w53161E4AC-4EA9-4955-B0A4-725C19E146A9.npy,HDAC inhibitor
P015090,J08,s7,CBK289737,/mnt/micro-images-pvc/specs935-v1/specs935-v1-FA-P015090-U2OS-48h-P8-L1/2021-12-18/854/specs935-v1-FA-P015090-U2OS-48h-P8-L1_J08_s7_w5F705808D-36C4-4F55-9082-638070DB5382.npy,HDAC inhibitor
P015090,J08,s8,CBK289737,/mnt/micro-images-pvc/specs935-v1/specs935-v1-FA-P015090-U2OS-48h-P8-L1/2021-12-18/854/specs935-v1-FA-P015090-U2OS-48h-P8-L1_J08_s8_w5F4A617D9-BA08-4074-90BD-6DE947BE7041.npy,HDAC inhibitor
P015090,J08,s9,CBK289737,/mnt/micro-images-pvc/specs935-v1/specs935-v1-FA-P015090-U2OS-48h-P8-L1/2021-12-18/854/specs935-v1-FA-P015090-U2OS-48h-P8-L1_J08_s9_w5228399A2-27B3-4F82-AE87-134A765480EF.npy,HDAC inhibitor
P015090,J18,s1,CBK308657,/mnt/micro-images-pvc/specs935-v1/specs935-v1-FA-P015090-U2OS-48h-P8-L1/2021-12-18/854/specs935-v1-FA-P015090-U2OS-48h-P8-L1_J18_s1_w53A285899-B35D-49DF-B4E3-A5FDDD93FAD9.npy,HSP inhibitor
P015090,J18,s2,CBK308657,/mnt/micro-images-pvc/specs935-v1/specs935-v1-FA-P015090-U2OS-48h-P8-L1/2021-12-18/854/specs935-v1-FA-P015090-U2OS-48h-P8-L1_J18_s2_w5FDBC195D-CA9C-4D72-92C3-27A014E16B08.npy,HSP inhibitor
P015090,J18,s3,CBK308657,/mnt/micro-images-pvc/specs935-v1/specs935-v1-FA-P015090-U2OS-48h-P8-L1/2021-12-18/854/specs935-v1-FA-P015090-U2OS-48h-P8-L1_J18_s3_w563BF15BD-A968-487B-B41D-D08EE1E0D4D7.npy,HSP inhibitor
P015090,J18,s4,CBK308657,/mnt/micro-images-pvc/specs935-v1/specs935-v1-FA-P015090-U2OS-48h-P8-L1/2021-12-18/854/specs935-v1-FA-P015090-U2OS-48h-P8-L1_J18_s4_w509109176-5F88-4A6E-B20F-C30AEAD3E9C3.npy,HSP inhibitor
P015090,J18,s5,CBK308657,/mnt/micro-images-pvc/specs935-v1/specs935-v1-FA-P015090-U2OS-48h-P8-L1/2021-12-18/854/specs935-v1-FA-P015090-U2OS-48h-P8-L1_J18_s5_w525D952BD-9524-40E5-AFA1-74E1CE8DAF7B.npy,HSP inhibitor
P015090,J18,s6,CBK308657,/mnt/micro-images-pvc/specs935-v1/specs935-v1-FA-P015090-U2OS-48h-P8-L1/2021-12-18/854/specs935-v1-FA-P015090-U2OS-48h-P8-L1_J18_s6_w5773E870D-2E86-406D-B4B7-76E09C27E888.npy,HSP inhibitor
P015090,J18,s7,CBK308657,/mnt/micro-images-pvc/specs935-v1/specs935-v1-FA-P015090-U2OS-48h-P8-L1/2021-12-18/854/specs935-v1-FA-P015090-U2OS-48h-P8-L1_J18_s7_w58CAFCC83-1CC2-477E-8951-E37DF0964A2B.npy,HSP inhibitor
P015090,J18,s8,CBK308657,/mnt/micro-images-pvc/specs935-v1/specs935-v1-FA-P015090-U2OS-48h-P8-L1/2021-12-18/854/specs935-v1-FA-P015090-U2OS-48h-P8-L1_J18_s8_w5A8A47092-ADF0-4E9E-9C63-33019861839E.npy,HSP inhibitor
P015090,J18,s9,CBK308657,/mnt/micro-images-pvc/specs935-v1/specs935-v1-FA-P015090-U2OS-48h-P8-L1/2021-12-18/854/specs935-v1-FA-P015090-U2OS-48h-P8-L1_J18_s9_w5E95ECA90-5202-47D3-9B90-026D74F2B2D3.npy,HSP inhibitor
P015090,J21,s1,CBK277957,/mnt/micro-images-pvc/specs935-v1/specs935-v1-FA-P015090-U2OS-48h-P8-L1/2021-12-18/854/specs935-v1-FA-P015090-U2OS-48h-P8-L1_J21_s1_w55144581B-722F-4769-958F-0B0DE74FCE41.npy,HDAC inhibitor
P015090,J21,s2,CBK277957,/mnt/micro-images-pvc/specs935-v1/specs935-v1-FA-P015090-U2OS-48h-P8-L1/2021-12-18/854/specs935-v1-FA-P015090-U2OS-48h-P8-L1_J21_s2_w5EFDD5AAA-B6F7-442F-AD8A-DA67CE58EAC2.npy,HDAC inhibitor
P015090,J21,s3,CBK277957,/mnt/micro-images-pvc/specs935-v1/specs935-v1-FA-P015090-U2OS-48h-P8-L1/2021-12-18/854/specs935-v1-FA-P015090-U2OS-48h-P8-L1_J21_s3_w541E21E35-3F01-45A6-87DD-66F70E34B62E.npy,HDAC inhibitor
P015090,J21,s4,CBK277957,/mnt/micro-images-pvc/specs935-v1/specs935-v1-FA-P015090-U2OS-48h-P8-L1/2021-12-18/854/specs935-v1-FA-P015090-U2OS-48h-P8-L1_J21_s4_w526BB9182-712A-48F6-8F5D-C90004D09C1B.npy,HDAC inhibitor
P015090,J21,s5,CBK277957,/mnt/micro-images-pvc/specs935-v1/specs935-v1-FA-P015090-U2OS-48h-P8-L1/2021-12-18/854/specs935-v1-FA-P015090-U2OS-48h-P8-L1_J21_s5_w58B9DD5A5-A1B1-4DB1-8F0E-28B3C9E5488C.npy,HDAC inhibitor
P015090,J21,s6,CBK277957,/mnt/micro-images-pvc/specs935-v1/specs935-v1-FA-P015090-U2OS-48h-P8-L1/2021-12-18/854/specs935-v1-FA-P015090-U2OS-48h-P8-L1_J21_s6_w58A67B68E-F573-472E-9062-495616692955.npy,HDAC inhibitor
P015090,J21,s7,CBK277957,/mnt/micro-images-pvc/specs935-v1/specs935-v1-FA-P015090-U2OS-48h-P8-L1/2021-12-18/854/specs935-v1-FA-P015090-U2OS-48h-P8-L1_J21_s7_w540D0B037-679B-4E3A-BF0A-F40BD5DB93C1.npy,HDAC inhibitor
P015090,J21,s8,CBK277957,/mnt/micro-images-pvc/specs935-v1/specs935-v1-FA-P015090-U2OS-48h-P8-L1/2021-12-18/854/specs935-v1-FA-P015090-U2OS-48h-P8-L1_J21_s8_w569FA50D4-E1D5-4C74-B864-77D9D97373F3.npy,HDAC inhibitor
P015090,J21,s9,CBK277957,/mnt/micro-images-pvc/specs935-v1/specs935-v1-FA-P015090-U2OS-48h-P8-L1/2021-12-18/854/specs935-v1-FA-P015090-U2OS-48h-P8-L1_J21_s9_w5B3E958A3-5FDE-4C2E-8F22-3FB8034B8127.npy,HDAC inhibitor
P015090,K03,s1,CBK309522,/mnt/micro-images-pvc/specs935-v1/specs935-v1-FA-P015090-U2OS-48h-P8-L1/2021-12-18/854/specs935-v1-FA-P015090-U2OS-48h-P8-L1_K03_s1_w5AF6ACF5F-0DF0-454B-B67F-88215B650784.npy,HSP inhibitor
P015090,K03,s2,CBK309522,/mnt/micro-images-pvc/specs935-v1/specs935-v1-FA-P015090-U2OS-48h-P8-L1/2021-12-18/854/specs935-v1-FA-P015090-U2OS-48h-P8-L1_K03_s2_w5EED4E5B4-7561-42A8-BD6E-7736C6DE43DC.npy,HSP inhibitor
P015090,K03,s3,CBK309522,/mnt/micro-images-pvc/specs935-v1/specs935-v1-FA-P015090-U2OS-48h-P8-L1/2021-12-18/854/specs935-v1-FA-P015090-U2OS-48h-P8-L1_K03_s3_w5B44ECDC7-EA9A-45F9-8018-963C51ED7CB2.npy,HSP inhibitor
P015090,K03,s4,CBK309522,/mnt/micro-images-pvc/specs935-v1/specs935-v1-FA-P015090-U2OS-48h-P8-L1/2021-12-18/854/specs935-v1-FA-P015090-U2OS-48h-P8-L1_K03_s4_w575BA6E6B-15F7-4DD5-A958-CB1BFC2C398A.npy,HSP inhibitor
P015090,K03,s5,CBK309522,/mnt/micro-images-pvc/specs935-v1/specs935-v1-FA-P015090-U2OS-48h-P8-L1/2021-12-18/854/specs935-v1-FA-P015090-U2OS-48h-P8-L1_K03_s5_w580E9A75F-9881-41E6-B17C-2D0E0B1957DF.npy,HSP inhibitor
P015090,K03,s6,CBK309522,/mnt/micro-images-pvc/specs935-v1/specs935-v1-FA-P015090-U2OS-48h-P8-L1/2021-12-18/854/specs935-v1-FA-P015090-U2OS-48h-P8-L1_K03_s6_w572CB2AAA-EA81-4637-B782-1447E0FC1D1A.npy,HSP inhibitor
P015090,K03,s7,CBK309522,/mnt/micro-images-pvc/specs935-v1/specs935-v1-FA-P015090-U2OS-48h-P8-L1/2021-12-18/854/specs935-v1-FA-P015090-U2OS-48h-P8-L1_K03_s7_w5E28C537B-C3E5-4138-BB79-A298660BF668.npy,HSP inhibitor
P015090,K03,s8,CBK309522,/mnt/micro-images-pvc/specs935-v1/specs935-v1-FA-P015090-U2OS-48h-P8-L1/2021-12-18/854/specs935-v1-FA-P015090-U2OS-48h-P8-L1_K03_s8_w51B961F70-730F-4B5B-8B47-A44DCAECF563.npy,HSP inhibitor
P015090,K03,s9,CBK309522,/mnt/micro-images-pvc/specs935-v1/specs935-v1-FA-P015090-U2OS-48h-P8-L1/2021-12-18/854/specs935-v1-FA-P015090-U2OS-48h-P8-L1_K03_s9_w5723CC0CD-4D3A-4823-AA29-21CA0B9FAC62.npy,HSP inhibitor
P015090,K05,s1,CBK290760,/mnt/micro-images-pvc/specs935-v1/specs935-v1-FA-P015090-U2OS-48h-P8-L1/2021-12-18/854/specs935-v1-FA-P015090-U2OS-48h-P8-L1_K05_s1_w5633EF65E-AF81-4C55-B9EA-143C00259BBD.npy,HSP inhibitor
P015090,K05,s2,CBK290760,/mnt/micro-images-pvc/specs935-v1/specs935-v1-FA-P015090-U2OS-48h-P8-L1/2021-12-18/854/specs935-v1-FA-P015090-U2OS-48h-P8-L1_K05_s2_w5AC319EF1-7BD7-4ED1-BC51-FBD58171E1FF.npy,HSP inhibitor
P015090,K05,s3,CBK290760,/mnt/micro-images-pvc/specs935-v1/specs935-v1-FA-P015090-U2OS-48h-P8-L1/2021-12-18/854/specs935-v1-FA-P015090-U2OS-48h-P8-L1_K05_s3_w584CA0F48-D939-4524-AF1A-2EDBAB8A275B.npy,HSP inhibitor
P015090,K05,s4,CBK290760,/mnt/micro-images-pvc/specs935-v1/specs935-v1-FA-P015090-U2OS-48h-P8-L1/2021-12-18/854/specs935-v1-FA-P015090-U2OS-48h-P8-L1_K05_s4_w5D186DC09-AD64-4DA9-8EA9-4EFAF2FA3A34.npy,HSP inhibitor
P015090,K05,s5,CBK290760,/mnt/micro-images-pvc/specs935-v1/specs935-v1-FA-P015090-U2OS-48h-P8-L1/2021-12-18/854/specs935-v1-FA-P015090-U2OS-48h-P8-L1_K05_s5_w570325035-7D9A-4A42-B944-F1B519CB4570.npy,HSP inhibitor
P015090,K05,s6,CBK290760,/mnt/micro-images-pvc/specs935-v1/specs935-v1-FA-P015090-U2OS-48h-P8-L1/2021-12-18/854/specs935-v1-FA-P015090-U2OS-48h-P8-L1_K05_s6_w5341A8D94-AF0A-4606-9B48-78A449DE5488.npy,HSP inhibitor
P015090,K05,s7,CBK290760,/mnt/micro-images-pvc/specs935-v1/specs935-v1-FA-P015090-U2OS-48h-P8-L1/2021-12-18/854/specs935-v1-FA-P015090-U2OS-48h-P8-L1_K05_s7_w556EF8BA3-994A-4570-A3C6-CB204CB70D81.npy,HSP inhibitor
P015090,K05,s8,CBK290760,/mnt/micro-images-pvc/specs935-v1/specs935-v1-FA-P015090-U2OS-48h-P8-L1/2021-12-18/854/specs935-v1-FA-P015090-U2OS-48h-P8-L1_K05_s8_w57394CFBD-B361-429B-B27C-F8D607C0A91D.npy,HSP inhibitor
P015090,K05,s9,CBK290760,/mnt/micro-images-pvc/specs935-v1/specs935-v1-FA-P015090-U2OS-48h-P8-L1/2021-12-18/854/specs935-v1-FA-P015090-U2OS-48h-P8-L1_K05_s9_w554B2C861-1753-4455-9D20-752326413EBE.npy,HSP inhibitor
P015090,K07,s1,CBK041242,/mnt/micro-images-pvc/specs935-v1/specs935-v1-FA-P015090-U2OS-48h-P8-L1/2021-12-18/854/specs935-v1-FA-P015090-U2OS-48h-P8-L1_K07_s1_w5FBEAEA4B-5F9E-45A2-A59D-DAD249C52724.npy,JAK inhibitor
P015090,K07,s2,CBK041242,/mnt/micro-images-pvc/specs935-v1/specs935-v1-FA-P015090-U2OS-48h-P8-L1/2021-12-18/854/specs935-v1-FA-P015090-U2OS-48h-P8-L1_K07_s2_w515721F4C-34D6-4A33-96CF-0D49D6FA85A7.npy,JAK inhibitor
P015090,K07,s3,CBK041242,/mnt/micro-images-pvc/specs935-v1/specs935-v1-FA-P015090-U2OS-48h-P8-L1/2021-12-18/854/specs935-v1-FA-P015090-U2OS-48h-P8-L1_K07_s3_w5DC821519-6909-469E-AC99-EF21676A584F.npy,JAK inhibitor
P015090,K07,s4,CBK041242,/mnt/micro-images-pvc/specs935-v1/specs935-v1-FA-P015090-U2OS-48h-P8-L1/2021-12-18/854/specs935-v1-FA-P015090-U2OS-48h-P8-L1_K07_s4_w5357D8701-1960-4254-B0BF-4F9EC2CAA8E4.npy,JAK inhibitor
P015090,K07,s5,CBK041242,/mnt/micro-images-pvc/specs935-v1/specs935-v1-FA-P015090-U2OS-48h-P8-L1/2021-12-18/854/specs935-v1-FA-P015090-U2OS-48h-P8-L1_K07_s5_w5EDD05BAD-DCDA-417E-9304-BD4219FA59EE.npy,JAK inhibitor
P015090,K07,s6,CBK041242,/mnt/micro-images-pvc/specs935-v1/specs935-v1-FA-P015090-U2OS-48h-P8-L1/2021-12-18/854/specs935-v1-FA-P015090-U2OS-48h-P8-L1_K07_s6_w547EB8827-75D8-4A65-BB29-F1CAE8B0EDCA.npy,JAK inhibitor
P015090,K07,s7,CBK041242,/mnt/micro-images-pvc/specs935-v1/specs935-v1-FA-P015090-U2OS-48h-P8-L1/2021-12-18/854/specs935-v1-FA-P015090-U2OS-48h-P8-L1_K07_s7_w54812D59D-095D-43AF-8AD8-C37EBE36BFF7.npy,JAK inhibitor
P015090,K07,s8,CBK041242,/mnt/micro-images-pvc/specs935-v1/specs935-v1-FA-P015090-U2OS-48h-P8-L1/2021-12-18/854/specs935-v1-FA-P015090-U2OS-48h-P8-L1_K07_s8_w5F666A9E4-711B-46BC-9CB1-0D6BD976EB0F.npy,JAK inhibitor
P015090,K07,s9,CBK041242,/mnt/micro-images-pvc/specs935-v1/specs935-v1-FA-P015090-U2OS-48h-P8-L1/2021-12-18/854/specs935-v1-FA-P015090-U2OS-48h-P8-L1_K07_s9_w56F9356EB-0C03-42EC-81AF-9A00648BFDCF.npy,JAK inhibitor
P015090,K09,s1,CBK290285,/mnt/micro-images-pvc/specs935-v1/specs935-v1-FA-P015090-U2OS-48h-P8-L1/2021-12-18/854/specs935-v1-FA-P015090-U2OS-48h-P8-L1_K09_s1_w5F249FA75-011A-4038-9BA3-B2A3876430B2.npy,HSP inhibitor
P015090,K09,s2,CBK290285,/mnt/micro-images-pvc/specs935-v1/specs935-v1-FA-P015090-U2OS-48h-P8-L1/2021-12-18/854/specs935-v1-FA-P015090-U2OS-48h-P8-L1_K09_s2_w5A5E14B3C-10FE-4F8E-9EE9-2C83CCE1AEFC.npy,HSP inhibitor
P015090,K09,s3,CBK290285,/mnt/micro-images-pvc/specs935-v1/specs935-v1-FA-P015090-U2OS-48h-P8-L1/2021-12-18/854/specs935-v1-FA-P015090-U2OS-48h-P8-L1_K09_s3_w5295B365D-2D3D-44B7-8FA3-5C9C586CB41F.npy,HSP inhibitor
P015090,K09,s4,CBK290285,/mnt/micro-images-pvc/specs935-v1/specs935-v1-FA-P015090-U2OS-48h-P8-L1/2021-12-18/854/specs935-v1-FA-P015090-U2OS-48h-P8-L1_K09_s4_w528645107-9F94-4169-8082-F068D2087F8E.npy,HSP inhibitor
P015090,K09,s5,CBK290285,/mnt/micro-images-pvc/specs935-v1/specs935-v1-FA-P015090-U2OS-48h-P8-L1/2021-12-18/854/specs935-v1-FA-P015090-U2OS-48h-P8-L1_K09_s5_w59A5B597E-2066-442D-B47E-7BFA31E5686E.npy,HSP inhibitor
P015090,K09,s6,CBK290285,/mnt/micro-images-pvc/specs935-v1/specs935-v1-FA-P015090-U2OS-48h-P8-L1/2021-12-18/854/specs935-v1-FA-P015090-U2OS-48h-P8-L1_K09_s6_w58FD10817-4444-49BE-9B6A-2A9B908B60CF.npy,HSP inhibitor
P015090,K09,s7,CBK290285,/mnt/micro-images-pvc/specs935-v1/specs935-v1-FA-P015090-U2OS-48h-P8-L1/2021-12-18/854/specs935-v1-FA-P015090-U2OS-48h-P8-L1_K09_s7_w5C1CB70E3-8817-4A33-9F5B-D4338DFD44AD.npy,HSP inhibitor
P015090,K09,s8,CBK290285,/mnt/micro-images-pvc/specs935-v1/specs935-v1-FA-P015090-U2OS-48h-P8-L1/2021-12-18/854/specs935-v1-FA-P015090-U2OS-48h-P8-L1_K09_s8_w5899A8AF5-70D2-4AD1-B54D-E6890CBD4D98.npy,HSP inhibitor
P015090,K09,s9,CBK290285,/mnt/micro-images-pvc/specs935-v1/specs935-v1-FA-P015090-U2OS-48h-P8-L1/2021-12-18/854/specs935-v1-FA-P015090-U2OS-48h-P8-L1_K09_s9_w54B3A3C0F-FA9C-4C81-B4B5-25B4DC971244.npy,HSP inhibitor
P015090,K11,s1,CBK308923,/mnt/micro-images-pvc/specs935-v1/specs935-v1-FA-P015090-U2OS-48h-P8-L1/2021-12-18/854/specs935-v1-FA-P015090-U2OS-48h-P8-L1_K11_s1_w59A186B11-EB0A-4872-92AC-CBAF874F7253.npy,HSP inhibitor
P015090,K11,s2,CBK308923,/mnt/micro-images-pvc/specs935-v1/specs935-v1-FA-P015090-U2OS-48h-P8-L1/2021-12-18/854/specs935-v1-FA-P015090-U2OS-48h-P8-L1_K11_s2_w581832341-200E-4AD9-8DBB-11061AEA481C.npy,HSP inhibitor
P015090,K11,s3,CBK308923,/mnt/micro-images-pvc/specs935-v1/specs935-v1-FA-P015090-U2OS-48h-P8-L1/2021-12-18/854/specs935-v1-FA-P015090-U2OS-48h-P8-L1_K11_s3_w56719DDD7-8766-4C18-B2BC-76FD533FED23.npy,HSP inhibitor
P015090,K11,s4,CBK308923,/mnt/micro-images-pvc/specs935-v1/specs935-v1-FA-P015090-U2OS-48h-P8-L1/2021-12-18/854/specs935-v1-FA-P015090-U2OS-48h-P8-L1_K11_s4_w51F4B7AE3-FE1C-4A64-B5BF-50A0CAFE3C29.npy,HSP inhibitor
P015090,K11,s5,CBK308923,/mnt/micro-images-pvc/specs935-v1/specs935-v1-FA-P015090-U2OS-48h-P8-L1/2021-12-18/854/specs935-v1-FA-P015090-U2OS-48h-P8-L1_K11_s5_w55CCDFF61-B337-4E92-8CC6-B756077CD241.npy,HSP inhibitor
P015090,K11,s6,CBK308923,/mnt/micro-images-pvc/specs935-v1/specs935-v1-FA-P015090-U2OS-48h-P8-L1/2021-12-18/854/specs935-v1-FA-P015090-U2OS-48h-P8-L1_K11_s6_w5442E273F-9D3F-4E28-B7FD-365C229C0E41.npy,HSP inhibitor
P015090,K11,s7,CBK308923,/mnt/micro-images-pvc/specs935-v1/specs935-v1-FA-P015090-U2OS-48h-P8-L1/2021-12-18/854/specs935-v1-FA-P015090-U2OS-48h-P8-L1_K11_s7_w5BCE1BA23-A25B-4B1C-90B8-78D854F465B1.npy,HSP inhibitor
P015090,K11,s8,CBK308923,/mnt/micro-images-pvc/specs935-v1/specs935-v1-FA-P015090-U2OS-48h-P8-L1/2021-12-18/854/specs935-v1-FA-P015090-U2OS-48h-P8-L1_K11_s8_w5B2F02A99-8F18-4CD2-8F9F-0B79A5889EF5.npy,HSP inhibitor
P015090,K11,s9,CBK308923,/mnt/micro-images-pvc/specs935-v1/specs935-v1-FA-P015090-U2OS-48h-P8-L1/2021-12-18/854/specs935-v1-FA-P015090-U2OS-48h-P8-L1_K11_s9_w57DFCC600-16F3-4141-AADB-32B420207E51.npy,HSP inhibitor
P015090,K17,s1,CBK308232,/mnt/micro-images-pvc/specs935-v1/specs935-v1-FA-P015090-U2OS-48h-P8-L1/2021-12-18/854/specs935-v1-FA-P015090-U2OS-48h-P8-L1_K17_s1_w50732722B-FDBA-4006-B5AA-A83FAFBC21E5.npy,HSP inhibitor
P015090,K17,s2,CBK308232,/mnt/micro-images-pvc/specs935-v1/specs935-v1-FA-P015090-U2OS-48h-P8-L1/2021-12-18/854/specs935-v1-FA-P015090-U2OS-48h-P8-L1_K17_s2_w5E7C1AE7B-8313-45AA-B42E-AD147748EB4D.npy,HSP inhibitor
P015090,K17,s3,CBK308232,/mnt/micro-images-pvc/specs935-v1/specs935-v1-FA-P015090-U2OS-48h-P8-L1/2021-12-18/854/specs935-v1-FA-P015090-U2OS-48h-P8-L1_K17_s3_w5F3635D97-832C-4E5A-998F-FB68C0D2BF14.npy,HSP inhibitor
P015090,K17,s4,CBK308232,/mnt/micro-images-pvc/specs935-v1/specs935-v1-FA-P015090-U2OS-48h-P8-L1/2021-12-18/854/specs935-v1-FA-P015090-U2OS-48h-P8-L1_K17_s4_w5769F3761-EC93-4395-9DBB-D82D7B2D1A25.npy,HSP inhibitor
P015090,K17,s5,CBK308232,/mnt/micro-images-pvc/specs935-v1/specs935-v1-FA-P015090-U2OS-48h-P8-L1/2021-12-18/854/specs935-v1-FA-P015090-U2OS-48h-P8-L1_K17_s5_w504C69D6F-99DA-44B3-9C2B-EFAF0EE67A53.npy,HSP inhibitor
P015090,K17,s6,CBK308232,/mnt/micro-images-pvc/specs935-v1/specs935-v1-FA-P015090-U2OS-48h-P8-L1/2021-12-18/854/specs935-v1-FA-P015090-U2OS-48h-P8-L1_K17_s6_w5BA0AAA57-F389-4DAA-B592-15770A0BC2D8.npy,HSP inhibitor
P015090,K17,s7,CBK308232,/mnt/micro-images-pvc/specs935-v1/specs935-v1-FA-P015090-U2OS-48h-P8-L1/2021-12-18/854/specs935-v1-FA-P015090-U2OS-48h-P8-L1_K17_s7_w5CC4929BD-0128-4B0D-B056-67DA123DC337.npy,HSP inhibitor
P015090,K17,s8,CBK308232,/mnt/micro-images-pvc/specs935-v1/specs935-v1-FA-P015090-U2OS-48h-P8-L1/2021-12-18/854/specs935-v1-FA-P015090-U2OS-48h-P8-L1_K17_s8_w5457A5BA0-F04D-40F0-85E0-E3E9113B5C19.npy,HSP inhibitor
P015090,K17,s9,CBK308232,/mnt/micro-images-pvc/specs935-v1/specs935-v1-FA-P015090-U2OS-48h-P8-L1/2021-12-18/854/specs935-v1-FA-P015090-U2OS-48h-P8-L1_K17_s9_w56365BFA0-6350-40D0-80DA-E8A00ADB17A0.npy,HSP inhibitor
P015090,K22,s1,CBK308266,/mnt/micro-images-pvc/specs935-v1/specs935-v1-FA-P015090-U2OS-48h-P8-L1/2021-12-18/854/specs935-v1-FA-P015090-U2OS-48h-P8-L1_K22_s1_w57B6F38D5-4A35-491A-BA3D-9A19DDCE2C61.npy,HDAC inhibitor
P015090,K22,s2,CBK308266,/mnt/micro-images-pvc/specs935-v1/specs935-v1-FA-P015090-U2OS-48h-P8-L1/2021-12-18/854/specs935-v1-FA-P015090-U2OS-48h-P8-L1_K22_s2_w5DB80F3E3-BEAD-4568-9616-53A752919754.npy,HDAC inhibitor
P015090,K22,s3,CBK308266,/mnt/micro-images-pvc/specs935-v1/specs935-v1-FA-P015090-U2OS-48h-P8-L1/2021-12-18/854/specs935-v1-FA-P015090-U2OS-48h-P8-L1_K22_s3_w57720DBFE-D2DE-4FF2-A9E8-542BF4E063AE.npy,HDAC inhibitor
P015090,K22,s4,CBK308266,/mnt/micro-images-pvc/specs935-v1/specs935-v1-FA-P015090-U2OS-48h-P8-L1/2021-12-18/854/specs935-v1-FA-P015090-U2OS-48h-P8-L1_K22_s4_w5073FE869-1EBF-4A80-9F59-3FBFCC63251B.npy,HDAC inhibitor
P015090,K22,s5,CBK308266,/mnt/micro-images-pvc/specs935-v1/specs935-v1-FA-P015090-U2OS-48h-P8-L1/2021-12-18/854/specs935-v1-FA-P015090-U2OS-48h-P8-L1_K22_s5_w5D85FDCDC-E011-4AE0-B935-25454D4FE770.npy,HDAC inhibitor
P015090,K22,s6,CBK308266,/mnt/micro-images-pvc/specs935-v1/specs935-v1-FA-P015090-U2OS-48h-P8-L1/2021-12-18/854/specs935-v1-FA-P015090-U2OS-48h-P8-L1_K22_s6_w5C1B2E4C8-12FF-4359-A970-399DD4AAC969.npy,HDAC inhibitor
P015090,K22,s7,CBK308266,/mnt/micro-images-pvc/specs935-v1/specs935-v1-FA-P015090-U2OS-48h-P8-L1/2021-12-18/854/specs935-v1-FA-P015090-U2OS-48h-P8-L1_K22_s7_w52D5D4BAE-378B-4C48-B163-D8C9E3A448E3.npy,HDAC inhibitor
P015090,K22,s8,CBK308266,/mnt/micro-images-pvc/specs935-v1/specs935-v1-FA-P015090-U2OS-48h-P8-L1/2021-12-18/854/specs935-v1-FA-P015090-U2OS-48h-P8-L1_K22_s8_w59612B717-B2B6-41E7-8584-64DB191E7A1A.npy,HDAC inhibitor
P015090,K22,s9,CBK308266,/mnt/micro-images-pvc/specs935-v1/specs935-v1-FA-P015090-U2OS-48h-P8-L1/2021-12-18/854/specs935-v1-FA-P015090-U2OS-48h-P8-L1_K22_s9_w5C68F7DFD-2CF0-4CD9-9714-D51B4BE010F7.npy,HDAC inhibitor
P015090,L03,s1,CBK289739,/mnt/micro-images-pvc/specs935-v1/specs935-v1-FA-P015090-U2OS-48h-P8-L1/2021-12-18/854/specs935-v1-FA-P015090-U2OS-48h-P8-L1_L03_s1_w535A7D6DD-C47A-49BF-8E41-6662EF5AA9A8.npy,HDAC inhibitor
P015090,L03,s2,CBK289739,/mnt/micro-images-pvc/specs935-v1/specs935-v1-FA-P015090-U2OS-48h-P8-L1/2021-12-18/854/specs935-v1-FA-P015090-U2OS-48h-P8-L1_L03_s2_w585BDC5FE-E61C-4E52-9940-E7AD71788144.npy,HDAC inhibitor
P015090,L03,s3,CBK289739,/mnt/micro-images-pvc/specs935-v1/specs935-v1-FA-P015090-U2OS-48h-P8-L1/2021-12-18/854/specs935-v1-FA-P015090-U2OS-48h-P8-L1_L03_s3_w5798CE9C3-5928-44EC-8D51-CC47D0BCDF05.npy,HDAC inhibitor
P015090,L03,s4,CBK289739,/mnt/micro-images-pvc/specs935-v1/specs935-v1-FA-P015090-U2OS-48h-P8-L1/2021-12-18/854/specs935-v1-FA-P015090-U2OS-48h-P8-L1_L03_s4_w5A308AAD8-53CE-4CDC-B7B2-BEFEA719AD0E.npy,HDAC inhibitor
P015090,L03,s5,CBK289739,/mnt/micro-images-pvc/specs935-v1/specs935-v1-FA-P015090-U2OS-48h-P8-L1/2021-12-18/854/specs935-v1-FA-P015090-U2OS-48h-P8-L1_L03_s5_w523755D75-0EA3-4C34-AFC0-9C06262DBAC1.npy,HDAC inhibitor
P015090,L03,s6,CBK289739,/mnt/micro-images-pvc/specs935-v1/specs935-v1-FA-P015090-U2OS-48h-P8-L1/2021-12-18/854/specs935-v1-FA-P015090-U2OS-48h-P8-L1_L03_s6_w528BDF5F5-ACB0-4133-A8C7-2C937530DBEC.npy,HDAC inhibitor
P015090,L03,s7,CBK289739,/mnt/micro-images-pvc/specs935-v1/specs935-v1-FA-P015090-U2OS-48h-P8-L1/2021-12-18/854/specs935-v1-FA-P015090-U2OS-48h-P8-L1_L03_s7_w516515BC2-78FC-4E06-8508-3CEA53696802.npy,HDAC inhibitor
P015090,L03,s8,CBK289739,/mnt/micro-images-pvc/specs935-v1/specs935-v1-FA-P015090-U2OS-48h-P8-L1/2021-12-18/854/specs935-v1-FA-P015090-U2OS-48h-P8-L1_L03_s8_w5864C604D-5BC3-4A33-8940-098015799178.npy,HDAC inhibitor
P015090,L03,s9,CBK289739,/mnt/micro-images-pvc/specs935-v1/specs935-v1-FA-P015090-U2OS-48h-P8-L1/2021-12-18/854/specs935-v1-FA-P015090-U2OS-48h-P8-L1_L03_s9_w5D8B08C41-2A3F-4136-AC3E-6CB79A92F4E0.npy,HDAC inhibitor
P015090,L09,s1,CBK290837,/mnt/micro-images-pvc/specs935-v1/specs935-v1-FA-P015090-U2OS-48h-P8-L1/2021-12-18/854/specs935-v1-FA-P015090-U2OS-48h-P8-L1_L09_s1_w5F79F07C0-E9A3-41EF-83E9-0CED8F321925.npy,HDAC inhibitor
P015090,L09,s2,CBK290837,/mnt/micro-images-pvc/specs935-v1/specs935-v1-FA-P015090-U2OS-48h-P8-L1/2021-12-18/854/specs935-v1-FA-P015090-U2OS-48h-P8-L1_L09_s2_w5C4250EE2-A7DB-4BB7-935C-5EDE0CEFEDF2.npy,HDAC inhibitor
P015090,L09,s3,CBK290837,/mnt/micro-images-pvc/specs935-v1/specs935-v1-FA-P015090-U2OS-48h-P8-L1/2021-12-18/854/specs935-v1-FA-P015090-U2OS-48h-P8-L1_L09_s3_w5760C1AA2-8E1C-4DDE-AB5F-AA96FBEEEF9F.npy,HDAC inhibitor
P015090,L09,s4,CBK290837,/mnt/micro-images-pvc/specs935-v1/specs935-v1-FA-P015090-U2OS-48h-P8-L1/2021-12-18/854/specs935-v1-FA-P015090-U2OS-48h-P8-L1_L09_s4_w566454F0F-AF7F-41FB-A7E1-F1F1C226B7C2.npy,HDAC inhibitor
P015090,L09,s5,CBK290837,/mnt/micro-images-pvc/specs935-v1/specs935-v1-FA-P015090-U2OS-48h-P8-L1/2021-12-18/854/specs935-v1-FA-P015090-U2OS-48h-P8-L1_L09_s5_w5A256C6E3-9FED-489D-A001-DC4B8F28EAAE.npy,HDAC inhibitor
P015090,L09,s6,CBK290837,/mnt/micro-images-pvc/specs935-v1/specs935-v1-FA-P015090-U2OS-48h-P8-L1/2021-12-18/854/specs935-v1-FA-P015090-U2OS-48h-P8-L1_L09_s6_w5CA835E18-CFF0-4A53-B8C6-2622CB56CE3B.npy,HDAC inhibitor
P015090,L09,s7,CBK290837,/mnt/micro-images-pvc/specs935-v1/specs935-v1-FA-P015090-U2OS-48h-P8-L1/2021-12-18/854/specs935-v1-FA-P015090-U2OS-48h-P8-L1_L09_s7_w5E75FD5FE-695A-4008-9404-357064FD6B41.npy,HDAC inhibitor
P015090,L09,s8,CBK290837,/mnt/micro-images-pvc/specs935-v1/specs935-v1-FA-P015090-U2OS-48h-P8-L1/2021-12-18/854/specs935-v1-FA-P015090-U2OS-48h-P8-L1_L09_s8_w5EF1DEF9E-B0B2-4017-AF3D-367FECB58D97.npy,HDAC inhibitor
P015090,L09,s9,CBK290837,/mnt/micro-images-pvc/specs935-v1/specs935-v1-FA-P015090-U2OS-48h-P8-L1/2021-12-18/854/specs935-v1-FA-P015090-U2OS-48h-P8-L1_L09_s9_w52C188C41-BC0F-4311-9F50-90FCC24524B8.npy,HDAC inhibitor
P015090,L15,s1,CBK290479,/mnt/micro-images-pvc/specs935-v1/specs935-v1-FA-P015090-U2OS-48h-P8-L1/2021-12-18/854/specs935-v1-FA-P015090-U2OS-48h-P8-L1_L15_s1_w56300D0DE-B4FD-44DA-AA3D-1114DF2D49D7.npy,HDAC inhibitor
P015090,L15,s2,CBK290479,/mnt/micro-images-pvc/specs935-v1/specs935-v1-FA-P015090-U2OS-48h-P8-L1/2021-12-18/854/specs935-v1-FA-P015090-U2OS-48h-P8-L1_L15_s2_w56CE5BA2A-F311-40BC-842B-ED0106E6F48F.npy,HDAC inhibitor
P015090,L15,s3,CBK290479,/mnt/micro-images-pvc/specs935-v1/specs935-v1-FA-P015090-U2OS-48h-P8-L1/2021-12-18/854/specs935-v1-FA-P015090-U2OS-48h-P8-L1_L15_s3_w52DB134E2-65F4-43BB-9134-9B4C9C5850C4.npy,HDAC inhibitor
P015090,L15,s4,CBK290479,/mnt/micro-images-pvc/specs935-v1/specs935-v1-FA-P015090-U2OS-48h-P8-L1/2021-12-18/854/specs935-v1-FA-P015090-U2OS-48h-P8-L1_L15_s4_w5C8FD898C-0C29-40BF-9F6E-A1719F60675A.npy,HDAC inhibitor
P015090,L15,s5,CBK290479,/mnt/micro-images-pvc/specs935-v1/specs935-v1-FA-P015090-U2OS-48h-P8-L1/2021-12-18/854/specs935-v1-FA-P015090-U2OS-48h-P8-L1_L15_s5_w5D0A663FC-4EC4-4482-972B-648CA74165DA.npy,HDAC inhibitor
P015090,L15,s6,CBK290479,/mnt/micro-images-pvc/specs935-v1/specs935-v1-FA-P015090-U2OS-48h-P8-L1/2021-12-18/854/specs935-v1-FA-P015090-U2OS-48h-P8-L1_L15_s6_w57B6F06C0-36B5-4A7B-A615-7FAF185163BA.npy,HDAC inhibitor
P015090,L15,s7,CBK290479,/mnt/micro-images-pvc/specs935-v1/specs935-v1-FA-P015090-U2OS-48h-P8-L1/2021-12-18/854/specs935-v1-FA-P015090-U2OS-48h-P8-L1_L15_s7_w5492BD879-22EA-4C6C-BC3D-C28BFC867C2B.npy,HDAC inhibitor
P015090,L15,s8,CBK290479,/mnt/micro-images-pvc/specs935-v1/specs935-v1-FA-P015090-U2OS-48h-P8-L1/2021-12-18/854/specs935-v1-FA-P015090-U2OS-48h-P8-L1_L15_s8_w54D903C2A-233F-4291-BC1C-9F41BE981B7C.npy,HDAC inhibitor
P015090,L15,s9,CBK290479,/mnt/micro-images-pvc/specs935-v1/specs935-v1-FA-P015090-U2OS-48h-P8-L1/2021-12-18/854/specs935-v1-FA-P015090-U2OS-48h-P8-L1_L15_s9_w5D60FD7BA-7340-496B-A233-50F67EA3B9A3.npy,HDAC inhibitor
P015090,L17,s1,CBK289737,/mnt/micro-images-pvc/specs935-v1/specs935-v1-FA-P015090-U2OS-48h-P8-L1/2021-12-18/854/specs935-v1-FA-P015090-U2OS-48h-P8-L1_L17_s1_w58C1FE078-249D-466A-855D-2E5681E5E0BC.npy,HDAC inhibitor
P015090,L17,s2,CBK289737,/mnt/micro-images-pvc/specs935-v1/specs935-v1-FA-P015090-U2OS-48h-P8-L1/2021-12-18/854/specs935-v1-FA-P015090-U2OS-48h-P8-L1_L17_s2_w5DFF567CB-7191-4A53-BE1F-68CC2001F5E0.npy,HDAC inhibitor
P015090,L17,s3,CBK289737,/mnt/micro-images-pvc/specs935-v1/specs935-v1-FA-P015090-U2OS-48h-P8-L1/2021-12-18/854/specs935-v1-FA-P015090-U2OS-48h-P8-L1_L17_s3_w5F9BADB43-61C4-4C17-9A52-A6861355DB16.npy,HDAC inhibitor
P015090,L17,s4,CBK289737,/mnt/micro-images-pvc/specs935-v1/specs935-v1-FA-P015090-U2OS-48h-P8-L1/2021-12-18/854/specs935-v1-FA-P015090-U2OS-48h-P8-L1_L17_s4_w52068E742-667A-44B0-AEC4-5ECD21B0A5E1.npy,HDAC inhibitor
P015090,L17,s5,CBK289737,/mnt/micro-images-pvc/specs935-v1/specs935-v1-FA-P015090-U2OS-48h-P8-L1/2021-12-18/854/specs935-v1-FA-P015090-U2OS-48h-P8-L1_L17_s5_w54E879DA7-27E1-4B98-A4A8-37F57256C1CC.npy,HDAC inhibitor
P015090,L17,s6,CBK289737,/mnt/micro-images-pvc/specs935-v1/specs935-v1-FA-P015090-U2OS-48h-P8-L1/2021-12-18/854/specs935-v1-FA-P015090-U2OS-48h-P8-L1_L17_s6_w55829D8D7-7C4C-455C-87EF-BF7515875C3A.npy,HDAC inhibitor
P015090,L17,s7,CBK289737,/mnt/micro-images-pvc/specs935-v1/specs935-v1-FA-P015090-U2OS-48h-P8-L1/2021-12-18/854/specs935-v1-FA-P015090-U2OS-48h-P8-L1_L17_s7_w58AD52828-E6DE-4A78-82DF-DCB4EC99717E.npy,HDAC inhibitor
P015090,L17,s8,CBK289737,/mnt/micro-images-pvc/specs935-v1/specs935-v1-FA-P015090-U2OS-48h-P8-L1/2021-12-18/854/specs935-v1-FA-P015090-U2OS-48h-P8-L1_L17_s8_w5B7841C6B-E2E6-4647-8779-65720735D487.npy,HDAC inhibitor
P015090,L17,s9,CBK289737,/mnt/micro-images-pvc/specs935-v1/specs935-v1-FA-P015090-U2OS-48h-P8-L1/2021-12-18/854/specs935-v1-FA-P015090-U2OS-48h-P8-L1_L17_s9_w597176EC2-8557-4A23-B68A-65F2B1B072F9.npy,HDAC inhibitor
P015090,L20,s1,CBK303971,/mnt/micro-images-pvc/specs935-v1/specs935-v1-FA-P015090-U2OS-48h-P8-L1/2021-12-18/854/specs935-v1-FA-P015090-U2OS-48h-P8-L1_L20_s1_w5E5DCEBF6-6C74-47B0-9140-A65CBAAC81F3.npy,HDAC inhibitor
P015090,L20,s2,CBK303971,/mnt/micro-images-pvc/specs935-v1/specs935-v1-FA-P015090-U2OS-48h-P8-L1/2021-12-18/854/specs935-v1-FA-P015090-U2OS-48h-P8-L1_L20_s2_w51F97AEA2-8F58-43DA-AD12-F8CF5FA1AC50.npy,HDAC inhibitor
P015090,L20,s3,CBK303971,/mnt/micro-images-pvc/specs935-v1/specs935-v1-FA-P015090-U2OS-48h-P8-L1/2021-12-18/854/specs935-v1-FA-P015090-U2OS-48h-P8-L1_L20_s3_w524A03245-41E9-4ADB-861C-2051AF2267C4.npy,HDAC inhibitor
P015090,L20,s4,CBK303971,/mnt/micro-images-pvc/specs935-v1/specs935-v1-FA-P015090-U2OS-48h-P8-L1/2021-12-18/854/specs935-v1-FA-P015090-U2OS-48h-P8-L1_L20_s4_w561A31F98-5892-4398-A687-4269AD477030.npy,HDAC inhibitor
P015090,L20,s5,CBK303971,/mnt/micro-images-pvc/specs935-v1/specs935-v1-FA-P015090-U2OS-48h-P8-L1/2021-12-18/854/specs935-v1-FA-P015090-U2OS-48h-P8-L1_L20_s5_w52C19B5D0-4E84-42F4-8522-F518728F39A3.npy,HDAC inhibitor
P015090,L20,s6,CBK303971,/mnt/micro-images-pvc/specs935-v1/specs935-v1-FA-P015090-U2OS-48h-P8-L1/2021-12-18/854/specs935-v1-FA-P015090-U2OS-48h-P8-L1_L20_s6_w545B1CC6C-7594-497C-AA95-505988C6C00A.npy,HDAC inhibitor
P015090,L20,s7,CBK303971,/mnt/micro-images-pvc/specs935-v1/specs935-v1-FA-P015090-U2OS-48h-P8-L1/2021-12-18/854/specs935-v1-FA-P015090-U2OS-48h-P8-L1_L20_s7_w53736D999-81FC-4987-8EF3-CAE8DD77BAAF.npy,HDAC inhibitor
P015090,L20,s8,CBK303971,/mnt/micro-images-pvc/specs935-v1/specs935-v1-FA-P015090-U2OS-48h-P8-L1/2021-12-18/854/specs935-v1-FA-P015090-U2OS-48h-P8-L1_L20_s8_w5987A0B94-90FE-4132-8F14-2C1ACDA37463.npy,HDAC inhibitor
P015090,L20,s9,CBK303971,/mnt/micro-images-pvc/specs935-v1/specs935-v1-FA-P015090-U2OS-48h-P8-L1/2021-12-18/854/specs935-v1-FA-P015090-U2OS-48h-P8-L1_L20_s9_w507A83EDB-21BE-4D6B-8D83-FD81D8C22F6A.npy,HDAC inhibitor
P015090,L22,s1,CBK290945,/mnt/micro-images-pvc/specs935-v1/specs935-v1-FA-P015090-U2OS-48h-P8-L1/2021-12-18/854/specs935-v1-FA-P015090-U2OS-48h-P8-L1_L22_s1_w5ABB0AE35-6D55-4CBD-8B5F-B6A0FB06A8FB.npy,HDAC inhibitor
P015090,L22,s2,CBK290945,/mnt/micro-images-pvc/specs935-v1/specs935-v1-FA-P015090-U2OS-48h-P8-L1/2021-12-18/854/specs935-v1-FA-P015090-U2OS-48h-P8-L1_L22_s2_w50BC1C5D9-D441-4727-8878-233F3BA154BF.npy,HDAC inhibitor
P015090,L22,s3,CBK290945,/mnt/micro-images-pvc/specs935-v1/specs935-v1-FA-P015090-U2OS-48h-P8-L1/2021-12-18/854/specs935-v1-FA-P015090-U2OS-48h-P8-L1_L22_s3_w54820DD97-F7DC-4B4D-9F4D-0AF2DA546A0E.npy,HDAC inhibitor
P015090,L22,s4,CBK290945,/mnt/micro-images-pvc/specs935-v1/specs935-v1-FA-P015090-U2OS-48h-P8-L1/2021-12-18/854/specs935-v1-FA-P015090-U2OS-48h-P8-L1_L22_s4_w586C69B15-BDA5-4529-98CC-36F553662BCF.npy,HDAC inhibitor
P015090,L22,s5,CBK290945,/mnt/micro-images-pvc/specs935-v1/specs935-v1-FA-P015090-U2OS-48h-P8-L1/2021-12-18/854/specs935-v1-FA-P015090-U2OS-48h-P8-L1_L22_s5_w531B17CDA-BCBC-4D76-87C4-0F3FD8EF5BCB.npy,HDAC inhibitor
P015090,L22,s6,CBK290945,/mnt/micro-images-pvc/specs935-v1/specs935-v1-FA-P015090-U2OS-48h-P8-L1/2021-12-18/854/specs935-v1-FA-P015090-U2OS-48h-P8-L1_L22_s6_w5894A4512-4C6D-409A-9899-AF076B55B4B6.npy,HDAC inhibitor
P015090,L22,s7,CBK290945,/mnt/micro-images-pvc/specs935-v1/specs935-v1-FA-P015090-U2OS-48h-P8-L1/2021-12-18/854/specs935-v1-FA-P015090-U2OS-48h-P8-L1_L22_s7_w50874FCC4-9F21-47B6-BAC2-4A3AAE6EC5BD.npy,HDAC inhibitor
P015090,L22,s8,CBK290945,/mnt/micro-images-pvc/specs935-v1/specs935-v1-FA-P015090-U2OS-48h-P8-L1/2021-12-18/854/specs935-v1-FA-P015090-U2OS-48h-P8-L1_L22_s8_w50DB740C2-5BFC-4D92-95DE-846611F830D6.npy,HDAC inhibitor
P015090,L22,s9,CBK290945,/mnt/micro-images-pvc/specs935-v1/specs935-v1-FA-P015090-U2OS-48h-P8-L1/2021-12-18/854/specs935-v1-FA-P015090-U2OS-48h-P8-L1_L22_s9_w57493DEF7-93CB-41E1-9BEC-FA4EB45FE08F.npy,HDAC inhibitor
P015090,M03,s1,CBK041487,/mnt/micro-images-pvc/specs935-v1/specs935-v1-FA-P015090-U2OS-48h-P8-L1/2021-12-18/854/specs935-v1-FA-P015090-U2OS-48h-P8-L1_M03_s1_w5B7409F64-6CB3-4890-B4A2-4AF75B9A5957.npy,HSP inhibitor
P015090,M03,s2,CBK041487,/mnt/micro-images-pvc/specs935-v1/specs935-v1-FA-P015090-U2OS-48h-P8-L1/2021-12-18/854/specs935-v1-FA-P015090-U2OS-48h-P8-L1_M03_s2_w51BEFF8B3-20A9-4FBB-8DA0-E05E44A5D87B.npy,HSP inhibitor
P015090,M03,s3,CBK041487,/mnt/micro-images-pvc/specs935-v1/specs935-v1-FA-P015090-U2OS-48h-P8-L1/2021-12-18/854/specs935-v1-FA-P015090-U2OS-48h-P8-L1_M03_s3_w54487E258-1AD3-4102-BB54-C9D48877C48C.npy,HSP inhibitor
P015090,M03,s4,CBK041487,/mnt/micro-images-pvc/specs935-v1/specs935-v1-FA-P015090-U2OS-48h-P8-L1/2021-12-18/854/specs935-v1-FA-P015090-U2OS-48h-P8-L1_M03_s4_w565534541-C7F1-40BC-BF33-684D6ED782A8.npy,HSP inhibitor
P015090,M03,s5,CBK041487,/mnt/micro-images-pvc/specs935-v1/specs935-v1-FA-P015090-U2OS-48h-P8-L1/2021-12-18/854/specs935-v1-FA-P015090-U2OS-48h-P8-L1_M03_s5_w514F13F11-EE2E-4B70-A44E-60079A738EA5.npy,HSP inhibitor
P015090,M03,s6,CBK041487,/mnt/micro-images-pvc/specs935-v1/specs935-v1-FA-P015090-U2OS-48h-P8-L1/2021-12-18/854/specs935-v1-FA-P015090-U2OS-48h-P8-L1_M03_s6_w55D42F8EE-03D9-49D8-B23D-F6736E0775EB.npy,HSP inhibitor
P015090,M03,s7,CBK041487,/mnt/micro-images-pvc/specs935-v1/specs935-v1-FA-P015090-U2OS-48h-P8-L1/2021-12-18/854/specs935-v1-FA-P015090-U2OS-48h-P8-L1_M03_s7_w500815EFB-0DC6-4613-AA3B-438939624085.npy,HSP inhibitor
P015090,M03,s8,CBK041487,/mnt/micro-images-pvc/specs935-v1/specs935-v1-FA-P015090-U2OS-48h-P8-L1/2021-12-18/854/specs935-v1-FA-P015090-U2OS-48h-P8-L1_M03_s8_w56A6A4E52-050D-4CD6-84B7-3B48F07985A8.npy,HSP inhibitor
P015090,M03,s9,CBK041487,/mnt/micro-images-pvc/specs935-v1/specs935-v1-FA-P015090-U2OS-48h-P8-L1/2021-12-18/854/specs935-v1-FA-P015090-U2OS-48h-P8-L1_M03_s9_w5591C43BD-EB40-43B2-823A-9A03376938F8.npy,HSP inhibitor
P015090,M04,s1,CBK308232,/mnt/micro-images-pvc/specs935-v1/specs935-v1-FA-P015090-U2OS-48h-P8-L1/2021-12-18/854/specs935-v1-FA-P015090-U2OS-48h-P8-L1_M04_s1_w59CC16541-2858-420A-ABF7-68DFB3BE0E6F.npy,HSP inhibitor
P015090,M04,s2,CBK308232,/mnt/micro-images-pvc/specs935-v1/specs935-v1-FA-P015090-U2OS-48h-P8-L1/2021-12-18/854/specs935-v1-FA-P015090-U2OS-48h-P8-L1_M04_s2_w56A6D2520-5E4E-4C27-8B08-E464A251BBA2.npy,HSP inhibitor
P015090,M04,s3,CBK308232,/mnt/micro-images-pvc/specs935-v1/specs935-v1-FA-P015090-U2OS-48h-P8-L1/2021-12-18/854/specs935-v1-FA-P015090-U2OS-48h-P8-L1_M04_s3_w587DAD543-B8B0-4F08-BCD5-5DBBCF1BE44E.npy,HSP inhibitor
P015090,M04,s4,CBK308232,/mnt/micro-images-pvc/specs935-v1/specs935-v1-FA-P015090-U2OS-48h-P8-L1/2021-12-18/854/specs935-v1-FA-P015090-U2OS-48h-P8-L1_M04_s4_w573CCDC08-FD06-460D-857F-1DF1840391ED.npy,HSP inhibitor
P015090,M04,s5,CBK308232,/mnt/micro-images-pvc/specs935-v1/specs935-v1-FA-P015090-U2OS-48h-P8-L1/2021-12-18/854/specs935-v1-FA-P015090-U2OS-48h-P8-L1_M04_s5_w5D08B93FE-52F1-4DE7-9954-203138444BF0.npy,HSP inhibitor
P015090,M04,s6,CBK308232,/mnt/micro-images-pvc/specs935-v1/specs935-v1-FA-P015090-U2OS-48h-P8-L1/2021-12-18/854/specs935-v1-FA-P015090-U2OS-48h-P8-L1_M04_s6_w5C814CF61-8C03-4BC1-9D27-95B08792B192.npy,HSP inhibitor
P015090,M04,s7,CBK308232,/mnt/micro-images-pvc/specs935-v1/specs935-v1-FA-P015090-U2OS-48h-P8-L1/2021-12-18/854/specs935-v1-FA-P015090-U2OS-48h-P8-L1_M04_s7_w5AED6252E-8F2E-4B09-8E32-34EC2A9663AC.npy,HSP inhibitor
P015090,M04,s8,CBK308232,/mnt/micro-images-pvc/specs935-v1/specs935-v1-FA-P015090-U2OS-48h-P8-L1/2021-12-18/854/specs935-v1-FA-P015090-U2OS-48h-P8-L1_M04_s8_w5B49443E1-C5EE-4960-A6CF-3AD454EA3BE6.npy,HSP inhibitor
P015090,M04,s9,CBK308232,/mnt/micro-images-pvc/specs935-v1/specs935-v1-FA-P015090-U2OS-48h-P8-L1/2021-12-18/854/specs935-v1-FA-P015090-U2OS-48h-P8-L1_M04_s9_w5195981C1-D40D-4873-8F5D-D4CD055C96BE.npy,HSP inhibitor
P015090,M05,s1,CBK278021,/mnt/micro-images-pvc/specs935-v1/specs935-v1-FA-P015090-U2OS-48h-P8-L1/2021-12-18/854/specs935-v1-FA-P015090-U2OS-48h-P8-L1_M05_s1_w59012370A-BA7C-40FB-84AB-CCD631090760.npy,HSP inhibitor
P015090,M05,s2,CBK278021,/mnt/micro-images-pvc/specs935-v1/specs935-v1-FA-P015090-U2OS-48h-P8-L1/2021-12-18/854/specs935-v1-FA-P015090-U2OS-48h-P8-L1_M05_s2_w53EF65D6B-EC12-43D7-ABBE-3FADEFBA44BE.npy,HSP inhibitor
P015090,M05,s3,CBK278021,/mnt/micro-images-pvc/specs935-v1/specs935-v1-FA-P015090-U2OS-48h-P8-L1/2021-12-18/854/specs935-v1-FA-P015090-U2OS-48h-P8-L1_M05_s3_w52F9BCD53-F4D9-4F21-BEFD-782FFFB9DDA1.npy,HSP inhibitor
P015090,M05,s4,CBK278021,/mnt/micro-images-pvc/specs935-v1/specs935-v1-FA-P015090-U2OS-48h-P8-L1/2021-12-18/854/specs935-v1-FA-P015090-U2OS-48h-P8-L1_M05_s4_w5E9362BF9-3874-4326-A9E2-051806C0E105.npy,HSP inhibitor
P015090,M05,s5,CBK278021,/mnt/micro-images-pvc/specs935-v1/specs935-v1-FA-P015090-U2OS-48h-P8-L1/2021-12-18/854/specs935-v1-FA-P015090-U2OS-48h-P8-L1_M05_s5_w59F8E0D36-71E0-4072-AC9E-10D10EB66050.npy,HSP inhibitor
P015090,M05,s6,CBK278021,/mnt/micro-images-pvc/specs935-v1/specs935-v1-FA-P015090-U2OS-48h-P8-L1/2021-12-18/854/specs935-v1-FA-P015090-U2OS-48h-P8-L1_M05_s6_w5CDB7A7D7-FDCA-4EBB-AD89-4B06F7E197E3.npy,HSP inhibitor
P015090,M05,s7,CBK278021,/mnt/micro-images-pvc/specs935-v1/specs935-v1-FA-P015090-U2OS-48h-P8-L1/2021-12-18/854/specs935-v1-FA-P015090-U2OS-48h-P8-L1_M05_s7_w576495CF2-8C93-4D26-83F1-E37064313269.npy,HSP inhibitor
P015090,M05,s8,CBK278021,/mnt/micro-images-pvc/specs935-v1/specs935-v1-FA-P015090-U2OS-48h-P8-L1/2021-12-18/854/specs935-v1-FA-P015090-U2OS-48h-P8-L1_M05_s8_w50805B07A-F375-438A-A23D-EADCAE464505.npy,HSP inhibitor
P015090,M05,s9,CBK278021,/mnt/micro-images-pvc/specs935-v1/specs935-v1-FA-P015090-U2OS-48h-P8-L1/2021-12-18/854/specs935-v1-FA-P015090-U2OS-48h-P8-L1_M05_s9_w547CEF711-038E-496D-AEB4-41FDF368F9A1.npy,HSP inhibitor
P015090,M07,s1,CBK308923,/mnt/micro-images-pvc/specs935-v1/specs935-v1-FA-P015090-U2OS-48h-P8-L1/2021-12-18/854/specs935-v1-FA-P015090-U2OS-48h-P8-L1_M07_s1_w515E2BB68-E32B-42C1-A8FA-8CC20E67AF8B.npy,HSP inhibitor
P015090,M07,s2,CBK308923,/mnt/micro-images-pvc/specs935-v1/specs935-v1-FA-P015090-U2OS-48h-P8-L1/2021-12-18/854/specs935-v1-FA-P015090-U2OS-48h-P8-L1_M07_s2_w5A5703C72-8366-477E-A4FE-CF6910CB5282.npy,HSP inhibitor
P015090,M07,s3,CBK308923,/mnt/micro-images-pvc/specs935-v1/specs935-v1-FA-P015090-U2OS-48h-P8-L1/2021-12-18/854/specs935-v1-FA-P015090-U2OS-48h-P8-L1_M07_s3_w5E531DA02-3699-4E23-804F-1B31909D6F85.npy,HSP inhibitor
P015090,M07,s4,CBK308923,/mnt/micro-images-pvc/specs935-v1/specs935-v1-FA-P015090-U2OS-48h-P8-L1/2021-12-18/854/specs935-v1-FA-P015090-U2OS-48h-P8-L1_M07_s4_w50773F185-0EE5-4F3A-A8C8-601465397AC1.npy,HSP inhibitor
P015090,M07,s5,CBK308923,/mnt/micro-images-pvc/specs935-v1/specs935-v1-FA-P015090-U2OS-48h-P8-L1/2021-12-18/854/specs935-v1-FA-P015090-U2OS-48h-P8-L1_M07_s5_w55F75EAF6-315F-4FF9-BE3F-36D1289EF934.npy,HSP inhibitor
P015090,M07,s6,CBK308923,/mnt/micro-images-pvc/specs935-v1/specs935-v1-FA-P015090-U2OS-48h-P8-L1/2021-12-18/854/specs935-v1-FA-P015090-U2OS-48h-P8-L1_M07_s6_w562169DCD-F970-4D9C-BD15-D54758925BCE.npy,HSP inhibitor
P015090,M07,s7,CBK308923,/mnt/micro-images-pvc/specs935-v1/specs935-v1-FA-P015090-U2OS-48h-P8-L1/2021-12-18/854/specs935-v1-FA-P015090-U2OS-48h-P8-L1_M07_s7_w507FF4090-BAAA-421C-871C-853EF835AA41.npy,HSP inhibitor
P015090,M07,s8,CBK308923,/mnt/micro-images-pvc/specs935-v1/specs935-v1-FA-P015090-U2OS-48h-P8-L1/2021-12-18/854/specs935-v1-FA-P015090-U2OS-48h-P8-L1_M07_s8_w599B6CCEA-19FE-4161-9232-00D1837682F7.npy,HSP inhibitor
P015090,M07,s9,CBK308923,/mnt/micro-images-pvc/specs935-v1/specs935-v1-FA-P015090-U2OS-48h-P8-L1/2021-12-18/854/specs935-v1-FA-P015090-U2OS-48h-P8-L1_M07_s9_w5E5836F65-41FB-4751-B9BF-96BC39913F06.npy,HSP inhibitor
P015090,M08,s1,CBK290547,/mnt/micro-images-pvc/specs935-v1/specs935-v1-FA-P015090-U2OS-48h-P8-L1/2021-12-18/854/specs935-v1-FA-P015090-U2OS-48h-P8-L1_M08_s1_w50B7D78AC-B2FF-481B-A297-35255F4D1AF4.npy,HDAC inhibitor
P015090,M08,s2,CBK290547,/mnt/micro-images-pvc/specs935-v1/specs935-v1-FA-P015090-U2OS-48h-P8-L1/2021-12-18/854/specs935-v1-FA-P015090-U2OS-48h-P8-L1_M08_s2_w501FE0A83-399F-401C-89AC-179283F427EB.npy,HDAC inhibitor
P015090,M08,s3,CBK290547,/mnt/micro-images-pvc/specs935-v1/specs935-v1-FA-P015090-U2OS-48h-P8-L1/2021-12-18/854/specs935-v1-FA-P015090-U2OS-48h-P8-L1_M08_s3_w50CB158E2-2C54-402B-A222-29D5283B7C56.npy,HDAC inhibitor
P015090,M08,s4,CBK290547,/mnt/micro-images-pvc/specs935-v1/specs935-v1-FA-P015090-U2OS-48h-P8-L1/2021-12-18/854/specs935-v1-FA-P015090-U2OS-48h-P8-L1_M08_s4_w5C4F10B4C-DE17-4FAA-A81E-517CF0EEB77E.npy,HDAC inhibitor
P015090,M08,s5,CBK290547,/mnt/micro-images-pvc/specs935-v1/specs935-v1-FA-P015090-U2OS-48h-P8-L1/2021-12-18/854/specs935-v1-FA-P015090-U2OS-48h-P8-L1_M08_s5_w5BB9AA956-4711-4BD1-9396-7305F8B4A2E2.npy,HDAC inhibitor
P015090,M08,s6,CBK290547,/mnt/micro-images-pvc/specs935-v1/specs935-v1-FA-P015090-U2OS-48h-P8-L1/2021-12-18/854/specs935-v1-FA-P015090-U2OS-48h-P8-L1_M08_s6_w5C44DEF78-AA88-421A-B7ED-6D443AF5E6EE.npy,HDAC inhibitor
P015090,M08,s7,CBK290547,/mnt/micro-images-pvc/specs935-v1/specs935-v1-FA-P015090-U2OS-48h-P8-L1/2021-12-18/854/specs935-v1-FA-P015090-U2OS-48h-P8-L1_M08_s7_w52963FD19-FF06-4B58-B559-AF397FD1D5C9.npy,HDAC inhibitor
P015090,M08,s8,CBK290547,/mnt/micro-images-pvc/specs935-v1/specs935-v1-FA-P015090-U2OS-48h-P8-L1/2021-12-18/854/specs935-v1-FA-P015090-U2OS-48h-P8-L1_M08_s8_w5D0C282C1-105E-450C-92A6-6671B007DBDD.npy,HDAC inhibitor
P015090,M08,s9,CBK290547,/mnt/micro-images-pvc/specs935-v1/specs935-v1-FA-P015090-U2OS-48h-P8-L1/2021-12-18/854/specs935-v1-FA-P015090-U2OS-48h-P8-L1_M08_s9_w5C6326A0B-EFBF-485A-877B-E9C422184ADD.npy,HDAC inhibitor
P015090,M11,s1,CBK309488,/mnt/micro-images-pvc/specs935-v1/specs935-v1-FA-P015090-U2OS-48h-P8-L1/2021-12-18/854/specs935-v1-FA-P015090-U2OS-48h-P8-L1_M11_s1_w545467854-1C2B-4A38-AA7F-A3D7ED974514.npy,HSP inhibitor
P015090,M11,s2,CBK309488,/mnt/micro-images-pvc/specs935-v1/specs935-v1-FA-P015090-U2OS-48h-P8-L1/2021-12-18/854/specs935-v1-FA-P015090-U2OS-48h-P8-L1_M11_s2_w541CAD1D7-A502-4A51-A44B-EBC7E67EF3BE.npy,HSP inhibitor
P015090,M11,s3,CBK309488,/mnt/micro-images-pvc/specs935-v1/specs935-v1-FA-P015090-U2OS-48h-P8-L1/2021-12-18/854/specs935-v1-FA-P015090-U2OS-48h-P8-L1_M11_s3_w596EB9112-D866-4082-9FD7-64BD52BCEBCD.npy,HSP inhibitor
P015090,M11,s4,CBK309488,/mnt/micro-images-pvc/specs935-v1/specs935-v1-FA-P015090-U2OS-48h-P8-L1/2021-12-18/854/specs935-v1-FA-P015090-U2OS-48h-P8-L1_M11_s4_w5C57CDBDF-7E63-4E31-B86A-5CFC5D8FD9AE.npy,HSP inhibitor
P015090,M11,s5,CBK309488,/mnt/micro-images-pvc/specs935-v1/specs935-v1-FA-P015090-U2OS-48h-P8-L1/2021-12-18/854/specs935-v1-FA-P015090-U2OS-48h-P8-L1_M11_s5_w5721681B2-0B75-4B33-AF49-9583812A19A9.npy,HSP inhibitor
P015090,M11,s6,CBK309488,/mnt/micro-images-pvc/specs935-v1/specs935-v1-FA-P015090-U2OS-48h-P8-L1/2021-12-18/854/specs935-v1-FA-P015090-U2OS-48h-P8-L1_M11_s6_w510C98FD6-DB24-4DA0-92EA-4F96EAC9E91F.npy,HSP inhibitor
P015090,M11,s7,CBK309488,/mnt/micro-images-pvc/specs935-v1/specs935-v1-FA-P015090-U2OS-48h-P8-L1/2021-12-18/854/specs935-v1-FA-P015090-U2OS-48h-P8-L1_M11_s7_w5C6F10EC5-B147-40F3-849A-D03A1C579DEF.npy,HSP inhibitor
P015090,M11,s8,CBK309488,/mnt/micro-images-pvc/specs935-v1/specs935-v1-FA-P015090-U2OS-48h-P8-L1/2021-12-18/854/specs935-v1-FA-P015090-U2OS-48h-P8-L1_M11_s8_w5EA89DD3B-6C57-4914-A70B-40C6575227F8.npy,HSP inhibitor
P015090,M11,s9,CBK309488,/mnt/micro-images-pvc/specs935-v1/specs935-v1-FA-P015090-U2OS-48h-P8-L1/2021-12-18/854/specs935-v1-FA-P015090-U2OS-48h-P8-L1_M11_s9_w5DED4339A-C3EA-4187-9C56-76558084FC6F.npy,HSP inhibitor
P015090,M13,s1,CBK309523,/mnt/micro-images-pvc/specs935-v1/specs935-v1-FA-P015090-U2OS-48h-P8-L1/2021-12-18/854/specs935-v1-FA-P015090-U2OS-48h-P8-L1_M13_s1_w5ED4449C6-95B2-4EF4-B4D8-E2840ECCAB39.npy,HDAC inhibitor
P015090,M13,s2,CBK309523,/mnt/micro-images-pvc/specs935-v1/specs935-v1-FA-P015090-U2OS-48h-P8-L1/2021-12-18/854/specs935-v1-FA-P015090-U2OS-48h-P8-L1_M13_s2_w545FCFCB8-1223-45A1-8EAD-6120C2728E16.npy,HDAC inhibitor
P015090,M13,s3,CBK309523,/mnt/micro-images-pvc/specs935-v1/specs935-v1-FA-P015090-U2OS-48h-P8-L1/2021-12-18/854/specs935-v1-FA-P015090-U2OS-48h-P8-L1_M13_s3_w53804895C-1C38-4458-A1F8-9148BF06123A.npy,HDAC inhibitor
P015090,M13,s4,CBK309523,/mnt/micro-images-pvc/specs935-v1/specs935-v1-FA-P015090-U2OS-48h-P8-L1/2021-12-18/854/specs935-v1-FA-P015090-U2OS-48h-P8-L1_M13_s4_w5D9B9A0A4-E942-4B49-8F4B-AEB732A49A1B.npy,HDAC inhibitor
P015090,M13,s5,CBK309523,/mnt/micro-images-pvc/specs935-v1/specs935-v1-FA-P015090-U2OS-48h-P8-L1/2021-12-18/854/specs935-v1-FA-P015090-U2OS-48h-P8-L1_M13_s5_w5C71B0C33-1AA4-4C48-98FE-D961D6BBD450.npy,HDAC inhibitor
P015090,M13,s6,CBK309523,/mnt/micro-images-pvc/specs935-v1/specs935-v1-FA-P015090-U2OS-48h-P8-L1/2021-12-18/854/specs935-v1-FA-P015090-U2OS-48h-P8-L1_M13_s6_w5A1BA9F62-7B13-41F6-AFCE-76434CD1788F.npy,HDAC inhibitor
P015090,M13,s7,CBK309523,/mnt/micro-images-pvc/specs935-v1/specs935-v1-FA-P015090-U2OS-48h-P8-L1/2021-12-18/854/specs935-v1-FA-P015090-U2OS-48h-P8-L1_M13_s7_w583AC1C81-5267-4A2B-BBFA-20FE246A25DC.npy,HDAC inhibitor
P015090,M13,s8,CBK309523,/mnt/micro-images-pvc/specs935-v1/specs935-v1-FA-P015090-U2OS-48h-P8-L1/2021-12-18/854/specs935-v1-FA-P015090-U2OS-48h-P8-L1_M13_s8_w5194D847B-54E6-4906-A5D1-110124D1BC01.npy,HDAC inhibitor
P015090,M13,s9,CBK309523,/mnt/micro-images-pvc/specs935-v1/specs935-v1-FA-P015090-U2OS-48h-P8-L1/2021-12-18/854/specs935-v1-FA-P015090-U2OS-48h-P8-L1_M13_s9_w5A0EDEA47-1CD7-45D7-8DED-E414D705B54C.npy,HDAC inhibitor
P015090,M14,s1,CBK309553,/mnt/micro-images-pvc/specs935-v1/specs935-v1-FA-P015090-U2OS-48h-P8-L1/2021-12-18/854/specs935-v1-FA-P015090-U2OS-48h-P8-L1_M14_s1_w58388086B-88F7-4A09-B45B-B79C32778FAC.npy,HDAC inhibitor
P015090,M14,s2,CBK309553,/mnt/micro-images-pvc/specs935-v1/specs935-v1-FA-P015090-U2OS-48h-P8-L1/2021-12-18/854/specs935-v1-FA-P015090-U2OS-48h-P8-L1_M14_s2_w583C31746-766B-454E-92FA-8C55838CD524.npy,HDAC inhibitor
P015090,M14,s3,CBK309553,/mnt/micro-images-pvc/specs935-v1/specs935-v1-FA-P015090-U2OS-48h-P8-L1/2021-12-18/854/specs935-v1-FA-P015090-U2OS-48h-P8-L1_M14_s3_w570EF7A0F-FCF2-4FC1-A35E-512C3013E3C8.npy,HDAC inhibitor
P015090,M14,s4,CBK309553,/mnt/micro-images-pvc/specs935-v1/specs935-v1-FA-P015090-U2OS-48h-P8-L1/2021-12-18/854/specs935-v1-FA-P015090-U2OS-48h-P8-L1_M14_s4_w5C9D83205-936F-4C34-BE9A-086937BEF3F9.npy,HDAC inhibitor
P015090,M14,s5,CBK309553,/mnt/micro-images-pvc/specs935-v1/specs935-v1-FA-P015090-U2OS-48h-P8-L1/2021-12-18/854/specs935-v1-FA-P015090-U2OS-48h-P8-L1_M14_s5_w58AAD705A-CBBA-4EB6-9CFF-CE7CD5BACC9D.npy,HDAC inhibitor
P015090,M14,s6,CBK309553,/mnt/micro-images-pvc/specs935-v1/specs935-v1-FA-P015090-U2OS-48h-P8-L1/2021-12-18/854/specs935-v1-FA-P015090-U2OS-48h-P8-L1_M14_s6_w520AC2A26-9471-4116-A6BD-A6AE317067C5.npy,HDAC inhibitor
P015090,M14,s7,CBK309553,/mnt/micro-images-pvc/specs935-v1/specs935-v1-FA-P015090-U2OS-48h-P8-L1/2021-12-18/854/specs935-v1-FA-P015090-U2OS-48h-P8-L1_M14_s7_w527BDCA66-391B-4689-A375-42294A730638.npy,HDAC inhibitor
P015090,M14,s8,CBK309553,/mnt/micro-images-pvc/specs935-v1/specs935-v1-FA-P015090-U2OS-48h-P8-L1/2021-12-18/854/specs935-v1-FA-P015090-U2OS-48h-P8-L1_M14_s8_w598B2F914-EE72-464D-A313-C571502B65D4.npy,HDAC inhibitor
P015090,M14,s9,CBK309553,/mnt/micro-images-pvc/specs935-v1/specs935-v1-FA-P015090-U2OS-48h-P8-L1/2021-12-18/854/specs935-v1-FA-P015090-U2OS-48h-P8-L1_M14_s9_w5926CDB01-2C34-4E80-AEEF-C1DA99F25BB8.npy,HDAC inhibitor
P015090,M16,s1,CBK278556G,/mnt/micro-images-pvc/specs935-v1/specs935-v1-FA-P015090-U2OS-48h-P8-L1/2021-12-18/854/specs935-v1-FA-P015090-U2OS-48h-P8-L1_M16_s1_w5D1ECB438-8432-447E-9BA1-AB2F873BC1D4.npy,HSP inhibitor
P015090,M16,s2,CBK278556G,/mnt/micro-images-pvc/specs935-v1/specs935-v1-FA-P015090-U2OS-48h-P8-L1/2021-12-18/854/specs935-v1-FA-P015090-U2OS-48h-P8-L1_M16_s2_w511CA43E8-D0B6-418F-8877-8E24AEFA5B55.npy,HSP inhibitor
P015090,M16,s3,CBK278556G,/mnt/micro-images-pvc/specs935-v1/specs935-v1-FA-P015090-U2OS-48h-P8-L1/2021-12-18/854/specs935-v1-FA-P015090-U2OS-48h-P8-L1_M16_s3_w5522709B1-9A1C-4B9E-8D4A-649037F54E38.npy,HSP inhibitor
P015090,M16,s4,CBK278556G,/mnt/micro-images-pvc/specs935-v1/specs935-v1-FA-P015090-U2OS-48h-P8-L1/2021-12-18/854/specs935-v1-FA-P015090-U2OS-48h-P8-L1_M16_s4_w57E20D4E7-ED02-4CB0-9F88-5C675BD58E29.npy,HSP inhibitor
P015090,M16,s5,CBK278556G,/mnt/micro-images-pvc/specs935-v1/specs935-v1-FA-P015090-U2OS-48h-P8-L1/2021-12-18/854/specs935-v1-FA-P015090-U2OS-48h-P8-L1_M16_s5_w53B82BD33-2AC6-48D4-B2A5-52F516769426.npy,HSP inhibitor
P015090,M16,s6,CBK278556G,/mnt/micro-images-pvc/specs935-v1/specs935-v1-FA-P015090-U2OS-48h-P8-L1/2021-12-18/854/specs935-v1-FA-P015090-U2OS-48h-P8-L1_M16_s6_w52343EE51-5BD2-44F3-B029-558309C65F0C.npy,HSP inhibitor
P015090,M16,s7,CBK278556G,/mnt/micro-images-pvc/specs935-v1/specs935-v1-FA-P015090-U2OS-48h-P8-L1/2021-12-18/854/specs935-v1-FA-P015090-U2OS-48h-P8-L1_M16_s7_w5989D7542-C9FE-42C6-9344-F94804EACC4D.npy,HSP inhibitor
P015090,M16,s8,CBK278556G,/mnt/micro-images-pvc/specs935-v1/specs935-v1-FA-P015090-U2OS-48h-P8-L1/2021-12-18/854/specs935-v1-FA-P015090-U2OS-48h-P8-L1_M16_s8_w5D486AC69-144E-48C1-A79B-54E961B60ACE.npy,HSP inhibitor
P015090,M16,s9,CBK278556G,/mnt/micro-images-pvc/specs935-v1/specs935-v1-FA-P015090-U2OS-48h-P8-L1/2021-12-18/854/specs935-v1-FA-P015090-U2OS-48h-P8-L1_M16_s9_w544FD550E-E601-4C84-9A9C-FFEA4B511C3A.npy,HSP inhibitor
P015090,M17,s1,CBK291055,/mnt/micro-images-pvc/specs935-v1/specs935-v1-FA-P015090-U2OS-48h-P8-L1/2021-12-18/854/specs935-v1-FA-P015090-U2OS-48h-P8-L1_M17_s1_w5A6F227CA-5A32-4C48-BF95-746F49E72778.npy,HDAC inhibitor
P015090,M17,s2,CBK291055,/mnt/micro-images-pvc/specs935-v1/specs935-v1-FA-P015090-U2OS-48h-P8-L1/2021-12-18/854/specs935-v1-FA-P015090-U2OS-48h-P8-L1_M17_s2_w50D393473-C6AF-4A49-AFA8-E4FE38CE4026.npy,HDAC inhibitor
P015090,M17,s3,CBK291055,/mnt/micro-images-pvc/specs935-v1/specs935-v1-FA-P015090-U2OS-48h-P8-L1/2021-12-18/854/specs935-v1-FA-P015090-U2OS-48h-P8-L1_M17_s3_w51133AF28-EF50-4F17-B8EA-D92189ED86DE.npy,HDAC inhibitor
P015090,M17,s4,CBK291055,/mnt/micro-images-pvc/specs935-v1/specs935-v1-FA-P015090-U2OS-48h-P8-L1/2021-12-18/854/specs935-v1-FA-P015090-U2OS-48h-P8-L1_M17_s4_w51A21E63A-73CF-40BB-8550-FC6391617D5E.npy,HDAC inhibitor
P015090,M17,s5,CBK291055,/mnt/micro-images-pvc/specs935-v1/specs935-v1-FA-P015090-U2OS-48h-P8-L1/2021-12-18/854/specs935-v1-FA-P015090-U2OS-48h-P8-L1_M17_s5_w5D27C8BBA-E5E9-47BF-9D3E-991534592B6C.npy,HDAC inhibitor
P015090,M17,s6,CBK291055,/mnt/micro-images-pvc/specs935-v1/specs935-v1-FA-P015090-U2OS-48h-P8-L1/2021-12-18/854/specs935-v1-FA-P015090-U2OS-48h-P8-L1_M17_s6_w508E58846-A304-4E90-BF9D-B9386F730666.npy,HDAC inhibitor
P015090,M17,s7,CBK291055,/mnt/micro-images-pvc/specs935-v1/specs935-v1-FA-P015090-U2OS-48h-P8-L1/2021-12-18/854/specs935-v1-FA-P015090-U2OS-48h-P8-L1_M17_s7_w53E3A03AA-9C78-48B8-BEB9-3E5541C67B82.npy,HDAC inhibitor
P015090,M17,s8,CBK291055,/mnt/micro-images-pvc/specs935-v1/specs935-v1-FA-P015090-U2OS-48h-P8-L1/2021-12-18/854/specs935-v1-FA-P015090-U2OS-48h-P8-L1_M17_s8_w5FF99E238-0BD8-4059-A428-5615E8E1DBDD.npy,HDAC inhibitor
P015090,M17,s9,CBK291055,/mnt/micro-images-pvc/specs935-v1/specs935-v1-FA-P015090-U2OS-48h-P8-L1/2021-12-18/854/specs935-v1-FA-P015090-U2OS-48h-P8-L1_M17_s9_w553D42880-FF55-4B42-827E-74F7A6B25143.npy,HDAC inhibitor
P015090,M19,s1,CBK290285,/mnt/micro-images-pvc/specs935-v1/specs935-v1-FA-P015090-U2OS-48h-P8-L1/2021-12-18/854/specs935-v1-FA-P015090-U2OS-48h-P8-L1_M19_s1_w5844239E4-B619-481E-8D54-9E3085A1A263.npy,HSP inhibitor
P015090,M19,s2,CBK290285,/mnt/micro-images-pvc/specs935-v1/specs935-v1-FA-P015090-U2OS-48h-P8-L1/2021-12-18/854/specs935-v1-FA-P015090-U2OS-48h-P8-L1_M19_s2_w572DCDFEE-3651-4F5A-ACEF-AC021CC548CA.npy,HSP inhibitor
P015090,M19,s3,CBK290285,/mnt/micro-images-pvc/specs935-v1/specs935-v1-FA-P015090-U2OS-48h-P8-L1/2021-12-18/854/specs935-v1-FA-P015090-U2OS-48h-P8-L1_M19_s3_w5FFF8AB03-DCA1-4671-8A5B-D495AA1468C0.npy,HSP inhibitor
P015090,M19,s4,CBK290285,/mnt/micro-images-pvc/specs935-v1/specs935-v1-FA-P015090-U2OS-48h-P8-L1/2021-12-18/854/specs935-v1-FA-P015090-U2OS-48h-P8-L1_M19_s4_w553136AB6-4AC3-4482-A71B-366E27B0B28D.npy,HSP inhibitor
P015090,M19,s5,CBK290285,/mnt/micro-images-pvc/specs935-v1/specs935-v1-FA-P015090-U2OS-48h-P8-L1/2021-12-18/854/specs935-v1-FA-P015090-U2OS-48h-P8-L1_M19_s5_w558AA48C2-462C-4EDD-BF12-2571ED8F743A.npy,HSP inhibitor
P015090,M19,s6,CBK290285,/mnt/micro-images-pvc/specs935-v1/specs935-v1-FA-P015090-U2OS-48h-P8-L1/2021-12-18/854/specs935-v1-FA-P015090-U2OS-48h-P8-L1_M19_s6_w51C572561-75BB-4E57-A374-122D828F51C9.npy,HSP inhibitor
P015090,M19,s7,CBK290285,/mnt/micro-images-pvc/specs935-v1/specs935-v1-FA-P015090-U2OS-48h-P8-L1/2021-12-18/854/specs935-v1-FA-P015090-U2OS-48h-P8-L1_M19_s7_w54338F26C-6461-46C7-A1CB-1AA6447900CF.npy,HSP inhibitor
P015090,M19,s8,CBK290285,/mnt/micro-images-pvc/specs935-v1/specs935-v1-FA-P015090-U2OS-48h-P8-L1/2021-12-18/854/specs935-v1-FA-P015090-U2OS-48h-P8-L1_M19_s8_w592421CE7-6CC8-4029-B778-A1CD4CF3B51C.npy,HSP inhibitor
P015090,M19,s9,CBK290285,/mnt/micro-images-pvc/specs935-v1/specs935-v1-FA-P015090-U2OS-48h-P8-L1/2021-12-18/854/specs935-v1-FA-P015090-U2OS-48h-P8-L1_M19_s9_w5A6C18631-4493-4909-A534-990B128786AD.npy,HSP inhibitor
P015090,M21,s1,CBK201016,/mnt/micro-images-pvc/specs935-v1/specs935-v1-FA-P015090-U2OS-48h-P8-L1/2021-12-18/854/specs935-v1-FA-P015090-U2OS-48h-P8-L1_M21_s1_w537761380-0874-40DD-B11B-6B93F63AF4B1.npy,HDAC inhibitor
P015090,M21,s2,CBK201016,/mnt/micro-images-pvc/specs935-v1/specs935-v1-FA-P015090-U2OS-48h-P8-L1/2021-12-18/854/specs935-v1-FA-P015090-U2OS-48h-P8-L1_M21_s2_w5B06221D6-17E4-4423-8CBF-53018FE570AB.npy,HDAC inhibitor
P015090,M21,s3,CBK201016,/mnt/micro-images-pvc/specs935-v1/specs935-v1-FA-P015090-U2OS-48h-P8-L1/2021-12-18/854/specs935-v1-FA-P015090-U2OS-48h-P8-L1_M21_s3_w5D8DEB3F7-CA4F-437F-8536-113224B307A7.npy,HDAC inhibitor
P015090,M21,s4,CBK201016,/mnt/micro-images-pvc/specs935-v1/specs935-v1-FA-P015090-U2OS-48h-P8-L1/2021-12-18/854/specs935-v1-FA-P015090-U2OS-48h-P8-L1_M21_s4_w5836A2F26-F5AC-4A7B-99DA-30BE8AD4AA9A.npy,HDAC inhibitor
P015090,M21,s5,CBK201016,/mnt/micro-images-pvc/specs935-v1/specs935-v1-FA-P015090-U2OS-48h-P8-L1/2021-12-18/854/specs935-v1-FA-P015090-U2OS-48h-P8-L1_M21_s5_w583BC9C1F-CE32-4C86-AADD-B48653D23876.npy,HDAC inhibitor
P015090,M21,s6,CBK201016,/mnt/micro-images-pvc/specs935-v1/specs935-v1-FA-P015090-U2OS-48h-P8-L1/2021-12-18/854/specs935-v1-FA-P015090-U2OS-48h-P8-L1_M21_s6_w5730F257D-DE22-4649-BC8B-85C2D14B4278.npy,HDAC inhibitor
P015090,M21,s7,CBK201016,/mnt/micro-images-pvc/specs935-v1/specs935-v1-FA-P015090-U2OS-48h-P8-L1/2021-12-18/854/specs935-v1-FA-P015090-U2OS-48h-P8-L1_M21_s7_w5579F4617-C59F-4738-979F-DEC8B50D49F7.npy,HDAC inhibitor
P015090,M21,s8,CBK201016,/mnt/micro-images-pvc/specs935-v1/specs935-v1-FA-P015090-U2OS-48h-P8-L1/2021-12-18/854/specs935-v1-FA-P015090-U2OS-48h-P8-L1_M21_s8_w53E13D915-132A-474C-9B5F-9E5372489BE6.npy,HDAC inhibitor
P015090,M21,s9,CBK201016,/mnt/micro-images-pvc/specs935-v1/specs935-v1-FA-P015090-U2OS-48h-P8-L1/2021-12-18/854/specs935-v1-FA-P015090-U2OS-48h-P8-L1_M21_s9_w5BA7A8965-2F13-47F2-B988-ED4A952DCA3A.npy,HDAC inhibitor
P015090,N02,s1,CBK277934,/mnt/micro-images-pvc/specs935-v1/specs935-v1-FA-P015090-U2OS-48h-P8-L1/2021-12-18/854/specs935-v1-FA-P015090-U2OS-48h-P8-L1_N02_s1_w54CCA46CD-615C-4D2B-853F-BB9526CA84E8.npy,HSP inhibitor
P015090,N02,s2,CBK277934,/mnt/micro-images-pvc/specs935-v1/specs935-v1-FA-P015090-U2OS-48h-P8-L1/2021-12-18/854/specs935-v1-FA-P015090-U2OS-48h-P8-L1_N02_s2_w56ED1142F-6878-4956-A34F-CDF309CAF639.npy,HSP inhibitor
P015090,N02,s3,CBK277934,/mnt/micro-images-pvc/specs935-v1/specs935-v1-FA-P015090-U2OS-48h-P8-L1/2021-12-18/854/specs935-v1-FA-P015090-U2OS-48h-P8-L1_N02_s3_w5AFF3D69E-AD78-48F6-A72A-9BF63685D50E.npy,HSP inhibitor
P015090,N02,s4,CBK277934,/mnt/micro-images-pvc/specs935-v1/specs935-v1-FA-P015090-U2OS-48h-P8-L1/2021-12-18/854/specs935-v1-FA-P015090-U2OS-48h-P8-L1_N02_s4_w5BCED991E-551C-481C-8B7E-5034C7155DE4.npy,HSP inhibitor
P015090,N02,s5,CBK277934,/mnt/micro-images-pvc/specs935-v1/specs935-v1-FA-P015090-U2OS-48h-P8-L1/2021-12-18/854/specs935-v1-FA-P015090-U2OS-48h-P8-L1_N02_s5_w57AEDB29A-3258-4430-B629-274099DDB752.npy,HSP inhibitor
P015090,N02,s6,CBK277934,/mnt/micro-images-pvc/specs935-v1/specs935-v1-FA-P015090-U2OS-48h-P8-L1/2021-12-18/854/specs935-v1-FA-P015090-U2OS-48h-P8-L1_N02_s6_w5F9D66241-45E4-4AC4-9B59-D3BDE7C669ED.npy,HSP inhibitor
P015090,N02,s7,CBK277934,/mnt/micro-images-pvc/specs935-v1/specs935-v1-FA-P015090-U2OS-48h-P8-L1/2021-12-18/854/specs935-v1-FA-P015090-U2OS-48h-P8-L1_N02_s7_w5CC66D5D4-E1B3-4D20-8BF8-0AA8736B7CD7.npy,HSP inhibitor
P015090,N02,s8,CBK277934,/mnt/micro-images-pvc/specs935-v1/specs935-v1-FA-P015090-U2OS-48h-P8-L1/2021-12-18/854/specs935-v1-FA-P015090-U2OS-48h-P8-L1_N02_s8_w5FCD92941-BA61-459C-BA20-E7D8C674383C.npy,HSP inhibitor
P015090,N02,s9,CBK277934,/mnt/micro-images-pvc/specs935-v1/specs935-v1-FA-P015090-U2OS-48h-P8-L1/2021-12-18/854/specs935-v1-FA-P015090-U2OS-48h-P8-L1_N02_s9_w5665C10F5-F65E-4AFC-A91A-27EBE3BA85A9.npy,HSP inhibitor
P015090,N05,s1,CBK309523,/mnt/micro-images-pvc/specs935-v1/specs935-v1-FA-P015090-U2OS-48h-P8-L1/2021-12-18/854/specs935-v1-FA-P015090-U2OS-48h-P8-L1_N05_s1_w5CC5E14C2-8DD2-4BB6-A420-8C6AA9990E18.npy,HDAC inhibitor
P015090,N05,s2,CBK309523,/mnt/micro-images-pvc/specs935-v1/specs935-v1-FA-P015090-U2OS-48h-P8-L1/2021-12-18/854/specs935-v1-FA-P015090-U2OS-48h-P8-L1_N05_s2_w52EB16967-C92D-4E51-B944-FFED0DF60543.npy,HDAC inhibitor
P015090,N05,s3,CBK309523,/mnt/micro-images-pvc/specs935-v1/specs935-v1-FA-P015090-U2OS-48h-P8-L1/2021-12-18/854/specs935-v1-FA-P015090-U2OS-48h-P8-L1_N05_s3_w5C81AF139-F274-43D0-9D52-A51BCEE26F1B.npy,HDAC inhibitor
P015090,N05,s4,CBK309523,/mnt/micro-images-pvc/specs935-v1/specs935-v1-FA-P015090-U2OS-48h-P8-L1/2021-12-18/854/specs935-v1-FA-P015090-U2OS-48h-P8-L1_N05_s4_w5EE597748-A84C-4739-BE50-D18AEC33C8BA.npy,HDAC inhibitor
P015090,N05,s5,CBK309523,/mnt/micro-images-pvc/specs935-v1/specs935-v1-FA-P015090-U2OS-48h-P8-L1/2021-12-18/854/specs935-v1-FA-P015090-U2OS-48h-P8-L1_N05_s5_w5C9950D83-4442-4706-8DF9-5F11F15AFC2F.npy,HDAC inhibitor
P015090,N05,s6,CBK309523,/mnt/micro-images-pvc/specs935-v1/specs935-v1-FA-P015090-U2OS-48h-P8-L1/2021-12-18/854/specs935-v1-FA-P015090-U2OS-48h-P8-L1_N05_s6_w5B9CDC2AB-9397-4E8F-8DE2-6C6BB08BB98A.npy,HDAC inhibitor
P015090,N05,s7,CBK309523,/mnt/micro-images-pvc/specs935-v1/specs935-v1-FA-P015090-U2OS-48h-P8-L1/2021-12-18/854/specs935-v1-FA-P015090-U2OS-48h-P8-L1_N05_s7_w55E4E31F9-BEB5-4809-870B-03D7B7219821.npy,HDAC inhibitor
P015090,N05,s8,CBK309523,/mnt/micro-images-pvc/specs935-v1/specs935-v1-FA-P015090-U2OS-48h-P8-L1/2021-12-18/854/specs935-v1-FA-P015090-U2OS-48h-P8-L1_N05_s8_w55E6CB9DF-5528-4879-8BE5-06320C277CD3.npy,HDAC inhibitor
P015090,N05,s9,CBK309523,/mnt/micro-images-pvc/specs935-v1/specs935-v1-FA-P015090-U2OS-48h-P8-L1/2021-12-18/854/specs935-v1-FA-P015090-U2OS-48h-P8-L1_N05_s9_w5FEA1132E-6F40-436D-8970-FE8D46F5833F.npy,HDAC inhibitor
P015090,N11,s1,CBK309522,/mnt/micro-images-pvc/specs935-v1/specs935-v1-FA-P015090-U2OS-48h-P8-L1/2021-12-18/854/specs935-v1-FA-P015090-U2OS-48h-P8-L1_N11_s1_w5786D8F62-7D54-45D0-94C7-6929CA44BE1A.npy,HSP inhibitor
P015090,N11,s2,CBK309522,/mnt/micro-images-pvc/specs935-v1/specs935-v1-FA-P015090-U2OS-48h-P8-L1/2021-12-18/854/specs935-v1-FA-P015090-U2OS-48h-P8-L1_N11_s2_w5D31DEE65-36B8-4439-A4CA-12DDDABEF699.npy,HSP inhibitor
P015090,N11,s3,CBK309522,/mnt/micro-images-pvc/specs935-v1/specs935-v1-FA-P015090-U2OS-48h-P8-L1/2021-12-18/854/specs935-v1-FA-P015090-U2OS-48h-P8-L1_N11_s3_w504945224-D7C1-4E8A-B2C3-CC1ED6AFFB8D.npy,HSP inhibitor
P015090,N11,s4,CBK309522,/mnt/micro-images-pvc/specs935-v1/specs935-v1-FA-P015090-U2OS-48h-P8-L1/2021-12-18/854/specs935-v1-FA-P015090-U2OS-48h-P8-L1_N11_s4_w5A2EDA0CD-C059-4C45-870A-211CFFC3588D.npy,HSP inhibitor
P015090,N11,s5,CBK309522,/mnt/micro-images-pvc/specs935-v1/specs935-v1-FA-P015090-U2OS-48h-P8-L1/2021-12-18/854/specs935-v1-FA-P015090-U2OS-48h-P8-L1_N11_s5_w54247FB96-E610-4967-ADD7-DB8C44E15D79.npy,HSP inhibitor
P015090,N11,s6,CBK309522,/mnt/micro-images-pvc/specs935-v1/specs935-v1-FA-P015090-U2OS-48h-P8-L1/2021-12-18/854/specs935-v1-FA-P015090-U2OS-48h-P8-L1_N11_s6_w54153D702-D7CE-4123-91E5-F1ADA36D74C9.npy,HSP inhibitor
P015090,N11,s7,CBK309522,/mnt/micro-images-pvc/specs935-v1/specs935-v1-FA-P015090-U2OS-48h-P8-L1/2021-12-18/854/specs935-v1-FA-P015090-U2OS-48h-P8-L1_N11_s7_w5917CC3A3-A7B0-41AF-9007-CD659EA74BEC.npy,HSP inhibitor
P015090,N11,s8,CBK309522,/mnt/micro-images-pvc/specs935-v1/specs935-v1-FA-P015090-U2OS-48h-P8-L1/2021-12-18/854/specs935-v1-FA-P015090-U2OS-48h-P8-L1_N11_s8_w597ABFC19-2587-4328-BA63-015C290F6177.npy,HSP inhibitor
P015090,N11,s9,CBK309522,/mnt/micro-images-pvc/specs935-v1/specs935-v1-FA-P015090-U2OS-48h-P8-L1/2021-12-18/854/specs935-v1-FA-P015090-U2OS-48h-P8-L1_N11_s9_w52EE7CFA6-537B-43C7-8E49-48392C62C445.npy,HSP inhibitor
P015090,N13,s1,CBK278556G,/mnt/micro-images-pvc/specs935-v1/specs935-v1-FA-P015090-U2OS-48h-P8-L1/2021-12-18/854/specs935-v1-FA-P015090-U2OS-48h-P8-L1_N13_s1_w52FFB9F1F-D3AB-4013-B57A-363C0388A1F8.npy,HSP inhibitor
P015090,N13,s2,CBK278556G,/mnt/micro-images-pvc/specs935-v1/specs935-v1-FA-P015090-U2OS-48h-P8-L1/2021-12-18/854/specs935-v1-FA-P015090-U2OS-48h-P8-L1_N13_s2_w516DDA629-FEFD-4253-81C9-9AD0695E98F6.npy,HSP inhibitor
P015090,N13,s3,CBK278556G,/mnt/micro-images-pvc/specs935-v1/specs935-v1-FA-P015090-U2OS-48h-P8-L1/2021-12-18/854/specs935-v1-FA-P015090-U2OS-48h-P8-L1_N13_s3_w597CA1C12-5BB7-4449-A23C-CA2D7BE59DF9.npy,HSP inhibitor
P015090,N13,s4,CBK278556G,/mnt/micro-images-pvc/specs935-v1/specs935-v1-FA-P015090-U2OS-48h-P8-L1/2021-12-18/854/specs935-v1-FA-P015090-U2OS-48h-P8-L1_N13_s4_w580A2647B-6F96-4259-A17F-BCA98CA4407C.npy,HSP inhibitor
P015090,N13,s5,CBK278556G,/mnt/micro-images-pvc/specs935-v1/specs935-v1-FA-P015090-U2OS-48h-P8-L1/2021-12-18/854/specs935-v1-FA-P015090-U2OS-48h-P8-L1_N13_s5_w5016DEA85-00F9-424C-B794-385C28C60250.npy,HSP inhibitor
P015090,N13,s6,CBK278556G,/mnt/micro-images-pvc/specs935-v1/specs935-v1-FA-P015090-U2OS-48h-P8-L1/2021-12-18/854/specs935-v1-FA-P015090-U2OS-48h-P8-L1_N13_s6_w5EC0D0FDE-4255-4C60-87AD-3CDD8E839392.npy,HSP inhibitor
P015090,N13,s7,CBK278556G,/mnt/micro-images-pvc/specs935-v1/specs935-v1-FA-P015090-U2OS-48h-P8-L1/2021-12-18/854/specs935-v1-FA-P015090-U2OS-48h-P8-L1_N13_s7_w5BE0D3FAC-DAED-4D13-B49B-80A53B6AF0F7.npy,HSP inhibitor
P015090,N13,s8,CBK278556G,/mnt/micro-images-pvc/specs935-v1/specs935-v1-FA-P015090-U2OS-48h-P8-L1/2021-12-18/854/specs935-v1-FA-P015090-U2OS-48h-P8-L1_N13_s8_w5E75C45FF-2294-4ECD-89F4-F3F1BFC2CFE7.npy,HSP inhibitor
P015090,N13,s9,CBK278556G,/mnt/micro-images-pvc/specs935-v1/specs935-v1-FA-P015090-U2OS-48h-P8-L1/2021-12-18/854/specs935-v1-FA-P015090-U2OS-48h-P8-L1_N13_s9_w52B0B7D30-FC54-4C67-9261-A497ADDAE7A4.npy,HSP inhibitor
P015090,N14,s1,CBK278047,/mnt/micro-images-pvc/specs935-v1/specs935-v1-FA-P015090-U2OS-48h-P8-L1/2021-12-18/854/specs935-v1-FA-P015090-U2OS-48h-P8-L1_N14_s1_w5E33A88D5-FB05-4B4F-8AED-44A2C4CCCBA9.npy,HSP inhibitor
P015090,N14,s2,CBK278047,/mnt/micro-images-pvc/specs935-v1/specs935-v1-FA-P015090-U2OS-48h-P8-L1/2021-12-18/854/specs935-v1-FA-P015090-U2OS-48h-P8-L1_N14_s2_w5FF1EB230-7D18-4637-B5CB-E0B84CE08958.npy,HSP inhibitor
P015090,N14,s3,CBK278047,/mnt/micro-images-pvc/specs935-v1/specs935-v1-FA-P015090-U2OS-48h-P8-L1/2021-12-18/854/specs935-v1-FA-P015090-U2OS-48h-P8-L1_N14_s3_w5DEAEB17C-D633-41FF-8740-3141F8C55831.npy,HSP inhibitor
P015090,N14,s4,CBK278047,/mnt/micro-images-pvc/specs935-v1/specs935-v1-FA-P015090-U2OS-48h-P8-L1/2021-12-18/854/specs935-v1-FA-P015090-U2OS-48h-P8-L1_N14_s4_w52415B722-846A-44B1-8C18-7E0E468D178B.npy,HSP inhibitor
P015090,N14,s5,CBK278047,/mnt/micro-images-pvc/specs935-v1/specs935-v1-FA-P015090-U2OS-48h-P8-L1/2021-12-18/854/specs935-v1-FA-P015090-U2OS-48h-P8-L1_N14_s5_w528E44D13-41C0-46CE-9446-8985170246C7.npy,HSP inhibitor
P015090,N14,s6,CBK278047,/mnt/micro-images-pvc/specs935-v1/specs935-v1-FA-P015090-U2OS-48h-P8-L1/2021-12-18/854/specs935-v1-FA-P015090-U2OS-48h-P8-L1_N14_s6_w5DDA110BB-CE6A-4F45-A9F0-A80C28A52906.npy,HSP inhibitor
P015090,N14,s7,CBK278047,/mnt/micro-images-pvc/specs935-v1/specs935-v1-FA-P015090-U2OS-48h-P8-L1/2021-12-18/854/specs935-v1-FA-P015090-U2OS-48h-P8-L1_N14_s7_w53D2507F1-F31C-4CA5-967E-A79353392CF2.npy,HSP inhibitor
P015090,N14,s8,CBK278047,/mnt/micro-images-pvc/specs935-v1/specs935-v1-FA-P015090-U2OS-48h-P8-L1/2021-12-18/854/specs935-v1-FA-P015090-U2OS-48h-P8-L1_N14_s8_w5AD2E2B3C-0943-458A-8CB9-AAB4066E8934.npy,HSP inhibitor
P015090,N14,s9,CBK278047,/mnt/micro-images-pvc/specs935-v1/specs935-v1-FA-P015090-U2OS-48h-P8-L1/2021-12-18/854/specs935-v1-FA-P015090-U2OS-48h-P8-L1_N14_s9_w59A061D46-62F8-4D7F-9088-518EA1A416BA.npy,HSP inhibitor
P015090,N15,s1,CBK288302,/mnt/micro-images-pvc/specs935-v1/specs935-v1-FA-P015090-U2OS-48h-P8-L1/2021-12-18/854/specs935-v1-FA-P015090-U2OS-48h-P8-L1_N15_s1_w5AD853AB2-6FDF-4C09-AF5C-9944F5F5B14F.npy,HDAC inhibitor
P015090,N15,s2,CBK288302,/mnt/micro-images-pvc/specs935-v1/specs935-v1-FA-P015090-U2OS-48h-P8-L1/2021-12-18/854/specs935-v1-FA-P015090-U2OS-48h-P8-L1_N15_s2_w50695B387-8011-4163-BE58-F6C33B4C7E7B.npy,HDAC inhibitor
P015090,N15,s3,CBK288302,/mnt/micro-images-pvc/specs935-v1/specs935-v1-FA-P015090-U2OS-48h-P8-L1/2021-12-18/854/specs935-v1-FA-P015090-U2OS-48h-P8-L1_N15_s3_w5C5874470-3C1B-437C-B5EB-77ED8D391D37.npy,HDAC inhibitor
P015090,N15,s4,CBK288302,/mnt/micro-images-pvc/specs935-v1/specs935-v1-FA-P015090-U2OS-48h-P8-L1/2021-12-18/854/specs935-v1-FA-P015090-U2OS-48h-P8-L1_N15_s4_w588563552-3A44-47A4-A6E1-722DA9D8A932.npy,HDAC inhibitor
P015090,N15,s5,CBK288302,/mnt/micro-images-pvc/specs935-v1/specs935-v1-FA-P015090-U2OS-48h-P8-L1/2021-12-18/854/specs935-v1-FA-P015090-U2OS-48h-P8-L1_N15_s5_w5C72BA62B-F76B-470A-94ED-03CB6D42B0CA.npy,HDAC inhibitor
P015090,N15,s6,CBK288302,/mnt/micro-images-pvc/specs935-v1/specs935-v1-FA-P015090-U2OS-48h-P8-L1/2021-12-18/854/specs935-v1-FA-P015090-U2OS-48h-P8-L1_N15_s6_w53D503E8F-6D59-4974-8C03-856B5371F48C.npy,HDAC inhibitor
P015090,N15,s7,CBK288302,/mnt/micro-images-pvc/specs935-v1/specs935-v1-FA-P015090-U2OS-48h-P8-L1/2021-12-18/854/specs935-v1-FA-P015090-U2OS-48h-P8-L1_N15_s7_w5F13B6B63-C1E7-40E8-B995-4C6158447D2B.npy,HDAC inhibitor
P015090,N15,s8,CBK288302,/mnt/micro-images-pvc/specs935-v1/specs935-v1-FA-P015090-U2OS-48h-P8-L1/2021-12-18/854/specs935-v1-FA-P015090-U2OS-48h-P8-L1_N15_s8_w56D2A54DF-FFCC-4E8B-A8A5-477637327834.npy,HDAC inhibitor
P015090,N15,s9,CBK288302,/mnt/micro-images-pvc/specs935-v1/specs935-v1-FA-P015090-U2OS-48h-P8-L1/2021-12-18/854/specs935-v1-FA-P015090-U2OS-48h-P8-L1_N15_s9_w53C1B9C80-6342-4364-AA42-9C0607AA7632.npy,HDAC inhibitor
P015090,N17,s1,CBK290573,/mnt/micro-images-pvc/specs935-v1/specs935-v1-FA-P015090-U2OS-48h-P8-L1/2021-12-18/854/specs935-v1-FA-P015090-U2OS-48h-P8-L1_N17_s1_w547896496-F824-4CEF-8ABB-097F79682774.npy,HDAC inhibitor
P015090,N17,s2,CBK290573,/mnt/micro-images-pvc/specs935-v1/specs935-v1-FA-P015090-U2OS-48h-P8-L1/2021-12-18/854/specs935-v1-FA-P015090-U2OS-48h-P8-L1_N17_s2_w5F670C653-D0E0-43EF-BF3C-965093324476.npy,HDAC inhibitor
P015090,N17,s3,CBK290573,/mnt/micro-images-pvc/specs935-v1/specs935-v1-FA-P015090-U2OS-48h-P8-L1/2021-12-18/854/specs935-v1-FA-P015090-U2OS-48h-P8-L1_N17_s3_w5DA0E6CA7-08C5-4B25-B6C5-1D088AA0E2F1.npy,HDAC inhibitor
P015090,N17,s4,CBK290573,/mnt/micro-images-pvc/specs935-v1/specs935-v1-FA-P015090-U2OS-48h-P8-L1/2021-12-18/854/specs935-v1-FA-P015090-U2OS-48h-P8-L1_N17_s4_w5E10FBF4C-EDF3-4AC8-A6FE-812D896D9D6E.npy,HDAC inhibitor
P015090,N17,s5,CBK290573,/mnt/micro-images-pvc/specs935-v1/specs935-v1-FA-P015090-U2OS-48h-P8-L1/2021-12-18/854/specs935-v1-FA-P015090-U2OS-48h-P8-L1_N17_s5_w5A5385124-9CAB-41F6-B7BD-E628053E3823.npy,HDAC inhibitor
P015090,N17,s6,CBK290573,/mnt/micro-images-pvc/specs935-v1/specs935-v1-FA-P015090-U2OS-48h-P8-L1/2021-12-18/854/specs935-v1-FA-P015090-U2OS-48h-P8-L1_N17_s6_w52DBDBA5E-C59A-4431-8F4D-2268A241E938.npy,HDAC inhibitor
P015090,N17,s7,CBK290573,/mnt/micro-images-pvc/specs935-v1/specs935-v1-FA-P015090-U2OS-48h-P8-L1/2021-12-18/854/specs935-v1-FA-P015090-U2OS-48h-P8-L1_N17_s7_w524A68B48-D1A1-4CB3-98E5-266754D2CCEE.npy,HDAC inhibitor
P015090,N17,s8,CBK290573,/mnt/micro-images-pvc/specs935-v1/specs935-v1-FA-P015090-U2OS-48h-P8-L1/2021-12-18/854/specs935-v1-FA-P015090-U2OS-48h-P8-L1_N17_s8_w501D576A4-1BF0-4EF4-8557-0BF6E5865977.npy,HDAC inhibitor
P015090,N17,s9,CBK290573,/mnt/micro-images-pvc/specs935-v1/specs935-v1-FA-P015090-U2OS-48h-P8-L1/2021-12-18/854/specs935-v1-FA-P015090-U2OS-48h-P8-L1_N17_s9_w5D49C4838-4E92-4EFB-9CA0-A6173C0C9FA5.npy,HDAC inhibitor
P015090,N21,s1,CBK303971,/mnt/micro-images-pvc/specs935-v1/specs935-v1-FA-P015090-U2OS-48h-P8-L1/2021-12-18/854/specs935-v1-FA-P015090-U2OS-48h-P8-L1_N21_s1_w5A19AB3E3-1CE1-464B-BDCC-2AA30A56B02C.npy,HDAC inhibitor
P015090,N21,s2,CBK303971,/mnt/micro-images-pvc/specs935-v1/specs935-v1-FA-P015090-U2OS-48h-P8-L1/2021-12-18/854/specs935-v1-FA-P015090-U2OS-48h-P8-L1_N21_s2_w55611785A-30CC-4D68-B508-42D0F430EAA1.npy,HDAC inhibitor
P015090,N21,s3,CBK303971,/mnt/micro-images-pvc/specs935-v1/specs935-v1-FA-P015090-U2OS-48h-P8-L1/2021-12-18/854/specs935-v1-FA-P015090-U2OS-48h-P8-L1_N21_s3_w5FBF13704-C5BB-4BD1-AAA7-622A57DA4C92.npy,HDAC inhibitor
P015090,N21,s4,CBK303971,/mnt/micro-images-pvc/specs935-v1/specs935-v1-FA-P015090-U2OS-48h-P8-L1/2021-12-18/854/specs935-v1-FA-P015090-U2OS-48h-P8-L1_N21_s4_w5693AD192-BEBC-4E11-BE5A-75EDA1CC5843.npy,HDAC inhibitor
P015090,N21,s5,CBK303971,/mnt/micro-images-pvc/specs935-v1/specs935-v1-FA-P015090-U2OS-48h-P8-L1/2021-12-18/854/specs935-v1-FA-P015090-U2OS-48h-P8-L1_N21_s5_w5B02574B6-2ED0-4DD9-B3CA-CAE8A60155DD.npy,HDAC inhibitor
P015090,N21,s6,CBK303971,/mnt/micro-images-pvc/specs935-v1/specs935-v1-FA-P015090-U2OS-48h-P8-L1/2021-12-18/854/specs935-v1-FA-P015090-U2OS-48h-P8-L1_N21_s6_w58C63AE34-3F0F-404C-96AE-9994FF097F91.npy,HDAC inhibitor
P015090,N21,s7,CBK303971,/mnt/micro-images-pvc/specs935-v1/specs935-v1-FA-P015090-U2OS-48h-P8-L1/2021-12-18/854/specs935-v1-FA-P015090-U2OS-48h-P8-L1_N21_s7_w582EAB6D4-079B-4CFE-93A2-4045CAB87FFA.npy,HDAC inhibitor
P015090,N21,s8,CBK303971,/mnt/micro-images-pvc/specs935-v1/specs935-v1-FA-P015090-U2OS-48h-P8-L1/2021-12-18/854/specs935-v1-FA-P015090-U2OS-48h-P8-L1_N21_s8_w5F7B5C9CF-D626-4BDC-85BD-599713ADD706.npy,HDAC inhibitor
P015090,N21,s9,CBK303971,/mnt/micro-images-pvc/specs935-v1/specs935-v1-FA-P015090-U2OS-48h-P8-L1/2021-12-18/854/specs935-v1-FA-P015090-U2OS-48h-P8-L1_N21_s9_w51C5CFAB5-5822-4EA3-85D6-CEB47545B232.npy,HDAC inhibitor
P015090,O03,s1,CBK041242,/mnt/micro-images-pvc/specs935-v1/specs935-v1-FA-P015090-U2OS-48h-P8-L1/2021-12-18/854/specs935-v1-FA-P015090-U2OS-48h-P8-L1_O03_s1_w53662FC19-3B3C-4010-AADF-4AF14A83D266.npy,JAK inhibitor
P015090,O03,s2,CBK041242,/mnt/micro-images-pvc/specs935-v1/specs935-v1-FA-P015090-U2OS-48h-P8-L1/2021-12-18/854/specs935-v1-FA-P015090-U2OS-48h-P8-L1_O03_s2_w534ACD7D3-1629-474B-A6A2-7BCF97A06674.npy,JAK inhibitor
P015090,O03,s3,CBK041242,/mnt/micro-images-pvc/specs935-v1/specs935-v1-FA-P015090-U2OS-48h-P8-L1/2021-12-18/854/specs935-v1-FA-P015090-U2OS-48h-P8-L1_O03_s3_w5BDDA22B7-2E17-409B-B551-DE329E6F6212.npy,JAK inhibitor
P015090,O03,s4,CBK041242,/mnt/micro-images-pvc/specs935-v1/specs935-v1-FA-P015090-U2OS-48h-P8-L1/2021-12-18/854/specs935-v1-FA-P015090-U2OS-48h-P8-L1_O03_s4_w59CC73687-564B-4E32-97C9-35304ECDF155.npy,JAK inhibitor
P015090,O03,s5,CBK041242,/mnt/micro-images-pvc/specs935-v1/specs935-v1-FA-P015090-U2OS-48h-P8-L1/2021-12-18/854/specs935-v1-FA-P015090-U2OS-48h-P8-L1_O03_s5_w51CB32F83-865B-437B-BAAF-189A49FC9B6E.npy,JAK inhibitor
P015090,O03,s6,CBK041242,/mnt/micro-images-pvc/specs935-v1/specs935-v1-FA-P015090-U2OS-48h-P8-L1/2021-12-18/854/specs935-v1-FA-P015090-U2OS-48h-P8-L1_O03_s6_w5D45D834E-F9AC-4978-A026-E0C7772E8454.npy,JAK inhibitor
P015090,O03,s7,CBK041242,/mnt/micro-images-pvc/specs935-v1/specs935-v1-FA-P015090-U2OS-48h-P8-L1/2021-12-18/854/specs935-v1-FA-P015090-U2OS-48h-P8-L1_O03_s7_w50DF56DB1-3806-427D-A0AB-4BE20D70207E.npy,JAK inhibitor
P015090,O03,s8,CBK041242,/mnt/micro-images-pvc/specs935-v1/specs935-v1-FA-P015090-U2OS-48h-P8-L1/2021-12-18/854/specs935-v1-FA-P015090-U2OS-48h-P8-L1_O03_s8_w5EDB6A243-6EB2-44A2-9F59-E5FB47212816.npy,JAK inhibitor
P015090,O03,s9,CBK041242,/mnt/micro-images-pvc/specs935-v1/specs935-v1-FA-P015090-U2OS-48h-P8-L1/2021-12-18/854/specs935-v1-FA-P015090-U2OS-48h-P8-L1_O03_s9_w5141D26F8-2501-4EBE-8706-7A91D3C16F77.npy,JAK inhibitor
P015090,O05,s1,CBK277934,/mnt/micro-images-pvc/specs935-v1/specs935-v1-FA-P015090-U2OS-48h-P8-L1/2021-12-18/854/specs935-v1-FA-P015090-U2OS-48h-P8-L1_O05_s1_w571644117-1B92-49B3-9DF3-B0B0AE671448.npy,HSP inhibitor
P015090,O05,s2,CBK277934,/mnt/micro-images-pvc/specs935-v1/specs935-v1-FA-P015090-U2OS-48h-P8-L1/2021-12-18/854/specs935-v1-FA-P015090-U2OS-48h-P8-L1_O05_s2_w51F50CD39-959A-408D-B07D-7CE76096F765.npy,HSP inhibitor
P015090,O05,s3,CBK277934,/mnt/micro-images-pvc/specs935-v1/specs935-v1-FA-P015090-U2OS-48h-P8-L1/2021-12-18/854/specs935-v1-FA-P015090-U2OS-48h-P8-L1_O05_s3_w515F069DC-6507-4439-B9A0-579B5C8F45D2.npy,HSP inhibitor
P015090,O05,s4,CBK277934,/mnt/micro-images-pvc/specs935-v1/specs935-v1-FA-P015090-U2OS-48h-P8-L1/2021-12-18/854/specs935-v1-FA-P015090-U2OS-48h-P8-L1_O05_s4_w579709D9C-0B9E-41D4-8BE6-16B4A346196D.npy,HSP inhibitor
P015090,O05,s5,CBK277934,/mnt/micro-images-pvc/specs935-v1/specs935-v1-FA-P015090-U2OS-48h-P8-L1/2021-12-18/854/specs935-v1-FA-P015090-U2OS-48h-P8-L1_O05_s5_w595428F69-812F-4F83-A5DE-EBEE573AF8A8.npy,HSP inhibitor
P015090,O05,s6,CBK277934,/mnt/micro-images-pvc/specs935-v1/specs935-v1-FA-P015090-U2OS-48h-P8-L1/2021-12-18/854/specs935-v1-FA-P015090-U2OS-48h-P8-L1_O05_s6_w5496B910B-D3D4-4C7D-8201-533E43DC9F34.npy,HSP inhibitor
P015090,O05,s7,CBK277934,/mnt/micro-images-pvc/specs935-v1/specs935-v1-FA-P015090-U2OS-48h-P8-L1/2021-12-18/854/specs935-v1-FA-P015090-U2OS-48h-P8-L1_O05_s7_w5FCE75D70-40CA-4390-95DA-1727917571DB.npy,HSP inhibitor
P015090,O05,s8,CBK277934,/mnt/micro-images-pvc/specs935-v1/specs935-v1-FA-P015090-U2OS-48h-P8-L1/2021-12-18/854/specs935-v1-FA-P015090-U2OS-48h-P8-L1_O05_s8_w5BC9A166A-C0E1-44B1-9EB6-FD5F466CDFE7.npy,HSP inhibitor
P015090,O05,s9,CBK277934,/mnt/micro-images-pvc/specs935-v1/specs935-v1-FA-P015090-U2OS-48h-P8-L1/2021-12-18/854/specs935-v1-FA-P015090-U2OS-48h-P8-L1_O05_s9_w5464D8E78-8FCF-40B4-AC1B-64E1A9854FF6.npy,HSP inhibitor
P015090,O06,s1,CBK290945,/mnt/micro-images-pvc/specs935-v1/specs935-v1-FA-P015090-U2OS-48h-P8-L1/2021-12-18/854/specs935-v1-FA-P015090-U2OS-48h-P8-L1_O06_s1_w5FA435300-16FB-4429-AC64-738112AC03D3.npy,HDAC inhibitor
P015090,O06,s2,CBK290945,/mnt/micro-images-pvc/specs935-v1/specs935-v1-FA-P015090-U2OS-48h-P8-L1/2021-12-18/854/specs935-v1-FA-P015090-U2OS-48h-P8-L1_O06_s2_w532C4F1F1-BDBA-4CCB-B207-5D36A08E4315.npy,HDAC inhibitor
P015090,O06,s3,CBK290945,/mnt/micro-images-pvc/specs935-v1/specs935-v1-FA-P015090-U2OS-48h-P8-L1/2021-12-18/854/specs935-v1-FA-P015090-U2OS-48h-P8-L1_O06_s3_w50CE3D072-8DF2-4597-9C02-3D18C5CE6C49.npy,HDAC inhibitor
P015090,O06,s4,CBK290945,/mnt/micro-images-pvc/specs935-v1/specs935-v1-FA-P015090-U2OS-48h-P8-L1/2021-12-18/854/specs935-v1-FA-P015090-U2OS-48h-P8-L1_O06_s4_w5DACA458E-2448-4C68-85D8-934A4660D9F7.npy,HDAC inhibitor
P015090,O06,s5,CBK290945,/mnt/micro-images-pvc/specs935-v1/specs935-v1-FA-P015090-U2OS-48h-P8-L1/2021-12-18/854/specs935-v1-FA-P015090-U2OS-48h-P8-L1_O06_s5_w546EA374E-E01E-4E22-BD18-85017969BC72.npy,HDAC inhibitor
P015090,O06,s6,CBK290945,/mnt/micro-images-pvc/specs935-v1/specs935-v1-FA-P015090-U2OS-48h-P8-L1/2021-12-18/854/specs935-v1-FA-P015090-U2OS-48h-P8-L1_O06_s6_w532CE90E0-C9DC-4FC1-A5C2-DD9002947B03.npy,HDAC inhibitor
P015090,O06,s7,CBK290945,/mnt/micro-images-pvc/specs935-v1/specs935-v1-FA-P015090-U2OS-48h-P8-L1/2021-12-18/854/specs935-v1-FA-P015090-U2OS-48h-P8-L1_O06_s7_w523C1EFC2-05A7-4513-8F59-A04DC5F66AF5.npy,HDAC inhibitor
P015090,O06,s8,CBK290945,/mnt/micro-images-pvc/specs935-v1/specs935-v1-FA-P015090-U2OS-48h-P8-L1/2021-12-18/854/specs935-v1-FA-P015090-U2OS-48h-P8-L1_O06_s8_w55FEB8E3F-3BD9-469B-8F71-4A2BBD21CD93.npy,HDAC inhibitor
P015090,O06,s9,CBK290945,/mnt/micro-images-pvc/specs935-v1/specs935-v1-FA-P015090-U2OS-48h-P8-L1/2021-12-18/854/specs935-v1-FA-P015090-U2OS-48h-P8-L1_O06_s9_w54D22C293-4CC7-4883-B328-7BB3E58B9915.npy,HDAC inhibitor
P015090,O07,s1,CBK290760,/mnt/micro-images-pvc/specs935-v1/specs935-v1-FA-P015090-U2OS-48h-P8-L1/2021-12-18/854/specs935-v1-FA-P015090-U2OS-48h-P8-L1_O07_s1_w50A196A6C-5131-4D5C-B700-8F02C55D9697.npy,HSP inhibitor
P015090,O07,s2,CBK290760,/mnt/micro-images-pvc/specs935-v1/specs935-v1-FA-P015090-U2OS-48h-P8-L1/2021-12-18/854/specs935-v1-FA-P015090-U2OS-48h-P8-L1_O07_s2_w5675D746C-B2D5-490A-96FD-55456F28281F.npy,HSP inhibitor
P015090,O07,s3,CBK290760,/mnt/micro-images-pvc/specs935-v1/specs935-v1-FA-P015090-U2OS-48h-P8-L1/2021-12-18/854/specs935-v1-FA-P015090-U2OS-48h-P8-L1_O07_s3_w57F705266-8365-4AD8-BB33-C7335B40FD13.npy,HSP inhibitor
P015090,O07,s4,CBK290760,/mnt/micro-images-pvc/specs935-v1/specs935-v1-FA-P015090-U2OS-48h-P8-L1/2021-12-18/854/specs935-v1-FA-P015090-U2OS-48h-P8-L1_O07_s4_w50AEB9236-F450-4AFB-BE0C-999B9A097F0D.npy,HSP inhibitor
P015090,O07,s5,CBK290760,/mnt/micro-images-pvc/specs935-v1/specs935-v1-FA-P015090-U2OS-48h-P8-L1/2021-12-18/854/specs935-v1-FA-P015090-U2OS-48h-P8-L1_O07_s5_w5A4CD819D-4DD1-4FC3-8FD2-B9E8F1A12E4A.npy,HSP inhibitor
P015090,O07,s6,CBK290760,/mnt/micro-images-pvc/specs935-v1/specs935-v1-FA-P015090-U2OS-48h-P8-L1/2021-12-18/854/specs935-v1-FA-P015090-U2OS-48h-P8-L1_O07_s6_w537A3C849-BCE8-4D1E-972F-917AA9DC1D4C.npy,HSP inhibitor
P015090,O07,s7,CBK290760,/mnt/micro-images-pvc/specs935-v1/specs935-v1-FA-P015090-U2OS-48h-P8-L1/2021-12-18/854/specs935-v1-FA-P015090-U2OS-48h-P8-L1_O07_s7_w50219A870-AC03-48BC-9DD8-392B333EB57A.npy,HSP inhibitor
P015090,O07,s8,CBK290760,/mnt/micro-images-pvc/specs935-v1/specs935-v1-FA-P015090-U2OS-48h-P8-L1/2021-12-18/854/specs935-v1-FA-P015090-U2OS-48h-P8-L1_O07_s8_w5E1CE1E76-3002-4A1C-AE0B-4B1917B15EF4.npy,HSP inhibitor
P015090,O07,s9,CBK290760,/mnt/micro-images-pvc/specs935-v1/specs935-v1-FA-P015090-U2OS-48h-P8-L1/2021-12-18/854/specs935-v1-FA-P015090-U2OS-48h-P8-L1_O07_s9_w5D5E39C90-14F1-421D-A779-B8963A1CF4E5.npy,HSP inhibitor
P015090,O09,s1,CBK277957,/mnt/micro-images-pvc/specs935-v1/specs935-v1-FA-P015090-U2OS-48h-P8-L1/2021-12-18/854/specs935-v1-FA-P015090-U2OS-48h-P8-L1_O09_s1_w568661740-F106-4230-A527-08FFB24DFD4F.npy,HDAC inhibitor
P015090,O09,s2,CBK277957,/mnt/micro-images-pvc/specs935-v1/specs935-v1-FA-P015090-U2OS-48h-P8-L1/2021-12-18/854/specs935-v1-FA-P015090-U2OS-48h-P8-L1_O09_s2_w549B50188-15DB-49E1-9B53-EFE5D1F4D5FC.npy,HDAC inhibitor
P015090,O09,s3,CBK277957,/mnt/micro-images-pvc/specs935-v1/specs935-v1-FA-P015090-U2OS-48h-P8-L1/2021-12-18/854/specs935-v1-FA-P015090-U2OS-48h-P8-L1_O09_s3_w52D6F3941-9C92-45DB-B294-E59416E19FC4.npy,HDAC inhibitor
P015090,O09,s4,CBK277957,/mnt/micro-images-pvc/specs935-v1/specs935-v1-FA-P015090-U2OS-48h-P8-L1/2021-12-18/854/specs935-v1-FA-P015090-U2OS-48h-P8-L1_O09_s4_w54B6CD469-857E-4BA4-AE66-450F8F901E5E.npy,HDAC inhibitor
P015090,O09,s5,CBK277957,/mnt/micro-images-pvc/specs935-v1/specs935-v1-FA-P015090-U2OS-48h-P8-L1/2021-12-18/854/specs935-v1-FA-P015090-U2OS-48h-P8-L1_O09_s5_w58B867B54-218B-4FF9-8220-821B50C3D850.npy,HDAC inhibitor
P015090,O09,s6,CBK277957,/mnt/micro-images-pvc/specs935-v1/specs935-v1-FA-P015090-U2OS-48h-P8-L1/2021-12-18/854/specs935-v1-FA-P015090-U2OS-48h-P8-L1_O09_s6_w5EE17E954-C23B-4D63-A9B4-5E2167DAB6E5.npy,HDAC inhibitor
P015090,O09,s7,CBK277957,/mnt/micro-images-pvc/specs935-v1/specs935-v1-FA-P015090-U2OS-48h-P8-L1/2021-12-18/854/specs935-v1-FA-P015090-U2OS-48h-P8-L1_O09_s7_w54415171D-C511-4FFD-94B3-4A69EA67B84E.npy,HDAC inhibitor
P015090,O09,s8,CBK277957,/mnt/micro-images-pvc/specs935-v1/specs935-v1-FA-P015090-U2OS-48h-P8-L1/2021-12-18/854/specs935-v1-FA-P015090-U2OS-48h-P8-L1_O09_s8_w594B4AA01-6D92-42B4-A9D5-0546757618BB.npy,HDAC inhibitor
P015090,O09,s9,CBK277957,/mnt/micro-images-pvc/specs935-v1/specs935-v1-FA-P015090-U2OS-48h-P8-L1/2021-12-18/854/specs935-v1-FA-P015090-U2OS-48h-P8-L1_O09_s9_w5D7189EF3-D454-40BF-985B-6771D063EDB8.npy,HDAC inhibitor
P015090,O13,s1,CBK307768,/mnt/micro-images-pvc/specs935-v1/specs935-v1-FA-P015090-U2OS-48h-P8-L1/2021-12-18/854/specs935-v1-FA-P015090-U2OS-48h-P8-L1_O13_s1_w55332B591-9C4E-445C-8CC5-D7D0385755FE.npy,HSP inhibitor
P015090,O13,s2,CBK307768,/mnt/micro-images-pvc/specs935-v1/specs935-v1-FA-P015090-U2OS-48h-P8-L1/2021-12-18/854/specs935-v1-FA-P015090-U2OS-48h-P8-L1_O13_s2_w584D14C87-A360-4819-81BF-BDC9647D20EA.npy,HSP inhibitor
P015090,O13,s3,CBK307768,/mnt/micro-images-pvc/specs935-v1/specs935-v1-FA-P015090-U2OS-48h-P8-L1/2021-12-18/854/specs935-v1-FA-P015090-U2OS-48h-P8-L1_O13_s3_w5A8E18D0B-C298-4D7E-8746-17AAFF5826CD.npy,HSP inhibitor
P015090,O13,s4,CBK307768,/mnt/micro-images-pvc/specs935-v1/specs935-v1-FA-P015090-U2OS-48h-P8-L1/2021-12-18/854/specs935-v1-FA-P015090-U2OS-48h-P8-L1_O13_s4_w5B8430CD2-17FE-41C3-97AE-7E8ECB9DFD3D.npy,HSP inhibitor
P015090,O13,s5,CBK307768,/mnt/micro-images-pvc/specs935-v1/specs935-v1-FA-P015090-U2OS-48h-P8-L1/2021-12-18/854/specs935-v1-FA-P015090-U2OS-48h-P8-L1_O13_s5_w5FC6D0BA1-B062-4215-A75B-5A67137F0A63.npy,HSP inhibitor
P015090,O13,s6,CBK307768,/mnt/micro-images-pvc/specs935-v1/specs935-v1-FA-P015090-U2OS-48h-P8-L1/2021-12-18/854/specs935-v1-FA-P015090-U2OS-48h-P8-L1_O13_s6_w5619B445D-E118-419C-B4EA-4D2B22BE4920.npy,HSP inhibitor
P015090,O13,s7,CBK307768,/mnt/micro-images-pvc/specs935-v1/specs935-v1-FA-P015090-U2OS-48h-P8-L1/2021-12-18/854/specs935-v1-FA-P015090-U2OS-48h-P8-L1_O13_s7_w594E6C0E2-3E8F-4554-970D-8C3C6087B490.npy,HSP inhibitor
P015090,O13,s8,CBK307768,/mnt/micro-images-pvc/specs935-v1/specs935-v1-FA-P015090-U2OS-48h-P8-L1/2021-12-18/854/specs935-v1-FA-P015090-U2OS-48h-P8-L1_O13_s8_w5212D8334-E118-4064-91CF-EA1B317334BE.npy,HSP inhibitor
P015090,O13,s9,CBK307768,/mnt/micro-images-pvc/specs935-v1/specs935-v1-FA-P015090-U2OS-48h-P8-L1/2021-12-18/854/specs935-v1-FA-P015090-U2OS-48h-P8-L1_O13_s9_w50438AD98-C8EC-457D-BE8B-B6DC46BC30C7.npy,HSP inhibitor
P015090,O15,s1,CBK290753,/mnt/micro-images-pvc/specs935-v1/specs935-v1-FA-P015090-U2OS-48h-P8-L1/2021-12-18/854/specs935-v1-FA-P015090-U2OS-48h-P8-L1_O15_s1_w56DE64848-D974-4018-A44D-7AFE8D01B599.npy,HSP inhibitor
P015090,O15,s2,CBK290753,/mnt/micro-images-pvc/specs935-v1/specs935-v1-FA-P015090-U2OS-48h-P8-L1/2021-12-18/854/specs935-v1-FA-P015090-U2OS-48h-P8-L1_O15_s2_w53BD6C4D8-6195-409F-B314-C455BF9806C0.npy,HSP inhibitor
P015090,O15,s3,CBK290753,/mnt/micro-images-pvc/specs935-v1/specs935-v1-FA-P015090-U2OS-48h-P8-L1/2021-12-18/854/specs935-v1-FA-P015090-U2OS-48h-P8-L1_O15_s3_w5FD91111C-6E8F-44CD-B3A0-EF527463B552.npy,HSP inhibitor
P015090,O15,s4,CBK290753,/mnt/micro-images-pvc/specs935-v1/specs935-v1-FA-P015090-U2OS-48h-P8-L1/2021-12-18/854/specs935-v1-FA-P015090-U2OS-48h-P8-L1_O15_s4_w53926D915-DD1C-4F9E-8BB3-EC33FB94159E.npy,HSP inhibitor
P015090,O15,s5,CBK290753,/mnt/micro-images-pvc/specs935-v1/specs935-v1-FA-P015090-U2OS-48h-P8-L1/2021-12-18/854/specs935-v1-FA-P015090-U2OS-48h-P8-L1_O15_s5_w54353697A-9635-4814-8CDD-A42918DA8116.npy,HSP inhibitor
P015090,O15,s6,CBK290753,/mnt/micro-images-pvc/specs935-v1/specs935-v1-FA-P015090-U2OS-48h-P8-L1/2021-12-18/854/specs935-v1-FA-P015090-U2OS-48h-P8-L1_O15_s6_w54EFBA8A3-44DC-4A17-AE9B-B7FDA40EA75F.npy,HSP inhibitor
P015090,O15,s7,CBK290753,/mnt/micro-images-pvc/specs935-v1/specs935-v1-FA-P015090-U2OS-48h-P8-L1/2021-12-18/854/specs935-v1-FA-P015090-U2OS-48h-P8-L1_O15_s7_w5A0026330-64E8-4D47-ACC6-6536389D3766.npy,HSP inhibitor
P015090,O15,s8,CBK290753,/mnt/micro-images-pvc/specs935-v1/specs935-v1-FA-P015090-U2OS-48h-P8-L1/2021-12-18/854/specs935-v1-FA-P015090-U2OS-48h-P8-L1_O15_s8_w555AE2E6E-86BF-4774-9844-1A39ED1FF703.npy,HSP inhibitor
P015090,O15,s9,CBK290753,/mnt/micro-images-pvc/specs935-v1/specs935-v1-FA-P015090-U2OS-48h-P8-L1/2021-12-18/854/specs935-v1-FA-P015090-U2OS-48h-P8-L1_O15_s9_w5BD92DD1C-CD97-4CE7-8445-F03E13D16B57.npy,HSP inhibitor
P015090,O23,s1,CBK289756,/mnt/micro-images-pvc/specs935-v1/specs935-v1-FA-P015090-U2OS-48h-P8-L1/2021-12-18/854/specs935-v1-FA-P015090-U2OS-48h-P8-L1_O23_s1_w5978E1A0D-B509-430C-8D7A-38F728D49BF4.npy,HDAC inhibitor
P015090,O23,s2,CBK289756,/mnt/micro-images-pvc/specs935-v1/specs935-v1-FA-P015090-U2OS-48h-P8-L1/2021-12-18/854/specs935-v1-FA-P015090-U2OS-48h-P8-L1_O23_s2_w564AC1CC8-1BA1-4DB3-9F6A-C84228FEB97D.npy,HDAC inhibitor
P015090,O23,s3,CBK289756,/mnt/micro-images-pvc/specs935-v1/specs935-v1-FA-P015090-U2OS-48h-P8-L1/2021-12-18/854/specs935-v1-FA-P015090-U2OS-48h-P8-L1_O23_s3_w5E81329DC-CC41-411C-B958-F2A49E68EBDA.npy,HDAC inhibitor
P015090,O23,s4,CBK289756,/mnt/micro-images-pvc/specs935-v1/specs935-v1-FA-P015090-U2OS-48h-P8-L1/2021-12-18/854/specs935-v1-FA-P015090-U2OS-48h-P8-L1_O23_s4_w5421857BF-737A-457C-91E8-5A89403589E7.npy,HDAC inhibitor
P015090,O23,s5,CBK289756,/mnt/micro-images-pvc/specs935-v1/specs935-v1-FA-P015090-U2OS-48h-P8-L1/2021-12-18/854/specs935-v1-FA-P015090-U2OS-48h-P8-L1_O23_s5_w5C2B7EB38-3CB4-4CEC-B83B-4E3D5213777B.npy,HDAC inhibitor
P015090,O23,s6,CBK289756,/mnt/micro-images-pvc/specs935-v1/specs935-v1-FA-P015090-U2OS-48h-P8-L1/2021-12-18/854/specs935-v1-FA-P015090-U2OS-48h-P8-L1_O23_s6_w507128674-1BE1-4AEF-A171-CA1022E2EDFC.npy,HDAC inhibitor
P015090,O23,s7,CBK289756,/mnt/micro-images-pvc/specs935-v1/specs935-v1-FA-P015090-U2OS-48h-P8-L1/2021-12-18/854/specs935-v1-FA-P015090-U2OS-48h-P8-L1_O23_s7_w5AC051610-8B8D-4DF8-ABEE-8731BC89FFF8.npy,HDAC inhibitor
P015090,O23,s8,CBK289756,/mnt/micro-images-pvc/specs935-v1/specs935-v1-FA-P015090-U2OS-48h-P8-L1/2021-12-18/854/specs935-v1-FA-P015090-U2OS-48h-P8-L1_O23_s8_w5C30FAE80-8E49-4C80-8E88-D32A37E8AA89.npy,HDAC inhibitor
P015090,O23,s9,CBK289756,/mnt/micro-images-pvc/specs935-v1/specs935-v1-FA-P015090-U2OS-48h-P8-L1/2021-12-18/854/specs935-v1-FA-P015090-U2OS-48h-P8-L1_O23_s9_w52253C42A-075F-4D19-97CC-8ED18591C777.npy,HDAC inhibitor
P015091,B03,s1,CBK277934,/mnt/micro-images-pvc/specs935-v1/specs935-v1-FA-P015091-U2OS-48h-P8-L2/2021-12-22/870/specs935-v1-FA-P015091-U2OS-48h-P8-L2_B03_s1_w54CECA7BA-0F9A-4295-BCC9-C9B07D47F75F.npy,HSP inhibitor
P015091,B03,s2,CBK277934,/mnt/micro-images-pvc/specs935-v1/specs935-v1-FA-P015091-U2OS-48h-P8-L2/2021-12-22/870/specs935-v1-FA-P015091-U2OS-48h-P8-L2_B03_s2_w5F3D18722-ACBC-44CF-BFAC-EAE855BB0329.npy,HSP inhibitor
P015091,B03,s3,CBK277934,/mnt/micro-images-pvc/specs935-v1/specs935-v1-FA-P015091-U2OS-48h-P8-L2/2021-12-22/870/specs935-v1-FA-P015091-U2OS-48h-P8-L2_B03_s3_w5004B7285-8265-408D-83D5-73250E59A343.npy,HSP inhibitor
P015091,B03,s4,CBK277934,/mnt/micro-images-pvc/specs935-v1/specs935-v1-FA-P015091-U2OS-48h-P8-L2/2021-12-22/870/specs935-v1-FA-P015091-U2OS-48h-P8-L2_B03_s4_w5763DB13C-59D0-4CCA-8D5A-F91E6415552E.npy,HSP inhibitor
P015091,B03,s5,CBK277934,/mnt/micro-images-pvc/specs935-v1/specs935-v1-FA-P015091-U2OS-48h-P8-L2/2021-12-22/870/specs935-v1-FA-P015091-U2OS-48h-P8-L2_B03_s5_w5A86EDC27-21B5-4634-8AD5-6B66E0946BF0.npy,HSP inhibitor
P015091,B03,s6,CBK277934,/mnt/micro-images-pvc/specs935-v1/specs935-v1-FA-P015091-U2OS-48h-P8-L2/2021-12-22/870/specs935-v1-FA-P015091-U2OS-48h-P8-L2_B03_s6_w5C557DA98-DF69-468F-B244-24822FE1070B.npy,HSP inhibitor
P015091,B03,s7,CBK277934,/mnt/micro-images-pvc/specs935-v1/specs935-v1-FA-P015091-U2OS-48h-P8-L2/2021-12-22/870/specs935-v1-FA-P015091-U2OS-48h-P8-L2_B03_s7_w5B94408CF-0E02-49B7-B361-757C7C875E4F.npy,HSP inhibitor
P015091,B03,s8,CBK277934,/mnt/micro-images-pvc/specs935-v1/specs935-v1-FA-P015091-U2OS-48h-P8-L2/2021-12-22/870/specs935-v1-FA-P015091-U2OS-48h-P8-L2_B03_s8_w5AA36AB0C-A586-410F-9A50-A7AFC77E2A20.npy,HSP inhibitor
P015091,B03,s9,CBK277934,/mnt/micro-images-pvc/specs935-v1/specs935-v1-FA-P015091-U2OS-48h-P8-L2/2021-12-22/870/specs935-v1-FA-P015091-U2OS-48h-P8-L2_B03_s9_w51FE88DB9-085D-4BBF-BE5E-160B17A75DF1.npy,HSP inhibitor
P015091,B05,s1,CBK308430,/mnt/micro-images-pvc/specs935-v1/specs935-v1-FA-P015091-U2OS-48h-P8-L2/2021-12-22/870/specs935-v1-FA-P015091-U2OS-48h-P8-L2_B05_s1_w50158724C-167C-4EF0-B3FA-A5C9C4F4CA55.npy,HDAC inhibitor
P015091,B05,s2,CBK308430,/mnt/micro-images-pvc/specs935-v1/specs935-v1-FA-P015091-U2OS-48h-P8-L2/2021-12-22/870/specs935-v1-FA-P015091-U2OS-48h-P8-L2_B05_s2_w5D0142172-22FD-4A68-BCF4-28FA88B93F0D.npy,HDAC inhibitor
P015091,B05,s3,CBK308430,/mnt/micro-images-pvc/specs935-v1/specs935-v1-FA-P015091-U2OS-48h-P8-L2/2021-12-22/870/specs935-v1-FA-P015091-U2OS-48h-P8-L2_B05_s3_w5C67F8288-5783-43C2-AE70-0A2CB7BB5E83.npy,HDAC inhibitor
P015091,B05,s4,CBK308430,/mnt/micro-images-pvc/specs935-v1/specs935-v1-FA-P015091-U2OS-48h-P8-L2/2021-12-22/870/specs935-v1-FA-P015091-U2OS-48h-P8-L2_B05_s4_w559528768-FFA6-4B4B-9268-0AA1BE8D111A.npy,HDAC inhibitor
P015091,B05,s5,CBK308430,/mnt/micro-images-pvc/specs935-v1/specs935-v1-FA-P015091-U2OS-48h-P8-L2/2021-12-22/870/specs935-v1-FA-P015091-U2OS-48h-P8-L2_B05_s5_w54A76A878-11D6-4D58-8BA9-7A4392D3EDE5.npy,HDAC inhibitor
P015091,B05,s6,CBK308430,/mnt/micro-images-pvc/specs935-v1/specs935-v1-FA-P015091-U2OS-48h-P8-L2/2021-12-22/870/specs935-v1-FA-P015091-U2OS-48h-P8-L2_B05_s6_w57132B083-DE7C-4052-B06B-0A31D0F843CF.npy,HDAC inhibitor
P015091,B05,s7,CBK308430,/mnt/micro-images-pvc/specs935-v1/specs935-v1-FA-P015091-U2OS-48h-P8-L2/2021-12-22/870/specs935-v1-FA-P015091-U2OS-48h-P8-L2_B05_s7_w58FDCC7EA-E6B0-4910-8781-7DB51839605D.npy,HDAC inhibitor
P015091,B05,s8,CBK308430,/mnt/micro-images-pvc/specs935-v1/specs935-v1-FA-P015091-U2OS-48h-P8-L2/2021-12-22/870/specs935-v1-FA-P015091-U2OS-48h-P8-L2_B05_s8_w557CC6A0D-CA3A-449B-A682-E830DAC83AB3.npy,HDAC inhibitor
P015091,B05,s9,CBK308430,/mnt/micro-images-pvc/specs935-v1/specs935-v1-FA-P015091-U2OS-48h-P8-L2/2021-12-22/870/specs935-v1-FA-P015091-U2OS-48h-P8-L2_B05_s9_w57EEA26BC-4AEC-49B5-9E41-87E16B0FA2BD.npy,HDAC inhibitor
P015091,B09,s1,CBK303971,/mnt/micro-images-pvc/specs935-v1/specs935-v1-FA-P015091-U2OS-48h-P8-L2/2021-12-22/870/specs935-v1-FA-P015091-U2OS-48h-P8-L2_B09_s1_w580FD0AAF-F46C-44BA-A4A7-D32FC387E003.npy,HDAC inhibitor
P015091,B09,s2,CBK303971,/mnt/micro-images-pvc/specs935-v1/specs935-v1-FA-P015091-U2OS-48h-P8-L2/2021-12-22/870/specs935-v1-FA-P015091-U2OS-48h-P8-L2_B09_s2_w5DBE7B5B6-1E65-4F3F-8390-C0547B64633F.npy,HDAC inhibitor
P015091,B09,s3,CBK303971,/mnt/micro-images-pvc/specs935-v1/specs935-v1-FA-P015091-U2OS-48h-P8-L2/2021-12-22/870/specs935-v1-FA-P015091-U2OS-48h-P8-L2_B09_s3_w5663E2F53-5DD0-499A-8ED5-A9178BE48CED.npy,HDAC inhibitor
P015091,B09,s4,CBK303971,/mnt/micro-images-pvc/specs935-v1/specs935-v1-FA-P015091-U2OS-48h-P8-L2/2021-12-22/870/specs935-v1-FA-P015091-U2OS-48h-P8-L2_B09_s4_w55FC99A43-ABDC-4D1F-9046-BDB13FB5A10C.npy,HDAC inhibitor
P015091,B09,s5,CBK303971,/mnt/micro-images-pvc/specs935-v1/specs935-v1-FA-P015091-U2OS-48h-P8-L2/2021-12-22/870/specs935-v1-FA-P015091-U2OS-48h-P8-L2_B09_s5_w59884D4E3-1ED4-45A4-A7C2-0DEF19BDD6F5.npy,HDAC inhibitor
P015091,B09,s6,CBK303971,/mnt/micro-images-pvc/specs935-v1/specs935-v1-FA-P015091-U2OS-48h-P8-L2/2021-12-22/870/specs935-v1-FA-P015091-U2OS-48h-P8-L2_B09_s6_w501860D3D-8E9E-40F6-9B8A-FEB8E1BFD7D0.npy,HDAC inhibitor
P015091,B09,s7,CBK303971,/mnt/micro-images-pvc/specs935-v1/specs935-v1-FA-P015091-U2OS-48h-P8-L2/2021-12-22/870/specs935-v1-FA-P015091-U2OS-48h-P8-L2_B09_s7_w570CF2748-471F-439D-8574-5D8CF40D0911.npy,HDAC inhibitor
P015091,B09,s8,CBK303971,/mnt/micro-images-pvc/specs935-v1/specs935-v1-FA-P015091-U2OS-48h-P8-L2/2021-12-22/870/specs935-v1-FA-P015091-U2OS-48h-P8-L2_B09_s8_w5E0705065-978F-4983-B23E-EAEE08C210A3.npy,HDAC inhibitor
P015091,B09,s9,CBK303971,/mnt/micro-images-pvc/specs935-v1/specs935-v1-FA-P015091-U2OS-48h-P8-L2/2021-12-22/870/specs935-v1-FA-P015091-U2OS-48h-P8-L2_B09_s9_w5C1993181-3A51-4A74-8A86-AB0ED72A1A8F.npy,HDAC inhibitor
P015091,B10,s1,CBK278021,/mnt/micro-images-pvc/specs935-v1/specs935-v1-FA-P015091-U2OS-48h-P8-L2/2021-12-22/870/specs935-v1-FA-P015091-U2OS-48h-P8-L2_B10_s1_w5D9E178C6-91E3-45E9-A5A3-2E60553F7185.npy,HSP inhibitor
P015091,B10,s2,CBK278021,/mnt/micro-images-pvc/specs935-v1/specs935-v1-FA-P015091-U2OS-48h-P8-L2/2021-12-22/870/specs935-v1-FA-P015091-U2OS-48h-P8-L2_B10_s2_w5E894D24A-D29A-4EB6-870E-AD832ED0DDAB.npy,HSP inhibitor
P015091,B10,s3,CBK278021,/mnt/micro-images-pvc/specs935-v1/specs935-v1-FA-P015091-U2OS-48h-P8-L2/2021-12-22/870/specs935-v1-FA-P015091-U2OS-48h-P8-L2_B10_s3_w51B99EAA6-C9B5-4BA2-B8D4-13CB08C9D8C1.npy,HSP inhibitor
P015091,B10,s4,CBK278021,/mnt/micro-images-pvc/specs935-v1/specs935-v1-FA-P015091-U2OS-48h-P8-L2/2021-12-22/870/specs935-v1-FA-P015091-U2OS-48h-P8-L2_B10_s4_w5AA15C9CB-ECD1-4898-9C0A-FAD56CC5B45C.npy,HSP inhibitor
P015091,B10,s5,CBK278021,/mnt/micro-images-pvc/specs935-v1/specs935-v1-FA-P015091-U2OS-48h-P8-L2/2021-12-22/870/specs935-v1-FA-P015091-U2OS-48h-P8-L2_B10_s5_w5D9477762-148C-4BF4-8115-7B2AFD7CF483.npy,HSP inhibitor
P015091,B10,s6,CBK278021,/mnt/micro-images-pvc/specs935-v1/specs935-v1-FA-P015091-U2OS-48h-P8-L2/2021-12-22/870/specs935-v1-FA-P015091-U2OS-48h-P8-L2_B10_s6_w5F0779CA5-0CF6-4346-8873-09086A0C192F.npy,HSP inhibitor
P015091,B10,s7,CBK278021,/mnt/micro-images-pvc/specs935-v1/specs935-v1-FA-P015091-U2OS-48h-P8-L2/2021-12-22/870/specs935-v1-FA-P015091-U2OS-48h-P8-L2_B10_s7_w55859A7D6-488D-4F7D-A23F-3795AF0457DF.npy,HSP inhibitor
P015091,B10,s8,CBK278021,/mnt/micro-images-pvc/specs935-v1/specs935-v1-FA-P015091-U2OS-48h-P8-L2/2021-12-22/870/specs935-v1-FA-P015091-U2OS-48h-P8-L2_B10_s8_w5F567EE96-E8D4-4E68-B790-D98F80CE418E.npy,HSP inhibitor
P015091,B10,s9,CBK278021,/mnt/micro-images-pvc/specs935-v1/specs935-v1-FA-P015091-U2OS-48h-P8-L2/2021-12-22/870/specs935-v1-FA-P015091-U2OS-48h-P8-L2_B10_s9_w55C179D17-46E8-44AE-BE93-68AD3EA8F774.npy,HSP inhibitor
P015091,B11,s1,CBK041487,/mnt/micro-images-pvc/specs935-v1/specs935-v1-FA-P015091-U2OS-48h-P8-L2/2021-12-22/870/specs935-v1-FA-P015091-U2OS-48h-P8-L2_B11_s1_w5AC2C5E93-DCD9-4BA4-8C99-AE53A7C91BE7.npy,HSP inhibitor
P015091,B11,s2,CBK041487,/mnt/micro-images-pvc/specs935-v1/specs935-v1-FA-P015091-U2OS-48h-P8-L2/2021-12-22/870/specs935-v1-FA-P015091-U2OS-48h-P8-L2_B11_s2_w576211A78-2F57-4D7C-A49D-99EF32BA403B.npy,HSP inhibitor
P015091,B11,s3,CBK041487,/mnt/micro-images-pvc/specs935-v1/specs935-v1-FA-P015091-U2OS-48h-P8-L2/2021-12-22/870/specs935-v1-FA-P015091-U2OS-48h-P8-L2_B11_s3_w5FBD45840-0AB9-4B65-BA62-39B835E18D89.npy,HSP inhibitor
P015091,B11,s4,CBK041487,/mnt/micro-images-pvc/specs935-v1/specs935-v1-FA-P015091-U2OS-48h-P8-L2/2021-12-22/870/specs935-v1-FA-P015091-U2OS-48h-P8-L2_B11_s4_w597815837-6B8F-4A33-A483-2ED9390A8203.npy,HSP inhibitor
P015091,B11,s5,CBK041487,/mnt/micro-images-pvc/specs935-v1/specs935-v1-FA-P015091-U2OS-48h-P8-L2/2021-12-22/870/specs935-v1-FA-P015091-U2OS-48h-P8-L2_B11_s5_w5755AAAE7-A873-47C5-8A2A-34273F911F0B.npy,HSP inhibitor
P015091,B11,s6,CBK041487,/mnt/micro-images-pvc/specs935-v1/specs935-v1-FA-P015091-U2OS-48h-P8-L2/2021-12-22/870/specs935-v1-FA-P015091-U2OS-48h-P8-L2_B11_s6_w577F6F768-447E-4F4A-AA11-12DF1C1F6252.npy,HSP inhibitor
P015091,B11,s7,CBK041487,/mnt/micro-images-pvc/specs935-v1/specs935-v1-FA-P015091-U2OS-48h-P8-L2/2021-12-22/870/specs935-v1-FA-P015091-U2OS-48h-P8-L2_B11_s7_w5DC1D1641-EECC-443A-95E8-5DB48157EA2A.npy,HSP inhibitor
P015091,B11,s8,CBK041487,/mnt/micro-images-pvc/specs935-v1/specs935-v1-FA-P015091-U2OS-48h-P8-L2/2021-12-22/870/specs935-v1-FA-P015091-U2OS-48h-P8-L2_B11_s8_w560C1DE25-38FA-4B72-AA73-B9EFA011493E.npy,HSP inhibitor
P015091,B11,s9,CBK041487,/mnt/micro-images-pvc/specs935-v1/specs935-v1-FA-P015091-U2OS-48h-P8-L2/2021-12-22/870/specs935-v1-FA-P015091-U2OS-48h-P8-L2_B11_s9_w55F2CC97F-AF76-4A02-9A62-B68493060911.npy,HSP inhibitor
P015091,B16,s1,CBK290573,/mnt/micro-images-pvc/specs935-v1/specs935-v1-FA-P015091-U2OS-48h-P8-L2/2021-12-22/870/specs935-v1-FA-P015091-U2OS-48h-P8-L2_B16_s1_w5760E2345-6F5C-4C13-863F-71D1A4539E30.npy,HDAC inhibitor
P015091,B16,s2,CBK290573,/mnt/micro-images-pvc/specs935-v1/specs935-v1-FA-P015091-U2OS-48h-P8-L2/2021-12-22/870/specs935-v1-FA-P015091-U2OS-48h-P8-L2_B16_s2_w595C26B2A-8270-4907-B124-B06369B0FC96.npy,HDAC inhibitor
P015091,B16,s3,CBK290573,/mnt/micro-images-pvc/specs935-v1/specs935-v1-FA-P015091-U2OS-48h-P8-L2/2021-12-22/870/specs935-v1-FA-P015091-U2OS-48h-P8-L2_B16_s3_w580FBB892-3BE7-4AB8-8B8A-03464F611390.npy,HDAC inhibitor
P015091,B16,s4,CBK290573,/mnt/micro-images-pvc/specs935-v1/specs935-v1-FA-P015091-U2OS-48h-P8-L2/2021-12-22/870/specs935-v1-FA-P015091-U2OS-48h-P8-L2_B16_s4_w52477F74D-C71C-4973-9DFA-68FFBB55C51F.npy,HDAC inhibitor
P015091,B16,s5,CBK290573,/mnt/micro-images-pvc/specs935-v1/specs935-v1-FA-P015091-U2OS-48h-P8-L2/2021-12-22/870/specs935-v1-FA-P015091-U2OS-48h-P8-L2_B16_s5_w585182BD7-6F08-4DA6-9C83-BFB475D27FC8.npy,HDAC inhibitor
P015091,B16,s6,CBK290573,/mnt/micro-images-pvc/specs935-v1/specs935-v1-FA-P015091-U2OS-48h-P8-L2/2021-12-22/870/specs935-v1-FA-P015091-U2OS-48h-P8-L2_B16_s6_w5A1082A57-BCF3-4701-A057-C3875A6D6A89.npy,HDAC inhibitor
P015091,B16,s7,CBK290573,/mnt/micro-images-pvc/specs935-v1/specs935-v1-FA-P015091-U2OS-48h-P8-L2/2021-12-22/870/specs935-v1-FA-P015091-U2OS-48h-P8-L2_B16_s7_w54AAFEB8C-9A60-4394-9367-1BC35CBF34FE.npy,HDAC inhibitor
P015091,B16,s8,CBK290573,/mnt/micro-images-pvc/specs935-v1/specs935-v1-FA-P015091-U2OS-48h-P8-L2/2021-12-22/870/specs935-v1-FA-P015091-U2OS-48h-P8-L2_B16_s8_w57D6C39DB-C348-482C-B7CA-CD15543220B3.npy,HDAC inhibitor
P015091,B16,s9,CBK290573,/mnt/micro-images-pvc/specs935-v1/specs935-v1-FA-P015091-U2OS-48h-P8-L2/2021-12-22/870/specs935-v1-FA-P015091-U2OS-48h-P8-L2_B16_s9_w55EB40058-B9F8-4F3A-91B0-75C078F131A4.npy,HDAC inhibitor
P015091,B23,s1,CBK289756,/mnt/micro-images-pvc/specs935-v1/specs935-v1-FA-P015091-U2OS-48h-P8-L2/2021-12-22/870/specs935-v1-FA-P015091-U2OS-48h-P8-L2_B23_s1_w5C4D07516-4493-4DEE-B9F2-C697F65C4A85.npy,HDAC inhibitor
P015091,B23,s2,CBK289756,/mnt/micro-images-pvc/specs935-v1/specs935-v1-FA-P015091-U2OS-48h-P8-L2/2021-12-22/870/specs935-v1-FA-P015091-U2OS-48h-P8-L2_B23_s2_w590CA03B6-ED01-4787-9928-E081CE393914.npy,HDAC inhibitor
P015091,B23,s3,CBK289756,/mnt/micro-images-pvc/specs935-v1/specs935-v1-FA-P015091-U2OS-48h-P8-L2/2021-12-22/870/specs935-v1-FA-P015091-U2OS-48h-P8-L2_B23_s3_w5CB4153F7-A591-4337-BFD6-707BA2481FEA.npy,HDAC inhibitor
P015091,B23,s4,CBK289756,/mnt/micro-images-pvc/specs935-v1/specs935-v1-FA-P015091-U2OS-48h-P8-L2/2021-12-22/870/specs935-v1-FA-P015091-U2OS-48h-P8-L2_B23_s4_w58A7022CA-35A2-461C-B814-C0FF43EEC093.npy,HDAC inhibitor
P015091,B23,s5,CBK289756,/mnt/micro-images-pvc/specs935-v1/specs935-v1-FA-P015091-U2OS-48h-P8-L2/2021-12-22/870/specs935-v1-FA-P015091-U2OS-48h-P8-L2_B23_s5_w543C3C026-8646-4BA7-ADEE-814EABEAF629.npy,HDAC inhibitor
P015091,B23,s6,CBK289756,/mnt/micro-images-pvc/specs935-v1/specs935-v1-FA-P015091-U2OS-48h-P8-L2/2021-12-22/870/specs935-v1-FA-P015091-U2OS-48h-P8-L2_B23_s6_w5B6EFFF7E-48D4-4ACB-A6FA-313E0A28962D.npy,HDAC inhibitor
P015091,B23,s7,CBK289756,/mnt/micro-images-pvc/specs935-v1/specs935-v1-FA-P015091-U2OS-48h-P8-L2/2021-12-22/870/specs935-v1-FA-P015091-U2OS-48h-P8-L2_B23_s7_w5862B5FA6-A10E-4D47-BCD0-F2C038281243.npy,HDAC inhibitor
P015091,B23,s8,CBK289756,/mnt/micro-images-pvc/specs935-v1/specs935-v1-FA-P015091-U2OS-48h-P8-L2/2021-12-22/870/specs935-v1-FA-P015091-U2OS-48h-P8-L2_B23_s8_w5A04B5056-0A40-4BCE-86B5-0DA01825EDDD.npy,HDAC inhibitor
P015091,B23,s9,CBK289756,/mnt/micro-images-pvc/specs935-v1/specs935-v1-FA-P015091-U2OS-48h-P8-L2/2021-12-22/870/specs935-v1-FA-P015091-U2OS-48h-P8-L2_B23_s9_w56CC24C4F-9060-46AC-B203-F97A9F766776.npy,HDAC inhibitor
P015091,C03,s1,CBK290613,/mnt/micro-images-pvc/specs935-v1/specs935-v1-FA-P015091-U2OS-48h-P8-L2/2021-12-22/870/specs935-v1-FA-P015091-U2OS-48h-P8-L2_C03_s1_w549C3FB8A-18EC-4FED-8148-135131BDC92C.npy,HDAC inhibitor
P015091,C03,s2,CBK290613,/mnt/micro-images-pvc/specs935-v1/specs935-v1-FA-P015091-U2OS-48h-P8-L2/2021-12-22/870/specs935-v1-FA-P015091-U2OS-48h-P8-L2_C03_s2_w5C29C2C6A-C1BC-40A0-A840-3360FE0DB457.npy,HDAC inhibitor
P015091,C03,s3,CBK290613,/mnt/micro-images-pvc/specs935-v1/specs935-v1-FA-P015091-U2OS-48h-P8-L2/2021-12-22/870/specs935-v1-FA-P015091-U2OS-48h-P8-L2_C03_s3_w58EC9EB11-2788-479D-8293-6EEAF10662D8.npy,HDAC inhibitor
P015091,C03,s4,CBK290613,/mnt/micro-images-pvc/specs935-v1/specs935-v1-FA-P015091-U2OS-48h-P8-L2/2021-12-22/870/specs935-v1-FA-P015091-U2OS-48h-P8-L2_C03_s4_w52522693D-BBE7-439C-8CC0-8D013CA318EB.npy,HDAC inhibitor
P015091,C03,s5,CBK290613,/mnt/micro-images-pvc/specs935-v1/specs935-v1-FA-P015091-U2OS-48h-P8-L2/2021-12-22/870/specs935-v1-FA-P015091-U2OS-48h-P8-L2_C03_s5_w5E3F441FE-8F95-4E53-AC86-EBB30A771760.npy,HDAC inhibitor
P015091,C03,s6,CBK290613,/mnt/micro-images-pvc/specs935-v1/specs935-v1-FA-P015091-U2OS-48h-P8-L2/2021-12-22/870/specs935-v1-FA-P015091-U2OS-48h-P8-L2_C03_s6_w5C41C1123-3E19-4E8C-9928-5D563CD2238E.npy,HDAC inhibitor
P015091,C03,s7,CBK290613,/mnt/micro-images-pvc/specs935-v1/specs935-v1-FA-P015091-U2OS-48h-P8-L2/2021-12-22/870/specs935-v1-FA-P015091-U2OS-48h-P8-L2_C03_s7_w5ADDA450C-98F0-4667-B499-C9CAEC12077C.npy,HDAC inhibitor
P015091,C03,s8,CBK290613,/mnt/micro-images-pvc/specs935-v1/specs935-v1-FA-P015091-U2OS-48h-P8-L2/2021-12-22/870/specs935-v1-FA-P015091-U2OS-48h-P8-L2_C03_s8_w52FF6CBD8-29E6-4BF5-B525-E0B8F46C3F79.npy,HDAC inhibitor
P015091,C03,s9,CBK290613,/mnt/micro-images-pvc/specs935-v1/specs935-v1-FA-P015091-U2OS-48h-P8-L2/2021-12-22/870/specs935-v1-FA-P015091-U2OS-48h-P8-L2_C03_s9_w5805CEB43-E145-44D9-9E22-8DA162FB14F0.npy,HDAC inhibitor
P015091,C05,s1,CBK278039,/mnt/micro-images-pvc/specs935-v1/specs935-v1-FA-P015091-U2OS-48h-P8-L2/2021-12-22/870/specs935-v1-FA-P015091-U2OS-48h-P8-L2_C05_s1_w5C6773E37-2EFE-4372-807B-52A7995DBC27.npy,HDAC inhibitor
P015091,C05,s2,CBK278039,/mnt/micro-images-pvc/specs935-v1/specs935-v1-FA-P015091-U2OS-48h-P8-L2/2021-12-22/870/specs935-v1-FA-P015091-U2OS-48h-P8-L2_C05_s2_w512894EB1-A647-4B88-8790-D07FFD9FBDE7.npy,HDAC inhibitor
P015091,C05,s3,CBK278039,/mnt/micro-images-pvc/specs935-v1/specs935-v1-FA-P015091-U2OS-48h-P8-L2/2021-12-22/870/specs935-v1-FA-P015091-U2OS-48h-P8-L2_C05_s3_w57746EFA2-D4A9-459C-96DC-E1804542E1D9.npy,HDAC inhibitor
P015091,C05,s4,CBK278039,/mnt/micro-images-pvc/specs935-v1/specs935-v1-FA-P015091-U2OS-48h-P8-L2/2021-12-22/870/specs935-v1-FA-P015091-U2OS-48h-P8-L2_C05_s4_w5C4EEB1D4-3D65-4D3F-906B-1AADAD25D702.npy,HDAC inhibitor
P015091,C05,s5,CBK278039,/mnt/micro-images-pvc/specs935-v1/specs935-v1-FA-P015091-U2OS-48h-P8-L2/2021-12-22/870/specs935-v1-FA-P015091-U2OS-48h-P8-L2_C05_s5_w5AE1E4B97-2E31-4A0A-BE99-E5EB72405528.npy,HDAC inhibitor
P015091,C05,s6,CBK278039,/mnt/micro-images-pvc/specs935-v1/specs935-v1-FA-P015091-U2OS-48h-P8-L2/2021-12-22/870/specs935-v1-FA-P015091-U2OS-48h-P8-L2_C05_s6_w52045E8C1-4A7D-4439-A0E3-0DF9A334956D.npy,HDAC inhibitor
P015091,C05,s7,CBK278039,/mnt/micro-images-pvc/specs935-v1/specs935-v1-FA-P015091-U2OS-48h-P8-L2/2021-12-22/870/specs935-v1-FA-P015091-U2OS-48h-P8-L2_C05_s7_w5AA0F97A5-9168-4282-A8C1-88EDEF953CDC.npy,HDAC inhibitor
P015091,C05,s8,CBK278039,/mnt/micro-images-pvc/specs935-v1/specs935-v1-FA-P015091-U2OS-48h-P8-L2/2021-12-22/870/specs935-v1-FA-P015091-U2OS-48h-P8-L2_C05_s8_w52808EB72-3C12-4D2B-8F4F-1C3AE29A4111.npy,HDAC inhibitor
P015091,C05,s9,CBK278039,/mnt/micro-images-pvc/specs935-v1/specs935-v1-FA-P015091-U2OS-48h-P8-L2/2021-12-22/870/specs935-v1-FA-P015091-U2OS-48h-P8-L2_C05_s9_w50C5ADF55-B3B1-423F-9CF1-022A617DDDCE.npy,HDAC inhibitor
P015091,C07,s1,CBK278021,/mnt/micro-images-pvc/specs935-v1/specs935-v1-FA-P015091-U2OS-48h-P8-L2/2021-12-22/870/specs935-v1-FA-P015091-U2OS-48h-P8-L2_C07_s1_w504A1E363-E9FD-451E-A804-E327C7C8D75A.npy,HSP inhibitor
P015091,C07,s2,CBK278021,/mnt/micro-images-pvc/specs935-v1/specs935-v1-FA-P015091-U2OS-48h-P8-L2/2021-12-22/870/specs935-v1-FA-P015091-U2OS-48h-P8-L2_C07_s2_w54CCE27AE-6110-4056-8F6E-8393D450F13D.npy,HSP inhibitor
P015091,C07,s3,CBK278021,/mnt/micro-images-pvc/specs935-v1/specs935-v1-FA-P015091-U2OS-48h-P8-L2/2021-12-22/870/specs935-v1-FA-P015091-U2OS-48h-P8-L2_C07_s3_w52062E186-9E0E-42A9-805C-1C69B29C07E2.npy,HSP inhibitor
P015091,C07,s4,CBK278021,/mnt/micro-images-pvc/specs935-v1/specs935-v1-FA-P015091-U2OS-48h-P8-L2/2021-12-22/870/specs935-v1-FA-P015091-U2OS-48h-P8-L2_C07_s4_w510C14A9D-8AA8-4FE3-9B4C-C141EF62F095.npy,HSP inhibitor
P015091,C07,s5,CBK278021,/mnt/micro-images-pvc/specs935-v1/specs935-v1-FA-P015091-U2OS-48h-P8-L2/2021-12-22/870/specs935-v1-FA-P015091-U2OS-48h-P8-L2_C07_s5_w5D66F15FD-39BD-4829-894D-AAD9C10964A1.npy,HSP inhibitor
P015091,C07,s6,CBK278021,/mnt/micro-images-pvc/specs935-v1/specs935-v1-FA-P015091-U2OS-48h-P8-L2/2021-12-22/870/specs935-v1-FA-P015091-U2OS-48h-P8-L2_C07_s6_w5745D474B-E47C-4C5C-AD35-83DEF898E2EE.npy,HSP inhibitor
P015091,C07,s7,CBK278021,/mnt/micro-images-pvc/specs935-v1/specs935-v1-FA-P015091-U2OS-48h-P8-L2/2021-12-22/870/specs935-v1-FA-P015091-U2OS-48h-P8-L2_C07_s7_w58EE8E49D-54C7-4564-BBBB-7FC86DD59AFB.npy,HSP inhibitor
P015091,C07,s8,CBK278021,/mnt/micro-images-pvc/specs935-v1/specs935-v1-FA-P015091-U2OS-48h-P8-L2/2021-12-22/870/specs935-v1-FA-P015091-U2OS-48h-P8-L2_C07_s8_w543E12A1A-E135-4502-A060-6E42866A062D.npy,HSP inhibitor
P015091,C07,s9,CBK278021,/mnt/micro-images-pvc/specs935-v1/specs935-v1-FA-P015091-U2OS-48h-P8-L2/2021-12-22/870/specs935-v1-FA-P015091-U2OS-48h-P8-L2_C07_s9_w5241D21AC-C134-4E77-BC4D-CA2F6380B74F.npy,HSP inhibitor
P015091,C08,s1,CBK291020,/mnt/micro-images-pvc/specs935-v1/specs935-v1-FA-P015091-U2OS-48h-P8-L2/2021-12-22/870/specs935-v1-FA-P015091-U2OS-48h-P8-L2_C08_s1_w516577E81-6151-4AA1-AA44-C1809637FD5F.npy,HDAC inhibitor
P015091,C08,s2,CBK291020,/mnt/micro-images-pvc/specs935-v1/specs935-v1-FA-P015091-U2OS-48h-P8-L2/2021-12-22/870/specs935-v1-FA-P015091-U2OS-48h-P8-L2_C08_s2_w5B84385CB-B3EF-4AE0-8453-FE55793EE176.npy,HDAC inhibitor
P015091,C08,s3,CBK291020,/mnt/micro-images-pvc/specs935-v1/specs935-v1-FA-P015091-U2OS-48h-P8-L2/2021-12-22/870/specs935-v1-FA-P015091-U2OS-48h-P8-L2_C08_s3_w52BA5E916-7B97-400B-A099-C13C26BCD6B7.npy,HDAC inhibitor
P015091,C08,s4,CBK291020,/mnt/micro-images-pvc/specs935-v1/specs935-v1-FA-P015091-U2OS-48h-P8-L2/2021-12-22/870/specs935-v1-FA-P015091-U2OS-48h-P8-L2_C08_s4_w578C7CD2D-2997-4DCE-9F3C-2DA9652A37D4.npy,HDAC inhibitor
P015091,C08,s5,CBK291020,/mnt/micro-images-pvc/specs935-v1/specs935-v1-FA-P015091-U2OS-48h-P8-L2/2021-12-22/870/specs935-v1-FA-P015091-U2OS-48h-P8-L2_C08_s5_w5F3C65224-621A-499E-8BD4-C0FD3CACA6D8.npy,HDAC inhibitor
P015091,C08,s6,CBK291020,/mnt/micro-images-pvc/specs935-v1/specs935-v1-FA-P015091-U2OS-48h-P8-L2/2021-12-22/870/specs935-v1-FA-P015091-U2OS-48h-P8-L2_C08_s6_w528C8E366-8E68-43D7-BC53-E75F3EC0AA16.npy,HDAC inhibitor
P015091,C08,s7,CBK291020,/mnt/micro-images-pvc/specs935-v1/specs935-v1-FA-P015091-U2OS-48h-P8-L2/2021-12-22/870/specs935-v1-FA-P015091-U2OS-48h-P8-L2_C08_s7_w5FC14AFE1-D345-491A-9E3A-CFE2129ACFAE.npy,HDAC inhibitor
P015091,C08,s8,CBK291020,/mnt/micro-images-pvc/specs935-v1/specs935-v1-FA-P015091-U2OS-48h-P8-L2/2021-12-22/870/specs935-v1-FA-P015091-U2OS-48h-P8-L2_C08_s8_w5BCBB4D32-933E-4A07-958A-0BE4231B45C8.npy,HDAC inhibitor
P015091,C08,s9,CBK291020,/mnt/micro-images-pvc/specs935-v1/specs935-v1-FA-P015091-U2OS-48h-P8-L2/2021-12-22/870/specs935-v1-FA-P015091-U2OS-48h-P8-L2_C08_s9_w5540EE2D8-B5E1-424F-B5D1-7C1128BD4940.npy,HDAC inhibitor
P015091,C10,s1,CBK289756,/mnt/micro-images-pvc/specs935-v1/specs935-v1-FA-P015091-U2OS-48h-P8-L2/2021-12-22/870/specs935-v1-FA-P015091-U2OS-48h-P8-L2_C10_s1_w5288DFDC5-7C18-4709-B557-06FC8659BBD1.npy,HDAC inhibitor
P015091,C10,s2,CBK289756,/mnt/micro-images-pvc/specs935-v1/specs935-v1-FA-P015091-U2OS-48h-P8-L2/2021-12-22/870/specs935-v1-FA-P015091-U2OS-48h-P8-L2_C10_s2_w5E0A47E4E-F815-4956-9D94-D191D4F5E841.npy,HDAC inhibitor
P015091,C10,s3,CBK289756,/mnt/micro-images-pvc/specs935-v1/specs935-v1-FA-P015091-U2OS-48h-P8-L2/2021-12-22/870/specs935-v1-FA-P015091-U2OS-48h-P8-L2_C10_s3_w5BF6FEB4F-2F8C-4282-8AB0-4752FACF6AD0.npy,HDAC inhibitor
P015091,C10,s4,CBK289756,/mnt/micro-images-pvc/specs935-v1/specs935-v1-FA-P015091-U2OS-48h-P8-L2/2021-12-22/870/specs935-v1-FA-P015091-U2OS-48h-P8-L2_C10_s4_w5E5DA7B18-330A-4C13-AC69-43AF8186E204.npy,HDAC inhibitor
P015091,C10,s5,CBK289756,/mnt/micro-images-pvc/specs935-v1/specs935-v1-FA-P015091-U2OS-48h-P8-L2/2021-12-22/870/specs935-v1-FA-P015091-U2OS-48h-P8-L2_C10_s5_w54E51AAB1-7711-4FCE-8B71-168949A0C4CD.npy,HDAC inhibitor
P015091,C10,s6,CBK289756,/mnt/micro-images-pvc/specs935-v1/specs935-v1-FA-P015091-U2OS-48h-P8-L2/2021-12-22/870/specs935-v1-FA-P015091-U2OS-48h-P8-L2_C10_s6_w5EAA6DE9A-8101-4182-AFFD-0D20A1744957.npy,HDAC inhibitor
P015091,C10,s7,CBK289756,/mnt/micro-images-pvc/specs935-v1/specs935-v1-FA-P015091-U2OS-48h-P8-L2/2021-12-22/870/specs935-v1-FA-P015091-U2OS-48h-P8-L2_C10_s7_w54AF48E8F-6A1F-42F6-96A1-DCDC9F2DAE78.npy,HDAC inhibitor
P015091,C10,s8,CBK289756,/mnt/micro-images-pvc/specs935-v1/specs935-v1-FA-P015091-U2OS-48h-P8-L2/2021-12-22/870/specs935-v1-FA-P015091-U2OS-48h-P8-L2_C10_s8_w53632B0DB-195A-407E-BEBB-383B2BE8B970.npy,HDAC inhibitor
P015091,C10,s9,CBK289756,/mnt/micro-images-pvc/specs935-v1/specs935-v1-FA-P015091-U2OS-48h-P8-L2/2021-12-22/870/specs935-v1-FA-P015091-U2OS-48h-P8-L2_C10_s9_w512A1F14A-2C36-4826-A67F-7274FA504086.npy,HDAC inhibitor
P015091,C14,s1,CBK290945,/mnt/micro-images-pvc/specs935-v1/specs935-v1-FA-P015091-U2OS-48h-P8-L2/2021-12-22/870/specs935-v1-FA-P015091-U2OS-48h-P8-L2_C14_s1_w56EC438C3-B31A-41D1-9C2E-7D5DD6F038B2.npy,HDAC inhibitor
P015091,C14,s2,CBK290945,/mnt/micro-images-pvc/specs935-v1/specs935-v1-FA-P015091-U2OS-48h-P8-L2/2021-12-22/870/specs935-v1-FA-P015091-U2OS-48h-P8-L2_C14_s2_w5E52982B6-AE1B-426D-A133-1CAC40DF54B8.npy,HDAC inhibitor
P015091,C14,s3,CBK290945,/mnt/micro-images-pvc/specs935-v1/specs935-v1-FA-P015091-U2OS-48h-P8-L2/2021-12-22/870/specs935-v1-FA-P015091-U2OS-48h-P8-L2_C14_s3_w5E1BB135B-36BD-43C7-AF3C-2C4203034D06.npy,HDAC inhibitor
P015091,C14,s4,CBK290945,/mnt/micro-images-pvc/specs935-v1/specs935-v1-FA-P015091-U2OS-48h-P8-L2/2021-12-22/870/specs935-v1-FA-P015091-U2OS-48h-P8-L2_C14_s4_w5AC7DDFC3-0B86-42AB-9376-F553EF93ABF0.npy,HDAC inhibitor
P015091,C14,s5,CBK290945,/mnt/micro-images-pvc/specs935-v1/specs935-v1-FA-P015091-U2OS-48h-P8-L2/2021-12-22/870/specs935-v1-FA-P015091-U2OS-48h-P8-L2_C14_s5_w5925B1F39-2F2C-4001-B46A-672B7AA94ACE.npy,HDAC inhibitor
P015091,C14,s6,CBK290945,/mnt/micro-images-pvc/specs935-v1/specs935-v1-FA-P015091-U2OS-48h-P8-L2/2021-12-22/870/specs935-v1-FA-P015091-U2OS-48h-P8-L2_C14_s6_w5172719EE-3FFA-4995-843C-91D88277E01D.npy,HDAC inhibitor
P015091,C14,s7,CBK290945,/mnt/micro-images-pvc/specs935-v1/specs935-v1-FA-P015091-U2OS-48h-P8-L2/2021-12-22/870/specs935-v1-FA-P015091-U2OS-48h-P8-L2_C14_s7_w5CF2A280D-92BE-4B40-ABB2-2699E2AA083E.npy,HDAC inhibitor
P015091,C14,s8,CBK290945,/mnt/micro-images-pvc/specs935-v1/specs935-v1-FA-P015091-U2OS-48h-P8-L2/2021-12-22/870/specs935-v1-FA-P015091-U2OS-48h-P8-L2_C14_s8_w5A5D25ABC-AEF5-4B22-99CC-F309951022EA.npy,HDAC inhibitor
P015091,C14,s9,CBK290945,/mnt/micro-images-pvc/specs935-v1/specs935-v1-FA-P015091-U2OS-48h-P8-L2/2021-12-22/870/specs935-v1-FA-P015091-U2OS-48h-P8-L2_C14_s9_w5D20E43CC-32BB-4C5D-A16F-9C3116871CB1.npy,HDAC inhibitor
P015091,C15,s1,CBK289737,/mnt/micro-images-pvc/specs935-v1/specs935-v1-FA-P015091-U2OS-48h-P8-L2/2021-12-22/870/specs935-v1-FA-P015091-U2OS-48h-P8-L2_C15_s1_w5C70FF4C6-527D-45CF-9752-ED8EB25C6BBD.npy,HDAC inhibitor
P015091,C15,s2,CBK289737,/mnt/micro-images-pvc/specs935-v1/specs935-v1-FA-P015091-U2OS-48h-P8-L2/2021-12-22/870/specs935-v1-FA-P015091-U2OS-48h-P8-L2_C15_s2_w5613262A6-AE65-479C-965D-F8350117ED48.npy,HDAC inhibitor
P015091,C15,s3,CBK289737,/mnt/micro-images-pvc/specs935-v1/specs935-v1-FA-P015091-U2OS-48h-P8-L2/2021-12-22/870/specs935-v1-FA-P015091-U2OS-48h-P8-L2_C15_s3_w5B85C3DC1-A61F-42CD-B740-CB67D2E24F4E.npy,HDAC inhibitor
P015091,C15,s4,CBK289737,/mnt/micro-images-pvc/specs935-v1/specs935-v1-FA-P015091-U2OS-48h-P8-L2/2021-12-22/870/specs935-v1-FA-P015091-U2OS-48h-P8-L2_C15_s4_w5CF4A73F7-EAD6-4FAD-8FDA-B872E6D2F3F7.npy,HDAC inhibitor
P015091,C15,s5,CBK289737,/mnt/micro-images-pvc/specs935-v1/specs935-v1-FA-P015091-U2OS-48h-P8-L2/2021-12-22/870/specs935-v1-FA-P015091-U2OS-48h-P8-L2_C15_s5_w5456434D4-54B1-4392-9170-B013ACF44A40.npy,HDAC inhibitor
P015091,C15,s6,CBK289737,/mnt/micro-images-pvc/specs935-v1/specs935-v1-FA-P015091-U2OS-48h-P8-L2/2021-12-22/870/specs935-v1-FA-P015091-U2OS-48h-P8-L2_C15_s6_w512968283-AF7F-4783-B4A5-DC6C88E66469.npy,HDAC inhibitor
P015091,C15,s7,CBK289737,/mnt/micro-images-pvc/specs935-v1/specs935-v1-FA-P015091-U2OS-48h-P8-L2/2021-12-22/870/specs935-v1-FA-P015091-U2OS-48h-P8-L2_C15_s7_w5327B4C74-8772-40E7-BA26-D60C80F0BEA1.npy,HDAC inhibitor
P015091,C15,s8,CBK289737,/mnt/micro-images-pvc/specs935-v1/specs935-v1-FA-P015091-U2OS-48h-P8-L2/2021-12-22/870/specs935-v1-FA-P015091-U2OS-48h-P8-L2_C15_s8_w5250F77C5-ADE8-47DB-8B19-799DA24DFE98.npy,HDAC inhibitor
P015091,C15,s9,CBK289737,/mnt/micro-images-pvc/specs935-v1/specs935-v1-FA-P015091-U2OS-48h-P8-L2/2021-12-22/870/specs935-v1-FA-P015091-U2OS-48h-P8-L2_C15_s9_w5170A84EF-4D4F-4A6A-85CC-69CB87E05301.npy,HDAC inhibitor
P015091,C21,s1,CBK290753,/mnt/micro-images-pvc/specs935-v1/specs935-v1-FA-P015091-U2OS-48h-P8-L2/2021-12-22/870/specs935-v1-FA-P015091-U2OS-48h-P8-L2_C21_s1_w5AAB0E975-BF27-4818-BE3E-E24B26A2E09B.npy,HSP inhibitor
P015091,C21,s2,CBK290753,/mnt/micro-images-pvc/specs935-v1/specs935-v1-FA-P015091-U2OS-48h-P8-L2/2021-12-22/870/specs935-v1-FA-P015091-U2OS-48h-P8-L2_C21_s2_w5E7A9B300-D190-406D-8543-B0578D8AA9AB.npy,HSP inhibitor
P015091,C21,s3,CBK290753,/mnt/micro-images-pvc/specs935-v1/specs935-v1-FA-P015091-U2OS-48h-P8-L2/2021-12-22/870/specs935-v1-FA-P015091-U2OS-48h-P8-L2_C21_s3_w511E3F535-2B82-4963-8F0D-53A4C3384431.npy,HSP inhibitor
P015091,C21,s4,CBK290753,/mnt/micro-images-pvc/specs935-v1/specs935-v1-FA-P015091-U2OS-48h-P8-L2/2021-12-22/870/specs935-v1-FA-P015091-U2OS-48h-P8-L2_C21_s4_w59E334105-2F7B-4A50-9753-80DB8EA99DFF.npy,HSP inhibitor
P015091,C21,s5,CBK290753,/mnt/micro-images-pvc/specs935-v1/specs935-v1-FA-P015091-U2OS-48h-P8-L2/2021-12-22/870/specs935-v1-FA-P015091-U2OS-48h-P8-L2_C21_s5_w5AE976E9B-7BAE-43F5-B2C1-CAB9306E4B4E.npy,HSP inhibitor
P015091,C21,s6,CBK290753,/mnt/micro-images-pvc/specs935-v1/specs935-v1-FA-P015091-U2OS-48h-P8-L2/2021-12-22/870/specs935-v1-FA-P015091-U2OS-48h-P8-L2_C21_s6_w5622CDFDE-8A7B-4FD5-9FE3-3EAE95B9BB5D.npy,HSP inhibitor
P015091,C21,s7,CBK290753,/mnt/micro-images-pvc/specs935-v1/specs935-v1-FA-P015091-U2OS-48h-P8-L2/2021-12-22/870/specs935-v1-FA-P015091-U2OS-48h-P8-L2_C21_s7_w597B5AF72-39A4-45C2-B177-4843CF871941.npy,HSP inhibitor
P015091,C21,s8,CBK290753,/mnt/micro-images-pvc/specs935-v1/specs935-v1-FA-P015091-U2OS-48h-P8-L2/2021-12-22/870/specs935-v1-FA-P015091-U2OS-48h-P8-L2_C21_s8_w52A0D8887-396F-4850-B806-93A9725E3C65.npy,HSP inhibitor
P015091,C21,s9,CBK290753,/mnt/micro-images-pvc/specs935-v1/specs935-v1-FA-P015091-U2OS-48h-P8-L2/2021-12-22/870/specs935-v1-FA-P015091-U2OS-48h-P8-L2_C21_s9_w56B3FED7C-40C2-455F-BED7-F14A91D571CB.npy,HSP inhibitor
P015091,D03,s1,CBK290547,/mnt/micro-images-pvc/specs935-v1/specs935-v1-FA-P015091-U2OS-48h-P8-L2/2021-12-22/870/specs935-v1-FA-P015091-U2OS-48h-P8-L2_D03_s1_w5F62D4848-9957-41D4-8853-FEF68996D852.npy,HDAC inhibitor
P015091,D03,s2,CBK290547,/mnt/micro-images-pvc/specs935-v1/specs935-v1-FA-P015091-U2OS-48h-P8-L2/2021-12-22/870/specs935-v1-FA-P015091-U2OS-48h-P8-L2_D03_s2_w54D54766C-E1A8-411F-80FF-6A6709FC0417.npy,HDAC inhibitor
P015091,D03,s3,CBK290547,/mnt/micro-images-pvc/specs935-v1/specs935-v1-FA-P015091-U2OS-48h-P8-L2/2021-12-22/870/specs935-v1-FA-P015091-U2OS-48h-P8-L2_D03_s3_w59FE1A87B-2D98-4D57-80B5-7CEA10FBE46C.npy,HDAC inhibitor
P015091,D03,s4,CBK290547,/mnt/micro-images-pvc/specs935-v1/specs935-v1-FA-P015091-U2OS-48h-P8-L2/2021-12-22/870/specs935-v1-FA-P015091-U2OS-48h-P8-L2_D03_s4_w5F73F0D9C-C8F6-4E3F-92D2-BC21E716C5CC.npy,HDAC inhibitor
P015091,D03,s5,CBK290547,/mnt/micro-images-pvc/specs935-v1/specs935-v1-FA-P015091-U2OS-48h-P8-L2/2021-12-22/870/specs935-v1-FA-P015091-U2OS-48h-P8-L2_D03_s5_w52E3120E3-ECFD-479A-A088-B028DAB956ED.npy,HDAC inhibitor
P015091,D03,s6,CBK290547,/mnt/micro-images-pvc/specs935-v1/specs935-v1-FA-P015091-U2OS-48h-P8-L2/2021-12-22/870/specs935-v1-FA-P015091-U2OS-48h-P8-L2_D03_s6_w5D95863DA-1B2D-4931-B468-A2F54A31B913.npy,HDAC inhibitor
P015091,D03,s7,CBK290547,/mnt/micro-images-pvc/specs935-v1/specs935-v1-FA-P015091-U2OS-48h-P8-L2/2021-12-22/870/specs935-v1-FA-P015091-U2OS-48h-P8-L2_D03_s7_w5094E1F92-C99A-4D93-8392-5917DE9CB441.npy,HDAC inhibitor
P015091,D03,s8,CBK290547,/mnt/micro-images-pvc/specs935-v1/specs935-v1-FA-P015091-U2OS-48h-P8-L2/2021-12-22/870/specs935-v1-FA-P015091-U2OS-48h-P8-L2_D03_s8_w5569F1D8C-708D-412B-B40E-7A8CC46E89B3.npy,HDAC inhibitor
P015091,D03,s9,CBK290547,/mnt/micro-images-pvc/specs935-v1/specs935-v1-FA-P015091-U2OS-48h-P8-L2/2021-12-22/870/specs935-v1-FA-P015091-U2OS-48h-P8-L2_D03_s9_w50DFF6DD8-D322-4ABF-95B2-25518ADFBFD1.npy,HDAC inhibitor
P015091,D04,s1,CBK308232,/mnt/micro-images-pvc/specs935-v1/specs935-v1-FA-P015091-U2OS-48h-P8-L2/2021-12-22/870/specs935-v1-FA-P015091-U2OS-48h-P8-L2_D04_s1_w50068190C-B33D-4023-B7E9-CA266F4DF574.npy,HSP inhibitor
P015091,D04,s2,CBK308232,/mnt/micro-images-pvc/specs935-v1/specs935-v1-FA-P015091-U2OS-48h-P8-L2/2021-12-22/870/specs935-v1-FA-P015091-U2OS-48h-P8-L2_D04_s2_w56A6A0FB5-E90E-45CA-8965-D0D94AB975D5.npy,HSP inhibitor
P015091,D04,s3,CBK308232,/mnt/micro-images-pvc/specs935-v1/specs935-v1-FA-P015091-U2OS-48h-P8-L2/2021-12-22/870/specs935-v1-FA-P015091-U2OS-48h-P8-L2_D04_s3_w564176440-4F5A-49CB-9D98-AED618585244.npy,HSP inhibitor
P015091,D04,s4,CBK308232,/mnt/micro-images-pvc/specs935-v1/specs935-v1-FA-P015091-U2OS-48h-P8-L2/2021-12-22/870/specs935-v1-FA-P015091-U2OS-48h-P8-L2_D04_s4_w552FB7783-36DA-444A-8E34-724C948492AC.npy,HSP inhibitor
P015091,D04,s5,CBK308232,/mnt/micro-images-pvc/specs935-v1/specs935-v1-FA-P015091-U2OS-48h-P8-L2/2021-12-22/870/specs935-v1-FA-P015091-U2OS-48h-P8-L2_D04_s5_w5362AC47D-F092-4599-972E-9C88B0F233B6.npy,HSP inhibitor
P015091,D04,s6,CBK308232,/mnt/micro-images-pvc/specs935-v1/specs935-v1-FA-P015091-U2OS-48h-P8-L2/2021-12-22/870/specs935-v1-FA-P015091-U2OS-48h-P8-L2_D04_s6_w502DFEC18-8BA7-4229-A288-9FE2ACBA8EA1.npy,HSP inhibitor
P015091,D04,s7,CBK308232,/mnt/micro-images-pvc/specs935-v1/specs935-v1-FA-P015091-U2OS-48h-P8-L2/2021-12-22/870/specs935-v1-FA-P015091-U2OS-48h-P8-L2_D04_s7_w57B338B25-7F4A-4925-A55E-9497379946E4.npy,HSP inhibitor
P015091,D04,s8,CBK308232,/mnt/micro-images-pvc/specs935-v1/specs935-v1-FA-P015091-U2OS-48h-P8-L2/2021-12-22/870/specs935-v1-FA-P015091-U2OS-48h-P8-L2_D04_s8_w5B1A2C0DC-4974-4753-87D3-DF67D78E31A7.npy,HSP inhibitor
P015091,D04,s9,CBK308232,/mnt/micro-images-pvc/specs935-v1/specs935-v1-FA-P015091-U2OS-48h-P8-L2/2021-12-22/870/specs935-v1-FA-P015091-U2OS-48h-P8-L2_D04_s9_w563456024-7921-4793-B927-2F3EBBF90140.npy,HSP inhibitor
P015091,D06,s1,CBK290479,/mnt/micro-images-pvc/specs935-v1/specs935-v1-FA-P015091-U2OS-48h-P8-L2/2021-12-22/870/specs935-v1-FA-P015091-U2OS-48h-P8-L2_D06_s1_w5975CFAD9-65CB-4120-8658-CEDAA86C115F.npy,HDAC inhibitor
P015091,D06,s2,CBK290479,/mnt/micro-images-pvc/specs935-v1/specs935-v1-FA-P015091-U2OS-48h-P8-L2/2021-12-22/870/specs935-v1-FA-P015091-U2OS-48h-P8-L2_D06_s2_w5364392C1-A246-4B83-B652-414F5AD14082.npy,HDAC inhibitor
P015091,D06,s3,CBK290479,/mnt/micro-images-pvc/specs935-v1/specs935-v1-FA-P015091-U2OS-48h-P8-L2/2021-12-22/870/specs935-v1-FA-P015091-U2OS-48h-P8-L2_D06_s3_w51E984F72-CD61-4D3F-BCF8-B2DE4DF1BFDF.npy,HDAC inhibitor
P015091,D06,s4,CBK290479,/mnt/micro-images-pvc/specs935-v1/specs935-v1-FA-P015091-U2OS-48h-P8-L2/2021-12-22/870/specs935-v1-FA-P015091-U2OS-48h-P8-L2_D06_s4_w57E9E8A0A-0B87-476C-B447-1ED1BFDB0743.npy,HDAC inhibitor
P015091,D06,s5,CBK290479,/mnt/micro-images-pvc/specs935-v1/specs935-v1-FA-P015091-U2OS-48h-P8-L2/2021-12-22/870/specs935-v1-FA-P015091-U2OS-48h-P8-L2_D06_s5_w576FB2E32-F379-48D2-A7F0-F3B588436D52.npy,HDAC inhibitor
P015091,D06,s6,CBK290479,/mnt/micro-images-pvc/specs935-v1/specs935-v1-FA-P015091-U2OS-48h-P8-L2/2021-12-22/870/specs935-v1-FA-P015091-U2OS-48h-P8-L2_D06_s6_w5C90FAFB8-3BBA-4B33-998C-7A0AD1CCC674.npy,HDAC inhibitor
P015091,D06,s7,CBK290479,/mnt/micro-images-pvc/specs935-v1/specs935-v1-FA-P015091-U2OS-48h-P8-L2/2021-12-22/870/specs935-v1-FA-P015091-U2OS-48h-P8-L2_D06_s7_w5E97A0FCB-1535-491B-AF90-2A260EA0EF0C.npy,HDAC inhibitor
P015091,D06,s8,CBK290479,/mnt/micro-images-pvc/specs935-v1/specs935-v1-FA-P015091-U2OS-48h-P8-L2/2021-12-22/870/specs935-v1-FA-P015091-U2OS-48h-P8-L2_D06_s8_w584DB2566-5356-4F3E-A670-B95F96CBB910.npy,HDAC inhibitor
P015091,D06,s9,CBK290479,/mnt/micro-images-pvc/specs935-v1/specs935-v1-FA-P015091-U2OS-48h-P8-L2/2021-12-22/870/specs935-v1-FA-P015091-U2OS-48h-P8-L2_D06_s9_w5E2071CC7-66F9-4718-91B8-DAC45B3E28EE.npy,HDAC inhibitor
P015091,D12,s1,CBK308430,/mnt/micro-images-pvc/specs935-v1/specs935-v1-FA-P015091-U2OS-48h-P8-L2/2021-12-22/870/specs935-v1-FA-P015091-U2OS-48h-P8-L2_D12_s1_w5ABD16EA6-0ABC-45AD-8B15-DE18531C6227.npy,HDAC inhibitor
P015091,D12,s2,CBK308430,/mnt/micro-images-pvc/specs935-v1/specs935-v1-FA-P015091-U2OS-48h-P8-L2/2021-12-22/870/specs935-v1-FA-P015091-U2OS-48h-P8-L2_D12_s2_w58EFE1348-1697-4AE4-BE68-68606DA5B9C5.npy,HDAC inhibitor
P015091,D12,s3,CBK308430,/mnt/micro-images-pvc/specs935-v1/specs935-v1-FA-P015091-U2OS-48h-P8-L2/2021-12-22/870/specs935-v1-FA-P015091-U2OS-48h-P8-L2_D12_s3_w5B1C7842C-6C4C-4FB5-B86F-4EC1BB396434.npy,HDAC inhibitor
P015091,D12,s4,CBK308430,/mnt/micro-images-pvc/specs935-v1/specs935-v1-FA-P015091-U2OS-48h-P8-L2/2021-12-22/870/specs935-v1-FA-P015091-U2OS-48h-P8-L2_D12_s4_w567D89955-6A97-44DB-86B3-F459AB7FFDEC.npy,HDAC inhibitor
P015091,D12,s5,CBK308430,/mnt/micro-images-pvc/specs935-v1/specs935-v1-FA-P015091-U2OS-48h-P8-L2/2021-12-22/870/specs935-v1-FA-P015091-U2OS-48h-P8-L2_D12_s5_w5F49DF721-D25B-49BD-AA10-9CCACD8B4144.npy,HDAC inhibitor
P015091,D12,s6,CBK308430,/mnt/micro-images-pvc/specs935-v1/specs935-v1-FA-P015091-U2OS-48h-P8-L2/2021-12-22/870/specs935-v1-FA-P015091-U2OS-48h-P8-L2_D12_s6_w589B7E3BF-BA0C-4DDB-87F1-91650675F348.npy,HDAC inhibitor
P015091,D12,s7,CBK308430,/mnt/micro-images-pvc/specs935-v1/specs935-v1-FA-P015091-U2OS-48h-P8-L2/2021-12-22/870/specs935-v1-FA-P015091-U2OS-48h-P8-L2_D12_s7_w59EBD2C40-3E5F-4CAB-8E7B-EA93164F3789.npy,HDAC inhibitor
P015091,D12,s8,CBK308430,/mnt/micro-images-pvc/specs935-v1/specs935-v1-FA-P015091-U2OS-48h-P8-L2/2021-12-22/870/specs935-v1-FA-P015091-U2OS-48h-P8-L2_D12_s8_w5D3341572-E170-4FE3-9486-7CBBAFBFDF92.npy,HDAC inhibitor
P015091,D12,s9,CBK308430,/mnt/micro-images-pvc/specs935-v1/specs935-v1-FA-P015091-U2OS-48h-P8-L2/2021-12-22/870/specs935-v1-FA-P015091-U2OS-48h-P8-L2_D12_s9_w5E463C70E-F0B6-4030-AC44-9B208F6D4959.npy,HDAC inhibitor
P015091,D15,s1,CBK278556G,/mnt/micro-images-pvc/specs935-v1/specs935-v1-FA-P015091-U2OS-48h-P8-L2/2021-12-22/870/specs935-v1-FA-P015091-U2OS-48h-P8-L2_D15_s1_w539FB7735-0F18-4E77-9C6F-F9C06920BF8D.npy,HSP inhibitor
P015091,D15,s2,CBK278556G,/mnt/micro-images-pvc/specs935-v1/specs935-v1-FA-P015091-U2OS-48h-P8-L2/2021-12-22/870/specs935-v1-FA-P015091-U2OS-48h-P8-L2_D15_s2_w519241D11-31CD-4012-9E4D-5EF3ED7672B3.npy,HSP inhibitor
P015091,D15,s3,CBK278556G,/mnt/micro-images-pvc/specs935-v1/specs935-v1-FA-P015091-U2OS-48h-P8-L2/2021-12-22/870/specs935-v1-FA-P015091-U2OS-48h-P8-L2_D15_s3_w5CC8C3E73-D8FF-475E-9D6F-2DBC57F632E3.npy,HSP inhibitor
P015091,D15,s4,CBK278556G,/mnt/micro-images-pvc/specs935-v1/specs935-v1-FA-P015091-U2OS-48h-P8-L2/2021-12-22/870/specs935-v1-FA-P015091-U2OS-48h-P8-L2_D15_s4_w58B1D18AB-AA63-4915-A641-B24DE1691157.npy,HSP inhibitor
P015091,D15,s5,CBK278556G,/mnt/micro-images-pvc/specs935-v1/specs935-v1-FA-P015091-U2OS-48h-P8-L2/2021-12-22/870/specs935-v1-FA-P015091-U2OS-48h-P8-L2_D15_s5_w520979CBD-4DBE-4910-8D45-828B1E8D4C98.npy,HSP inhibitor
P015091,D15,s6,CBK278556G,/mnt/micro-images-pvc/specs935-v1/specs935-v1-FA-P015091-U2OS-48h-P8-L2/2021-12-22/870/specs935-v1-FA-P015091-U2OS-48h-P8-L2_D15_s6_w574154B63-2C75-45E2-8974-20B6AA78587F.npy,HSP inhibitor
P015091,D15,s7,CBK278556G,/mnt/micro-images-pvc/specs935-v1/specs935-v1-FA-P015091-U2OS-48h-P8-L2/2021-12-22/870/specs935-v1-FA-P015091-U2OS-48h-P8-L2_D15_s7_w52536E549-23A2-4C94-B001-C4E8D1E2B8AB.npy,HSP inhibitor
P015091,D15,s8,CBK278556G,/mnt/micro-images-pvc/specs935-v1/specs935-v1-FA-P015091-U2OS-48h-P8-L2/2021-12-22/870/specs935-v1-FA-P015091-U2OS-48h-P8-L2_D15_s8_w58CACE028-2A6D-48C7-AA23-9B60FAB47441.npy,HSP inhibitor
P015091,D15,s9,CBK278556G,/mnt/micro-images-pvc/specs935-v1/specs935-v1-FA-P015091-U2OS-48h-P8-L2/2021-12-22/870/specs935-v1-FA-P015091-U2OS-48h-P8-L2_D15_s9_w5DBCFD713-420E-42ED-BD0B-721E76BF7461.npy,HSP inhibitor
P015091,D16,s1,CBK290285,/mnt/micro-images-pvc/specs935-v1/specs935-v1-FA-P015091-U2OS-48h-P8-L2/2021-12-22/870/specs935-v1-FA-P015091-U2OS-48h-P8-L2_D16_s1_w570D52265-D3F1-4A18-B7C8-8E1224137E12.npy,HSP inhibitor
P015091,D16,s2,CBK290285,/mnt/micro-images-pvc/specs935-v1/specs935-v1-FA-P015091-U2OS-48h-P8-L2/2021-12-22/870/specs935-v1-FA-P015091-U2OS-48h-P8-L2_D16_s2_w5162A32DE-C1C6-4113-A575-01BD40C9D841.npy,HSP inhibitor
P015091,D16,s3,CBK290285,/mnt/micro-images-pvc/specs935-v1/specs935-v1-FA-P015091-U2OS-48h-P8-L2/2021-12-22/870/specs935-v1-FA-P015091-U2OS-48h-P8-L2_D16_s3_w55DCBDFFF-53C9-4E64-8A5D-CB09D064AF67.npy,HSP inhibitor
P015091,D16,s4,CBK290285,/mnt/micro-images-pvc/specs935-v1/specs935-v1-FA-P015091-U2OS-48h-P8-L2/2021-12-22/870/specs935-v1-FA-P015091-U2OS-48h-P8-L2_D16_s4_w594738092-ADD5-440E-A408-410E092520AB.npy,HSP inhibitor
P015091,D16,s5,CBK290285,/mnt/micro-images-pvc/specs935-v1/specs935-v1-FA-P015091-U2OS-48h-P8-L2/2021-12-22/870/specs935-v1-FA-P015091-U2OS-48h-P8-L2_D16_s5_w5C72B7215-A59A-412B-9B39-650962D1CADD.npy,HSP inhibitor
P015091,D16,s6,CBK290285,/mnt/micro-images-pvc/specs935-v1/specs935-v1-FA-P015091-U2OS-48h-P8-L2/2021-12-22/870/specs935-v1-FA-P015091-U2OS-48h-P8-L2_D16_s6_w5F1FF502E-FBCD-4637-BAB6-934CBE3E699F.npy,HSP inhibitor
P015091,D16,s7,CBK290285,/mnt/micro-images-pvc/specs935-v1/specs935-v1-FA-P015091-U2OS-48h-P8-L2/2021-12-22/870/specs935-v1-FA-P015091-U2OS-48h-P8-L2_D16_s7_w5C8F82DD7-74B0-4740-8885-E143C7F1F50D.npy,HSP inhibitor
P015091,D16,s8,CBK290285,/mnt/micro-images-pvc/specs935-v1/specs935-v1-FA-P015091-U2OS-48h-P8-L2/2021-12-22/870/specs935-v1-FA-P015091-U2OS-48h-P8-L2_D16_s8_w57908882C-DC44-44E3-B98A-571AAFB5CC5B.npy,HSP inhibitor
P015091,D16,s9,CBK290285,/mnt/micro-images-pvc/specs935-v1/specs935-v1-FA-P015091-U2OS-48h-P8-L2/2021-12-22/870/specs935-v1-FA-P015091-U2OS-48h-P8-L2_D16_s9_w5C09F1D2E-716D-4B9F-9D01-97C4529E9F0C.npy,HSP inhibitor
P015091,D18,s1,CBK290837,/mnt/micro-images-pvc/specs935-v1/specs935-v1-FA-P015091-U2OS-48h-P8-L2/2021-12-22/870/specs935-v1-FA-P015091-U2OS-48h-P8-L2_D18_s1_w5441DE1CC-37EB-4453-8D6C-7AF9BAAACF49.npy,HDAC inhibitor
P015091,D18,s2,CBK290837,/mnt/micro-images-pvc/specs935-v1/specs935-v1-FA-P015091-U2OS-48h-P8-L2/2021-12-22/870/specs935-v1-FA-P015091-U2OS-48h-P8-L2_D18_s2_w56E4F5F37-2711-4305-A04A-902E9B875B86.npy,HDAC inhibitor
P015091,D18,s3,CBK290837,/mnt/micro-images-pvc/specs935-v1/specs935-v1-FA-P015091-U2OS-48h-P8-L2/2021-12-22/870/specs935-v1-FA-P015091-U2OS-48h-P8-L2_D18_s3_w5DC99A461-6B8A-4873-BC38-20E0A3A8F509.npy,HDAC inhibitor
P015091,D18,s4,CBK290837,/mnt/micro-images-pvc/specs935-v1/specs935-v1-FA-P015091-U2OS-48h-P8-L2/2021-12-22/870/specs935-v1-FA-P015091-U2OS-48h-P8-L2_D18_s4_w56FCF6FFE-2312-4B29-B729-99605BDDCC48.npy,HDAC inhibitor
P015091,D18,s5,CBK290837,/mnt/micro-images-pvc/specs935-v1/specs935-v1-FA-P015091-U2OS-48h-P8-L2/2021-12-22/870/specs935-v1-FA-P015091-U2OS-48h-P8-L2_D18_s5_w54B62CB34-1660-453E-AD17-BA9E12C609DF.npy,HDAC inhibitor
P015091,D18,s6,CBK290837,/mnt/micro-images-pvc/specs935-v1/specs935-v1-FA-P015091-U2OS-48h-P8-L2/2021-12-22/870/specs935-v1-FA-P015091-U2OS-48h-P8-L2_D18_s6_w585C85718-337F-4DA7-AC88-5DE98CEC9C00.npy,HDAC inhibitor
P015091,D18,s7,CBK290837,/mnt/micro-images-pvc/specs935-v1/specs935-v1-FA-P015091-U2OS-48h-P8-L2/2021-12-22/870/specs935-v1-FA-P015091-U2OS-48h-P8-L2_D18_s7_w5A8AE4B23-5C6A-4AD2-8B50-AAF0589E7A1B.npy,HDAC inhibitor
P015091,D18,s8,CBK290837,/mnt/micro-images-pvc/specs935-v1/specs935-v1-FA-P015091-U2OS-48h-P8-L2/2021-12-22/870/specs935-v1-FA-P015091-U2OS-48h-P8-L2_D18_s8_w5D429B055-5955-4E08-B617-D7151D4014DD.npy,HDAC inhibitor
P015091,D18,s9,CBK290837,/mnt/micro-images-pvc/specs935-v1/specs935-v1-FA-P015091-U2OS-48h-P8-L2/2021-12-22/870/specs935-v1-FA-P015091-U2OS-48h-P8-L2_D18_s9_w538E5B6CD-B9AE-4D4D-B983-0C1EC7CA3187.npy,HDAC inhibitor
P015091,D19,s1,CBK291055,/mnt/micro-images-pvc/specs935-v1/specs935-v1-FA-P015091-U2OS-48h-P8-L2/2021-12-22/870/specs935-v1-FA-P015091-U2OS-48h-P8-L2_D19_s1_w570ABB120-9953-4152-95CB-83610F4E5B9F.npy,HDAC inhibitor
P015091,D19,s2,CBK291055,/mnt/micro-images-pvc/specs935-v1/specs935-v1-FA-P015091-U2OS-48h-P8-L2/2021-12-22/870/specs935-v1-FA-P015091-U2OS-48h-P8-L2_D19_s2_w5DFE86316-218F-4F47-A061-9213F6B0DAED.npy,HDAC inhibitor
P015091,D19,s3,CBK291055,/mnt/micro-images-pvc/specs935-v1/specs935-v1-FA-P015091-U2OS-48h-P8-L2/2021-12-22/870/specs935-v1-FA-P015091-U2OS-48h-P8-L2_D19_s3_w5B720541C-CC02-44C1-96CA-5B71616CEF95.npy,HDAC inhibitor
P015091,D19,s4,CBK291055,/mnt/micro-images-pvc/specs935-v1/specs935-v1-FA-P015091-U2OS-48h-P8-L2/2021-12-22/870/specs935-v1-FA-P015091-U2OS-48h-P8-L2_D19_s4_w5E225F067-473E-4AF2-A12D-BB0BBF6198AC.npy,HDAC inhibitor
P015091,D19,s5,CBK291055,/mnt/micro-images-pvc/specs935-v1/specs935-v1-FA-P015091-U2OS-48h-P8-L2/2021-12-22/870/specs935-v1-FA-P015091-U2OS-48h-P8-L2_D19_s5_w5525E1C42-7DBD-461D-B48A-F1EFE7CD5ACE.npy,HDAC inhibitor
P015091,D19,s6,CBK291055,/mnt/micro-images-pvc/specs935-v1/specs935-v1-FA-P015091-U2OS-48h-P8-L2/2021-12-22/870/specs935-v1-FA-P015091-U2OS-48h-P8-L2_D19_s6_w566AE3F10-C2C6-475C-A3C7-AA89E47A3CB4.npy,HDAC inhibitor
P015091,D19,s7,CBK291055,/mnt/micro-images-pvc/specs935-v1/specs935-v1-FA-P015091-U2OS-48h-P8-L2/2021-12-22/870/specs935-v1-FA-P015091-U2OS-48h-P8-L2_D19_s7_w5F2850BBD-04F2-4788-A489-9C08778A6CE0.npy,HDAC inhibitor
P015091,D19,s8,CBK291055,/mnt/micro-images-pvc/specs935-v1/specs935-v1-FA-P015091-U2OS-48h-P8-L2/2021-12-22/870/specs935-v1-FA-P015091-U2OS-48h-P8-L2_D19_s8_w5BE7A70DE-4DA1-4827-8880-E6A4C0A573E2.npy,HDAC inhibitor
P015091,D19,s9,CBK291055,/mnt/micro-images-pvc/specs935-v1/specs935-v1-FA-P015091-U2OS-48h-P8-L2/2021-12-22/870/specs935-v1-FA-P015091-U2OS-48h-P8-L2_D19_s9_w553A997D6-7EE8-4F0B-8442-368ECAE96D2B.npy,HDAC inhibitor
P015091,D22,s1,CBK308266,/mnt/micro-images-pvc/specs935-v1/specs935-v1-FA-P015091-U2OS-48h-P8-L2/2021-12-22/870/specs935-v1-FA-P015091-U2OS-48h-P8-L2_D22_s1_w59E64C8CB-7CB3-41E8-B815-85D23EF43207.npy,HDAC inhibitor
P015091,D22,s2,CBK308266,/mnt/micro-images-pvc/specs935-v1/specs935-v1-FA-P015091-U2OS-48h-P8-L2/2021-12-22/870/specs935-v1-FA-P015091-U2OS-48h-P8-L2_D22_s2_w53B6D27FB-0586-4C9F-BA1D-B07A3DC4D0B1.npy,HDAC inhibitor
P015091,D22,s3,CBK308266,/mnt/micro-images-pvc/specs935-v1/specs935-v1-FA-P015091-U2OS-48h-P8-L2/2021-12-22/870/specs935-v1-FA-P015091-U2OS-48h-P8-L2_D22_s3_w563086585-3DAE-49B8-852B-BD586422C5EA.npy,HDAC inhibitor
P015091,D22,s4,CBK308266,/mnt/micro-images-pvc/specs935-v1/specs935-v1-FA-P015091-U2OS-48h-P8-L2/2021-12-22/870/specs935-v1-FA-P015091-U2OS-48h-P8-L2_D22_s4_w5D9C75C76-5F78-451C-A74E-84A687430CCB.npy,HDAC inhibitor
P015091,D22,s5,CBK308266,/mnt/micro-images-pvc/specs935-v1/specs935-v1-FA-P015091-U2OS-48h-P8-L2/2021-12-22/870/specs935-v1-FA-P015091-U2OS-48h-P8-L2_D22_s5_w5F6B30359-B76E-497C-B958-A59357C7EB83.npy,HDAC inhibitor
P015091,D22,s6,CBK308266,/mnt/micro-images-pvc/specs935-v1/specs935-v1-FA-P015091-U2OS-48h-P8-L2/2021-12-22/870/specs935-v1-FA-P015091-U2OS-48h-P8-L2_D22_s6_w5137536E1-A825-4A19-B664-E0152003F4B3.npy,HDAC inhibitor
P015091,D22,s7,CBK308266,/mnt/micro-images-pvc/specs935-v1/specs935-v1-FA-P015091-U2OS-48h-P8-L2/2021-12-22/870/specs935-v1-FA-P015091-U2OS-48h-P8-L2_D22_s7_w58880E058-F6F9-4026-8624-70F0451C02DF.npy,HDAC inhibitor
P015091,D22,s8,CBK308266,/mnt/micro-images-pvc/specs935-v1/specs935-v1-FA-P015091-U2OS-48h-P8-L2/2021-12-22/870/specs935-v1-FA-P015091-U2OS-48h-P8-L2_D22_s8_w5F418BB3C-3594-4FAD-8707-D7AD58663102.npy,HDAC inhibitor
P015091,D22,s9,CBK308266,/mnt/micro-images-pvc/specs935-v1/specs935-v1-FA-P015091-U2OS-48h-P8-L2/2021-12-22/870/specs935-v1-FA-P015091-U2OS-48h-P8-L2_D22_s9_w5BA9C73A9-3E9C-435F-B9A8-FFBFA24DFBB5.npy,HDAC inhibitor
P015091,E04,s1,CBK290479,/mnt/micro-images-pvc/specs935-v1/specs935-v1-FA-P015091-U2OS-48h-P8-L2/2021-12-22/870/specs935-v1-FA-P015091-U2OS-48h-P8-L2_E04_s1_w57FC16E56-8F2F-4D0B-A87F-9BE5F8339471.npy,HDAC inhibitor
P015091,E04,s2,CBK290479,/mnt/micro-images-pvc/specs935-v1/specs935-v1-FA-P015091-U2OS-48h-P8-L2/2021-12-22/870/specs935-v1-FA-P015091-U2OS-48h-P8-L2_E04_s2_w53C3E5E5B-A965-4152-BEC7-7C60D5381BD8.npy,HDAC inhibitor
P015091,E04,s3,CBK290479,/mnt/micro-images-pvc/specs935-v1/specs935-v1-FA-P015091-U2OS-48h-P8-L2/2021-12-22/870/specs935-v1-FA-P015091-U2OS-48h-P8-L2_E04_s3_w5EBC04AA5-9BAE-4B60-823C-D83E15A5FC9D.npy,HDAC inhibitor
P015091,E04,s4,CBK290479,/mnt/micro-images-pvc/specs935-v1/specs935-v1-FA-P015091-U2OS-48h-P8-L2/2021-12-22/870/specs935-v1-FA-P015091-U2OS-48h-P8-L2_E04_s4_w5D4B3ECA1-02BA-42EA-95AD-7085B95B5AAE.npy,HDAC inhibitor
P015091,E04,s5,CBK290479,/mnt/micro-images-pvc/specs935-v1/specs935-v1-FA-P015091-U2OS-48h-P8-L2/2021-12-22/870/specs935-v1-FA-P015091-U2OS-48h-P8-L2_E04_s5_w59A1DB17B-538E-406F-99F5-0B3ABD7572FA.npy,HDAC inhibitor
P015091,E04,s6,CBK290479,/mnt/micro-images-pvc/specs935-v1/specs935-v1-FA-P015091-U2OS-48h-P8-L2/2021-12-22/870/specs935-v1-FA-P015091-U2OS-48h-P8-L2_E04_s6_w5C3C5FADC-6C63-4EDB-A23E-95F4E7D80E2A.npy,HDAC inhibitor
P015091,E04,s7,CBK290479,/mnt/micro-images-pvc/specs935-v1/specs935-v1-FA-P015091-U2OS-48h-P8-L2/2021-12-22/870/specs935-v1-FA-P015091-U2OS-48h-P8-L2_E04_s7_w509A67494-ADA7-4053-9539-2B11642C9DF7.npy,HDAC inhibitor
P015091,E04,s8,CBK290479,/mnt/micro-images-pvc/specs935-v1/specs935-v1-FA-P015091-U2OS-48h-P8-L2/2021-12-22/870/specs935-v1-FA-P015091-U2OS-48h-P8-L2_E04_s8_w5F99F015A-5C19-403B-9D9B-76A4C3246F9D.npy,HDAC inhibitor
P015091,E04,s9,CBK290479,/mnt/micro-images-pvc/specs935-v1/specs935-v1-FA-P015091-U2OS-48h-P8-L2/2021-12-22/870/specs935-v1-FA-P015091-U2OS-48h-P8-L2_E04_s9_w5EA4E21A6-049D-4C84-842E-358F4EEF62C0.npy,HDAC inhibitor
P015091,E08,s1,CBK309522,/mnt/micro-images-pvc/specs935-v1/specs935-v1-FA-P015091-U2OS-48h-P8-L2/2021-12-22/870/specs935-v1-FA-P015091-U2OS-48h-P8-L2_E08_s1_w53B841839-C91D-4671-AC22-418ACEDEA2C5.npy,HSP inhibitor
P015091,E08,s2,CBK309522,/mnt/micro-images-pvc/specs935-v1/specs935-v1-FA-P015091-U2OS-48h-P8-L2/2021-12-22/870/specs935-v1-FA-P015091-U2OS-48h-P8-L2_E08_s2_w58E45D430-EFCD-4AAC-AA5F-C6AD5585A635.npy,HSP inhibitor
P015091,E08,s3,CBK309522,/mnt/micro-images-pvc/specs935-v1/specs935-v1-FA-P015091-U2OS-48h-P8-L2/2021-12-22/870/specs935-v1-FA-P015091-U2OS-48h-P8-L2_E08_s3_w5FFB3309B-BC48-4FED-94FF-68E0BEF9248A.npy,HSP inhibitor
P015091,E08,s4,CBK309522,/mnt/micro-images-pvc/specs935-v1/specs935-v1-FA-P015091-U2OS-48h-P8-L2/2021-12-22/870/specs935-v1-FA-P015091-U2OS-48h-P8-L2_E08_s4_w50165DD6F-95F1-462E-9A03-9E1EA2C7104D.npy,HSP inhibitor
P015091,E08,s5,CBK309522,/mnt/micro-images-pvc/specs935-v1/specs935-v1-FA-P015091-U2OS-48h-P8-L2/2021-12-22/870/specs935-v1-FA-P015091-U2OS-48h-P8-L2_E08_s5_w5ED130816-E840-4697-A3CB-2FF9F37C8C73.npy,HSP inhibitor
P015091,E08,s6,CBK309522,/mnt/micro-images-pvc/specs935-v1/specs935-v1-FA-P015091-U2OS-48h-P8-L2/2021-12-22/870/specs935-v1-FA-P015091-U2OS-48h-P8-L2_E08_s6_w500EA1291-D824-4665-B9DF-7C78EE9DA4A0.npy,HSP inhibitor
P015091,E08,s7,CBK309522,/mnt/micro-images-pvc/specs935-v1/specs935-v1-FA-P015091-U2OS-48h-P8-L2/2021-12-22/870/specs935-v1-FA-P015091-U2OS-48h-P8-L2_E08_s7_w50066FADB-6232-4CBE-82D1-73D44E14B1BB.npy,HSP inhibitor
P015091,E08,s8,CBK309522,/mnt/micro-images-pvc/specs935-v1/specs935-v1-FA-P015091-U2OS-48h-P8-L2/2021-12-22/870/specs935-v1-FA-P015091-U2OS-48h-P8-L2_E08_s8_w520573A76-D2F0-4F39-B8C9-AB3FDB0E23E8.npy,HSP inhibitor
P015091,E08,s9,CBK309522,/mnt/micro-images-pvc/specs935-v1/specs935-v1-FA-P015091-U2OS-48h-P8-L2/2021-12-22/870/specs935-v1-FA-P015091-U2OS-48h-P8-L2_E08_s9_w5954B0565-8FE0-4B61-B56C-489EB1EE10D7.npy,HSP inhibitor
P015091,E09,s1,CBK307768,/mnt/micro-images-pvc/specs935-v1/specs935-v1-FA-P015091-U2OS-48h-P8-L2/2021-12-22/870/specs935-v1-FA-P015091-U2OS-48h-P8-L2_E09_s1_w5E37F653A-312E-4858-BAF3-23C96529C269.npy,HSP inhibitor
P015091,E09,s2,CBK307768,/mnt/micro-images-pvc/specs935-v1/specs935-v1-FA-P015091-U2OS-48h-P8-L2/2021-12-22/870/specs935-v1-FA-P015091-U2OS-48h-P8-L2_E09_s2_w5612D3928-FBEE-4F75-90F3-C62D004D1C80.npy,HSP inhibitor
P015091,E09,s3,CBK307768,/mnt/micro-images-pvc/specs935-v1/specs935-v1-FA-P015091-U2OS-48h-P8-L2/2021-12-22/870/specs935-v1-FA-P015091-U2OS-48h-P8-L2_E09_s3_w5DB33CEFC-3F2D-481E-AA5D-CC85369C404A.npy,HSP inhibitor
P015091,E09,s4,CBK307768,/mnt/micro-images-pvc/specs935-v1/specs935-v1-FA-P015091-U2OS-48h-P8-L2/2021-12-22/870/specs935-v1-FA-P015091-U2OS-48h-P8-L2_E09_s4_w56E0376B6-9FAF-445C-9DEE-C79052C260BD.npy,HSP inhibitor
P015091,E09,s5,CBK307768,/mnt/micro-images-pvc/specs935-v1/specs935-v1-FA-P015091-U2OS-48h-P8-L2/2021-12-22/870/specs935-v1-FA-P015091-U2OS-48h-P8-L2_E09_s5_w591591A4E-50F0-4F88-83A0-443459EA9D59.npy,HSP inhibitor
P015091,E09,s6,CBK307768,/mnt/micro-images-pvc/specs935-v1/specs935-v1-FA-P015091-U2OS-48h-P8-L2/2021-12-22/870/specs935-v1-FA-P015091-U2OS-48h-P8-L2_E09_s6_w5EAB939B8-D8CD-490A-80AD-A0761BD3F999.npy,HSP inhibitor
P015091,E09,s7,CBK307768,/mnt/micro-images-pvc/specs935-v1/specs935-v1-FA-P015091-U2OS-48h-P8-L2/2021-12-22/870/specs935-v1-FA-P015091-U2OS-48h-P8-L2_E09_s7_w5262DD90B-F319-4887-8A1A-87965D74126B.npy,HSP inhibitor
P015091,E09,s8,CBK307768,/mnt/micro-images-pvc/specs935-v1/specs935-v1-FA-P015091-U2OS-48h-P8-L2/2021-12-22/870/specs935-v1-FA-P015091-U2OS-48h-P8-L2_E09_s8_w53CAF529A-8DD7-4EAB-84B0-79A9784F2FB8.npy,HSP inhibitor
P015091,E09,s9,CBK307768,/mnt/micro-images-pvc/specs935-v1/specs935-v1-FA-P015091-U2OS-48h-P8-L2/2021-12-22/870/specs935-v1-FA-P015091-U2OS-48h-P8-L2_E09_s9_w5A25A0317-A9A1-4037-9B3A-1055C5453428.npy,HSP inhibitor
P015091,E11,s1,CBK278047,/mnt/micro-images-pvc/specs935-v1/specs935-v1-FA-P015091-U2OS-48h-P8-L2/2021-12-22/870/specs935-v1-FA-P015091-U2OS-48h-P8-L2_E11_s1_w5C5D557AF-A9AE-45A7-A631-18C44B4F38A8.npy,HSP inhibitor
P015091,E11,s2,CBK278047,/mnt/micro-images-pvc/specs935-v1/specs935-v1-FA-P015091-U2OS-48h-P8-L2/2021-12-22/870/specs935-v1-FA-P015091-U2OS-48h-P8-L2_E11_s2_w53222F8D8-C43E-474B-A5EE-8FCFC3EDECBC.npy,HSP inhibitor
P015091,E11,s3,CBK278047,/mnt/micro-images-pvc/specs935-v1/specs935-v1-FA-P015091-U2OS-48h-P8-L2/2021-12-22/870/specs935-v1-FA-P015091-U2OS-48h-P8-L2_E11_s3_w5F60FAABE-E2A7-4014-89E5-FEA027FD2487.npy,HSP inhibitor
P015091,E11,s4,CBK278047,/mnt/micro-images-pvc/specs935-v1/specs935-v1-FA-P015091-U2OS-48h-P8-L2/2021-12-22/870/specs935-v1-FA-P015091-U2OS-48h-P8-L2_E11_s4_w534EEACE7-1117-4AC5-BCFA-A39E2AC359EE.npy,HSP inhibitor
P015091,E11,s5,CBK278047,/mnt/micro-images-pvc/specs935-v1/specs935-v1-FA-P015091-U2OS-48h-P8-L2/2021-12-22/870/specs935-v1-FA-P015091-U2OS-48h-P8-L2_E11_s5_w593F52B71-0050-4B29-AD15-D6ECF9B59448.npy,HSP inhibitor
P015091,E11,s6,CBK278047,/mnt/micro-images-pvc/specs935-v1/specs935-v1-FA-P015091-U2OS-48h-P8-L2/2021-12-22/870/specs935-v1-FA-P015091-U2OS-48h-P8-L2_E11_s6_w5C53D747E-6307-46FE-AD5F-CC5FBFE80EA9.npy,HSP inhibitor
P015091,E11,s7,CBK278047,/mnt/micro-images-pvc/specs935-v1/specs935-v1-FA-P015091-U2OS-48h-P8-L2/2021-12-22/870/specs935-v1-FA-P015091-U2OS-48h-P8-L2_E11_s7_w5A989C7F3-6F02-4170-BD47-C18645D198F4.npy,HSP inhibitor
P015091,E11,s8,CBK278047,/mnt/micro-images-pvc/specs935-v1/specs935-v1-FA-P015091-U2OS-48h-P8-L2/2021-12-22/870/specs935-v1-FA-P015091-U2OS-48h-P8-L2_E11_s8_w552820850-0E27-4852-B18E-7D04A7DF9EB3.npy,HSP inhibitor
P015091,E11,s9,CBK278047,/mnt/micro-images-pvc/specs935-v1/specs935-v1-FA-P015091-U2OS-48h-P8-L2/2021-12-22/870/specs935-v1-FA-P015091-U2OS-48h-P8-L2_E11_s9_w51841769B-3997-4330-8409-B9137A75B431.npy,HSP inhibitor
P015091,E13,s1,CBK309488,/mnt/micro-images-pvc/specs935-v1/specs935-v1-FA-P015091-U2OS-48h-P8-L2/2021-12-22/870/specs935-v1-FA-P015091-U2OS-48h-P8-L2_E13_s1_w5BBB35E05-2682-4960-976B-6F6BD57B09B0.npy,HSP inhibitor
P015091,E13,s2,CBK309488,/mnt/micro-images-pvc/specs935-v1/specs935-v1-FA-P015091-U2OS-48h-P8-L2/2021-12-22/870/specs935-v1-FA-P015091-U2OS-48h-P8-L2_E13_s2_w5CC5476AC-4A94-4864-8D26-BF4352AC9DB9.npy,HSP inhibitor
P015091,E13,s3,CBK309488,/mnt/micro-images-pvc/specs935-v1/specs935-v1-FA-P015091-U2OS-48h-P8-L2/2021-12-22/870/specs935-v1-FA-P015091-U2OS-48h-P8-L2_E13_s3_w5F3FCBC89-CC44-4526-9390-95C93EFADA90.npy,HSP inhibitor
P015091,E13,s4,CBK309488,/mnt/micro-images-pvc/specs935-v1/specs935-v1-FA-P015091-U2OS-48h-P8-L2/2021-12-22/870/specs935-v1-FA-P015091-U2OS-48h-P8-L2_E13_s4_w5144A8B64-45D4-4B5C-A617-65D928481169.npy,HSP inhibitor
P015091,E13,s5,CBK309488,/mnt/micro-images-pvc/specs935-v1/specs935-v1-FA-P015091-U2OS-48h-P8-L2/2021-12-22/870/specs935-v1-FA-P015091-U2OS-48h-P8-L2_E13_s5_w532B73C95-A193-4BB7-8F57-AC15E364F66B.npy,HSP inhibitor
P015091,E13,s6,CBK309488,/mnt/micro-images-pvc/specs935-v1/specs935-v1-FA-P015091-U2OS-48h-P8-L2/2021-12-22/870/specs935-v1-FA-P015091-U2OS-48h-P8-L2_E13_s6_w5DD80932A-BFAD-43FE-846F-052D85A98F74.npy,HSP inhibitor
P015091,E13,s7,CBK309488,/mnt/micro-images-pvc/specs935-v1/specs935-v1-FA-P015091-U2OS-48h-P8-L2/2021-12-22/870/specs935-v1-FA-P015091-U2OS-48h-P8-L2_E13_s7_w5E8596BCE-B335-4066-AA6C-2CC9633E0E06.npy,HSP inhibitor
P015091,E13,s8,CBK309488,/mnt/micro-images-pvc/specs935-v1/specs935-v1-FA-P015091-U2OS-48h-P8-L2/2021-12-22/870/specs935-v1-FA-P015091-U2OS-48h-P8-L2_E13_s8_w56C383AB4-C143-4425-84AE-7382A6B8990A.npy,HSP inhibitor
P015091,E13,s9,CBK309488,/mnt/micro-images-pvc/specs935-v1/specs935-v1-FA-P015091-U2OS-48h-P8-L2/2021-12-22/870/specs935-v1-FA-P015091-U2OS-48h-P8-L2_E13_s9_w5B14FA829-7ED9-482E-8B50-414369D5B74A.npy,HSP inhibitor
P015091,E15,s1,CBK290945,/mnt/micro-images-pvc/specs935-v1/specs935-v1-FA-P015091-U2OS-48h-P8-L2/2021-12-22/870/specs935-v1-FA-P015091-U2OS-48h-P8-L2_E15_s1_w53ECCA527-3707-4896-A962-A951F473091E.npy,HDAC inhibitor
P015091,E15,s2,CBK290945,/mnt/micro-images-pvc/specs935-v1/specs935-v1-FA-P015091-U2OS-48h-P8-L2/2021-12-22/870/specs935-v1-FA-P015091-U2OS-48h-P8-L2_E15_s2_w5EB3A9745-B69C-4191-A013-A4B4C009CCA5.npy,HDAC inhibitor
P015091,E15,s3,CBK290945,/mnt/micro-images-pvc/specs935-v1/specs935-v1-FA-P015091-U2OS-48h-P8-L2/2021-12-22/870/specs935-v1-FA-P015091-U2OS-48h-P8-L2_E15_s3_w5E82F7460-D623-46C6-8293-247D7A16F590.npy,HDAC inhibitor
P015091,E15,s4,CBK290945,/mnt/micro-images-pvc/specs935-v1/specs935-v1-FA-P015091-U2OS-48h-P8-L2/2021-12-22/870/specs935-v1-FA-P015091-U2OS-48h-P8-L2_E15_s4_w57CF6A548-97CE-4669-9B75-94777A2628D2.npy,HDAC inhibitor
P015091,E15,s5,CBK290945,/mnt/micro-images-pvc/specs935-v1/specs935-v1-FA-P015091-U2OS-48h-P8-L2/2021-12-22/870/specs935-v1-FA-P015091-U2OS-48h-P8-L2_E15_s5_w5363DE75E-A7B9-441C-9BF4-7D3ECAA903EB.npy,HDAC inhibitor
P015091,E15,s6,CBK290945,/mnt/micro-images-pvc/specs935-v1/specs935-v1-FA-P015091-U2OS-48h-P8-L2/2021-12-22/870/specs935-v1-FA-P015091-U2OS-48h-P8-L2_E15_s6_w59AA5A968-09EF-4D63-A5C7-31CF28A6C6BA.npy,HDAC inhibitor
P015091,E15,s7,CBK290945,/mnt/micro-images-pvc/specs935-v1/specs935-v1-FA-P015091-U2OS-48h-P8-L2/2021-12-22/870/specs935-v1-FA-P015091-U2OS-48h-P8-L2_E15_s7_w5DE4253AD-F3C9-49D9-9DF6-8769133F2FE8.npy,HDAC inhibitor
P015091,E15,s8,CBK290945,/mnt/micro-images-pvc/specs935-v1/specs935-v1-FA-P015091-U2OS-48h-P8-L2/2021-12-22/870/specs935-v1-FA-P015091-U2OS-48h-P8-L2_E15_s8_w50972BFFB-A9CF-4147-AEE8-7A8227401426.npy,HDAC inhibitor
P015091,E15,s9,CBK290945,/mnt/micro-images-pvc/specs935-v1/specs935-v1-FA-P015091-U2OS-48h-P8-L2/2021-12-22/870/specs935-v1-FA-P015091-U2OS-48h-P8-L2_E15_s9_w54DD5FF87-E306-472C-8D07-E360EBCD45C4.npy,HDAC inhibitor
P015091,E16,s1,CBK288302,/mnt/micro-images-pvc/specs935-v1/specs935-v1-FA-P015091-U2OS-48h-P8-L2/2021-12-22/870/specs935-v1-FA-P015091-U2OS-48h-P8-L2_E16_s1_w5270DFD1D-38F6-406C-BC45-079C6776160E.npy,HDAC inhibitor
P015091,E16,s2,CBK288302,/mnt/micro-images-pvc/specs935-v1/specs935-v1-FA-P015091-U2OS-48h-P8-L2/2021-12-22/870/specs935-v1-FA-P015091-U2OS-48h-P8-L2_E16_s2_w56FEBF490-E273-4668-8776-2356CA32C430.npy,HDAC inhibitor
P015091,E16,s3,CBK288302,/mnt/micro-images-pvc/specs935-v1/specs935-v1-FA-P015091-U2OS-48h-P8-L2/2021-12-22/870/specs935-v1-FA-P015091-U2OS-48h-P8-L2_E16_s3_w54051A43D-1FD6-43FD-B4F4-AF512D1283A8.npy,HDAC inhibitor
P015091,E16,s4,CBK288302,/mnt/micro-images-pvc/specs935-v1/specs935-v1-FA-P015091-U2OS-48h-P8-L2/2021-12-22/870/specs935-v1-FA-P015091-U2OS-48h-P8-L2_E16_s4_w5A06D2761-968D-46AE-A2C1-D9D540E9A898.npy,HDAC inhibitor
P015091,E16,s5,CBK288302,/mnt/micro-images-pvc/specs935-v1/specs935-v1-FA-P015091-U2OS-48h-P8-L2/2021-12-22/870/specs935-v1-FA-P015091-U2OS-48h-P8-L2_E16_s5_w5BF858080-F91B-4D19-8A17-0B912F03C904.npy,HDAC inhibitor
P015091,E16,s6,CBK288302,/mnt/micro-images-pvc/specs935-v1/specs935-v1-FA-P015091-U2OS-48h-P8-L2/2021-12-22/870/specs935-v1-FA-P015091-U2OS-48h-P8-L2_E16_s6_w5C81CA6AC-937E-4EE5-A93F-3C02F46174E5.npy,HDAC inhibitor
P015091,E16,s7,CBK288302,/mnt/micro-images-pvc/specs935-v1/specs935-v1-FA-P015091-U2OS-48h-P8-L2/2021-12-22/870/specs935-v1-FA-P015091-U2OS-48h-P8-L2_E16_s7_w5F6C920BB-6275-4EDD-BFDC-5B646E1B80C8.npy,HDAC inhibitor
P015091,E16,s8,CBK288302,/mnt/micro-images-pvc/specs935-v1/specs935-v1-FA-P015091-U2OS-48h-P8-L2/2021-12-22/870/specs935-v1-FA-P015091-U2OS-48h-P8-L2_E16_s8_w5B2F79C4D-FDE7-4645-BF63-23AD3ACF16E1.npy,HDAC inhibitor
P015091,E16,s9,CBK288302,/mnt/micro-images-pvc/specs935-v1/specs935-v1-FA-P015091-U2OS-48h-P8-L2/2021-12-22/870/specs935-v1-FA-P015091-U2OS-48h-P8-L2_E16_s9_w5AB938E69-574C-414F-9883-509A07103378.npy,HDAC inhibitor
P015091,E20,s1,CBK290816,/mnt/micro-images-pvc/specs935-v1/specs935-v1-FA-P015091-U2OS-48h-P8-L2/2021-12-22/870/specs935-v1-FA-P015091-U2OS-48h-P8-L2_E20_s1_w5BD2B8400-5EB7-477E-B5EA-60F7D87A51F5.npy,HDAC inhibitor
P015091,E20,s2,CBK290816,/mnt/micro-images-pvc/specs935-v1/specs935-v1-FA-P015091-U2OS-48h-P8-L2/2021-12-22/870/specs935-v1-FA-P015091-U2OS-48h-P8-L2_E20_s2_w5407FB2C2-9359-45F8-9301-59C63AAEBA60.npy,HDAC inhibitor
P015091,E20,s3,CBK290816,/mnt/micro-images-pvc/specs935-v1/specs935-v1-FA-P015091-U2OS-48h-P8-L2/2021-12-22/870/specs935-v1-FA-P015091-U2OS-48h-P8-L2_E20_s3_w57CF959A4-7611-435E-9B37-FEDC54CA50FA.npy,HDAC inhibitor
P015091,E20,s4,CBK290816,/mnt/micro-images-pvc/specs935-v1/specs935-v1-FA-P015091-U2OS-48h-P8-L2/2021-12-22/870/specs935-v1-FA-P015091-U2OS-48h-P8-L2_E20_s4_w5EA9D166D-10B0-4A05-BD5E-3EAE13524B40.npy,HDAC inhibitor
P015091,E20,s5,CBK290816,/mnt/micro-images-pvc/specs935-v1/specs935-v1-FA-P015091-U2OS-48h-P8-L2/2021-12-22/870/specs935-v1-FA-P015091-U2OS-48h-P8-L2_E20_s5_w5E9EF10EA-AA7B-409F-8C79-C9A58A13CE37.npy,HDAC inhibitor
P015091,E20,s6,CBK290816,/mnt/micro-images-pvc/specs935-v1/specs935-v1-FA-P015091-U2OS-48h-P8-L2/2021-12-22/870/specs935-v1-FA-P015091-U2OS-48h-P8-L2_E20_s6_w57664835C-23B3-4190-ABF4-09472011882F.npy,HDAC inhibitor
P015091,E20,s7,CBK290816,/mnt/micro-images-pvc/specs935-v1/specs935-v1-FA-P015091-U2OS-48h-P8-L2/2021-12-22/870/specs935-v1-FA-P015091-U2OS-48h-P8-L2_E20_s7_w511560C63-8774-4379-B8F4-46F60A6147D8.npy,HDAC inhibitor
P015091,E20,s8,CBK290816,/mnt/micro-images-pvc/specs935-v1/specs935-v1-FA-P015091-U2OS-48h-P8-L2/2021-12-22/870/specs935-v1-FA-P015091-U2OS-48h-P8-L2_E20_s8_w5BD621AA9-7E9C-4A88-9036-2F7B00AFA3B1.npy,HDAC inhibitor
P015091,E20,s9,CBK290816,/mnt/micro-images-pvc/specs935-v1/specs935-v1-FA-P015091-U2OS-48h-P8-L2/2021-12-22/870/specs935-v1-FA-P015091-U2OS-48h-P8-L2_E20_s9_w5B03A7EDE-1D19-41B1-AA9A-E84A1FF914BB.npy,HDAC inhibitor
P015091,E22,s1,CBK290803,/mnt/micro-images-pvc/specs935-v1/specs935-v1-FA-P015091-U2OS-48h-P8-L2/2021-12-22/870/specs935-v1-FA-P015091-U2OS-48h-P8-L2_E22_s1_w5162E6CA5-4DE7-42E6-8588-9FFF0B18D21C.npy,HSP inhibitor
P015091,E22,s2,CBK290803,/mnt/micro-images-pvc/specs935-v1/specs935-v1-FA-P015091-U2OS-48h-P8-L2/2021-12-22/870/specs935-v1-FA-P015091-U2OS-48h-P8-L2_E22_s2_w507EE1CBF-0E2A-4A4C-8B6F-1FD2C072EF49.npy,HSP inhibitor
P015091,E22,s3,CBK290803,/mnt/micro-images-pvc/specs935-v1/specs935-v1-FA-P015091-U2OS-48h-P8-L2/2021-12-22/870/specs935-v1-FA-P015091-U2OS-48h-P8-L2_E22_s3_w570728778-238C-4540-A2B2-C9A5D317C32A.npy,HSP inhibitor
P015091,E22,s4,CBK290803,/mnt/micro-images-pvc/specs935-v1/specs935-v1-FA-P015091-U2OS-48h-P8-L2/2021-12-22/870/specs935-v1-FA-P015091-U2OS-48h-P8-L2_E22_s4_w59ECD89DE-1B01-4338-8C40-91181A46F69A.npy,HSP inhibitor
P015091,E22,s5,CBK290803,/mnt/micro-images-pvc/specs935-v1/specs935-v1-FA-P015091-U2OS-48h-P8-L2/2021-12-22/870/specs935-v1-FA-P015091-U2OS-48h-P8-L2_E22_s5_w5249FECCF-ACF4-4C38-974F-5A4BE6B3C656.npy,HSP inhibitor
P015091,E22,s6,CBK290803,/mnt/micro-images-pvc/specs935-v1/specs935-v1-FA-P015091-U2OS-48h-P8-L2/2021-12-22/870/specs935-v1-FA-P015091-U2OS-48h-P8-L2_E22_s6_w58F52F8A4-E565-4046-AA8D-9BFA4E8E5837.npy,HSP inhibitor
P015091,E22,s7,CBK290803,/mnt/micro-images-pvc/specs935-v1/specs935-v1-FA-P015091-U2OS-48h-P8-L2/2021-12-22/870/specs935-v1-FA-P015091-U2OS-48h-P8-L2_E22_s7_w5EABC35ED-7172-4A38-9941-B9957C99363C.npy,HSP inhibitor
P015091,E22,s8,CBK290803,/mnt/micro-images-pvc/specs935-v1/specs935-v1-FA-P015091-U2OS-48h-P8-L2/2021-12-22/870/specs935-v1-FA-P015091-U2OS-48h-P8-L2_E22_s8_w5E0B19196-4E9F-4836-B2A3-86F6430555CB.npy,HSP inhibitor
P015091,E22,s9,CBK290803,/mnt/micro-images-pvc/specs935-v1/specs935-v1-FA-P015091-U2OS-48h-P8-L2/2021-12-22/870/specs935-v1-FA-P015091-U2OS-48h-P8-L2_E22_s9_w57FE3BCAB-63B0-4B0E-B3B1-0FF498598527.npy,HSP inhibitor
P015091,E23,s1,CBK041242,/mnt/micro-images-pvc/specs935-v1/specs935-v1-FA-P015091-U2OS-48h-P8-L2/2021-12-22/870/specs935-v1-FA-P015091-U2OS-48h-P8-L2_E23_s1_w5E4A29304-8FAC-495D-9A96-83BFB5141646.npy,JAK inhibitor
P015091,E23,s2,CBK041242,/mnt/micro-images-pvc/specs935-v1/specs935-v1-FA-P015091-U2OS-48h-P8-L2/2021-12-22/870/specs935-v1-FA-P015091-U2OS-48h-P8-L2_E23_s2_w57376B230-4534-43B7-AFF8-627A7E1AF787.npy,JAK inhibitor
P015091,E23,s3,CBK041242,/mnt/micro-images-pvc/specs935-v1/specs935-v1-FA-P015091-U2OS-48h-P8-L2/2021-12-22/870/specs935-v1-FA-P015091-U2OS-48h-P8-L2_E23_s3_w553B7940F-5054-402A-BE88-E0266735AB0A.npy,JAK inhibitor
P015091,E23,s4,CBK041242,/mnt/micro-images-pvc/specs935-v1/specs935-v1-FA-P015091-U2OS-48h-P8-L2/2021-12-22/870/specs935-v1-FA-P015091-U2OS-48h-P8-L2_E23_s4_w5840148FD-C5D9-417B-B53B-0429C05C3F97.npy,JAK inhibitor
P015091,E23,s5,CBK041242,/mnt/micro-images-pvc/specs935-v1/specs935-v1-FA-P015091-U2OS-48h-P8-L2/2021-12-22/870/specs935-v1-FA-P015091-U2OS-48h-P8-L2_E23_s5_w51936DC8A-64BC-4E91-9FCA-5CA699777653.npy,JAK inhibitor
P015091,E23,s6,CBK041242,/mnt/micro-images-pvc/specs935-v1/specs935-v1-FA-P015091-U2OS-48h-P8-L2/2021-12-22/870/specs935-v1-FA-P015091-U2OS-48h-P8-L2_E23_s6_w552DC038D-0285-4BE8-9714-5E632502938C.npy,JAK inhibitor
P015091,E23,s7,CBK041242,/mnt/micro-images-pvc/specs935-v1/specs935-v1-FA-P015091-U2OS-48h-P8-L2/2021-12-22/870/specs935-v1-FA-P015091-U2OS-48h-P8-L2_E23_s7_w589279B98-09EE-4947-8A56-80B4F1572AC1.npy,JAK inhibitor
P015091,E23,s8,CBK041242,/mnt/micro-images-pvc/specs935-v1/specs935-v1-FA-P015091-U2OS-48h-P8-L2/2021-12-22/870/specs935-v1-FA-P015091-U2OS-48h-P8-L2_E23_s8_w5802791D1-E226-4370-A947-A950380952BB.npy,JAK inhibitor
P015091,E23,s9,CBK041242,/mnt/micro-images-pvc/specs935-v1/specs935-v1-FA-P015091-U2OS-48h-P8-L2/2021-12-22/870/specs935-v1-FA-P015091-U2OS-48h-P8-L2_E23_s9_w5505AD520-C943-4FA7-BA60-45B683F5DEBC.npy,JAK inhibitor
P015091,F14,s1,CBK309523,/mnt/micro-images-pvc/specs935-v1/specs935-v1-FA-P015091-U2OS-48h-P8-L2/2021-12-22/870/specs935-v1-FA-P015091-U2OS-48h-P8-L2_F14_s1_w50174FB37-ACB1-4A34-A93F-7F105FF59396.npy,HDAC inhibitor
P015091,F14,s2,CBK309523,/mnt/micro-images-pvc/specs935-v1/specs935-v1-FA-P015091-U2OS-48h-P8-L2/2021-12-22/870/specs935-v1-FA-P015091-U2OS-48h-P8-L2_F14_s2_w5FB7A9F86-0F5F-449E-8182-B2A4562BC9D6.npy,HDAC inhibitor
P015091,F14,s3,CBK309523,/mnt/micro-images-pvc/specs935-v1/specs935-v1-FA-P015091-U2OS-48h-P8-L2/2021-12-22/870/specs935-v1-FA-P015091-U2OS-48h-P8-L2_F14_s3_w5AA2A5DE0-6362-4833-91AA-6279E217FEFA.npy,HDAC inhibitor
P015091,F14,s4,CBK309523,/mnt/micro-images-pvc/specs935-v1/specs935-v1-FA-P015091-U2OS-48h-P8-L2/2021-12-22/870/specs935-v1-FA-P015091-U2OS-48h-P8-L2_F14_s4_w561C94431-5BF1-4E13-9DF6-E208F316788B.npy,HDAC inhibitor
P015091,F14,s5,CBK309523,/mnt/micro-images-pvc/specs935-v1/specs935-v1-FA-P015091-U2OS-48h-P8-L2/2021-12-22/870/specs935-v1-FA-P015091-U2OS-48h-P8-L2_F14_s5_w5019E15B3-20F2-4DDC-A1B3-C6954CD45798.npy,HDAC inhibitor
P015091,F14,s6,CBK309523,/mnt/micro-images-pvc/specs935-v1/specs935-v1-FA-P015091-U2OS-48h-P8-L2/2021-12-22/870/specs935-v1-FA-P015091-U2OS-48h-P8-L2_F14_s6_w51E11AD76-BCD9-45EA-8D2C-8701E745A841.npy,HDAC inhibitor
P015091,F14,s7,CBK309523,/mnt/micro-images-pvc/specs935-v1/specs935-v1-FA-P015091-U2OS-48h-P8-L2/2021-12-22/870/specs935-v1-FA-P015091-U2OS-48h-P8-L2_F14_s7_w5B7EE2B37-3B5B-4D9A-9D22-47F393C0EB36.npy,HDAC inhibitor
P015091,F14,s8,CBK309523,/mnt/micro-images-pvc/specs935-v1/specs935-v1-FA-P015091-U2OS-48h-P8-L2/2021-12-22/870/specs935-v1-FA-P015091-U2OS-48h-P8-L2_F14_s8_w50CD89851-DA62-4797-9BD2-467A5AF56204.npy,HDAC inhibitor
P015091,F14,s9,CBK309523,/mnt/micro-images-pvc/specs935-v1/specs935-v1-FA-P015091-U2OS-48h-P8-L2/2021-12-22/870/specs935-v1-FA-P015091-U2OS-48h-P8-L2_F14_s9_w5D28C7214-97F7-420E-8E3B-8BEDCDADFB04.npy,HDAC inhibitor
P015091,F16,s1,CBK308482,/mnt/micro-images-pvc/specs935-v1/specs935-v1-FA-P015091-U2OS-48h-P8-L2/2021-12-22/870/specs935-v1-FA-P015091-U2OS-48h-P8-L2_F16_s1_w5FCD76BC1-E542-4D5E-9E6A-33753390C50B.npy,HDAC inhibitor
P015091,F16,s2,CBK308482,/mnt/micro-images-pvc/specs935-v1/specs935-v1-FA-P015091-U2OS-48h-P8-L2/2021-12-22/870/specs935-v1-FA-P015091-U2OS-48h-P8-L2_F16_s2_w52BCBC22C-E4A0-4A25-A939-E5DB83A5EC2C.npy,HDAC inhibitor
P015091,F16,s3,CBK308482,/mnt/micro-images-pvc/specs935-v1/specs935-v1-FA-P015091-U2OS-48h-P8-L2/2021-12-22/870/specs935-v1-FA-P015091-U2OS-48h-P8-L2_F16_s3_w5A10D66EC-6D19-4943-8D8B-634B64F843B9.npy,HDAC inhibitor
P015091,F16,s4,CBK308482,/mnt/micro-images-pvc/specs935-v1/specs935-v1-FA-P015091-U2OS-48h-P8-L2/2021-12-22/870/specs935-v1-FA-P015091-U2OS-48h-P8-L2_F16_s4_w536FDBB38-0268-4B1E-8D03-2234564C6F38.npy,HDAC inhibitor
P015091,F16,s5,CBK308482,/mnt/micro-images-pvc/specs935-v1/specs935-v1-FA-P015091-U2OS-48h-P8-L2/2021-12-22/870/specs935-v1-FA-P015091-U2OS-48h-P8-L2_F16_s5_w5E8357AF0-7B17-421D-A430-6BD8672A5D83.npy,HDAC inhibitor
P015091,F16,s6,CBK308482,/mnt/micro-images-pvc/specs935-v1/specs935-v1-FA-P015091-U2OS-48h-P8-L2/2021-12-22/870/specs935-v1-FA-P015091-U2OS-48h-P8-L2_F16_s6_w5F122AA8D-9335-4E5F-B404-734779565943.npy,HDAC inhibitor
P015091,F16,s7,CBK308482,/mnt/micro-images-pvc/specs935-v1/specs935-v1-FA-P015091-U2OS-48h-P8-L2/2021-12-22/870/specs935-v1-FA-P015091-U2OS-48h-P8-L2_F16_s7_w510CC8B0E-284B-4529-8731-AC0BE8E88BA3.npy,HDAC inhibitor
P015091,F16,s8,CBK308482,/mnt/micro-images-pvc/specs935-v1/specs935-v1-FA-P015091-U2OS-48h-P8-L2/2021-12-22/870/specs935-v1-FA-P015091-U2OS-48h-P8-L2_F16_s8_w5FA884E8D-5BE3-4942-9EF3-1C875817C54F.npy,HDAC inhibitor
P015091,F16,s9,CBK308482,/mnt/micro-images-pvc/specs935-v1/specs935-v1-FA-P015091-U2OS-48h-P8-L2/2021-12-22/870/specs935-v1-FA-P015091-U2OS-48h-P8-L2_F16_s9_w5D41E53F3-6190-4CA8-BFA5-137D752F6700.npy,HDAC inhibitor
P015091,F17,s1,CBK290803,/mnt/micro-images-pvc/specs935-v1/specs935-v1-FA-P015091-U2OS-48h-P8-L2/2021-12-22/870/specs935-v1-FA-P015091-U2OS-48h-P8-L2_F17_s1_w50CEF4F2E-0B34-435B-A0FB-ED5B25512375.npy,HSP inhibitor
P015091,F17,s2,CBK290803,/mnt/micro-images-pvc/specs935-v1/specs935-v1-FA-P015091-U2OS-48h-P8-L2/2021-12-22/870/specs935-v1-FA-P015091-U2OS-48h-P8-L2_F17_s2_w5172946C1-E90C-4674-9A51-F55AEE1014E6.npy,HSP inhibitor
P015091,F17,s3,CBK290803,/mnt/micro-images-pvc/specs935-v1/specs935-v1-FA-P015091-U2OS-48h-P8-L2/2021-12-22/870/specs935-v1-FA-P015091-U2OS-48h-P8-L2_F17_s3_w560BB02AA-05FE-467F-BCEF-23DA5EDD6F4F.npy,HSP inhibitor
P015091,F17,s4,CBK290803,/mnt/micro-images-pvc/specs935-v1/specs935-v1-FA-P015091-U2OS-48h-P8-L2/2021-12-22/870/specs935-v1-FA-P015091-U2OS-48h-P8-L2_F17_s4_w51FDB5E6A-3A99-4BE9-A025-9BB3DBFCC6E6.npy,HSP inhibitor
P015091,F17,s5,CBK290803,/mnt/micro-images-pvc/specs935-v1/specs935-v1-FA-P015091-U2OS-48h-P8-L2/2021-12-22/870/specs935-v1-FA-P015091-U2OS-48h-P8-L2_F17_s5_w5BECC864A-DE9B-4351-9A90-0FEE6696DFE4.npy,HSP inhibitor
P015091,F17,s6,CBK290803,/mnt/micro-images-pvc/specs935-v1/specs935-v1-FA-P015091-U2OS-48h-P8-L2/2021-12-22/870/specs935-v1-FA-P015091-U2OS-48h-P8-L2_F17_s6_w52AC3B19E-CEF9-4E62-A34C-DC62F1427065.npy,HSP inhibitor
P015091,F17,s7,CBK290803,/mnt/micro-images-pvc/specs935-v1/specs935-v1-FA-P015091-U2OS-48h-P8-L2/2021-12-22/870/specs935-v1-FA-P015091-U2OS-48h-P8-L2_F17_s7_w543EE9A0C-F816-4ADA-968F-EDAB0D9023E3.npy,HSP inhibitor
P015091,F17,s8,CBK290803,/mnt/micro-images-pvc/specs935-v1/specs935-v1-FA-P015091-U2OS-48h-P8-L2/2021-12-22/870/specs935-v1-FA-P015091-U2OS-48h-P8-L2_F17_s8_w53DF36C42-686E-4908-8C64-DEC91CBCF4F2.npy,HSP inhibitor
P015091,F17,s9,CBK290803,/mnt/micro-images-pvc/specs935-v1/specs935-v1-FA-P015091-U2OS-48h-P8-L2/2021-12-22/870/specs935-v1-FA-P015091-U2OS-48h-P8-L2_F17_s9_w5696786EE-83A6-4CC5-8D35-B0230A2B9487.npy,HSP inhibitor
P015091,F18,s1,CBK290753,/mnt/micro-images-pvc/specs935-v1/specs935-v1-FA-P015091-U2OS-48h-P8-L2/2021-12-22/870/specs935-v1-FA-P015091-U2OS-48h-P8-L2_F18_s1_w5F561928C-E4E1-4588-9B61-CF818E475085.npy,HSP inhibitor
P015091,F18,s2,CBK290753,/mnt/micro-images-pvc/specs935-v1/specs935-v1-FA-P015091-U2OS-48h-P8-L2/2021-12-22/870/specs935-v1-FA-P015091-U2OS-48h-P8-L2_F18_s2_w5692ACF5A-4B87-462B-8DA1-3A197276C5B4.npy,HSP inhibitor
P015091,F18,s3,CBK290753,/mnt/micro-images-pvc/specs935-v1/specs935-v1-FA-P015091-U2OS-48h-P8-L2/2021-12-22/870/specs935-v1-FA-P015091-U2OS-48h-P8-L2_F18_s3_w530153821-2BEA-432B-B0BA-3D13B1F93C02.npy,HSP inhibitor
P015091,F18,s4,CBK290753,/mnt/micro-images-pvc/specs935-v1/specs935-v1-FA-P015091-U2OS-48h-P8-L2/2021-12-22/870/specs935-v1-FA-P015091-U2OS-48h-P8-L2_F18_s4_w5E9DCF250-5841-45E6-AF56-2903A8DE1B04.npy,HSP inhibitor
P015091,F18,s5,CBK290753,/mnt/micro-images-pvc/specs935-v1/specs935-v1-FA-P015091-U2OS-48h-P8-L2/2021-12-22/870/specs935-v1-FA-P015091-U2OS-48h-P8-L2_F18_s5_w50C61FB1F-7089-4F08-836C-A9D51DC4AF87.npy,HSP inhibitor
P015091,F18,s6,CBK290753,/mnt/micro-images-pvc/specs935-v1/specs935-v1-FA-P015091-U2OS-48h-P8-L2/2021-12-22/870/specs935-v1-FA-P015091-U2OS-48h-P8-L2_F18_s6_w54B728E24-0DD1-451B-B06A-2F466766CD8C.npy,HSP inhibitor
P015091,F18,s7,CBK290753,/mnt/micro-images-pvc/specs935-v1/specs935-v1-FA-P015091-U2OS-48h-P8-L2/2021-12-22/870/specs935-v1-FA-P015091-U2OS-48h-P8-L2_F18_s7_w562B7DBB4-AD89-4B55-A04E-DB8F4DB5CDFE.npy,HSP inhibitor
P015091,F18,s8,CBK290753,/mnt/micro-images-pvc/specs935-v1/specs935-v1-FA-P015091-U2OS-48h-P8-L2/2021-12-22/870/specs935-v1-FA-P015091-U2OS-48h-P8-L2_F18_s8_w5D6CBA485-BD7F-4798-ABF2-55DCE4AC3A40.npy,HSP inhibitor
P015091,F18,s9,CBK290753,/mnt/micro-images-pvc/specs935-v1/specs935-v1-FA-P015091-U2OS-48h-P8-L2/2021-12-22/870/specs935-v1-FA-P015091-U2OS-48h-P8-L2_F18_s9_w568643966-B437-4FD5-8E8B-5623E7445657.npy,HSP inhibitor
P015091,F19,s1,CBK289737,/mnt/micro-images-pvc/specs935-v1/specs935-v1-FA-P015091-U2OS-48h-P8-L2/2021-12-22/870/specs935-v1-FA-P015091-U2OS-48h-P8-L2_F19_s1_w5E50A4E53-7A9F-4517-A99D-0248C8EFE2C1.npy,HDAC inhibitor
P015091,F19,s2,CBK289737,/mnt/micro-images-pvc/specs935-v1/specs935-v1-FA-P015091-U2OS-48h-P8-L2/2021-12-22/870/specs935-v1-FA-P015091-U2OS-48h-P8-L2_F19_s2_w5526AFC90-2BC9-4C0E-A1D4-F9455D7AF9DE.npy,HDAC inhibitor
P015091,F19,s3,CBK289737,/mnt/micro-images-pvc/specs935-v1/specs935-v1-FA-P015091-U2OS-48h-P8-L2/2021-12-22/870/specs935-v1-FA-P015091-U2OS-48h-P8-L2_F19_s3_w5568CAAF9-F28B-4F2F-B387-1CB4A5A221D0.npy,HDAC inhibitor
P015091,F19,s4,CBK289737,/mnt/micro-images-pvc/specs935-v1/specs935-v1-FA-P015091-U2OS-48h-P8-L2/2021-12-22/870/specs935-v1-FA-P015091-U2OS-48h-P8-L2_F19_s4_w557CAF00E-6E53-45A9-AD0F-B7091686E4B9.npy,HDAC inhibitor
P015091,F19,s5,CBK289737,/mnt/micro-images-pvc/specs935-v1/specs935-v1-FA-P015091-U2OS-48h-P8-L2/2021-12-22/870/specs935-v1-FA-P015091-U2OS-48h-P8-L2_F19_s5_w5D8C43C64-2517-4486-B4E6-8030178039F9.npy,HDAC inhibitor
P015091,F19,s6,CBK289737,/mnt/micro-images-pvc/specs935-v1/specs935-v1-FA-P015091-U2OS-48h-P8-L2/2021-12-22/870/specs935-v1-FA-P015091-U2OS-48h-P8-L2_F19_s6_w511131470-3B63-4B4B-AF3C-F01B16033392.npy,HDAC inhibitor
P015091,F19,s7,CBK289737,/mnt/micro-images-pvc/specs935-v1/specs935-v1-FA-P015091-U2OS-48h-P8-L2/2021-12-22/870/specs935-v1-FA-P015091-U2OS-48h-P8-L2_F19_s7_w5F97E5ADB-8261-4916-AE38-6755C6706589.npy,HDAC inhibitor
P015091,F19,s8,CBK289737,/mnt/micro-images-pvc/specs935-v1/specs935-v1-FA-P015091-U2OS-48h-P8-L2/2021-12-22/870/specs935-v1-FA-P015091-U2OS-48h-P8-L2_F19_s8_w5BDA24169-834E-4FFE-98C6-9342237832D7.npy,HDAC inhibitor
P015091,F19,s9,CBK289737,/mnt/micro-images-pvc/specs935-v1/specs935-v1-FA-P015091-U2OS-48h-P8-L2/2021-12-22/870/specs935-v1-FA-P015091-U2OS-48h-P8-L2_F19_s9_w54697D6CC-F94D-4E6D-A23E-2FFE0B585858.npy,HDAC inhibitor
P015091,F22,s1,CBK308232,/mnt/micro-images-pvc/specs935-v1/specs935-v1-FA-P015091-U2OS-48h-P8-L2/2021-12-22/870/specs935-v1-FA-P015091-U2OS-48h-P8-L2_F22_s1_w5211FF430-53B1-491F-9222-E60311941D4A.npy,HSP inhibitor
P015091,F22,s2,CBK308232,/mnt/micro-images-pvc/specs935-v1/specs935-v1-FA-P015091-U2OS-48h-P8-L2/2021-12-22/870/specs935-v1-FA-P015091-U2OS-48h-P8-L2_F22_s2_w58291232C-12C0-4CE1-BD2D-F01A2FDAE0F2.npy,HSP inhibitor
P015091,F22,s3,CBK308232,/mnt/micro-images-pvc/specs935-v1/specs935-v1-FA-P015091-U2OS-48h-P8-L2/2021-12-22/870/specs935-v1-FA-P015091-U2OS-48h-P8-L2_F22_s3_w5221DC0CA-C091-4583-9420-2165EF48EEAD.npy,HSP inhibitor
P015091,F22,s4,CBK308232,/mnt/micro-images-pvc/specs935-v1/specs935-v1-FA-P015091-U2OS-48h-P8-L2/2021-12-22/870/specs935-v1-FA-P015091-U2OS-48h-P8-L2_F22_s4_w56E3431A6-7ACA-4C26-8B23-8CED66254E7D.npy,HSP inhibitor
P015091,F22,s5,CBK308232,/mnt/micro-images-pvc/specs935-v1/specs935-v1-FA-P015091-U2OS-48h-P8-L2/2021-12-22/870/specs935-v1-FA-P015091-U2OS-48h-P8-L2_F22_s5_w5B6873DD6-5836-4D6A-B2FB-021E567790BA.npy,HSP inhibitor
P015091,F22,s6,CBK308232,/mnt/micro-images-pvc/specs935-v1/specs935-v1-FA-P015091-U2OS-48h-P8-L2/2021-12-22/870/specs935-v1-FA-P015091-U2OS-48h-P8-L2_F22_s6_w5B2BEADBD-0E06-46DB-8486-4B6E9F283F6C.npy,HSP inhibitor
P015091,F22,s7,CBK308232,/mnt/micro-images-pvc/specs935-v1/specs935-v1-FA-P015091-U2OS-48h-P8-L2/2021-12-22/870/specs935-v1-FA-P015091-U2OS-48h-P8-L2_F22_s7_w59E393CB6-D797-40BD-A5BD-D340A36AE3BE.npy,HSP inhibitor
P015091,F22,s8,CBK308232,/mnt/micro-images-pvc/specs935-v1/specs935-v1-FA-P015091-U2OS-48h-P8-L2/2021-12-22/870/specs935-v1-FA-P015091-U2OS-48h-P8-L2_F22_s8_w5410E329E-3A8D-4711-A60C-091E9D557318.npy,HSP inhibitor
P015091,F22,s9,CBK308232,/mnt/micro-images-pvc/specs935-v1/specs935-v1-FA-P015091-U2OS-48h-P8-L2/2021-12-22/870/specs935-v1-FA-P015091-U2OS-48h-P8-L2_F22_s9_w5A3FFD365-CBDC-418F-8A8C-FCC226FE5A53.npy,HSP inhibitor
P015091,F23,s1,CBK290837,/mnt/micro-images-pvc/specs935-v1/specs935-v1-FA-P015091-U2OS-48h-P8-L2/2021-12-22/870/specs935-v1-FA-P015091-U2OS-48h-P8-L2_F23_s1_w5454A4743-BFE5-4DE4-8AFF-BE0D879509DB.npy,HDAC inhibitor
P015091,F23,s2,CBK290837,/mnt/micro-images-pvc/specs935-v1/specs935-v1-FA-P015091-U2OS-48h-P8-L2/2021-12-22/870/specs935-v1-FA-P015091-U2OS-48h-P8-L2_F23_s2_w5C16E8405-C147-4F51-885D-57F1FD1D36C7.npy,HDAC inhibitor
P015091,F23,s3,CBK290837,/mnt/micro-images-pvc/specs935-v1/specs935-v1-FA-P015091-U2OS-48h-P8-L2/2021-12-22/870/specs935-v1-FA-P015091-U2OS-48h-P8-L2_F23_s3_w588C139B1-AF41-43FA-8D19-D86EC107FA7F.npy,HDAC inhibitor
P015091,F23,s4,CBK290837,/mnt/micro-images-pvc/specs935-v1/specs935-v1-FA-P015091-U2OS-48h-P8-L2/2021-12-22/870/specs935-v1-FA-P015091-U2OS-48h-P8-L2_F23_s4_w55DDFC510-118E-484A-93A2-805D042DA9E0.npy,HDAC inhibitor
P015091,F23,s5,CBK290837,/mnt/micro-images-pvc/specs935-v1/specs935-v1-FA-P015091-U2OS-48h-P8-L2/2021-12-22/870/specs935-v1-FA-P015091-U2OS-48h-P8-L2_F23_s5_w500245977-898E-4538-BACE-EFED9235E95B.npy,HDAC inhibitor
P015091,F23,s6,CBK290837,/mnt/micro-images-pvc/specs935-v1/specs935-v1-FA-P015091-U2OS-48h-P8-L2/2021-12-22/870/specs935-v1-FA-P015091-U2OS-48h-P8-L2_F23_s6_w561A92370-29A2-4BF2-A3AE-17B9B6C887E8.npy,HDAC inhibitor
P015091,F23,s7,CBK290837,/mnt/micro-images-pvc/specs935-v1/specs935-v1-FA-P015091-U2OS-48h-P8-L2/2021-12-22/870/specs935-v1-FA-P015091-U2OS-48h-P8-L2_F23_s7_w569FBBE1D-5A2D-47AB-B871-49F0C1C65AEA.npy,HDAC inhibitor
P015091,F23,s8,CBK290837,/mnt/micro-images-pvc/specs935-v1/specs935-v1-FA-P015091-U2OS-48h-P8-L2/2021-12-22/870/specs935-v1-FA-P015091-U2OS-48h-P8-L2_F23_s8_w5B194E86D-6253-4719-9D43-8693212F7EB3.npy,HDAC inhibitor
P015091,F23,s9,CBK290837,/mnt/micro-images-pvc/specs935-v1/specs935-v1-FA-P015091-U2OS-48h-P8-L2/2021-12-22/870/specs935-v1-FA-P015091-U2OS-48h-P8-L2_F23_s9_w52117DBC5-A059-4A91-9B8D-7AD6EFA333CD.npy,HDAC inhibitor
P015091,G05,s1,CBK041242,/mnt/micro-images-pvc/specs935-v1/specs935-v1-FA-P015091-U2OS-48h-P8-L2/2021-12-22/870/specs935-v1-FA-P015091-U2OS-48h-P8-L2_G05_s1_w56421F3E7-24D3-4DEC-9E0D-D6C0E2BC9EA7.npy,JAK inhibitor
P015091,G05,s2,CBK041242,/mnt/micro-images-pvc/specs935-v1/specs935-v1-FA-P015091-U2OS-48h-P8-L2/2021-12-22/870/specs935-v1-FA-P015091-U2OS-48h-P8-L2_G05_s2_w5B29B2432-785D-4795-BD60-9AE794C110EA.npy,JAK inhibitor
P015091,G05,s3,CBK041242,/mnt/micro-images-pvc/specs935-v1/specs935-v1-FA-P015091-U2OS-48h-P8-L2/2021-12-22/870/specs935-v1-FA-P015091-U2OS-48h-P8-L2_G05_s3_w524B34DC1-8AF7-4806-B646-1B5F5D080C10.npy,JAK inhibitor
P015091,G05,s4,CBK041242,/mnt/micro-images-pvc/specs935-v1/specs935-v1-FA-P015091-U2OS-48h-P8-L2/2021-12-22/870/specs935-v1-FA-P015091-U2OS-48h-P8-L2_G05_s4_w58CE7CCBC-C5E9-4963-B2F4-30B887B9E8B1.npy,JAK inhibitor
P015091,G05,s5,CBK041242,/mnt/micro-images-pvc/specs935-v1/specs935-v1-FA-P015091-U2OS-48h-P8-L2/2021-12-22/870/specs935-v1-FA-P015091-U2OS-48h-P8-L2_G05_s5_w51DB8A35C-CEBA-4D35-80FA-31FE001B6952.npy,JAK inhibitor
P015091,G05,s6,CBK041242,/mnt/micro-images-pvc/specs935-v1/specs935-v1-FA-P015091-U2OS-48h-P8-L2/2021-12-22/870/specs935-v1-FA-P015091-U2OS-48h-P8-L2_G05_s6_w5C21E9851-D7CF-43DA-AF2A-4E807F156466.npy,JAK inhibitor
P015091,G05,s7,CBK041242,/mnt/micro-images-pvc/specs935-v1/specs935-v1-FA-P015091-U2OS-48h-P8-L2/2021-12-22/870/specs935-v1-FA-P015091-U2OS-48h-P8-L2_G05_s7_w59215C575-6991-4747-8B8E-5F6265A5CAA5.npy,JAK inhibitor
P015091,G05,s8,CBK041242,/mnt/micro-images-pvc/specs935-v1/specs935-v1-FA-P015091-U2OS-48h-P8-L2/2021-12-22/870/specs935-v1-FA-P015091-U2OS-48h-P8-L2_G05_s8_w53E5AA461-8B7F-42E0-B879-C9888E4FD89C.npy,JAK inhibitor
P015091,G05,s9,CBK041242,/mnt/micro-images-pvc/specs935-v1/specs935-v1-FA-P015091-U2OS-48h-P8-L2/2021-12-22/870/specs935-v1-FA-P015091-U2OS-48h-P8-L2_G05_s9_w53E44C1AF-91F0-4C18-8366-5EF4C1519275.npy,JAK inhibitor
P015091,G12,s1,CBK041487,/mnt/micro-images-pvc/specs935-v1/specs935-v1-FA-P015091-U2OS-48h-P8-L2/2021-12-22/870/specs935-v1-FA-P015091-U2OS-48h-P8-L2_G12_s1_w5F57DCECC-C4D5-44F6-9A19-2C531DB96C30.npy,HSP inhibitor
P015091,G12,s2,CBK041487,/mnt/micro-images-pvc/specs935-v1/specs935-v1-FA-P015091-U2OS-48h-P8-L2/2021-12-22/870/specs935-v1-FA-P015091-U2OS-48h-P8-L2_G12_s2_w5E883BC85-7F4E-4F3A-85FA-2FAAF6817E8E.npy,HSP inhibitor
P015091,G12,s3,CBK041487,/mnt/micro-images-pvc/specs935-v1/specs935-v1-FA-P015091-U2OS-48h-P8-L2/2021-12-22/870/specs935-v1-FA-P015091-U2OS-48h-P8-L2_G12_s3_w5BF8441D3-8FF7-4A25-BE79-4F957C6F1774.npy,HSP inhibitor
P015091,G12,s4,CBK041487,/mnt/micro-images-pvc/specs935-v1/specs935-v1-FA-P015091-U2OS-48h-P8-L2/2021-12-22/870/specs935-v1-FA-P015091-U2OS-48h-P8-L2_G12_s4_w5FBA3C71B-35DA-4A77-A02D-CD368317F082.npy,HSP inhibitor
P015091,G12,s5,CBK041487,/mnt/micro-images-pvc/specs935-v1/specs935-v1-FA-P015091-U2OS-48h-P8-L2/2021-12-22/870/specs935-v1-FA-P015091-U2OS-48h-P8-L2_G12_s5_w5E9F4A62A-0F27-4AC0-A7D5-339733C86659.npy,HSP inhibitor
P015091,G12,s6,CBK041487,/mnt/micro-images-pvc/specs935-v1/specs935-v1-FA-P015091-U2OS-48h-P8-L2/2021-12-22/870/specs935-v1-FA-P015091-U2OS-48h-P8-L2_G12_s6_w5A2331D58-551D-4AED-8AE4-BEB0323BBB84.npy,HSP inhibitor
P015091,G12,s7,CBK041487,/mnt/micro-images-pvc/specs935-v1/specs935-v1-FA-P015091-U2OS-48h-P8-L2/2021-12-22/870/specs935-v1-FA-P015091-U2OS-48h-P8-L2_G12_s7_w57CF6E06B-54D2-4940-9BFC-99B012657C15.npy,HSP inhibitor
P015091,G12,s8,CBK041487,/mnt/micro-images-pvc/specs935-v1/specs935-v1-FA-P015091-U2OS-48h-P8-L2/2021-12-22/870/specs935-v1-FA-P015091-U2OS-48h-P8-L2_G12_s8_w57AE289E5-7D62-4123-985B-939A5C463E1F.npy,HSP inhibitor
P015091,G12,s9,CBK041487,/mnt/micro-images-pvc/specs935-v1/specs935-v1-FA-P015091-U2OS-48h-P8-L2/2021-12-22/870/specs935-v1-FA-P015091-U2OS-48h-P8-L2_G12_s9_w5EA098BE8-60E4-4029-898A-099DEB287C61.npy,HSP inhibitor
P015091,G13,s1,CBK278039,/mnt/micro-images-pvc/specs935-v1/specs935-v1-FA-P015091-U2OS-48h-P8-L2/2021-12-22/870/specs935-v1-FA-P015091-U2OS-48h-P8-L2_G13_s1_w5205FFFF2-B94F-414E-8163-7BA18167F50F.npy,HDAC inhibitor
P015091,G13,s2,CBK278039,/mnt/micro-images-pvc/specs935-v1/specs935-v1-FA-P015091-U2OS-48h-P8-L2/2021-12-22/870/specs935-v1-FA-P015091-U2OS-48h-P8-L2_G13_s2_w53F6FEF56-63E0-4E88-8A19-58479838AE64.npy,HDAC inhibitor
P015091,G13,s3,CBK278039,/mnt/micro-images-pvc/specs935-v1/specs935-v1-FA-P015091-U2OS-48h-P8-L2/2021-12-22/870/specs935-v1-FA-P015091-U2OS-48h-P8-L2_G13_s3_w5C8D621D6-3977-471A-8D9D-B327DFCC132B.npy,HDAC inhibitor
P015091,G13,s4,CBK278039,/mnt/micro-images-pvc/specs935-v1/specs935-v1-FA-P015091-U2OS-48h-P8-L2/2021-12-22/870/specs935-v1-FA-P015091-U2OS-48h-P8-L2_G13_s4_w577388E67-50D5-4D85-BD30-084ACCCBBA5C.npy,HDAC inhibitor
P015091,G13,s5,CBK278039,/mnt/micro-images-pvc/specs935-v1/specs935-v1-FA-P015091-U2OS-48h-P8-L2/2021-12-22/870/specs935-v1-FA-P015091-U2OS-48h-P8-L2_G13_s5_w545550422-1E20-4D80-8A88-7D8CB1D33C6C.npy,HDAC inhibitor
P015091,G13,s6,CBK278039,/mnt/micro-images-pvc/specs935-v1/specs935-v1-FA-P015091-U2OS-48h-P8-L2/2021-12-22/870/specs935-v1-FA-P015091-U2OS-48h-P8-L2_G13_s6_w570C9AFBE-6FC1-4837-B73C-839692986513.npy,HDAC inhibitor
P015091,G13,s7,CBK278039,/mnt/micro-images-pvc/specs935-v1/specs935-v1-FA-P015091-U2OS-48h-P8-L2/2021-12-22/870/specs935-v1-FA-P015091-U2OS-48h-P8-L2_G13_s7_w548460180-5CE1-4DA6-9119-D28EFD1C05CC.npy,HDAC inhibitor
P015091,G13,s8,CBK278039,/mnt/micro-images-pvc/specs935-v1/specs935-v1-FA-P015091-U2OS-48h-P8-L2/2021-12-22/870/specs935-v1-FA-P015091-U2OS-48h-P8-L2_G13_s8_w54570CCF5-46C9-4C34-97E6-6603F2B76B07.npy,HDAC inhibitor
P015091,G13,s9,CBK278039,/mnt/micro-images-pvc/specs935-v1/specs935-v1-FA-P015091-U2OS-48h-P8-L2/2021-12-22/870/specs935-v1-FA-P015091-U2OS-48h-P8-L2_G13_s9_w59C5C611A-C098-4DCD-9554-B272A355E2C4.npy,HDAC inhibitor
P015091,G16,s1,CBK308696,/mnt/micro-images-pvc/specs935-v1/specs935-v1-FA-P015091-U2OS-48h-P8-L2/2021-12-22/870/specs935-v1-FA-P015091-U2OS-48h-P8-L2_G16_s1_w57E48B626-EC18-420C-9329-8ECE51CD31C0.npy,HSP inhibitor
P015091,G16,s2,CBK308696,/mnt/micro-images-pvc/specs935-v1/specs935-v1-FA-P015091-U2OS-48h-P8-L2/2021-12-22/870/specs935-v1-FA-P015091-U2OS-48h-P8-L2_G16_s2_w557CFBFDC-C7BA-4277-935A-F8CB2984FF63.npy,HSP inhibitor
P015091,G16,s3,CBK308696,/mnt/micro-images-pvc/specs935-v1/specs935-v1-FA-P015091-U2OS-48h-P8-L2/2021-12-22/870/specs935-v1-FA-P015091-U2OS-48h-P8-L2_G16_s3_w50F176094-8851-4E27-9DAA-5B471C86DC72.npy,HSP inhibitor
P015091,G16,s4,CBK308696,/mnt/micro-images-pvc/specs935-v1/specs935-v1-FA-P015091-U2OS-48h-P8-L2/2021-12-22/870/specs935-v1-FA-P015091-U2OS-48h-P8-L2_G16_s4_w52F014B72-09A1-4AE0-9598-623370632B55.npy,HSP inhibitor
P015091,G16,s5,CBK308696,/mnt/micro-images-pvc/specs935-v1/specs935-v1-FA-P015091-U2OS-48h-P8-L2/2021-12-22/870/specs935-v1-FA-P015091-U2OS-48h-P8-L2_G16_s5_w512B19A04-F54A-4752-9C83-68950213F328.npy,HSP inhibitor
P015091,G16,s6,CBK308696,/mnt/micro-images-pvc/specs935-v1/specs935-v1-FA-P015091-U2OS-48h-P8-L2/2021-12-22/870/specs935-v1-FA-P015091-U2OS-48h-P8-L2_G16_s6_w55CFE4140-BED3-49FD-AF1F-B668C03C4797.npy,HSP inhibitor
P015091,G16,s7,CBK308696,/mnt/micro-images-pvc/specs935-v1/specs935-v1-FA-P015091-U2OS-48h-P8-L2/2021-12-22/870/specs935-v1-FA-P015091-U2OS-48h-P8-L2_G16_s7_w561979B71-5AD2-4070-AF90-CFF76EAC6E48.npy,HSP inhibitor
P015091,G16,s8,CBK308696,/mnt/micro-images-pvc/specs935-v1/specs935-v1-FA-P015091-U2OS-48h-P8-L2/2021-12-22/870/specs935-v1-FA-P015091-U2OS-48h-P8-L2_G16_s8_w5C33FE292-6908-41B3-89F0-8F88BCA9DFDD.npy,HSP inhibitor
P015091,G16,s9,CBK308696,/mnt/micro-images-pvc/specs935-v1/specs935-v1-FA-P015091-U2OS-48h-P8-L2/2021-12-22/870/specs935-v1-FA-P015091-U2OS-48h-P8-L2_G16_s9_w5A551CA25-B3DA-4AD6-AA38-F409B18C1EFE.npy,HSP inhibitor
P015091,G20,s1,CBK309522,/mnt/micro-images-pvc/specs935-v1/specs935-v1-FA-P015091-U2OS-48h-P8-L2/2021-12-22/870/specs935-v1-FA-P015091-U2OS-48h-P8-L2_G20_s1_w5D360292D-D4C6-4057-899B-2780E7751727.npy,HSP inhibitor
P015091,G20,s2,CBK309522,/mnt/micro-images-pvc/specs935-v1/specs935-v1-FA-P015091-U2OS-48h-P8-L2/2021-12-22/870/specs935-v1-FA-P015091-U2OS-48h-P8-L2_G20_s2_w586C21F25-15CB-42CD-B5FF-3215BA56502B.npy,HSP inhibitor
P015091,G20,s3,CBK309522,/mnt/micro-images-pvc/specs935-v1/specs935-v1-FA-P015091-U2OS-48h-P8-L2/2021-12-22/870/specs935-v1-FA-P015091-U2OS-48h-P8-L2_G20_s3_w5DA167736-D931-4176-8D1C-220C05FCBD7D.npy,HSP inhibitor
P015091,G20,s4,CBK309522,/mnt/micro-images-pvc/specs935-v1/specs935-v1-FA-P015091-U2OS-48h-P8-L2/2021-12-22/870/specs935-v1-FA-P015091-U2OS-48h-P8-L2_G20_s4_w5A914527C-64C0-430A-B9B4-957E934F7989.npy,HSP inhibitor
P015091,G20,s5,CBK309522,/mnt/micro-images-pvc/specs935-v1/specs935-v1-FA-P015091-U2OS-48h-P8-L2/2021-12-22/870/specs935-v1-FA-P015091-U2OS-48h-P8-L2_G20_s5_w5B4A0806B-CAAC-4A94-878B-E8B3D2231FF5.npy,HSP inhibitor
P015091,G20,s6,CBK309522,/mnt/micro-images-pvc/specs935-v1/specs935-v1-FA-P015091-U2OS-48h-P8-L2/2021-12-22/870/specs935-v1-FA-P015091-U2OS-48h-P8-L2_G20_s6_w50AFAEAA4-C3D2-4ED4-A0F4-0D5605000DC9.npy,HSP inhibitor
P015091,G20,s7,CBK309522,/mnt/micro-images-pvc/specs935-v1/specs935-v1-FA-P015091-U2OS-48h-P8-L2/2021-12-22/870/specs935-v1-FA-P015091-U2OS-48h-P8-L2_G20_s7_w5C0AFBFAD-C068-40E5-BB5B-062FF5315F6D.npy,HSP inhibitor
P015091,G20,s8,CBK309522,/mnt/micro-images-pvc/specs935-v1/specs935-v1-FA-P015091-U2OS-48h-P8-L2/2021-12-22/870/specs935-v1-FA-P015091-U2OS-48h-P8-L2_G20_s8_w59D5EA12F-5460-4F28-BFD0-4ED5A15543E2.npy,HSP inhibitor
P015091,G20,s9,CBK309522,/mnt/micro-images-pvc/specs935-v1/specs935-v1-FA-P015091-U2OS-48h-P8-L2/2021-12-22/870/specs935-v1-FA-P015091-U2OS-48h-P8-L2_G20_s9_w568303161-6BFC-46AA-BE24-775C658B3D3C.npy,HSP inhibitor
P015091,G23,s1,CBK308923,/mnt/micro-images-pvc/specs935-v1/specs935-v1-FA-P015091-U2OS-48h-P8-L2/2021-12-22/870/specs935-v1-FA-P015091-U2OS-48h-P8-L2_G23_s1_w5C9FB3792-D7B0-405F-BADE-12AA3BAD19D5.npy,HSP inhibitor
P015091,G23,s2,CBK308923,/mnt/micro-images-pvc/specs935-v1/specs935-v1-FA-P015091-U2OS-48h-P8-L2/2021-12-22/870/specs935-v1-FA-P015091-U2OS-48h-P8-L2_G23_s2_w579C88070-6DF3-4C93-9FA4-3024BD3B32C4.npy,HSP inhibitor
P015091,G23,s3,CBK308923,/mnt/micro-images-pvc/specs935-v1/specs935-v1-FA-P015091-U2OS-48h-P8-L2/2021-12-22/870/specs935-v1-FA-P015091-U2OS-48h-P8-L2_G23_s3_w54B94101C-9248-4478-AF2B-1718C03B7958.npy,HSP inhibitor
P015091,G23,s4,CBK308923,/mnt/micro-images-pvc/specs935-v1/specs935-v1-FA-P015091-U2OS-48h-P8-L2/2021-12-22/870/specs935-v1-FA-P015091-U2OS-48h-P8-L2_G23_s4_w5C6ABC85A-D003-4DEA-ABDC-B0544F12A5AB.npy,HSP inhibitor
P015091,G23,s5,CBK308923,/mnt/micro-images-pvc/specs935-v1/specs935-v1-FA-P015091-U2OS-48h-P8-L2/2021-12-22/870/specs935-v1-FA-P015091-U2OS-48h-P8-L2_G23_s5_w5D50AAA55-6A59-4996-BE25-750A3C732C1D.npy,HSP inhibitor
P015091,G23,s6,CBK308923,/mnt/micro-images-pvc/specs935-v1/specs935-v1-FA-P015091-U2OS-48h-P8-L2/2021-12-22/870/specs935-v1-FA-P015091-U2OS-48h-P8-L2_G23_s6_w570333280-3E01-46A5-8937-BC8755204CBD.npy,HSP inhibitor
P015091,G23,s7,CBK308923,/mnt/micro-images-pvc/specs935-v1/specs935-v1-FA-P015091-U2OS-48h-P8-L2/2021-12-22/870/specs935-v1-FA-P015091-U2OS-48h-P8-L2_G23_s7_w522F50F9C-BE02-4A5C-80E7-08B9C2547B2D.npy,HSP inhibitor
P015091,G23,s8,CBK308923,/mnt/micro-images-pvc/specs935-v1/specs935-v1-FA-P015091-U2OS-48h-P8-L2/2021-12-22/870/specs935-v1-FA-P015091-U2OS-48h-P8-L2_G23_s8_w578913DCD-9B02-4139-9ECE-F34832304663.npy,HSP inhibitor
P015091,G23,s9,CBK308923,/mnt/micro-images-pvc/specs935-v1/specs935-v1-FA-P015091-U2OS-48h-P8-L2/2021-12-22/870/specs935-v1-FA-P015091-U2OS-48h-P8-L2_G23_s9_w5B675A6A3-7726-4014-9CF9-8796DF063CF1.npy,HSP inhibitor
P015091,H02,s1,CBK289739,/mnt/micro-images-pvc/specs935-v1/specs935-v1-FA-P015091-U2OS-48h-P8-L2/2021-12-22/870/specs935-v1-FA-P015091-U2OS-48h-P8-L2_H02_s1_w5BCE44B09-8490-4217-A898-9320C42B2F2F.npy,HDAC inhibitor
P015091,H02,s2,CBK289739,/mnt/micro-images-pvc/specs935-v1/specs935-v1-FA-P015091-U2OS-48h-P8-L2/2021-12-22/870/specs935-v1-FA-P015091-U2OS-48h-P8-L2_H02_s2_w51621FBA9-A9FB-45C3-AD22-073D33789E99.npy,HDAC inhibitor
P015091,H02,s3,CBK289739,/mnt/micro-images-pvc/specs935-v1/specs935-v1-FA-P015091-U2OS-48h-P8-L2/2021-12-22/870/specs935-v1-FA-P015091-U2OS-48h-P8-L2_H02_s3_w583C4D4EF-A1CE-4E97-A8E2-EBF99A9493ED.npy,HDAC inhibitor
P015091,H02,s4,CBK289739,/mnt/micro-images-pvc/specs935-v1/specs935-v1-FA-P015091-U2OS-48h-P8-L2/2021-12-22/870/specs935-v1-FA-P015091-U2OS-48h-P8-L2_H02_s4_w535479EF3-A1EC-4B03-8980-3C963C5E458A.npy,HDAC inhibitor
P015091,H02,s5,CBK289739,/mnt/micro-images-pvc/specs935-v1/specs935-v1-FA-P015091-U2OS-48h-P8-L2/2021-12-22/870/specs935-v1-FA-P015091-U2OS-48h-P8-L2_H02_s5_w54E06226F-B5F9-4135-8456-FB211546BD7B.npy,HDAC inhibitor
P015091,H02,s6,CBK289739,/mnt/micro-images-pvc/specs935-v1/specs935-v1-FA-P015091-U2OS-48h-P8-L2/2021-12-22/870/specs935-v1-FA-P015091-U2OS-48h-P8-L2_H02_s6_w5C3A73FC2-8584-42F1-9DCF-CE0EA9A3ECB7.npy,HDAC inhibitor
P015091,H02,s7,CBK289739,/mnt/micro-images-pvc/specs935-v1/specs935-v1-FA-P015091-U2OS-48h-P8-L2/2021-12-22/870/specs935-v1-FA-P015091-U2OS-48h-P8-L2_H02_s7_w5ABF8DD58-5061-47B2-AADE-E90C222F4ACF.npy,HDAC inhibitor
P015091,H02,s8,CBK289739,/mnt/micro-images-pvc/specs935-v1/specs935-v1-FA-P015091-U2OS-48h-P8-L2/2021-12-22/870/specs935-v1-FA-P015091-U2OS-48h-P8-L2_H02_s8_w57A0BA875-7D6C-4B9F-AE5C-72191DBF3B1A.npy,HDAC inhibitor
P015091,H02,s9,CBK289739,/mnt/micro-images-pvc/specs935-v1/specs935-v1-FA-P015091-U2OS-48h-P8-L2/2021-12-22/870/specs935-v1-FA-P015091-U2OS-48h-P8-L2_H02_s9_w58AD70209-04D9-4500-8B4B-D725F6FE342D.npy,HDAC inhibitor
P015091,H03,s1,CBK290945,/mnt/micro-images-pvc/specs935-v1/specs935-v1-FA-P015091-U2OS-48h-P8-L2/2021-12-22/870/specs935-v1-FA-P015091-U2OS-48h-P8-L2_H03_s1_w5A9B54472-782B-48EA-926E-441521EBA30F.npy,HDAC inhibitor
P015091,H03,s2,CBK290945,/mnt/micro-images-pvc/specs935-v1/specs935-v1-FA-P015091-U2OS-48h-P8-L2/2021-12-22/870/specs935-v1-FA-P015091-U2OS-48h-P8-L2_H03_s2_w57869C2E8-6898-47D7-966B-05E505D59F9D.npy,HDAC inhibitor
P015091,H03,s3,CBK290945,/mnt/micro-images-pvc/specs935-v1/specs935-v1-FA-P015091-U2OS-48h-P8-L2/2021-12-22/870/specs935-v1-FA-P015091-U2OS-48h-P8-L2_H03_s3_w570F83B2A-40B0-489C-AECF-6A2517DA72F3.npy,HDAC inhibitor
P015091,H03,s4,CBK290945,/mnt/micro-images-pvc/specs935-v1/specs935-v1-FA-P015091-U2OS-48h-P8-L2/2021-12-22/870/specs935-v1-FA-P015091-U2OS-48h-P8-L2_H03_s4_w541C1255B-828C-4525-B63C-1ED3E85E09D8.npy,HDAC inhibitor
P015091,H03,s5,CBK290945,/mnt/micro-images-pvc/specs935-v1/specs935-v1-FA-P015091-U2OS-48h-P8-L2/2021-12-22/870/specs935-v1-FA-P015091-U2OS-48h-P8-L2_H03_s5_w573374D6D-9AC7-4B78-B2BC-79B11CAE1CA8.npy,HDAC inhibitor
P015091,H03,s6,CBK290945,/mnt/micro-images-pvc/specs935-v1/specs935-v1-FA-P015091-U2OS-48h-P8-L2/2021-12-22/870/specs935-v1-FA-P015091-U2OS-48h-P8-L2_H03_s6_w55006AE04-162B-4924-97AC-D874C3D25B28.npy,HDAC inhibitor
P015091,H03,s7,CBK290945,/mnt/micro-images-pvc/specs935-v1/specs935-v1-FA-P015091-U2OS-48h-P8-L2/2021-12-22/870/specs935-v1-FA-P015091-U2OS-48h-P8-L2_H03_s7_w58DD0C12F-77D7-4FE6-B8D8-B9F06B21D4C8.npy,HDAC inhibitor
P015091,H03,s8,CBK290945,/mnt/micro-images-pvc/specs935-v1/specs935-v1-FA-P015091-U2OS-48h-P8-L2/2021-12-22/870/specs935-v1-FA-P015091-U2OS-48h-P8-L2_H03_s8_w5B7DF84D5-94E7-467B-BF52-EB5733BD30EE.npy,HDAC inhibitor
P015091,H03,s9,CBK290945,/mnt/micro-images-pvc/specs935-v1/specs935-v1-FA-P015091-U2OS-48h-P8-L2/2021-12-22/870/specs935-v1-FA-P015091-U2OS-48h-P8-L2_H03_s9_w558AB26DA-8727-4AAB-BB18-D5D680567128.npy,HDAC inhibitor
P015091,H05,s1,CBK290816,/mnt/micro-images-pvc/specs935-v1/specs935-v1-FA-P015091-U2OS-48h-P8-L2/2021-12-22/870/specs935-v1-FA-P015091-U2OS-48h-P8-L2_H05_s1_w526F31929-1CF8-4E68-941C-4665B98EE60D.npy,HDAC inhibitor
P015091,H05,s2,CBK290816,/mnt/micro-images-pvc/specs935-v1/specs935-v1-FA-P015091-U2OS-48h-P8-L2/2021-12-22/870/specs935-v1-FA-P015091-U2OS-48h-P8-L2_H05_s2_w5C6979637-1735-4718-8AA0-F8510C082AC1.npy,HDAC inhibitor
P015091,H05,s3,CBK290816,/mnt/micro-images-pvc/specs935-v1/specs935-v1-FA-P015091-U2OS-48h-P8-L2/2021-12-22/870/specs935-v1-FA-P015091-U2OS-48h-P8-L2_H05_s3_w55834841D-7B8E-4EFB-8977-819C8579D2B8.npy,HDAC inhibitor
P015091,H05,s4,CBK290816,/mnt/micro-images-pvc/specs935-v1/specs935-v1-FA-P015091-U2OS-48h-P8-L2/2021-12-22/870/specs935-v1-FA-P015091-U2OS-48h-P8-L2_H05_s4_w5CE266768-708E-422E-B0E1-E65C72CB9A9C.npy,HDAC inhibitor
P015091,H05,s5,CBK290816,/mnt/micro-images-pvc/specs935-v1/specs935-v1-FA-P015091-U2OS-48h-P8-L2/2021-12-22/870/specs935-v1-FA-P015091-U2OS-48h-P8-L2_H05_s5_w5212B1B73-1854-4809-B5B2-8D5CEB47C0C8.npy,HDAC inhibitor
P015091,H05,s6,CBK290816,/mnt/micro-images-pvc/specs935-v1/specs935-v1-FA-P015091-U2OS-48h-P8-L2/2021-12-22/870/specs935-v1-FA-P015091-U2OS-48h-P8-L2_H05_s6_w5E4F5B6E0-CFA7-4057-A6B2-57E5FE7CD0A2.npy,HDAC inhibitor
P015091,H05,s7,CBK290816,/mnt/micro-images-pvc/specs935-v1/specs935-v1-FA-P015091-U2OS-48h-P8-L2/2021-12-22/870/specs935-v1-FA-P015091-U2OS-48h-P8-L2_H05_s7_w534235B8D-93FE-4C2B-B289-5606E471A379.npy,HDAC inhibitor
P015091,H05,s8,CBK290816,/mnt/micro-images-pvc/specs935-v1/specs935-v1-FA-P015091-U2OS-48h-P8-L2/2021-12-22/870/specs935-v1-FA-P015091-U2OS-48h-P8-L2_H05_s8_w57D0F995F-A034-4B19-B747-7F321EC2DEFC.npy,HDAC inhibitor
P015091,H05,s9,CBK290816,/mnt/micro-images-pvc/specs935-v1/specs935-v1-FA-P015091-U2OS-48h-P8-L2/2021-12-22/870/specs935-v1-FA-P015091-U2OS-48h-P8-L2_H05_s9_w54B7383E7-C844-4B9B-8366-5418736CCB44.npy,HDAC inhibitor
P015091,H12,s1,CBK303971,/mnt/micro-images-pvc/specs935-v1/specs935-v1-FA-P015091-U2OS-48h-P8-L2/2021-12-22/870/specs935-v1-FA-P015091-U2OS-48h-P8-L2_H12_s1_w5B1EB722A-847A-4B15-8829-FB045FAD4215.npy,HDAC inhibitor
P015091,H12,s2,CBK303971,/mnt/micro-images-pvc/specs935-v1/specs935-v1-FA-P015091-U2OS-48h-P8-L2/2021-12-22/870/specs935-v1-FA-P015091-U2OS-48h-P8-L2_H12_s2_w561FC52C2-947C-44CD-A01E-039EB0807DEB.npy,HDAC inhibitor
P015091,H12,s3,CBK303971,/mnt/micro-images-pvc/specs935-v1/specs935-v1-FA-P015091-U2OS-48h-P8-L2/2021-12-22/870/specs935-v1-FA-P015091-U2OS-48h-P8-L2_H12_s3_w515969C29-4DA7-424C-9A27-BCCFCA795B8B.npy,HDAC inhibitor
P015091,H12,s4,CBK303971,/mnt/micro-images-pvc/specs935-v1/specs935-v1-FA-P015091-U2OS-48h-P8-L2/2021-12-22/870/specs935-v1-FA-P015091-U2OS-48h-P8-L2_H12_s4_w5926CF37C-86F0-4B47-9372-AE81B17D978F.npy,HDAC inhibitor
P015091,H12,s5,CBK303971,/mnt/micro-images-pvc/specs935-v1/specs935-v1-FA-P015091-U2OS-48h-P8-L2/2021-12-22/870/specs935-v1-FA-P015091-U2OS-48h-P8-L2_H12_s5_w5F63518F7-136A-4AFF-835A-B4C4F168CEF8.npy,HDAC inhibitor
P015091,H12,s6,CBK303971,/mnt/micro-images-pvc/specs935-v1/specs935-v1-FA-P015091-U2OS-48h-P8-L2/2021-12-22/870/specs935-v1-FA-P015091-U2OS-48h-P8-L2_H12_s6_w5748D8AE1-D9F4-4144-A330-8FC9ACF71339.npy,HDAC inhibitor
P015091,H12,s7,CBK303971,/mnt/micro-images-pvc/specs935-v1/specs935-v1-FA-P015091-U2OS-48h-P8-L2/2021-12-22/870/specs935-v1-FA-P015091-U2OS-48h-P8-L2_H12_s7_w58BF2C4F0-8A41-49B6-B152-0C4A920F7155.npy,HDAC inhibitor
P015091,H12,s8,CBK303971,/mnt/micro-images-pvc/specs935-v1/specs935-v1-FA-P015091-U2OS-48h-P8-L2/2021-12-22/870/specs935-v1-FA-P015091-U2OS-48h-P8-L2_H12_s8_w59941C3FE-F40A-4792-A132-4BBAFEA81555.npy,HDAC inhibitor
P015091,H12,s9,CBK303971,/mnt/micro-images-pvc/specs935-v1/specs935-v1-FA-P015091-U2OS-48h-P8-L2/2021-12-22/870/specs935-v1-FA-P015091-U2OS-48h-P8-L2_H12_s9_w52D791D6C-C9EF-490D-83C6-9F7FA552A794.npy,HDAC inhibitor
P015091,H17,s1,CBK290837,/mnt/micro-images-pvc/specs935-v1/specs935-v1-FA-P015091-U2OS-48h-P8-L2/2021-12-22/870/specs935-v1-FA-P015091-U2OS-48h-P8-L2_H17_s1_w57E3F0262-B416-4B95-8107-01A7A457FB67.npy,HDAC inhibitor
P015091,H17,s2,CBK290837,/mnt/micro-images-pvc/specs935-v1/specs935-v1-FA-P015091-U2OS-48h-P8-L2/2021-12-22/870/specs935-v1-FA-P015091-U2OS-48h-P8-L2_H17_s2_w507B42C57-50F9-4BF2-83EE-EF087C3854FF.npy,HDAC inhibitor
P015091,H17,s3,CBK290837,/mnt/micro-images-pvc/specs935-v1/specs935-v1-FA-P015091-U2OS-48h-P8-L2/2021-12-22/870/specs935-v1-FA-P015091-U2OS-48h-P8-L2_H17_s3_w53C24926F-28DF-4CA1-A05E-9F08416B9FF9.npy,HDAC inhibitor
P015091,H17,s4,CBK290837,/mnt/micro-images-pvc/specs935-v1/specs935-v1-FA-P015091-U2OS-48h-P8-L2/2021-12-22/870/specs935-v1-FA-P015091-U2OS-48h-P8-L2_H17_s4_w54A8853F3-01B1-4E78-AA1B-B8742667F211.npy,HDAC inhibitor
P015091,H17,s5,CBK290837,/mnt/micro-images-pvc/specs935-v1/specs935-v1-FA-P015091-U2OS-48h-P8-L2/2021-12-22/870/specs935-v1-FA-P015091-U2OS-48h-P8-L2_H17_s5_w51F2EB959-084A-453F-BCE4-E3CAC40DF733.npy,HDAC inhibitor
P015091,H17,s6,CBK290837,/mnt/micro-images-pvc/specs935-v1/specs935-v1-FA-P015091-U2OS-48h-P8-L2/2021-12-22/870/specs935-v1-FA-P015091-U2OS-48h-P8-L2_H17_s6_w5ABCBA568-D4A2-45B5-AE94-C91A28C456DC.npy,HDAC inhibitor
P015091,H17,s7,CBK290837,/mnt/micro-images-pvc/specs935-v1/specs935-v1-FA-P015091-U2OS-48h-P8-L2/2021-12-22/870/specs935-v1-FA-P015091-U2OS-48h-P8-L2_H17_s7_w5E8374479-D7CB-4347-A4DB-46EB577C5153.npy,HDAC inhibitor
P015091,H17,s8,CBK290837,/mnt/micro-images-pvc/specs935-v1/specs935-v1-FA-P015091-U2OS-48h-P8-L2/2021-12-22/870/specs935-v1-FA-P015091-U2OS-48h-P8-L2_H17_s8_w5EF000F90-90F9-477D-881C-574834200D7B.npy,HDAC inhibitor
P015091,H17,s9,CBK290837,/mnt/micro-images-pvc/specs935-v1/specs935-v1-FA-P015091-U2OS-48h-P8-L2/2021-12-22/870/specs935-v1-FA-P015091-U2OS-48h-P8-L2_H17_s9_w5AE0CF658-849E-424F-98AA-902F4AE9186C.npy,HDAC inhibitor
P015091,H19,s1,CBK309523,/mnt/micro-images-pvc/specs935-v1/specs935-v1-FA-P015091-U2OS-48h-P8-L2/2021-12-22/870/specs935-v1-FA-P015091-U2OS-48h-P8-L2_H19_s1_w55490AFA0-22EE-4EBA-B55F-173E68F0F6D3.npy,HDAC inhibitor
P015091,H19,s2,CBK309523,/mnt/micro-images-pvc/specs935-v1/specs935-v1-FA-P015091-U2OS-48h-P8-L2/2021-12-22/870/specs935-v1-FA-P015091-U2OS-48h-P8-L2_H19_s2_w546F8054D-008D-4936-AE40-5DAD968F8728.npy,HDAC inhibitor
P015091,H19,s3,CBK309523,/mnt/micro-images-pvc/specs935-v1/specs935-v1-FA-P015091-U2OS-48h-P8-L2/2021-12-22/870/specs935-v1-FA-P015091-U2OS-48h-P8-L2_H19_s3_w524132EF4-DC74-440B-B81D-0275D845CD9A.npy,HDAC inhibitor
P015091,H19,s4,CBK309523,/mnt/micro-images-pvc/specs935-v1/specs935-v1-FA-P015091-U2OS-48h-P8-L2/2021-12-22/870/specs935-v1-FA-P015091-U2OS-48h-P8-L2_H19_s4_w50450912A-5F33-4F1D-BFE5-963EE00E445E.npy,HDAC inhibitor
P015091,H19,s5,CBK309523,/mnt/micro-images-pvc/specs935-v1/specs935-v1-FA-P015091-U2OS-48h-P8-L2/2021-12-22/870/specs935-v1-FA-P015091-U2OS-48h-P8-L2_H19_s5_w59DADBC4F-5C17-47B3-BC91-963E8A194BEC.npy,HDAC inhibitor
P015091,H19,s6,CBK309523,/mnt/micro-images-pvc/specs935-v1/specs935-v1-FA-P015091-U2OS-48h-P8-L2/2021-12-22/870/specs935-v1-FA-P015091-U2OS-48h-P8-L2_H19_s6_w5FEEC46C6-358D-4768-BB75-6F65E8338A3A.npy,HDAC inhibitor
P015091,H19,s7,CBK309523,/mnt/micro-images-pvc/specs935-v1/specs935-v1-FA-P015091-U2OS-48h-P8-L2/2021-12-22/870/specs935-v1-FA-P015091-U2OS-48h-P8-L2_H19_s7_w50E43C0F2-534C-48B0-B9FD-579854200B5E.npy,HDAC inhibitor
P015091,H19,s8,CBK309523,/mnt/micro-images-pvc/specs935-v1/specs935-v1-FA-P015091-U2OS-48h-P8-L2/2021-12-22/870/specs935-v1-FA-P015091-U2OS-48h-P8-L2_H19_s8_w5D9089565-37F2-4EE7-A7E7-3242E5B96C2B.npy,HDAC inhibitor
P015091,H19,s9,CBK309523,/mnt/micro-images-pvc/specs935-v1/specs935-v1-FA-P015091-U2OS-48h-P8-L2/2021-12-22/870/specs935-v1-FA-P015091-U2OS-48h-P8-L2_H19_s9_w5B48759D7-54CF-42A8-891A-6C7C7FFD7E14.npy,HDAC inhibitor
P015091,H22,s1,CBK291055,/mnt/micro-images-pvc/specs935-v1/specs935-v1-FA-P015091-U2OS-48h-P8-L2/2021-12-22/870/specs935-v1-FA-P015091-U2OS-48h-P8-L2_H22_s1_w586EE90B7-8CBC-4182-B1CE-BA2052699F48.npy,HDAC inhibitor
P015091,H22,s2,CBK291055,/mnt/micro-images-pvc/specs935-v1/specs935-v1-FA-P015091-U2OS-48h-P8-L2/2021-12-22/870/specs935-v1-FA-P015091-U2OS-48h-P8-L2_H22_s2_w507C26741-5D57-4EBC-A2BB-D669BD25BBE1.npy,HDAC inhibitor
P015091,H22,s3,CBK291055,/mnt/micro-images-pvc/specs935-v1/specs935-v1-FA-P015091-U2OS-48h-P8-L2/2021-12-22/870/specs935-v1-FA-P015091-U2OS-48h-P8-L2_H22_s3_w5F1EBE7C4-ABDD-4257-BFC3-C19225BA775D.npy,HDAC inhibitor
P015091,H22,s4,CBK291055,/mnt/micro-images-pvc/specs935-v1/specs935-v1-FA-P015091-U2OS-48h-P8-L2/2021-12-22/870/specs935-v1-FA-P015091-U2OS-48h-P8-L2_H22_s4_w5A0451EDD-DB85-4332-B975-AC719A4AD019.npy,HDAC inhibitor
P015091,H22,s5,CBK291055,/mnt/micro-images-pvc/specs935-v1/specs935-v1-FA-P015091-U2OS-48h-P8-L2/2021-12-22/870/specs935-v1-FA-P015091-U2OS-48h-P8-L2_H22_s5_w596BC6BD2-C3BB-4B9D-9F20-E0426966D53A.npy,HDAC inhibitor
P015091,H22,s6,CBK291055,/mnt/micro-images-pvc/specs935-v1/specs935-v1-FA-P015091-U2OS-48h-P8-L2/2021-12-22/870/specs935-v1-FA-P015091-U2OS-48h-P8-L2_H22_s6_w503259BD7-3C9F-4FCE-84CF-F02391E0EF39.npy,HDAC inhibitor
P015091,H22,s7,CBK291055,/mnt/micro-images-pvc/specs935-v1/specs935-v1-FA-P015091-U2OS-48h-P8-L2/2021-12-22/870/specs935-v1-FA-P015091-U2OS-48h-P8-L2_H22_s7_w5603A58CF-233E-4033-B892-194637D1C12C.npy,HDAC inhibitor
P015091,H22,s8,CBK291055,/mnt/micro-images-pvc/specs935-v1/specs935-v1-FA-P015091-U2OS-48h-P8-L2/2021-12-22/870/specs935-v1-FA-P015091-U2OS-48h-P8-L2_H22_s8_w52E8DCFB5-A5E6-4297-8113-387AF17AC421.npy,HDAC inhibitor
P015091,H22,s9,CBK291055,/mnt/micro-images-pvc/specs935-v1/specs935-v1-FA-P015091-U2OS-48h-P8-L2/2021-12-22/870/specs935-v1-FA-P015091-U2OS-48h-P8-L2_H22_s9_w5E2BFB321-C633-43D3-BD71-0E7316E5727F.npy,HDAC inhibitor
P015091,I03,s1,CBK307768,/mnt/micro-images-pvc/specs935-v1/specs935-v1-FA-P015091-U2OS-48h-P8-L2/2021-12-22/870/specs935-v1-FA-P015091-U2OS-48h-P8-L2_I03_s1_w55BFCBDBC-45DF-45A7-9E8F-B7B1E83D1487.npy,HSP inhibitor
P015091,I03,s2,CBK307768,/mnt/micro-images-pvc/specs935-v1/specs935-v1-FA-P015091-U2OS-48h-P8-L2/2021-12-22/870/specs935-v1-FA-P015091-U2OS-48h-P8-L2_I03_s2_w5E589DEED-86C6-4AF0-ACCA-98F8E8DB6A56.npy,HSP inhibitor
P015091,I03,s3,CBK307768,/mnt/micro-images-pvc/specs935-v1/specs935-v1-FA-P015091-U2OS-48h-P8-L2/2021-12-22/870/specs935-v1-FA-P015091-U2OS-48h-P8-L2_I03_s3_w50B3BA734-396D-4D83-BC71-B8D705C3E322.npy,HSP inhibitor
P015091,I03,s4,CBK307768,/mnt/micro-images-pvc/specs935-v1/specs935-v1-FA-P015091-U2OS-48h-P8-L2/2021-12-22/870/specs935-v1-FA-P015091-U2OS-48h-P8-L2_I03_s4_w50D3CE89A-34DF-4D98-98DF-663744BCF6A4.npy,HSP inhibitor
P015091,I03,s5,CBK307768,/mnt/micro-images-pvc/specs935-v1/specs935-v1-FA-P015091-U2OS-48h-P8-L2/2021-12-22/870/specs935-v1-FA-P015091-U2OS-48h-P8-L2_I03_s5_w510D7F77B-9535-419B-9DFE-C1CC09D7F453.npy,HSP inhibitor
P015091,I03,s6,CBK307768,/mnt/micro-images-pvc/specs935-v1/specs935-v1-FA-P015091-U2OS-48h-P8-L2/2021-12-22/870/specs935-v1-FA-P015091-U2OS-48h-P8-L2_I03_s6_w50FC5C59F-28E8-4E9B-9DEC-A649BF7D2486.npy,HSP inhibitor
P015091,I03,s7,CBK307768,/mnt/micro-images-pvc/specs935-v1/specs935-v1-FA-P015091-U2OS-48h-P8-L2/2021-12-22/870/specs935-v1-FA-P015091-U2OS-48h-P8-L2_I03_s7_w5E8D2A170-2FB7-4CC0-A829-0404A2308CA7.npy,HSP inhibitor
P015091,I03,s8,CBK307768,/mnt/micro-images-pvc/specs935-v1/specs935-v1-FA-P015091-U2OS-48h-P8-L2/2021-12-22/870/specs935-v1-FA-P015091-U2OS-48h-P8-L2_I03_s8_w58EBE5EB2-C8D4-4727-B0F4-EFC3B4BBEF86.npy,HSP inhibitor
P015091,I03,s9,CBK307768,/mnt/micro-images-pvc/specs935-v1/specs935-v1-FA-P015091-U2OS-48h-P8-L2/2021-12-22/870/specs935-v1-FA-P015091-U2OS-48h-P8-L2_I03_s9_w5087010D8-C6EE-40A4-BB52-D9B47EE9BA9B.npy,HSP inhibitor
P015091,I04,s1,CBK290760,/mnt/micro-images-pvc/specs935-v1/specs935-v1-FA-P015091-U2OS-48h-P8-L2/2021-12-22/870/specs935-v1-FA-P015091-U2OS-48h-P8-L2_I04_s1_w519705391-264A-408A-99B1-05F52858FC97.npy,HSP inhibitor
P015091,I04,s2,CBK290760,/mnt/micro-images-pvc/specs935-v1/specs935-v1-FA-P015091-U2OS-48h-P8-L2/2021-12-22/870/specs935-v1-FA-P015091-U2OS-48h-P8-L2_I04_s2_w592EBD42A-3E34-416C-ABDC-FC0B0B493EDD.npy,HSP inhibitor
P015091,I04,s3,CBK290760,/mnt/micro-images-pvc/specs935-v1/specs935-v1-FA-P015091-U2OS-48h-P8-L2/2021-12-22/870/specs935-v1-FA-P015091-U2OS-48h-P8-L2_I04_s3_w5F728B4C8-166C-4D94-A753-B8193648EE4F.npy,HSP inhibitor
P015091,I04,s4,CBK290760,/mnt/micro-images-pvc/specs935-v1/specs935-v1-FA-P015091-U2OS-48h-P8-L2/2021-12-22/870/specs935-v1-FA-P015091-U2OS-48h-P8-L2_I04_s4_w51F64C737-46DF-45E3-8B16-5F0AB00E8784.npy,HSP inhibitor
P015091,I04,s5,CBK290760,/mnt/micro-images-pvc/specs935-v1/specs935-v1-FA-P015091-U2OS-48h-P8-L2/2021-12-22/870/specs935-v1-FA-P015091-U2OS-48h-P8-L2_I04_s5_w5E12747EF-23DE-48CB-81EA-07DAC80E2637.npy,HSP inhibitor
P015091,I04,s6,CBK290760,/mnt/micro-images-pvc/specs935-v1/specs935-v1-FA-P015091-U2OS-48h-P8-L2/2021-12-22/870/specs935-v1-FA-P015091-U2OS-48h-P8-L2_I04_s6_w52D9F2CB6-5FAA-4E70-B719-837FAA7D9E33.npy,HSP inhibitor
P015091,I04,s7,CBK290760,/mnt/micro-images-pvc/specs935-v1/specs935-v1-FA-P015091-U2OS-48h-P8-L2/2021-12-22/870/specs935-v1-FA-P015091-U2OS-48h-P8-L2_I04_s7_w506C1FC96-7FE9-47CC-9403-49DFE3FCA900.npy,HSP inhibitor
P015091,I04,s8,CBK290760,/mnt/micro-images-pvc/specs935-v1/specs935-v1-FA-P015091-U2OS-48h-P8-L2/2021-12-22/870/specs935-v1-FA-P015091-U2OS-48h-P8-L2_I04_s8_w5169BB042-2D70-4060-845B-B73F559647B0.npy,HSP inhibitor
P015091,I04,s9,CBK290760,/mnt/micro-images-pvc/specs935-v1/specs935-v1-FA-P015091-U2OS-48h-P8-L2/2021-12-22/870/specs935-v1-FA-P015091-U2OS-48h-P8-L2_I04_s9_w5C311BB0B-B446-4A33-96BC-343D9F096A98.npy,HSP inhibitor
P015091,I05,s1,CBK309488,/mnt/micro-images-pvc/specs935-v1/specs935-v1-FA-P015091-U2OS-48h-P8-L2/2021-12-22/870/specs935-v1-FA-P015091-U2OS-48h-P8-L2_I05_s1_w53096309E-CD0E-487B-9F35-B824F6DBFA4B.npy,HSP inhibitor
P015091,I05,s2,CBK309488,/mnt/micro-images-pvc/specs935-v1/specs935-v1-FA-P015091-U2OS-48h-P8-L2/2021-12-22/870/specs935-v1-FA-P015091-U2OS-48h-P8-L2_I05_s2_w5A6CBFA58-8EBE-44D6-BB98-EEF9DD0FF28C.npy,HSP inhibitor
P015091,I05,s3,CBK309488,/mnt/micro-images-pvc/specs935-v1/specs935-v1-FA-P015091-U2OS-48h-P8-L2/2021-12-22/870/specs935-v1-FA-P015091-U2OS-48h-P8-L2_I05_s3_w5937FF944-2903-4964-A3B8-2941A957DABD.npy,HSP inhibitor
P015091,I05,s4,CBK309488,/mnt/micro-images-pvc/specs935-v1/specs935-v1-FA-P015091-U2OS-48h-P8-L2/2021-12-22/870/specs935-v1-FA-P015091-U2OS-48h-P8-L2_I05_s4_w5262A1E97-0C5A-49EC-A29D-72DC9E4A8011.npy,HSP inhibitor
P015091,I05,s5,CBK309488,/mnt/micro-images-pvc/specs935-v1/specs935-v1-FA-P015091-U2OS-48h-P8-L2/2021-12-22/870/specs935-v1-FA-P015091-U2OS-48h-P8-L2_I05_s5_w56305BE31-E370-4D80-8866-1C342C8BB39C.npy,HSP inhibitor
P015091,I05,s6,CBK309488,/mnt/micro-images-pvc/specs935-v1/specs935-v1-FA-P015091-U2OS-48h-P8-L2/2021-12-22/870/specs935-v1-FA-P015091-U2OS-48h-P8-L2_I05_s6_w5B317883B-2258-43CB-AED7-19445F77F589.npy,HSP inhibitor
P015091,I05,s7,CBK309488,/mnt/micro-images-pvc/specs935-v1/specs935-v1-FA-P015091-U2OS-48h-P8-L2/2021-12-22/870/specs935-v1-FA-P015091-U2OS-48h-P8-L2_I05_s7_w5B8C4A236-C4E3-4BBA-9AA6-638CB78CA6E5.npy,HSP inhibitor
P015091,I05,s8,CBK309488,/mnt/micro-images-pvc/specs935-v1/specs935-v1-FA-P015091-U2OS-48h-P8-L2/2021-12-22/870/specs935-v1-FA-P015091-U2OS-48h-P8-L2_I05_s8_w5DAE420F3-1727-4AED-BB77-9F402718E9C3.npy,HSP inhibitor
P015091,I05,s9,CBK309488,/mnt/micro-images-pvc/specs935-v1/specs935-v1-FA-P015091-U2OS-48h-P8-L2/2021-12-22/870/specs935-v1-FA-P015091-U2OS-48h-P8-L2_I05_s9_w528DDE103-E991-4F84-9E37-F1EBBC2D36EB.npy,HSP inhibitor
P015091,I06,s1,CBK308657,/mnt/micro-images-pvc/specs935-v1/specs935-v1-FA-P015091-U2OS-48h-P8-L2/2021-12-22/870/specs935-v1-FA-P015091-U2OS-48h-P8-L2_I06_s1_w5B94F2F2B-A7D4-4B45-8BF1-1324302292ED.npy,HSP inhibitor
P015091,I06,s2,CBK308657,/mnt/micro-images-pvc/specs935-v1/specs935-v1-FA-P015091-U2OS-48h-P8-L2/2021-12-22/870/specs935-v1-FA-P015091-U2OS-48h-P8-L2_I06_s2_w5312B0F9D-C128-4C6B-9B78-4216CE2B6B16.npy,HSP inhibitor
P015091,I06,s3,CBK308657,/mnt/micro-images-pvc/specs935-v1/specs935-v1-FA-P015091-U2OS-48h-P8-L2/2021-12-22/870/specs935-v1-FA-P015091-U2OS-48h-P8-L2_I06_s3_w5247AE273-D7B3-4E18-9B11-31D1D921DDF6.npy,HSP inhibitor
P015091,I06,s4,CBK308657,/mnt/micro-images-pvc/specs935-v1/specs935-v1-FA-P015091-U2OS-48h-P8-L2/2021-12-22/870/specs935-v1-FA-P015091-U2OS-48h-P8-L2_I06_s4_w589884740-3294-4CEF-980A-D1B1738404DD.npy,HSP inhibitor
P015091,I06,s5,CBK308657,/mnt/micro-images-pvc/specs935-v1/specs935-v1-FA-P015091-U2OS-48h-P8-L2/2021-12-22/870/specs935-v1-FA-P015091-U2OS-48h-P8-L2_I06_s5_w58BDB50AB-B9D1-44D8-9831-7002880187B5.npy,HSP inhibitor
P015091,I06,s6,CBK308657,/mnt/micro-images-pvc/specs935-v1/specs935-v1-FA-P015091-U2OS-48h-P8-L2/2021-12-22/870/specs935-v1-FA-P015091-U2OS-48h-P8-L2_I06_s6_w543D5E435-A4FD-49E7-9936-D87517154782.npy,HSP inhibitor
P015091,I06,s7,CBK308657,/mnt/micro-images-pvc/specs935-v1/specs935-v1-FA-P015091-U2OS-48h-P8-L2/2021-12-22/870/specs935-v1-FA-P015091-U2OS-48h-P8-L2_I06_s7_w5EB46533E-6481-41A4-8590-A97027E89437.npy,HSP inhibitor
P015091,I06,s8,CBK308657,/mnt/micro-images-pvc/specs935-v1/specs935-v1-FA-P015091-U2OS-48h-P8-L2/2021-12-22/870/specs935-v1-FA-P015091-U2OS-48h-P8-L2_I06_s8_w5F44DCF2E-B8A1-471D-9E9C-39B809F31271.npy,HSP inhibitor
P015091,I06,s9,CBK308657,/mnt/micro-images-pvc/specs935-v1/specs935-v1-FA-P015091-U2OS-48h-P8-L2/2021-12-22/870/specs935-v1-FA-P015091-U2OS-48h-P8-L2_I06_s9_w5D31FA68B-A7C4-4779-95E1-501F7F9A772A.npy,HSP inhibitor
P015091,I10,s1,CBK291020,/mnt/micro-images-pvc/specs935-v1/specs935-v1-FA-P015091-U2OS-48h-P8-L2/2021-12-22/870/specs935-v1-FA-P015091-U2OS-48h-P8-L2_I10_s1_w505C6CE93-DC4E-45B1-BE26-D0B958011477.npy,HDAC inhibitor
P015091,I10,s2,CBK291020,/mnt/micro-images-pvc/specs935-v1/specs935-v1-FA-P015091-U2OS-48h-P8-L2/2021-12-22/870/specs935-v1-FA-P015091-U2OS-48h-P8-L2_I10_s2_w5B22ED7F5-6C78-4D19-8874-A87F33A7287D.npy,HDAC inhibitor
P015091,I10,s3,CBK291020,/mnt/micro-images-pvc/specs935-v1/specs935-v1-FA-P015091-U2OS-48h-P8-L2/2021-12-22/870/specs935-v1-FA-P015091-U2OS-48h-P8-L2_I10_s3_w5475DBB26-5D99-4C90-A5EB-49AF01EE4CBC.npy,HDAC inhibitor
P015091,I10,s4,CBK291020,/mnt/micro-images-pvc/specs935-v1/specs935-v1-FA-P015091-U2OS-48h-P8-L2/2021-12-22/870/specs935-v1-FA-P015091-U2OS-48h-P8-L2_I10_s4_w5E0B387B3-A201-4ACE-85FB-8EA9A0332C4B.npy,HDAC inhibitor
P015091,I10,s5,CBK291020,/mnt/micro-images-pvc/specs935-v1/specs935-v1-FA-P015091-U2OS-48h-P8-L2/2021-12-22/870/specs935-v1-FA-P015091-U2OS-48h-P8-L2_I10_s5_w5D1ED20A0-9548-43A7-964E-4A2DE993C48C.npy,HDAC inhibitor
P015091,I10,s6,CBK291020,/mnt/micro-images-pvc/specs935-v1/specs935-v1-FA-P015091-U2OS-48h-P8-L2/2021-12-22/870/specs935-v1-FA-P015091-U2OS-48h-P8-L2_I10_s6_w55B25015B-B8A4-4D62-B902-2988AF7DBC9C.npy,HDAC inhibitor
P015091,I10,s7,CBK291020,/mnt/micro-images-pvc/specs935-v1/specs935-v1-FA-P015091-U2OS-48h-P8-L2/2021-12-22/870/specs935-v1-FA-P015091-U2OS-48h-P8-L2_I10_s7_w53A67E3A3-4857-4483-B504-5EDC0528AE98.npy,HDAC inhibitor
P015091,I10,s8,CBK291020,/mnt/micro-images-pvc/specs935-v1/specs935-v1-FA-P015091-U2OS-48h-P8-L2/2021-12-22/870/specs935-v1-FA-P015091-U2OS-48h-P8-L2_I10_s8_w5DCCBCBFE-4E97-49F5-B2D9-DAB71B819012.npy,HDAC inhibitor
P015091,I10,s9,CBK291020,/mnt/micro-images-pvc/specs935-v1/specs935-v1-FA-P015091-U2OS-48h-P8-L2/2021-12-22/870/specs935-v1-FA-P015091-U2OS-48h-P8-L2_I10_s9_w5C746A0E0-42DE-4CB7-9D7B-6479D08B4E99.npy,HDAC inhibitor
P015091,I11,s1,CBK289739,/mnt/micro-images-pvc/specs935-v1/specs935-v1-FA-P015091-U2OS-48h-P8-L2/2021-12-22/870/specs935-v1-FA-P015091-U2OS-48h-P8-L2_I11_s1_w5FAAA2A91-A527-4825-B396-BAD19C06633C.npy,HDAC inhibitor
P015091,I11,s2,CBK289739,/mnt/micro-images-pvc/specs935-v1/specs935-v1-FA-P015091-U2OS-48h-P8-L2/2021-12-22/870/specs935-v1-FA-P015091-U2OS-48h-P8-L2_I11_s2_w5DA823EA3-72AE-4350-8C87-AA0E8EBCCFED.npy,HDAC inhibitor
P015091,I11,s3,CBK289739,/mnt/micro-images-pvc/specs935-v1/specs935-v1-FA-P015091-U2OS-48h-P8-L2/2021-12-22/870/specs935-v1-FA-P015091-U2OS-48h-P8-L2_I11_s3_w5DCBE47BE-E78B-4CD5-BB3C-EDFBA00B60BA.npy,HDAC inhibitor
P015091,I11,s4,CBK289739,/mnt/micro-images-pvc/specs935-v1/specs935-v1-FA-P015091-U2OS-48h-P8-L2/2021-12-22/870/specs935-v1-FA-P015091-U2OS-48h-P8-L2_I11_s4_w5B3F9DBB4-44B8-4E66-A3AB-7812B7F307BD.npy,HDAC inhibitor
P015091,I11,s5,CBK289739,/mnt/micro-images-pvc/specs935-v1/specs935-v1-FA-P015091-U2OS-48h-P8-L2/2021-12-22/870/specs935-v1-FA-P015091-U2OS-48h-P8-L2_I11_s5_w58C338793-DE28-4341-99F7-2F523D24E9B3.npy,HDAC inhibitor
P015091,I11,s6,CBK289739,/mnt/micro-images-pvc/specs935-v1/specs935-v1-FA-P015091-U2OS-48h-P8-L2/2021-12-22/870/specs935-v1-FA-P015091-U2OS-48h-P8-L2_I11_s6_w51F6C1757-34EC-4C61-9158-7B6324920E62.npy,HDAC inhibitor
P015091,I11,s7,CBK289739,/mnt/micro-images-pvc/specs935-v1/specs935-v1-FA-P015091-U2OS-48h-P8-L2/2021-12-22/870/specs935-v1-FA-P015091-U2OS-48h-P8-L2_I11_s7_w5CE3C25F9-A445-4A39-A96D-C146A7AA4DC3.npy,HDAC inhibitor
P015091,I11,s8,CBK289739,/mnt/micro-images-pvc/specs935-v1/specs935-v1-FA-P015091-U2OS-48h-P8-L2/2021-12-22/870/specs935-v1-FA-P015091-U2OS-48h-P8-L2_I11_s8_w5F47BC139-8985-43BE-A2BF-EEDAAEBADD1C.npy,HDAC inhibitor
P015091,I11,s9,CBK289739,/mnt/micro-images-pvc/specs935-v1/specs935-v1-FA-P015091-U2OS-48h-P8-L2/2021-12-22/870/specs935-v1-FA-P015091-U2OS-48h-P8-L2_I11_s9_w5D13B0F4B-7482-4D78-98B6-0F2C381DA140.npy,HDAC inhibitor
P015091,I16,s1,CBK278556G,/mnt/micro-images-pvc/specs935-v1/specs935-v1-FA-P015091-U2OS-48h-P8-L2/2021-12-22/870/specs935-v1-FA-P015091-U2OS-48h-P8-L2_I16_s1_w57EF21AFD-8F9C-4013-B585-FA574F0A41C8.npy,HSP inhibitor
P015091,I16,s2,CBK278556G,/mnt/micro-images-pvc/specs935-v1/specs935-v1-FA-P015091-U2OS-48h-P8-L2/2021-12-22/870/specs935-v1-FA-P015091-U2OS-48h-P8-L2_I16_s2_w517500DA2-5837-4CA1-BE19-387D755193E3.npy,HSP inhibitor
P015091,I16,s3,CBK278556G,/mnt/micro-images-pvc/specs935-v1/specs935-v1-FA-P015091-U2OS-48h-P8-L2/2021-12-22/870/specs935-v1-FA-P015091-U2OS-48h-P8-L2_I16_s3_w5B3CAE381-A01A-44E7-91A0-42B5427CC5B1.npy,HSP inhibitor
P015091,I16,s4,CBK278556G,/mnt/micro-images-pvc/specs935-v1/specs935-v1-FA-P015091-U2OS-48h-P8-L2/2021-12-22/870/specs935-v1-FA-P015091-U2OS-48h-P8-L2_I16_s4_w55D985B4C-C954-43A1-994F-BF88F64ADEEE.npy,HSP inhibitor
P015091,I16,s5,CBK278556G,/mnt/micro-images-pvc/specs935-v1/specs935-v1-FA-P015091-U2OS-48h-P8-L2/2021-12-22/870/specs935-v1-FA-P015091-U2OS-48h-P8-L2_I16_s5_w5238ED4B7-FD11-4FAF-8FE2-050BD93D0438.npy,HSP inhibitor
P015091,I16,s6,CBK278556G,/mnt/micro-images-pvc/specs935-v1/specs935-v1-FA-P015091-U2OS-48h-P8-L2/2021-12-22/870/specs935-v1-FA-P015091-U2OS-48h-P8-L2_I16_s6_w587691C49-5EF9-4344-BE5C-306C2171962C.npy,HSP inhibitor
P015091,I16,s7,CBK278556G,/mnt/micro-images-pvc/specs935-v1/specs935-v1-FA-P015091-U2OS-48h-P8-L2/2021-12-22/870/specs935-v1-FA-P015091-U2OS-48h-P8-L2_I16_s7_w52B635EA4-E724-41D9-BD03-0903157398F0.npy,HSP inhibitor
P015091,I16,s8,CBK278556G,/mnt/micro-images-pvc/specs935-v1/specs935-v1-FA-P015091-U2OS-48h-P8-L2/2021-12-22/870/specs935-v1-FA-P015091-U2OS-48h-P8-L2_I16_s8_w5FF330A9F-CE62-42E6-9728-F14C4B8BE8F4.npy,HSP inhibitor
P015091,I16,s9,CBK278556G,/mnt/micro-images-pvc/specs935-v1/specs935-v1-FA-P015091-U2OS-48h-P8-L2/2021-12-22/870/specs935-v1-FA-P015091-U2OS-48h-P8-L2_I16_s9_w5EF65786E-321F-45FE-A755-A246D0FF75CF.npy,HSP inhibitor
P015091,I17,s1,CBK291055,/mnt/micro-images-pvc/specs935-v1/specs935-v1-FA-P015091-U2OS-48h-P8-L2/2021-12-22/870/specs935-v1-FA-P015091-U2OS-48h-P8-L2_I17_s1_w519880B4B-9DFD-4CCD-9191-99346ED30422.npy,HDAC inhibitor
P015091,I17,s2,CBK291055,/mnt/micro-images-pvc/specs935-v1/specs935-v1-FA-P015091-U2OS-48h-P8-L2/2021-12-22/870/specs935-v1-FA-P015091-U2OS-48h-P8-L2_I17_s2_w525D5847D-982C-4957-B611-F39EBCEBA5A9.npy,HDAC inhibitor
P015091,I17,s3,CBK291055,/mnt/micro-images-pvc/specs935-v1/specs935-v1-FA-P015091-U2OS-48h-P8-L2/2021-12-22/870/specs935-v1-FA-P015091-U2OS-48h-P8-L2_I17_s3_w53C10608D-49B3-4A2A-8019-43BC79EA6FB5.npy,HDAC inhibitor
P015091,I17,s4,CBK291055,/mnt/micro-images-pvc/specs935-v1/specs935-v1-FA-P015091-U2OS-48h-P8-L2/2021-12-22/870/specs935-v1-FA-P015091-U2OS-48h-P8-L2_I17_s4_w585EBFA62-9FB7-4D91-BA9A-BB566104549C.npy,HDAC inhibitor
P015091,I17,s5,CBK291055,/mnt/micro-images-pvc/specs935-v1/specs935-v1-FA-P015091-U2OS-48h-P8-L2/2021-12-22/870/specs935-v1-FA-P015091-U2OS-48h-P8-L2_I17_s5_w5EC184B9B-8205-45E9-B18D-195895966C22.npy,HDAC inhibitor
P015091,I17,s6,CBK291055,/mnt/micro-images-pvc/specs935-v1/specs935-v1-FA-P015091-U2OS-48h-P8-L2/2021-12-22/870/specs935-v1-FA-P015091-U2OS-48h-P8-L2_I17_s6_w58BF28A48-E4F6-4F33-851E-E26CBB232063.npy,HDAC inhibitor
P015091,I17,s7,CBK291055,/mnt/micro-images-pvc/specs935-v1/specs935-v1-FA-P015091-U2OS-48h-P8-L2/2021-12-22/870/specs935-v1-FA-P015091-U2OS-48h-P8-L2_I17_s7_w5BE40E390-5DCE-4C4B-851E-D87D64CDE7FB.npy,HDAC inhibitor
P015091,I17,s8,CBK291055,/mnt/micro-images-pvc/specs935-v1/specs935-v1-FA-P015091-U2OS-48h-P8-L2/2021-12-22/870/specs935-v1-FA-P015091-U2OS-48h-P8-L2_I17_s8_w525A6B900-AECB-4047-8E35-A47D7BEC2664.npy,HDAC inhibitor
P015091,I17,s9,CBK291055,/mnt/micro-images-pvc/specs935-v1/specs935-v1-FA-P015091-U2OS-48h-P8-L2/2021-12-22/870/specs935-v1-FA-P015091-U2OS-48h-P8-L2_I17_s9_w5F326B8D1-128C-4FA1-A7F6-331CBE028751.npy,HDAC inhibitor
P015091,I18,s1,CBK290547,/mnt/micro-images-pvc/specs935-v1/specs935-v1-FA-P015091-U2OS-48h-P8-L2/2021-12-22/870/specs935-v1-FA-P015091-U2OS-48h-P8-L2_I18_s1_w5BBA81BC7-9C81-41CD-A155-D30146B47989.npy,HDAC inhibitor
P015091,I18,s2,CBK290547,/mnt/micro-images-pvc/specs935-v1/specs935-v1-FA-P015091-U2OS-48h-P8-L2/2021-12-22/870/specs935-v1-FA-P015091-U2OS-48h-P8-L2_I18_s2_w59B95E881-D52F-48D7-B00C-D8208BE02305.npy,HDAC inhibitor
P015091,I18,s3,CBK290547,/mnt/micro-images-pvc/specs935-v1/specs935-v1-FA-P015091-U2OS-48h-P8-L2/2021-12-22/870/specs935-v1-FA-P015091-U2OS-48h-P8-L2_I18_s3_w5DF206BEB-BE46-4AC0-83AF-20C0566197F9.npy,HDAC inhibitor
P015091,I18,s4,CBK290547,/mnt/micro-images-pvc/specs935-v1/specs935-v1-FA-P015091-U2OS-48h-P8-L2/2021-12-22/870/specs935-v1-FA-P015091-U2OS-48h-P8-L2_I18_s4_w580314AF8-1754-42AD-B9FF-26C5FBF41C81.npy,HDAC inhibitor
P015091,I18,s5,CBK290547,/mnt/micro-images-pvc/specs935-v1/specs935-v1-FA-P015091-U2OS-48h-P8-L2/2021-12-22/870/specs935-v1-FA-P015091-U2OS-48h-P8-L2_I18_s5_w5113EC19F-31E1-434B-9E5D-3B7847A95622.npy,HDAC inhibitor
P015091,I18,s6,CBK290547,/mnt/micro-images-pvc/specs935-v1/specs935-v1-FA-P015091-U2OS-48h-P8-L2/2021-12-22/870/specs935-v1-FA-P015091-U2OS-48h-P8-L2_I18_s6_w5FAE8C11A-3E1E-48A7-8E45-FABFE38BA40A.npy,HDAC inhibitor
P015091,I18,s7,CBK290547,/mnt/micro-images-pvc/specs935-v1/specs935-v1-FA-P015091-U2OS-48h-P8-L2/2021-12-22/870/specs935-v1-FA-P015091-U2OS-48h-P8-L2_I18_s7_w5C3D98EF3-44BE-45F8-959A-73F4DD45C7CC.npy,HDAC inhibitor
P015091,I18,s8,CBK290547,/mnt/micro-images-pvc/specs935-v1/specs935-v1-FA-P015091-U2OS-48h-P8-L2/2021-12-22/870/specs935-v1-FA-P015091-U2OS-48h-P8-L2_I18_s8_w57288F6D0-15DB-48F0-A475-28188ECB52F0.npy,HDAC inhibitor
P015091,I18,s9,CBK290547,/mnt/micro-images-pvc/specs935-v1/specs935-v1-FA-P015091-U2OS-48h-P8-L2/2021-12-22/870/specs935-v1-FA-P015091-U2OS-48h-P8-L2_I18_s9_w5F0CAAFA7-63CB-42FE-A4F9-7CB42B0EAACB.npy,HDAC inhibitor
P015091,I19,s1,CBK309522,/mnt/micro-images-pvc/specs935-v1/specs935-v1-FA-P015091-U2OS-48h-P8-L2/2021-12-22/870/specs935-v1-FA-P015091-U2OS-48h-P8-L2_I19_s1_w5CB8C7EE7-9F64-4B3E-8845-E1853A9F6FB1.npy,HSP inhibitor
P015091,I19,s2,CBK309522,/mnt/micro-images-pvc/specs935-v1/specs935-v1-FA-P015091-U2OS-48h-P8-L2/2021-12-22/870/specs935-v1-FA-P015091-U2OS-48h-P8-L2_I19_s2_w512F617EE-A4B6-4BCD-921B-FA19F2E374F5.npy,HSP inhibitor
P015091,I19,s3,CBK309522,/mnt/micro-images-pvc/specs935-v1/specs935-v1-FA-P015091-U2OS-48h-P8-L2/2021-12-22/870/specs935-v1-FA-P015091-U2OS-48h-P8-L2_I19_s3_w5F3C586FE-20EB-4DF7-B176-694B3984F807.npy,HSP inhibitor
P015091,I19,s4,CBK309522,/mnt/micro-images-pvc/specs935-v1/specs935-v1-FA-P015091-U2OS-48h-P8-L2/2021-12-22/870/specs935-v1-FA-P015091-U2OS-48h-P8-L2_I19_s4_w547BB6065-0F3D-4D5E-B34E-FCA5912C17A5.npy,HSP inhibitor
P015091,I19,s5,CBK309522,/mnt/micro-images-pvc/specs935-v1/specs935-v1-FA-P015091-U2OS-48h-P8-L2/2021-12-22/870/specs935-v1-FA-P015091-U2OS-48h-P8-L2_I19_s5_w50646D969-7A08-44CC-AC86-E32FA88B6FFD.npy,HSP inhibitor
P015091,I19,s6,CBK309522,/mnt/micro-images-pvc/specs935-v1/specs935-v1-FA-P015091-U2OS-48h-P8-L2/2021-12-22/870/specs935-v1-FA-P015091-U2OS-48h-P8-L2_I19_s6_w5B4C0EE36-4033-4A80-BB2F-E398C9B0DDB8.npy,HSP inhibitor
P015091,I19,s7,CBK309522,/mnt/micro-images-pvc/specs935-v1/specs935-v1-FA-P015091-U2OS-48h-P8-L2/2021-12-22/870/specs935-v1-FA-P015091-U2OS-48h-P8-L2_I19_s7_w5AC4577C1-E51B-42A7-8B89-E3147A40348A.npy,HSP inhibitor
P015091,I19,s8,CBK309522,/mnt/micro-images-pvc/specs935-v1/specs935-v1-FA-P015091-U2OS-48h-P8-L2/2021-12-22/870/specs935-v1-FA-P015091-U2OS-48h-P8-L2_I19_s8_w5D6152B13-22F0-4675-BCBE-8AD8C2BCC82B.npy,HSP inhibitor
P015091,I19,s9,CBK309522,/mnt/micro-images-pvc/specs935-v1/specs935-v1-FA-P015091-U2OS-48h-P8-L2/2021-12-22/870/specs935-v1-FA-P015091-U2OS-48h-P8-L2_I19_s9_w5703798F1-8C35-4E90-A53A-2807ADED6A7C.npy,HSP inhibitor
P015091,I20,s1,CBK308430,/mnt/micro-images-pvc/specs935-v1/specs935-v1-FA-P015091-U2OS-48h-P8-L2/2021-12-22/870/specs935-v1-FA-P015091-U2OS-48h-P8-L2_I20_s1_w5E3662DFD-5C54-4FE2-946F-AFC5A746BACD.npy,HDAC inhibitor
P015091,I20,s2,CBK308430,/mnt/micro-images-pvc/specs935-v1/specs935-v1-FA-P015091-U2OS-48h-P8-L2/2021-12-22/870/specs935-v1-FA-P015091-U2OS-48h-P8-L2_I20_s2_w5F0576618-F0CE-4D24-9465-516BC6997531.npy,HDAC inhibitor
P015091,I20,s3,CBK308430,/mnt/micro-images-pvc/specs935-v1/specs935-v1-FA-P015091-U2OS-48h-P8-L2/2021-12-22/870/specs935-v1-FA-P015091-U2OS-48h-P8-L2_I20_s3_w5C3C199B6-E20D-4C41-99F2-84A2B993B8C5.npy,HDAC inhibitor
P015091,I20,s4,CBK308430,/mnt/micro-images-pvc/specs935-v1/specs935-v1-FA-P015091-U2OS-48h-P8-L2/2021-12-22/870/specs935-v1-FA-P015091-U2OS-48h-P8-L2_I20_s4_w544D4FAE8-4AE7-40C7-B519-10DB21457253.npy,HDAC inhibitor
P015091,I20,s5,CBK308430,/mnt/micro-images-pvc/specs935-v1/specs935-v1-FA-P015091-U2OS-48h-P8-L2/2021-12-22/870/specs935-v1-FA-P015091-U2OS-48h-P8-L2_I20_s5_w5CAC0AED5-4000-4BEA-B7D0-FDFD0E4571CE.npy,HDAC inhibitor
P015091,I20,s6,CBK308430,/mnt/micro-images-pvc/specs935-v1/specs935-v1-FA-P015091-U2OS-48h-P8-L2/2021-12-22/870/specs935-v1-FA-P015091-U2OS-48h-P8-L2_I20_s6_w5107E24A2-28E9-46D9-9120-3073C0C58DBB.npy,HDAC inhibitor
P015091,I20,s7,CBK308430,/mnt/micro-images-pvc/specs935-v1/specs935-v1-FA-P015091-U2OS-48h-P8-L2/2021-12-22/870/specs935-v1-FA-P015091-U2OS-48h-P8-L2_I20_s7_w52CDEC666-D282-40E0-A643-044447179CFA.npy,HDAC inhibitor
P015091,I20,s8,CBK308430,/mnt/micro-images-pvc/specs935-v1/specs935-v1-FA-P015091-U2OS-48h-P8-L2/2021-12-22/870/specs935-v1-FA-P015091-U2OS-48h-P8-L2_I20_s8_w510A81663-9136-4CE0-9048-E3DC48E8CBB3.npy,HDAC inhibitor
P015091,I20,s9,CBK308430,/mnt/micro-images-pvc/specs935-v1/specs935-v1-FA-P015091-U2OS-48h-P8-L2/2021-12-22/870/specs935-v1-FA-P015091-U2OS-48h-P8-L2_I20_s9_w518410E82-3A79-4F59-B2AE-5DF9407B5EE6.npy,HDAC inhibitor
P015091,I21,s1,CBK278047,/mnt/micro-images-pvc/specs935-v1/specs935-v1-FA-P015091-U2OS-48h-P8-L2/2021-12-22/870/specs935-v1-FA-P015091-U2OS-48h-P8-L2_I21_s1_w5D4111B5E-8099-473A-B98B-7531E4E8D1F8.npy,HSP inhibitor
P015091,I21,s2,CBK278047,/mnt/micro-images-pvc/specs935-v1/specs935-v1-FA-P015091-U2OS-48h-P8-L2/2021-12-22/870/specs935-v1-FA-P015091-U2OS-48h-P8-L2_I21_s2_w539ABD403-7CAC-4C28-96F0-5B2FD5E36224.npy,HSP inhibitor
P015091,I21,s3,CBK278047,/mnt/micro-images-pvc/specs935-v1/specs935-v1-FA-P015091-U2OS-48h-P8-L2/2021-12-22/870/specs935-v1-FA-P015091-U2OS-48h-P8-L2_I21_s3_w5800FE021-4DBA-4C9B-81EB-6D3A6E88B7BD.npy,HSP inhibitor
P015091,I21,s4,CBK278047,/mnt/micro-images-pvc/specs935-v1/specs935-v1-FA-P015091-U2OS-48h-P8-L2/2021-12-22/870/specs935-v1-FA-P015091-U2OS-48h-P8-L2_I21_s4_w57485178B-3201-4D74-8C1B-FAB9231502EC.npy,HSP inhibitor
P015091,I21,s5,CBK278047,/mnt/micro-images-pvc/specs935-v1/specs935-v1-FA-P015091-U2OS-48h-P8-L2/2021-12-22/870/specs935-v1-FA-P015091-U2OS-48h-P8-L2_I21_s5_w53BB4398A-B161-45C2-AB07-CF4202E62709.npy,HSP inhibitor
P015091,I21,s6,CBK278047,/mnt/micro-images-pvc/specs935-v1/specs935-v1-FA-P015091-U2OS-48h-P8-L2/2021-12-22/870/specs935-v1-FA-P015091-U2OS-48h-P8-L2_I21_s6_w5DB3A8B65-D1E5-498C-8423-930F78D16E33.npy,HSP inhibitor
P015091,I21,s7,CBK278047,/mnt/micro-images-pvc/specs935-v1/specs935-v1-FA-P015091-U2OS-48h-P8-L2/2021-12-22/870/specs935-v1-FA-P015091-U2OS-48h-P8-L2_I21_s7_w555A39F74-0D89-4DAD-966E-36552288E3F2.npy,HSP inhibitor
P015091,I21,s8,CBK278047,/mnt/micro-images-pvc/specs935-v1/specs935-v1-FA-P015091-U2OS-48h-P8-L2/2021-12-22/870/specs935-v1-FA-P015091-U2OS-48h-P8-L2_I21_s8_w568A8A2FF-F7EA-4D5B-BEAE-2B62043D866A.npy,HSP inhibitor
P015091,I21,s9,CBK278047,/mnt/micro-images-pvc/specs935-v1/specs935-v1-FA-P015091-U2OS-48h-P8-L2/2021-12-22/870/specs935-v1-FA-P015091-U2OS-48h-P8-L2_I21_s9_w51FCB05EE-0658-467A-94E6-F60DE1D1B69F.npy,HSP inhibitor
P015091,J02,s1,CBK309488,/mnt/micro-images-pvc/specs935-v1/specs935-v1-FA-P015091-U2OS-48h-P8-L2/2021-12-22/870/specs935-v1-FA-P015091-U2OS-48h-P8-L2_J02_s1_w5304C2598-ACCA-4D91-A79A-E0F1E353C603.npy,HSP inhibitor
P015091,J02,s2,CBK309488,/mnt/micro-images-pvc/specs935-v1/specs935-v1-FA-P015091-U2OS-48h-P8-L2/2021-12-22/870/specs935-v1-FA-P015091-U2OS-48h-P8-L2_J02_s2_w5DECCDAC2-B45A-4C4E-B872-F45EBBFD52D1.npy,HSP inhibitor
P015091,J02,s3,CBK309488,/mnt/micro-images-pvc/specs935-v1/specs935-v1-FA-P015091-U2OS-48h-P8-L2/2021-12-22/870/specs935-v1-FA-P015091-U2OS-48h-P8-L2_J02_s3_w591314CB2-705F-40B0-A959-99D159A94E2A.npy,HSP inhibitor
P015091,J02,s4,CBK309488,/mnt/micro-images-pvc/specs935-v1/specs935-v1-FA-P015091-U2OS-48h-P8-L2/2021-12-22/870/specs935-v1-FA-P015091-U2OS-48h-P8-L2_J02_s4_w5D73F1A4C-5251-4EB7-A985-822CF779DF26.npy,HSP inhibitor
P015091,J02,s5,CBK309488,/mnt/micro-images-pvc/specs935-v1/specs935-v1-FA-P015091-U2OS-48h-P8-L2/2021-12-22/870/specs935-v1-FA-P015091-U2OS-48h-P8-L2_J02_s5_w5957BBCB5-B318-4088-BBEE-F57126910445.npy,HSP inhibitor
P015091,J02,s6,CBK309488,/mnt/micro-images-pvc/specs935-v1/specs935-v1-FA-P015091-U2OS-48h-P8-L2/2021-12-22/870/specs935-v1-FA-P015091-U2OS-48h-P8-L2_J02_s6_w5CE956769-0E8F-44DD-9A21-1F39D67DEC1A.npy,HSP inhibitor
P015091,J02,s7,CBK309488,/mnt/micro-images-pvc/specs935-v1/specs935-v1-FA-P015091-U2OS-48h-P8-L2/2021-12-22/870/specs935-v1-FA-P015091-U2OS-48h-P8-L2_J02_s7_w5990766E1-1AAA-4DD7-9CBE-C18EE06B70D1.npy,HSP inhibitor
P015091,J02,s8,CBK309488,/mnt/micro-images-pvc/specs935-v1/specs935-v1-FA-P015091-U2OS-48h-P8-L2/2021-12-22/870/specs935-v1-FA-P015091-U2OS-48h-P8-L2_J02_s8_w5467EC79D-6615-4FB2-A916-43F0574998FB.npy,HSP inhibitor
P015091,J02,s9,CBK309488,/mnt/micro-images-pvc/specs935-v1/specs935-v1-FA-P015091-U2OS-48h-P8-L2/2021-12-22/870/specs935-v1-FA-P015091-U2OS-48h-P8-L2_J02_s9_w5A99BAE35-6FD2-440E-B5B1-CD80A98C3373.npy,HSP inhibitor
P015091,J06,s1,CBK290573,/mnt/micro-images-pvc/specs935-v1/specs935-v1-FA-P015091-U2OS-48h-P8-L2/2021-12-22/870/specs935-v1-FA-P015091-U2OS-48h-P8-L2_J06_s1_w55CC8B519-908C-4CAF-A34F-2EDFD82A7F58.npy,HDAC inhibitor
P015091,J06,s2,CBK290573,/mnt/micro-images-pvc/specs935-v1/specs935-v1-FA-P015091-U2OS-48h-P8-L2/2021-12-22/870/specs935-v1-FA-P015091-U2OS-48h-P8-L2_J06_s2_w58037158D-861A-4CF2-A159-DBFA85D94128.npy,HDAC inhibitor
P015091,J06,s3,CBK290573,/mnt/micro-images-pvc/specs935-v1/specs935-v1-FA-P015091-U2OS-48h-P8-L2/2021-12-22/870/specs935-v1-FA-P015091-U2OS-48h-P8-L2_J06_s3_w5D88B73D7-E76F-4BDB-AC7E-8BCC53E90CB8.npy,HDAC inhibitor
P015091,J06,s4,CBK290573,/mnt/micro-images-pvc/specs935-v1/specs935-v1-FA-P015091-U2OS-48h-P8-L2/2021-12-22/870/specs935-v1-FA-P015091-U2OS-48h-P8-L2_J06_s4_w5BE10A733-AEFF-4D0B-B05B-9DFD314522E5.npy,HDAC inhibitor
P015091,J06,s5,CBK290573,/mnt/micro-images-pvc/specs935-v1/specs935-v1-FA-P015091-U2OS-48h-P8-L2/2021-12-22/870/specs935-v1-FA-P015091-U2OS-48h-P8-L2_J06_s5_w565203AFD-83F7-4DBF-96FB-41ACA1E3D71B.npy,HDAC inhibitor
P015091,J06,s6,CBK290573,/mnt/micro-images-pvc/specs935-v1/specs935-v1-FA-P015091-U2OS-48h-P8-L2/2021-12-22/870/specs935-v1-FA-P015091-U2OS-48h-P8-L2_J06_s6_w5F95D0B93-C720-4B26-AB35-8430E6A6FB60.npy,HDAC inhibitor
P015091,J06,s7,CBK290573,/mnt/micro-images-pvc/specs935-v1/specs935-v1-FA-P015091-U2OS-48h-P8-L2/2021-12-22/870/specs935-v1-FA-P015091-U2OS-48h-P8-L2_J06_s7_w54844BB90-BCA4-4A40-9C55-ACF2280BF8CE.npy,HDAC inhibitor
P015091,J06,s8,CBK290573,/mnt/micro-images-pvc/specs935-v1/specs935-v1-FA-P015091-U2OS-48h-P8-L2/2021-12-22/870/specs935-v1-FA-P015091-U2OS-48h-P8-L2_J06_s8_w55C0322CC-A679-4A64-AA7C-1AC6FF9611DD.npy,HDAC inhibitor
P015091,J06,s9,CBK290573,/mnt/micro-images-pvc/specs935-v1/specs935-v1-FA-P015091-U2OS-48h-P8-L2/2021-12-22/870/specs935-v1-FA-P015091-U2OS-48h-P8-L2_J06_s9_w5FD0712A6-BF72-4F86-AA10-A934F76860BD.npy,HDAC inhibitor
P015091,J11,s1,CBK308657,/mnt/micro-images-pvc/specs935-v1/specs935-v1-FA-P015091-U2OS-48h-P8-L2/2021-12-22/870/specs935-v1-FA-P015091-U2OS-48h-P8-L2_J11_s1_w5C1C9552A-D2A9-4216-A8C5-DCC0C901F8AA.npy,HSP inhibitor
P015091,J11,s2,CBK308657,/mnt/micro-images-pvc/specs935-v1/specs935-v1-FA-P015091-U2OS-48h-P8-L2/2021-12-22/870/specs935-v1-FA-P015091-U2OS-48h-P8-L2_J11_s2_w55403E434-3B02-4094-A972-4DF7E6C5D2BF.npy,HSP inhibitor
P015091,J11,s3,CBK308657,/mnt/micro-images-pvc/specs935-v1/specs935-v1-FA-P015091-U2OS-48h-P8-L2/2021-12-22/870/specs935-v1-FA-P015091-U2OS-48h-P8-L2_J11_s3_w5A5270873-1F87-48B0-9DAC-3329CE51169F.npy,HSP inhibitor
P015091,J11,s4,CBK308657,/mnt/micro-images-pvc/specs935-v1/specs935-v1-FA-P015091-U2OS-48h-P8-L2/2021-12-22/870/specs935-v1-FA-P015091-U2OS-48h-P8-L2_J11_s4_w5CF9FD6D9-3E61-4B72-8F86-7B053F213380.npy,HSP inhibitor
P015091,J11,s5,CBK308657,/mnt/micro-images-pvc/specs935-v1/specs935-v1-FA-P015091-U2OS-48h-P8-L2/2021-12-22/870/specs935-v1-FA-P015091-U2OS-48h-P8-L2_J11_s5_w52DAC2294-C7F9-432F-908C-D0A2EE2BD805.npy,HSP inhibitor
P015091,J11,s6,CBK308657,/mnt/micro-images-pvc/specs935-v1/specs935-v1-FA-P015091-U2OS-48h-P8-L2/2021-12-22/870/specs935-v1-FA-P015091-U2OS-48h-P8-L2_J11_s6_w56D532DF3-B4EF-497D-B9BC-7621AA0F0B71.npy,HSP inhibitor
P015091,J11,s7,CBK308657,/mnt/micro-images-pvc/specs935-v1/specs935-v1-FA-P015091-U2OS-48h-P8-L2/2021-12-22/870/specs935-v1-FA-P015091-U2OS-48h-P8-L2_J11_s7_w572677B76-C2C9-4E50-AE98-566A871EB929.npy,HSP inhibitor
P015091,J11,s8,CBK308657,/mnt/micro-images-pvc/specs935-v1/specs935-v1-FA-P015091-U2OS-48h-P8-L2/2021-12-22/870/specs935-v1-FA-P015091-U2OS-48h-P8-L2_J11_s8_w5E42DFE51-CC7B-415D-9036-02B2FAA73197.npy,HSP inhibitor
P015091,J11,s9,CBK308657,/mnt/micro-images-pvc/specs935-v1/specs935-v1-FA-P015091-U2OS-48h-P8-L2/2021-12-22/870/specs935-v1-FA-P015091-U2OS-48h-P8-L2_J11_s9_w59DDF585A-33A6-46DA-9F0A-75703AE5124B.npy,HSP inhibitor
P015091,J13,s1,CBK308696,/mnt/micro-images-pvc/specs935-v1/specs935-v1-FA-P015091-U2OS-48h-P8-L2/2021-12-22/870/specs935-v1-FA-P015091-U2OS-48h-P8-L2_J13_s1_w5BDC36D8D-FBBD-4F25-A280-AEBCEAF9D271.npy,HSP inhibitor
P015091,J13,s2,CBK308696,/mnt/micro-images-pvc/specs935-v1/specs935-v1-FA-P015091-U2OS-48h-P8-L2/2021-12-22/870/specs935-v1-FA-P015091-U2OS-48h-P8-L2_J13_s2_w514DCD0C5-EDE5-41A2-9850-C382D305A29B.npy,HSP inhibitor
P015091,J13,s3,CBK308696,/mnt/micro-images-pvc/specs935-v1/specs935-v1-FA-P015091-U2OS-48h-P8-L2/2021-12-22/870/specs935-v1-FA-P015091-U2OS-48h-P8-L2_J13_s3_w5847CB044-B013-44DA-B98F-55EFF4B0F58E.npy,HSP inhibitor
P015091,J13,s4,CBK308696,/mnt/micro-images-pvc/specs935-v1/specs935-v1-FA-P015091-U2OS-48h-P8-L2/2021-12-22/870/specs935-v1-FA-P015091-U2OS-48h-P8-L2_J13_s4_w5BC32D80B-7D9D-4ACD-89FD-F887022CF36A.npy,HSP inhibitor
P015091,J13,s5,CBK308696,/mnt/micro-images-pvc/specs935-v1/specs935-v1-FA-P015091-U2OS-48h-P8-L2/2021-12-22/870/specs935-v1-FA-P015091-U2OS-48h-P8-L2_J13_s5_w5361252AC-C658-49D6-ABAA-54EEC14EA5B5.npy,HSP inhibitor
P015091,J13,s6,CBK308696,/mnt/micro-images-pvc/specs935-v1/specs935-v1-FA-P015091-U2OS-48h-P8-L2/2021-12-22/870/specs935-v1-FA-P015091-U2OS-48h-P8-L2_J13_s6_w54B05B92D-8DE7-486E-A629-D029264F5D6A.npy,HSP inhibitor
P015091,J13,s7,CBK308696,/mnt/micro-images-pvc/specs935-v1/specs935-v1-FA-P015091-U2OS-48h-P8-L2/2021-12-22/870/specs935-v1-FA-P015091-U2OS-48h-P8-L2_J13_s7_w5D6907CF5-405E-4883-A53E-22CFB75E2B6D.npy,HSP inhibitor
P015091,J13,s8,CBK308696,/mnt/micro-images-pvc/specs935-v1/specs935-v1-FA-P015091-U2OS-48h-P8-L2/2021-12-22/870/specs935-v1-FA-P015091-U2OS-48h-P8-L2_J13_s8_w52C143236-9E5F-4E06-9E64-A9F5DA9BA04D.npy,HSP inhibitor
P015091,J13,s9,CBK308696,/mnt/micro-images-pvc/specs935-v1/specs935-v1-FA-P015091-U2OS-48h-P8-L2/2021-12-22/870/specs935-v1-FA-P015091-U2OS-48h-P8-L2_J13_s9_w5B7D8D63C-A212-4D9C-AC63-1D811A11FAB1.npy,HSP inhibitor
P015091,J14,s1,CBK288302,/mnt/micro-images-pvc/specs935-v1/specs935-v1-FA-P015091-U2OS-48h-P8-L2/2021-12-22/870/specs935-v1-FA-P015091-U2OS-48h-P8-L2_J14_s1_w59F7EF9E9-032E-455E-AC9D-67CFA08768E8.npy,HDAC inhibitor
P015091,J14,s2,CBK288302,/mnt/micro-images-pvc/specs935-v1/specs935-v1-FA-P015091-U2OS-48h-P8-L2/2021-12-22/870/specs935-v1-FA-P015091-U2OS-48h-P8-L2_J14_s2_w5C73DD7D3-1D8D-4AB1-AD6D-61264137A663.npy,HDAC inhibitor
P015091,J14,s3,CBK288302,/mnt/micro-images-pvc/specs935-v1/specs935-v1-FA-P015091-U2OS-48h-P8-L2/2021-12-22/870/specs935-v1-FA-P015091-U2OS-48h-P8-L2_J14_s3_w58A71471B-2072-4A2B-82C7-1BD2003ED26B.npy,HDAC inhibitor
P015091,J14,s4,CBK288302,/mnt/micro-images-pvc/specs935-v1/specs935-v1-FA-P015091-U2OS-48h-P8-L2/2021-12-22/870/specs935-v1-FA-P015091-U2OS-48h-P8-L2_J14_s4_w520E35410-C53C-43D8-91DB-3215FD2CA9E4.npy,HDAC inhibitor
P015091,J14,s5,CBK288302,/mnt/micro-images-pvc/specs935-v1/specs935-v1-FA-P015091-U2OS-48h-P8-L2/2021-12-22/870/specs935-v1-FA-P015091-U2OS-48h-P8-L2_J14_s5_w580BB12F0-671E-4C07-81ED-D922B6433840.npy,HDAC inhibitor
P015091,J14,s6,CBK288302,/mnt/micro-images-pvc/specs935-v1/specs935-v1-FA-P015091-U2OS-48h-P8-L2/2021-12-22/870/specs935-v1-FA-P015091-U2OS-48h-P8-L2_J14_s6_w5222CB923-EE2F-4CB2-901E-646D4A7F55D4.npy,HDAC inhibitor
P015091,J14,s7,CBK288302,/mnt/micro-images-pvc/specs935-v1/specs935-v1-FA-P015091-U2OS-48h-P8-L2/2021-12-22/870/specs935-v1-FA-P015091-U2OS-48h-P8-L2_J14_s7_w51E878892-E0BF-48B9-9D3F-93965A597390.npy,HDAC inhibitor
P015091,J14,s8,CBK288302,/mnt/micro-images-pvc/specs935-v1/specs935-v1-FA-P015091-U2OS-48h-P8-L2/2021-12-22/870/specs935-v1-FA-P015091-U2OS-48h-P8-L2_J14_s8_w5C8AFC607-04C8-4EA6-9B62-32310D4B2A9D.npy,HDAC inhibitor
P015091,J14,s9,CBK288302,/mnt/micro-images-pvc/specs935-v1/specs935-v1-FA-P015091-U2OS-48h-P8-L2/2021-12-22/870/specs935-v1-FA-P015091-U2OS-48h-P8-L2_J14_s9_w52A785571-29E6-4A64-8F86-39581E8BB915.npy,HDAC inhibitor
P015091,J19,s1,CBK201016,/mnt/micro-images-pvc/specs935-v1/specs935-v1-FA-P015091-U2OS-48h-P8-L2/2021-12-22/870/specs935-v1-FA-P015091-U2OS-48h-P8-L2_J19_s1_w5820464A6-9091-48F2-9A03-762D752D8A2A.npy,HDAC inhibitor
P015091,J19,s2,CBK201016,/mnt/micro-images-pvc/specs935-v1/specs935-v1-FA-P015091-U2OS-48h-P8-L2/2021-12-22/870/specs935-v1-FA-P015091-U2OS-48h-P8-L2_J19_s2_w54EFD38CB-20E2-43B1-8C71-64CC1CB55772.npy,HDAC inhibitor
P015091,J19,s3,CBK201016,/mnt/micro-images-pvc/specs935-v1/specs935-v1-FA-P015091-U2OS-48h-P8-L2/2021-12-22/870/specs935-v1-FA-P015091-U2OS-48h-P8-L2_J19_s3_w5B9E05188-9350-4198-9ABD-77FF57761B9C.npy,HDAC inhibitor
P015091,J19,s4,CBK201016,/mnt/micro-images-pvc/specs935-v1/specs935-v1-FA-P015091-U2OS-48h-P8-L2/2021-12-22/870/specs935-v1-FA-P015091-U2OS-48h-P8-L2_J19_s4_w5511BDBD9-672A-4BF5-B8A3-A6DFEC55D360.npy,HDAC inhibitor
P015091,J19,s5,CBK201016,/mnt/micro-images-pvc/specs935-v1/specs935-v1-FA-P015091-U2OS-48h-P8-L2/2021-12-22/870/specs935-v1-FA-P015091-U2OS-48h-P8-L2_J19_s5_w5C2230FC9-683A-4C31-BFBB-61D506B20B47.npy,HDAC inhibitor
P015091,J19,s6,CBK201016,/mnt/micro-images-pvc/specs935-v1/specs935-v1-FA-P015091-U2OS-48h-P8-L2/2021-12-22/870/specs935-v1-FA-P015091-U2OS-48h-P8-L2_J19_s6_w56E030D06-6E7B-48EE-B337-216937CC764C.npy,HDAC inhibitor
P015091,J19,s7,CBK201016,/mnt/micro-images-pvc/specs935-v1/specs935-v1-FA-P015091-U2OS-48h-P8-L2/2021-12-22/870/specs935-v1-FA-P015091-U2OS-48h-P8-L2_J19_s7_w5C30B747E-19D3-4AF1-99A9-76F4F1887271.npy,HDAC inhibitor
P015091,J19,s8,CBK201016,/mnt/micro-images-pvc/specs935-v1/specs935-v1-FA-P015091-U2OS-48h-P8-L2/2021-12-22/870/specs935-v1-FA-P015091-U2OS-48h-P8-L2_J19_s8_w564244D1E-3119-4CFB-8474-56837794096A.npy,HDAC inhibitor
P015091,J19,s9,CBK201016,/mnt/micro-images-pvc/specs935-v1/specs935-v1-FA-P015091-U2OS-48h-P8-L2/2021-12-22/870/specs935-v1-FA-P015091-U2OS-48h-P8-L2_J19_s9_w514B6EBA5-CB30-404B-BD61-9F129474C1FE.npy,HDAC inhibitor
P015091,K03,s1,CBK290573,/mnt/micro-images-pvc/specs935-v1/specs935-v1-FA-P015091-U2OS-48h-P8-L2/2021-12-22/870/specs935-v1-FA-P015091-U2OS-48h-P8-L2_K03_s1_w5C3834E97-D391-4C0E-9E03-D4AFCB36063A.npy,HDAC inhibitor
P015091,K03,s2,CBK290573,/mnt/micro-images-pvc/specs935-v1/specs935-v1-FA-P015091-U2OS-48h-P8-L2/2021-12-22/870/specs935-v1-FA-P015091-U2OS-48h-P8-L2_K03_s2_w5533CB3A4-C9B1-4A55-A183-B03F21C4E855.npy,HDAC inhibitor
P015091,K03,s3,CBK290573,/mnt/micro-images-pvc/specs935-v1/specs935-v1-FA-P015091-U2OS-48h-P8-L2/2021-12-22/870/specs935-v1-FA-P015091-U2OS-48h-P8-L2_K03_s3_w5FC1EDF8F-87E5-41EF-8AE8-D1B143F7AE6A.npy,HDAC inhibitor
P015091,K03,s4,CBK290573,/mnt/micro-images-pvc/specs935-v1/specs935-v1-FA-P015091-U2OS-48h-P8-L2/2021-12-22/870/specs935-v1-FA-P015091-U2OS-48h-P8-L2_K03_s4_w52B8923D7-53F2-4B55-9899-7993E87187C4.npy,HDAC inhibitor
P015091,K03,s5,CBK290573,/mnt/micro-images-pvc/specs935-v1/specs935-v1-FA-P015091-U2OS-48h-P8-L2/2021-12-22/870/specs935-v1-FA-P015091-U2OS-48h-P8-L2_K03_s5_w521AF6F46-68E2-4BA2-BC0E-63EFF8B64288.npy,HDAC inhibitor
P015091,K03,s6,CBK290573,/mnt/micro-images-pvc/specs935-v1/specs935-v1-FA-P015091-U2OS-48h-P8-L2/2021-12-22/870/specs935-v1-FA-P015091-U2OS-48h-P8-L2_K03_s6_w50A43D7DD-5BF1-4999-AFC5-C04B8D1E9DAF.npy,HDAC inhibitor
P015091,K03,s7,CBK290573,/mnt/micro-images-pvc/specs935-v1/specs935-v1-FA-P015091-U2OS-48h-P8-L2/2021-12-22/870/specs935-v1-FA-P015091-U2OS-48h-P8-L2_K03_s7_w5DEA479A7-F97D-4084-8EE3-EC40D062FD5D.npy,HDAC inhibitor
P015091,K03,s8,CBK290573,/mnt/micro-images-pvc/specs935-v1/specs935-v1-FA-P015091-U2OS-48h-P8-L2/2021-12-22/870/specs935-v1-FA-P015091-U2OS-48h-P8-L2_K03_s8_w585785086-AFA7-4C8C-8E30-E12711269624.npy,HDAC inhibitor
P015091,K03,s9,CBK290573,/mnt/micro-images-pvc/specs935-v1/specs935-v1-FA-P015091-U2OS-48h-P8-L2/2021-12-22/870/specs935-v1-FA-P015091-U2OS-48h-P8-L2_K03_s9_w5B2755C3C-0780-4EA5-A8CA-95AAD32D6453.npy,HDAC inhibitor
P015091,K08,s1,CBK303971,/mnt/micro-images-pvc/specs935-v1/specs935-v1-FA-P015091-U2OS-48h-P8-L2/2021-12-22/870/specs935-v1-FA-P015091-U2OS-48h-P8-L2_K08_s1_w51BF1A4E6-1681-48FC-9C7D-7F1BEBDD553A.npy,HDAC inhibitor
P015091,K08,s2,CBK303971,/mnt/micro-images-pvc/specs935-v1/specs935-v1-FA-P015091-U2OS-48h-P8-L2/2021-12-22/870/specs935-v1-FA-P015091-U2OS-48h-P8-L2_K08_s2_w54007219A-3212-4FF1-A110-B8ED5926CC02.npy,HDAC inhibitor
P015091,K08,s3,CBK303971,/mnt/micro-images-pvc/specs935-v1/specs935-v1-FA-P015091-U2OS-48h-P8-L2/2021-12-22/870/specs935-v1-FA-P015091-U2OS-48h-P8-L2_K08_s3_w54BD2B84F-52EE-4602-8D17-EEE0485179D5.npy,HDAC inhibitor
P015091,K08,s4,CBK303971,/mnt/micro-images-pvc/specs935-v1/specs935-v1-FA-P015091-U2OS-48h-P8-L2/2021-12-22/870/specs935-v1-FA-P015091-U2OS-48h-P8-L2_K08_s4_w507A52F3F-7E4F-4216-889D-D03500CCE1D0.npy,HDAC inhibitor
P015091,K08,s5,CBK303971,/mnt/micro-images-pvc/specs935-v1/specs935-v1-FA-P015091-U2OS-48h-P8-L2/2021-12-22/870/specs935-v1-FA-P015091-U2OS-48h-P8-L2_K08_s5_w5E008D334-89F2-45B3-B321-CEEF1375D9F4.npy,HDAC inhibitor
P015091,K08,s6,CBK303971,/mnt/micro-images-pvc/specs935-v1/specs935-v1-FA-P015091-U2OS-48h-P8-L2/2021-12-22/870/specs935-v1-FA-P015091-U2OS-48h-P8-L2_K08_s6_w5FFED0E36-4F01-43F3-9FB3-4E8ED605D787.npy,HDAC inhibitor
P015091,K08,s7,CBK303971,/mnt/micro-images-pvc/specs935-v1/specs935-v1-FA-P015091-U2OS-48h-P8-L2/2021-12-22/870/specs935-v1-FA-P015091-U2OS-48h-P8-L2_K08_s7_w5C7FF75D1-2B0A-40E3-984E-C70C47CF5EBD.npy,HDAC inhibitor
P015091,K08,s8,CBK303971,/mnt/micro-images-pvc/specs935-v1/specs935-v1-FA-P015091-U2OS-48h-P8-L2/2021-12-22/870/specs935-v1-FA-P015091-U2OS-48h-P8-L2_K08_s8_w5120911F7-086A-40C6-9B67-605758CB030E.npy,HDAC inhibitor
P015091,K08,s9,CBK303971,/mnt/micro-images-pvc/specs935-v1/specs935-v1-FA-P015091-U2OS-48h-P8-L2/2021-12-22/870/specs935-v1-FA-P015091-U2OS-48h-P8-L2_K08_s9_w5D9E008DF-C8DE-48EA-9F7C-16635A2CA96F.npy,HDAC inhibitor
P015091,K09,s1,CBK290760,/mnt/micro-images-pvc/specs935-v1/specs935-v1-FA-P015091-U2OS-48h-P8-L2/2021-12-22/870/specs935-v1-FA-P015091-U2OS-48h-P8-L2_K09_s1_w5C54007F8-86C1-4282-A0CC-16C34C9A335F.npy,HSP inhibitor
P015091,K09,s2,CBK290760,/mnt/micro-images-pvc/specs935-v1/specs935-v1-FA-P015091-U2OS-48h-P8-L2/2021-12-22/870/specs935-v1-FA-P015091-U2OS-48h-P8-L2_K09_s2_w500C8F5EA-EDD9-4C9A-81E4-A1ED3A45C498.npy,HSP inhibitor
P015091,K09,s3,CBK290760,/mnt/micro-images-pvc/specs935-v1/specs935-v1-FA-P015091-U2OS-48h-P8-L2/2021-12-22/870/specs935-v1-FA-P015091-U2OS-48h-P8-L2_K09_s3_w54C2CAECA-3786-464F-B78C-E3F3A6A59AA4.npy,HSP inhibitor
P015091,K09,s4,CBK290760,/mnt/micro-images-pvc/specs935-v1/specs935-v1-FA-P015091-U2OS-48h-P8-L2/2021-12-22/870/specs935-v1-FA-P015091-U2OS-48h-P8-L2_K09_s4_w55B787133-9A47-47FF-BEFA-D9940584A28C.npy,HSP inhibitor
P015091,K09,s5,CBK290760,/mnt/micro-images-pvc/specs935-v1/specs935-v1-FA-P015091-U2OS-48h-P8-L2/2021-12-22/870/specs935-v1-FA-P015091-U2OS-48h-P8-L2_K09_s5_w59E14B4A5-E24E-42BE-A607-C7115553C69D.npy,HSP inhibitor
P015091,K09,s6,CBK290760,/mnt/micro-images-pvc/specs935-v1/specs935-v1-FA-P015091-U2OS-48h-P8-L2/2021-12-22/870/specs935-v1-FA-P015091-U2OS-48h-P8-L2_K09_s6_w5A9D1A58A-6474-4CDE-897C-076D3421B76E.npy,HSP inhibitor
P015091,K09,s7,CBK290760,/mnt/micro-images-pvc/specs935-v1/specs935-v1-FA-P015091-U2OS-48h-P8-L2/2021-12-22/870/specs935-v1-FA-P015091-U2OS-48h-P8-L2_K09_s7_w571C2F467-DA85-4FD9-88AD-95C259DDC06E.npy,HSP inhibitor
P015091,K09,s8,CBK290760,/mnt/micro-images-pvc/specs935-v1/specs935-v1-FA-P015091-U2OS-48h-P8-L2/2021-12-22/870/specs935-v1-FA-P015091-U2OS-48h-P8-L2_K09_s8_w5FFAD4A6B-30D0-43A5-8744-02B8906A065A.npy,HSP inhibitor
P015091,K09,s9,CBK290760,/mnt/micro-images-pvc/specs935-v1/specs935-v1-FA-P015091-U2OS-48h-P8-L2/2021-12-22/870/specs935-v1-FA-P015091-U2OS-48h-P8-L2_K09_s9_w53E14FF6A-C874-44A7-BA30-DF01244E31FD.npy,HSP inhibitor
P015091,K10,s1,CBK041242,/mnt/micro-images-pvc/specs935-v1/specs935-v1-FA-P015091-U2OS-48h-P8-L2/2021-12-22/870/specs935-v1-FA-P015091-U2OS-48h-P8-L2_K10_s1_w5633F0095-06DB-4D76-8F8C-8DBEF05F6CDE.npy,JAK inhibitor
P015091,K10,s2,CBK041242,/mnt/micro-images-pvc/specs935-v1/specs935-v1-FA-P015091-U2OS-48h-P8-L2/2021-12-22/870/specs935-v1-FA-P015091-U2OS-48h-P8-L2_K10_s2_w59CE275E7-0992-4267-8D72-93E541629BB4.npy,JAK inhibitor
P015091,K10,s3,CBK041242,/mnt/micro-images-pvc/specs935-v1/specs935-v1-FA-P015091-U2OS-48h-P8-L2/2021-12-22/870/specs935-v1-FA-P015091-U2OS-48h-P8-L2_K10_s3_w5D9600C86-9C14-4F7D-9A61-DC3BC2A936A7.npy,JAK inhibitor
P015091,K10,s4,CBK041242,/mnt/micro-images-pvc/specs935-v1/specs935-v1-FA-P015091-U2OS-48h-P8-L2/2021-12-22/870/specs935-v1-FA-P015091-U2OS-48h-P8-L2_K10_s4_w5956DA55C-FC6D-41ED-878C-B84DE5F9A81E.npy,JAK inhibitor
P015091,K10,s5,CBK041242,/mnt/micro-images-pvc/specs935-v1/specs935-v1-FA-P015091-U2OS-48h-P8-L2/2021-12-22/870/specs935-v1-FA-P015091-U2OS-48h-P8-L2_K10_s5_w5C09EB8DC-E1FC-458C-8063-BE6B0B025C28.npy,JAK inhibitor
P015091,K10,s6,CBK041242,/mnt/micro-images-pvc/specs935-v1/specs935-v1-FA-P015091-U2OS-48h-P8-L2/2021-12-22/870/specs935-v1-FA-P015091-U2OS-48h-P8-L2_K10_s6_w55B23289B-7827-42C1-BCF4-65F977EB3ABB.npy,JAK inhibitor
P015091,K10,s7,CBK041242,/mnt/micro-images-pvc/specs935-v1/specs935-v1-FA-P015091-U2OS-48h-P8-L2/2021-12-22/870/specs935-v1-FA-P015091-U2OS-48h-P8-L2_K10_s7_w5802A4F20-DCF1-4E81-9E0F-4CE98B8B0487.npy,JAK inhibitor
P015091,K10,s8,CBK041242,/mnt/micro-images-pvc/specs935-v1/specs935-v1-FA-P015091-U2OS-48h-P8-L2/2021-12-22/870/specs935-v1-FA-P015091-U2OS-48h-P8-L2_K10_s8_w583EAD248-E395-44B1-8824-B0E8872E661B.npy,JAK inhibitor
P015091,K10,s9,CBK041242,/mnt/micro-images-pvc/specs935-v1/specs935-v1-FA-P015091-U2OS-48h-P8-L2/2021-12-22/870/specs935-v1-FA-P015091-U2OS-48h-P8-L2_K10_s9_w5A9632EA9-9751-4D4D-9242-AA58A5EEF301.npy,JAK inhibitor
P015091,K16,s1,CBK308657,/mnt/micro-images-pvc/specs935-v1/specs935-v1-FA-P015091-U2OS-48h-P8-L2/2021-12-22/870/specs935-v1-FA-P015091-U2OS-48h-P8-L2_K16_s1_w531DFAE4B-4C81-48F1-AD9B-EAF6C8A9BCAF.npy,HSP inhibitor
P015091,K16,s2,CBK308657,/mnt/micro-images-pvc/specs935-v1/specs935-v1-FA-P015091-U2OS-48h-P8-L2/2021-12-22/870/specs935-v1-FA-P015091-U2OS-48h-P8-L2_K16_s2_w5044107AD-248F-446D-86FF-7E5BF1B3F067.npy,HSP inhibitor
P015091,K16,s3,CBK308657,/mnt/micro-images-pvc/specs935-v1/specs935-v1-FA-P015091-U2OS-48h-P8-L2/2021-12-22/870/specs935-v1-FA-P015091-U2OS-48h-P8-L2_K16_s3_w5742B5065-2101-497E-9F3A-23362D06697F.npy,HSP inhibitor
P015091,K16,s4,CBK308657,/mnt/micro-images-pvc/specs935-v1/specs935-v1-FA-P015091-U2OS-48h-P8-L2/2021-12-22/870/specs935-v1-FA-P015091-U2OS-48h-P8-L2_K16_s4_w55FCD3F2C-7C33-415E-87EF-7F1A7ABE0A6A.npy,HSP inhibitor
P015091,K16,s5,CBK308657,/mnt/micro-images-pvc/specs935-v1/specs935-v1-FA-P015091-U2OS-48h-P8-L2/2021-12-22/870/specs935-v1-FA-P015091-U2OS-48h-P8-L2_K16_s5_w57B4844DA-3571-4B3A-BDFF-E45E7AE89D61.npy,HSP inhibitor
P015091,K16,s6,CBK308657,/mnt/micro-images-pvc/specs935-v1/specs935-v1-FA-P015091-U2OS-48h-P8-L2/2021-12-22/870/specs935-v1-FA-P015091-U2OS-48h-P8-L2_K16_s6_w5CB3042AB-87F1-478A-A86A-017FA2305BB4.npy,HSP inhibitor
P015091,K16,s7,CBK308657,/mnt/micro-images-pvc/specs935-v1/specs935-v1-FA-P015091-U2OS-48h-P8-L2/2021-12-22/870/specs935-v1-FA-P015091-U2OS-48h-P8-L2_K16_s7_w56436CE0C-7A51-4CA2-82C9-95B5A1BC1802.npy,HSP inhibitor
P015091,K16,s8,CBK308657,/mnt/micro-images-pvc/specs935-v1/specs935-v1-FA-P015091-U2OS-48h-P8-L2/2021-12-22/870/specs935-v1-FA-P015091-U2OS-48h-P8-L2_K16_s8_w5548E456B-2E83-42F5-99C1-A19ACCBD8C71.npy,HSP inhibitor
P015091,K16,s9,CBK308657,/mnt/micro-images-pvc/specs935-v1/specs935-v1-FA-P015091-U2OS-48h-P8-L2/2021-12-22/870/specs935-v1-FA-P015091-U2OS-48h-P8-L2_K16_s9_w5E3D27ED3-458B-4C6C-A9D4-3EBA4767A3DA.npy,HSP inhibitor
P015091,K18,s1,CBK308923,/mnt/micro-images-pvc/specs935-v1/specs935-v1-FA-P015091-U2OS-48h-P8-L2/2021-12-22/870/specs935-v1-FA-P015091-U2OS-48h-P8-L2_K18_s1_w5AC263CE2-0951-418A-A1A2-BE0974E935CE.npy,HSP inhibitor
P015091,K18,s2,CBK308923,/mnt/micro-images-pvc/specs935-v1/specs935-v1-FA-P015091-U2OS-48h-P8-L2/2021-12-22/870/specs935-v1-FA-P015091-U2OS-48h-P8-L2_K18_s2_w584975E3D-552C-4648-8BDE-4C88172C650E.npy,HSP inhibitor
P015091,K18,s3,CBK308923,/mnt/micro-images-pvc/specs935-v1/specs935-v1-FA-P015091-U2OS-48h-P8-L2/2021-12-22/870/specs935-v1-FA-P015091-U2OS-48h-P8-L2_K18_s3_w54CBB9770-6DD6-4D1C-968C-2886D1A4CEE8.npy,HSP inhibitor
P015091,K18,s4,CBK308923,/mnt/micro-images-pvc/specs935-v1/specs935-v1-FA-P015091-U2OS-48h-P8-L2/2021-12-22/870/specs935-v1-FA-P015091-U2OS-48h-P8-L2_K18_s4_w5CC9AA1ED-8487-4E2F-9815-D215C683191A.npy,HSP inhibitor
P015091,K18,s5,CBK308923,/mnt/micro-images-pvc/specs935-v1/specs935-v1-FA-P015091-U2OS-48h-P8-L2/2021-12-22/870/specs935-v1-FA-P015091-U2OS-48h-P8-L2_K18_s5_w50E46B6EA-DCD7-44F8-B599-B9F0B629128A.npy,HSP inhibitor
P015091,K18,s6,CBK308923,/mnt/micro-images-pvc/specs935-v1/specs935-v1-FA-P015091-U2OS-48h-P8-L2/2021-12-22/870/specs935-v1-FA-P015091-U2OS-48h-P8-L2_K18_s6_w5DBBB16C0-4D9E-458F-A2D8-BD165F56CF79.npy,HSP inhibitor
P015091,K18,s7,CBK308923,/mnt/micro-images-pvc/specs935-v1/specs935-v1-FA-P015091-U2OS-48h-P8-L2/2021-12-22/870/specs935-v1-FA-P015091-U2OS-48h-P8-L2_K18_s7_w5D23D0B69-604F-4921-8105-9BB53E769B57.npy,HSP inhibitor
P015091,K18,s8,CBK308923,/mnt/micro-images-pvc/specs935-v1/specs935-v1-FA-P015091-U2OS-48h-P8-L2/2021-12-22/870/specs935-v1-FA-P015091-U2OS-48h-P8-L2_K18_s8_w5443961DD-C080-4132-A27F-CC5D73F9F9A5.npy,HSP inhibitor
P015091,K18,s9,CBK308923,/mnt/micro-images-pvc/specs935-v1/specs935-v1-FA-P015091-U2OS-48h-P8-L2/2021-12-22/870/specs935-v1-FA-P015091-U2OS-48h-P8-L2_K18_s9_w570636C4C-5232-4FA9-B611-3D34EB8EBA20.npy,HSP inhibitor
P015091,K20,s1,CBK290479,/mnt/micro-images-pvc/specs935-v1/specs935-v1-FA-P015091-U2OS-48h-P8-L2/2021-12-22/870/specs935-v1-FA-P015091-U2OS-48h-P8-L2_K20_s1_w5AA03279E-B561-48A5-BBA4-7BA01B242917.npy,HDAC inhibitor
P015091,K20,s2,CBK290479,/mnt/micro-images-pvc/specs935-v1/specs935-v1-FA-P015091-U2OS-48h-P8-L2/2021-12-22/870/specs935-v1-FA-P015091-U2OS-48h-P8-L2_K20_s2_w55EF41AFE-6EEE-4255-B6E0-A84B1F24A317.npy,HDAC inhibitor
P015091,K20,s3,CBK290479,/mnt/micro-images-pvc/specs935-v1/specs935-v1-FA-P015091-U2OS-48h-P8-L2/2021-12-22/870/specs935-v1-FA-P015091-U2OS-48h-P8-L2_K20_s3_w5DBC2D6D1-0A81-4E04-9057-433C8D0601E9.npy,HDAC inhibitor
P015091,K20,s4,CBK290479,/mnt/micro-images-pvc/specs935-v1/specs935-v1-FA-P015091-U2OS-48h-P8-L2/2021-12-22/870/specs935-v1-FA-P015091-U2OS-48h-P8-L2_K20_s4_w5523262A5-7F08-4263-84D5-196176B8C88C.npy,HDAC inhibitor
P015091,K20,s5,CBK290479,/mnt/micro-images-pvc/specs935-v1/specs935-v1-FA-P015091-U2OS-48h-P8-L2/2021-12-22/870/specs935-v1-FA-P015091-U2OS-48h-P8-L2_K20_s5_w5DE04D2C4-1A71-45DC-95BA-F54744B7BBEA.npy,HDAC inhibitor
P015091,K20,s6,CBK290479,/mnt/micro-images-pvc/specs935-v1/specs935-v1-FA-P015091-U2OS-48h-P8-L2/2021-12-22/870/specs935-v1-FA-P015091-U2OS-48h-P8-L2_K20_s6_w58B6987CB-0395-4FE3-AB28-B44C984F5C84.npy,HDAC inhibitor
P015091,K20,s7,CBK290479,/mnt/micro-images-pvc/specs935-v1/specs935-v1-FA-P015091-U2OS-48h-P8-L2/2021-12-22/870/specs935-v1-FA-P015091-U2OS-48h-P8-L2_K20_s7_w5D8785E94-5338-4F98-A3EE-16F6CFAFEB79.npy,HDAC inhibitor
P015091,K20,s8,CBK290479,/mnt/micro-images-pvc/specs935-v1/specs935-v1-FA-P015091-U2OS-48h-P8-L2/2021-12-22/870/specs935-v1-FA-P015091-U2OS-48h-P8-L2_K20_s8_w54DDD4229-28C6-46F0-9729-09323945A3AF.npy,HDAC inhibitor
P015091,K20,s9,CBK290479,/mnt/micro-images-pvc/specs935-v1/specs935-v1-FA-P015091-U2OS-48h-P8-L2/2021-12-22/870/specs935-v1-FA-P015091-U2OS-48h-P8-L2_K20_s9_w5FA31FF95-C832-4A4A-8445-B1FFDAAA919F.npy,HDAC inhibitor
P015091,K21,s1,CBK201016,/mnt/micro-images-pvc/specs935-v1/specs935-v1-FA-P015091-U2OS-48h-P8-L2/2021-12-22/870/specs935-v1-FA-P015091-U2OS-48h-P8-L2_K21_s1_w5DE91FA0C-3BC1-4337-950E-3681DA316B06.npy,HDAC inhibitor
P015091,K21,s2,CBK201016,/mnt/micro-images-pvc/specs935-v1/specs935-v1-FA-P015091-U2OS-48h-P8-L2/2021-12-22/870/specs935-v1-FA-P015091-U2OS-48h-P8-L2_K21_s2_w5EA0CEE90-55F0-4A32-8A45-97DAAF896F50.npy,HDAC inhibitor
P015091,K21,s3,CBK201016,/mnt/micro-images-pvc/specs935-v1/specs935-v1-FA-P015091-U2OS-48h-P8-L2/2021-12-22/870/specs935-v1-FA-P015091-U2OS-48h-P8-L2_K21_s3_w57E30353B-16DD-48AA-B19B-4A7468BFACDE.npy,HDAC inhibitor
P015091,K21,s4,CBK201016,/mnt/micro-images-pvc/specs935-v1/specs935-v1-FA-P015091-U2OS-48h-P8-L2/2021-12-22/870/specs935-v1-FA-P015091-U2OS-48h-P8-L2_K21_s4_w51757348D-813A-43B5-8E51-6B2E939997E7.npy,HDAC inhibitor
P015091,K21,s5,CBK201016,/mnt/micro-images-pvc/specs935-v1/specs935-v1-FA-P015091-U2OS-48h-P8-L2/2021-12-22/870/specs935-v1-FA-P015091-U2OS-48h-P8-L2_K21_s5_w560B6B45B-7042-43A0-9287-02153C01C750.npy,HDAC inhibitor
P015091,K21,s6,CBK201016,/mnt/micro-images-pvc/specs935-v1/specs935-v1-FA-P015091-U2OS-48h-P8-L2/2021-12-22/870/specs935-v1-FA-P015091-U2OS-48h-P8-L2_K21_s6_w544704559-BA22-4352-9489-423FC5BC0B5E.npy,HDAC inhibitor
P015091,K21,s7,CBK201016,/mnt/micro-images-pvc/specs935-v1/specs935-v1-FA-P015091-U2OS-48h-P8-L2/2021-12-22/870/specs935-v1-FA-P015091-U2OS-48h-P8-L2_K21_s7_w5177F4624-ED60-48A6-91A9-85BB8B21466C.npy,HDAC inhibitor
P015091,K21,s8,CBK201016,/mnt/micro-images-pvc/specs935-v1/specs935-v1-FA-P015091-U2OS-48h-P8-L2/2021-12-22/870/specs935-v1-FA-P015091-U2OS-48h-P8-L2_K21_s8_w5D7CC8C93-7585-4D2B-987D-E50A21E59D04.npy,HDAC inhibitor
P015091,K21,s9,CBK201016,/mnt/micro-images-pvc/specs935-v1/specs935-v1-FA-P015091-U2OS-48h-P8-L2/2021-12-22/870/specs935-v1-FA-P015091-U2OS-48h-P8-L2_K21_s9_w5F01B7B11-4226-47D6-8E40-876BBF41D5C1.npy,HDAC inhibitor
P015091,K23,s1,CBK278021,/mnt/micro-images-pvc/specs935-v1/specs935-v1-FA-P015091-U2OS-48h-P8-L2/2021-12-22/870/specs935-v1-FA-P015091-U2OS-48h-P8-L2_K23_s1_w548545DE2-1207-4A12-AE26-5A2D8EC9361A.npy,HSP inhibitor
P015091,K23,s2,CBK278021,/mnt/micro-images-pvc/specs935-v1/specs935-v1-FA-P015091-U2OS-48h-P8-L2/2021-12-22/870/specs935-v1-FA-P015091-U2OS-48h-P8-L2_K23_s2_w5DA8CC1AE-E6C9-4D4E-8A9A-E86D65C896CE.npy,HSP inhibitor
P015091,K23,s3,CBK278021,/mnt/micro-images-pvc/specs935-v1/specs935-v1-FA-P015091-U2OS-48h-P8-L2/2021-12-22/870/specs935-v1-FA-P015091-U2OS-48h-P8-L2_K23_s3_w5BC1534E4-706B-4C3E-9F00-BD4904525BBF.npy,HSP inhibitor
P015091,K23,s4,CBK278021,/mnt/micro-images-pvc/specs935-v1/specs935-v1-FA-P015091-U2OS-48h-P8-L2/2021-12-22/870/specs935-v1-FA-P015091-U2OS-48h-P8-L2_K23_s4_w52F8B2925-96B2-4460-894C-3BAC1081872D.npy,HSP inhibitor
P015091,K23,s5,CBK278021,/mnt/micro-images-pvc/specs935-v1/specs935-v1-FA-P015091-U2OS-48h-P8-L2/2021-12-22/870/specs935-v1-FA-P015091-U2OS-48h-P8-L2_K23_s5_w5AEFFDCB6-9BBF-4FC1-BD7D-53941F8515D3.npy,HSP inhibitor
P015091,K23,s6,CBK278021,/mnt/micro-images-pvc/specs935-v1/specs935-v1-FA-P015091-U2OS-48h-P8-L2/2021-12-22/870/specs935-v1-FA-P015091-U2OS-48h-P8-L2_K23_s6_w554BCD4E5-86CB-4CFC-8D6A-439DEA023DD8.npy,HSP inhibitor
P015091,K23,s7,CBK278021,/mnt/micro-images-pvc/specs935-v1/specs935-v1-FA-P015091-U2OS-48h-P8-L2/2021-12-22/870/specs935-v1-FA-P015091-U2OS-48h-P8-L2_K23_s7_w50BACF824-743E-4779-ADD4-5DACF76B33BF.npy,HSP inhibitor
P015091,K23,s8,CBK278021,/mnt/micro-images-pvc/specs935-v1/specs935-v1-FA-P015091-U2OS-48h-P8-L2/2021-12-22/870/specs935-v1-FA-P015091-U2OS-48h-P8-L2_K23_s8_w5CD389794-05E2-456B-A452-376A05FEEA63.npy,HSP inhibitor
P015091,K23,s9,CBK278021,/mnt/micro-images-pvc/specs935-v1/specs935-v1-FA-P015091-U2OS-48h-P8-L2/2021-12-22/870/specs935-v1-FA-P015091-U2OS-48h-P8-L2_K23_s9_w513DB4458-203D-4670-A9DC-77C018FFB9FD.npy,HSP inhibitor
P015091,L02,s1,CBK290803,/mnt/micro-images-pvc/specs935-v1/specs935-v1-FA-P015091-U2OS-48h-P8-L2/2021-12-22/870/specs935-v1-FA-P015091-U2OS-48h-P8-L2_L02_s1_w5B040F627-A808-4D17-A702-5C488F509CFA.npy,HSP inhibitor
P015091,L02,s2,CBK290803,/mnt/micro-images-pvc/specs935-v1/specs935-v1-FA-P015091-U2OS-48h-P8-L2/2021-12-22/870/specs935-v1-FA-P015091-U2OS-48h-P8-L2_L02_s2_w57DB8003A-7187-4F1C-BC35-20EB1A80110C.npy,HSP inhibitor
P015091,L02,s3,CBK290803,/mnt/micro-images-pvc/specs935-v1/specs935-v1-FA-P015091-U2OS-48h-P8-L2/2021-12-22/870/specs935-v1-FA-P015091-U2OS-48h-P8-L2_L02_s3_w5773D4AE1-0C1E-469C-9811-BAA9DA033D8F.npy,HSP inhibitor
P015091,L02,s4,CBK290803,/mnt/micro-images-pvc/specs935-v1/specs935-v1-FA-P015091-U2OS-48h-P8-L2/2021-12-22/870/specs935-v1-FA-P015091-U2OS-48h-P8-L2_L02_s4_w55CEB9D3E-5747-4E70-B470-642F08B08965.npy,HSP inhibitor
P015091,L02,s5,CBK290803,/mnt/micro-images-pvc/specs935-v1/specs935-v1-FA-P015091-U2OS-48h-P8-L2/2021-12-22/870/specs935-v1-FA-P015091-U2OS-48h-P8-L2_L02_s5_w500D2FDBF-EA0F-46F8-9000-E9E4F575EF49.npy,HSP inhibitor
P015091,L02,s6,CBK290803,/mnt/micro-images-pvc/specs935-v1/specs935-v1-FA-P015091-U2OS-48h-P8-L2/2021-12-22/870/specs935-v1-FA-P015091-U2OS-48h-P8-L2_L02_s6_w52D26285A-19CE-4114-AEF4-DFF158CBE7A1.npy,HSP inhibitor
P015091,L02,s7,CBK290803,/mnt/micro-images-pvc/specs935-v1/specs935-v1-FA-P015091-U2OS-48h-P8-L2/2021-12-22/870/specs935-v1-FA-P015091-U2OS-48h-P8-L2_L02_s7_w52FF38292-4E3C-4F78-B577-769FE47B2C75.npy,HSP inhibitor
P015091,L02,s8,CBK290803,/mnt/micro-images-pvc/specs935-v1/specs935-v1-FA-P015091-U2OS-48h-P8-L2/2021-12-22/870/specs935-v1-FA-P015091-U2OS-48h-P8-L2_L02_s8_w5113E5649-51BC-4470-8CC1-C0603E9FB01C.npy,HSP inhibitor
P015091,L02,s9,CBK290803,/mnt/micro-images-pvc/specs935-v1/specs935-v1-FA-P015091-U2OS-48h-P8-L2/2021-12-22/870/specs935-v1-FA-P015091-U2OS-48h-P8-L2_L02_s9_w5C5555528-559F-41D3-9B35-3CA40B20452C.npy,HSP inhibitor
P015091,L10,s1,CBK309553,/mnt/micro-images-pvc/specs935-v1/specs935-v1-FA-P015091-U2OS-48h-P8-L2/2021-12-22/870/specs935-v1-FA-P015091-U2OS-48h-P8-L2_L10_s1_w58A58C607-21F5-4C93-AF24-F5828748150F.npy,HDAC inhibitor
P015091,L10,s2,CBK309553,/mnt/micro-images-pvc/specs935-v1/specs935-v1-FA-P015091-U2OS-48h-P8-L2/2021-12-22/870/specs935-v1-FA-P015091-U2OS-48h-P8-L2_L10_s2_w5E6D7EFAB-0DE7-4C0E-A8F7-0BA584E23296.npy,HDAC inhibitor
P015091,L10,s3,CBK309553,/mnt/micro-images-pvc/specs935-v1/specs935-v1-FA-P015091-U2OS-48h-P8-L2/2021-12-22/870/specs935-v1-FA-P015091-U2OS-48h-P8-L2_L10_s3_w54EE0AC12-F497-457C-9F95-2E459ECBE8FF.npy,HDAC inhibitor
P015091,L10,s4,CBK309553,/mnt/micro-images-pvc/specs935-v1/specs935-v1-FA-P015091-U2OS-48h-P8-L2/2021-12-22/870/specs935-v1-FA-P015091-U2OS-48h-P8-L2_L10_s4_w5070112E3-796D-478C-9319-A57E6743CAFD.npy,HDAC inhibitor
P015091,L10,s5,CBK309553,/mnt/micro-images-pvc/specs935-v1/specs935-v1-FA-P015091-U2OS-48h-P8-L2/2021-12-22/870/specs935-v1-FA-P015091-U2OS-48h-P8-L2_L10_s5_w5A18AB520-2238-46FC-96EA-324521BF24A9.npy,HDAC inhibitor
P015091,L10,s6,CBK309553,/mnt/micro-images-pvc/specs935-v1/specs935-v1-FA-P015091-U2OS-48h-P8-L2/2021-12-22/870/specs935-v1-FA-P015091-U2OS-48h-P8-L2_L10_s6_w504FF477B-4A18-4992-BDCC-25FE55872AD5.npy,HDAC inhibitor
P015091,L10,s7,CBK309553,/mnt/micro-images-pvc/specs935-v1/specs935-v1-FA-P015091-U2OS-48h-P8-L2/2021-12-22/870/specs935-v1-FA-P015091-U2OS-48h-P8-L2_L10_s7_w58C8D2F9F-FF1D-491F-A107-B4561CDAACDC.npy,HDAC inhibitor
P015091,L10,s8,CBK309553,/mnt/micro-images-pvc/specs935-v1/specs935-v1-FA-P015091-U2OS-48h-P8-L2/2021-12-22/870/specs935-v1-FA-P015091-U2OS-48h-P8-L2_L10_s8_w5C2B12968-BC70-49BF-8F12-D5A9CC4B9A14.npy,HDAC inhibitor
P015091,L10,s9,CBK309553,/mnt/micro-images-pvc/specs935-v1/specs935-v1-FA-P015091-U2OS-48h-P8-L2/2021-12-22/870/specs935-v1-FA-P015091-U2OS-48h-P8-L2_L10_s9_w5B4BA8ED3-C6D6-44C0-A949-CE91AA15F606.npy,HDAC inhibitor
P015091,L11,s1,CBK277957,/mnt/micro-images-pvc/specs935-v1/specs935-v1-FA-P015091-U2OS-48h-P8-L2/2021-12-22/870/specs935-v1-FA-P015091-U2OS-48h-P8-L2_L11_s1_w5A5D7A964-38E3-489E-840E-2B4B72BD9B57.npy,HDAC inhibitor
P015091,L11,s2,CBK277957,/mnt/micro-images-pvc/specs935-v1/specs935-v1-FA-P015091-U2OS-48h-P8-L2/2021-12-22/870/specs935-v1-FA-P015091-U2OS-48h-P8-L2_L11_s2_w50D8138FE-9D9C-4840-B55D-97AF914DD852.npy,HDAC inhibitor
P015091,L11,s3,CBK277957,/mnt/micro-images-pvc/specs935-v1/specs935-v1-FA-P015091-U2OS-48h-P8-L2/2021-12-22/870/specs935-v1-FA-P015091-U2OS-48h-P8-L2_L11_s3_w5AE2659E9-5284-400D-892D-10D8DDB92625.npy,HDAC inhibitor
P015091,L11,s4,CBK277957,/mnt/micro-images-pvc/specs935-v1/specs935-v1-FA-P015091-U2OS-48h-P8-L2/2021-12-22/870/specs935-v1-FA-P015091-U2OS-48h-P8-L2_L11_s4_w560EC0BC0-E539-472D-AB4F-CD4BBEAA9FF0.npy,HDAC inhibitor
P015091,L11,s5,CBK277957,/mnt/micro-images-pvc/specs935-v1/specs935-v1-FA-P015091-U2OS-48h-P8-L2/2021-12-22/870/specs935-v1-FA-P015091-U2OS-48h-P8-L2_L11_s5_w5DDE364B1-622C-42FF-9FE1-5EAB15B626D1.npy,HDAC inhibitor
P015091,L11,s6,CBK277957,/mnt/micro-images-pvc/specs935-v1/specs935-v1-FA-P015091-U2OS-48h-P8-L2/2021-12-22/870/specs935-v1-FA-P015091-U2OS-48h-P8-L2_L11_s6_w5BA0D8730-592E-4F41-8A13-BD17EB385358.npy,HDAC inhibitor
P015091,L11,s7,CBK277957,/mnt/micro-images-pvc/specs935-v1/specs935-v1-FA-P015091-U2OS-48h-P8-L2/2021-12-22/870/specs935-v1-FA-P015091-U2OS-48h-P8-L2_L11_s7_w5A6C4C927-6C6C-4955-9434-B8681307B79A.npy,HDAC inhibitor
P015091,L11,s8,CBK277957,/mnt/micro-images-pvc/specs935-v1/specs935-v1-FA-P015091-U2OS-48h-P8-L2/2021-12-22/870/specs935-v1-FA-P015091-U2OS-48h-P8-L2_L11_s8_w5AF1BAAC0-22F4-473D-A772-CF37DB291B6C.npy,HDAC inhibitor
P015091,L11,s9,CBK277957,/mnt/micro-images-pvc/specs935-v1/specs935-v1-FA-P015091-U2OS-48h-P8-L2/2021-12-22/870/specs935-v1-FA-P015091-U2OS-48h-P8-L2_L11_s9_w5A98E56D0-E63E-4A2B-8145-0F234A180C8C.npy,HDAC inhibitor
P015091,L14,s1,CBK290613,/mnt/micro-images-pvc/specs935-v1/specs935-v1-FA-P015091-U2OS-48h-P8-L2/2021-12-22/870/specs935-v1-FA-P015091-U2OS-48h-P8-L2_L14_s1_w5073F1987-03B9-46A5-B96E-577B13AFF604.npy,HDAC inhibitor
P015091,L14,s2,CBK290613,/mnt/micro-images-pvc/specs935-v1/specs935-v1-FA-P015091-U2OS-48h-P8-L2/2021-12-22/870/specs935-v1-FA-P015091-U2OS-48h-P8-L2_L14_s2_w53C658CA2-BCAC-4395-9988-2783990617C1.npy,HDAC inhibitor
P015091,L14,s3,CBK290613,/mnt/micro-images-pvc/specs935-v1/specs935-v1-FA-P015091-U2OS-48h-P8-L2/2021-12-22/870/specs935-v1-FA-P015091-U2OS-48h-P8-L2_L14_s3_w5443844F2-5947-436D-8D1E-AED3A5F43A32.npy,HDAC inhibitor
P015091,L14,s4,CBK290613,/mnt/micro-images-pvc/specs935-v1/specs935-v1-FA-P015091-U2OS-48h-P8-L2/2021-12-22/870/specs935-v1-FA-P015091-U2OS-48h-P8-L2_L14_s4_w57731653E-BC51-4C49-AABF-C1F6C90E3C32.npy,HDAC inhibitor
P015091,L14,s5,CBK290613,/mnt/micro-images-pvc/specs935-v1/specs935-v1-FA-P015091-U2OS-48h-P8-L2/2021-12-22/870/specs935-v1-FA-P015091-U2OS-48h-P8-L2_L14_s5_w5496643DF-D97D-40D4-948B-B03563FA656D.npy,HDAC inhibitor
P015091,L14,s6,CBK290613,/mnt/micro-images-pvc/specs935-v1/specs935-v1-FA-P015091-U2OS-48h-P8-L2/2021-12-22/870/specs935-v1-FA-P015091-U2OS-48h-P8-L2_L14_s6_w5D495D0AB-C300-4A16-B878-49A5A7A4F097.npy,HDAC inhibitor
P015091,L14,s7,CBK290613,/mnt/micro-images-pvc/specs935-v1/specs935-v1-FA-P015091-U2OS-48h-P8-L2/2021-12-22/870/specs935-v1-FA-P015091-U2OS-48h-P8-L2_L14_s7_w5ABB41481-E1B3-4C38-83FF-9AF1CAE71C0B.npy,HDAC inhibitor
P015091,L14,s8,CBK290613,/mnt/micro-images-pvc/specs935-v1/specs935-v1-FA-P015091-U2OS-48h-P8-L2/2021-12-22/870/specs935-v1-FA-P015091-U2OS-48h-P8-L2_L14_s8_w59F4C6E71-A51B-4EF6-AFD1-1A932058F5AF.npy,HDAC inhibitor
P015091,L14,s9,CBK290613,/mnt/micro-images-pvc/specs935-v1/specs935-v1-FA-P015091-U2OS-48h-P8-L2/2021-12-22/870/specs935-v1-FA-P015091-U2OS-48h-P8-L2_L14_s9_w58A6F7CE5-20E3-4FE2-A2DC-5AEAF6A2C14A.npy,HDAC inhibitor
P015091,L15,s1,CBK288302,/mnt/micro-images-pvc/specs935-v1/specs935-v1-FA-P015091-U2OS-48h-P8-L2/2021-12-22/870/specs935-v1-FA-P015091-U2OS-48h-P8-L2_L15_s1_w5E5F6ECC5-2D94-4BF7-BB61-C163662568EA.npy,HDAC inhibitor
P015091,L15,s2,CBK288302,/mnt/micro-images-pvc/specs935-v1/specs935-v1-FA-P015091-U2OS-48h-P8-L2/2021-12-22/870/specs935-v1-FA-P015091-U2OS-48h-P8-L2_L15_s2_w57F9C8005-1385-4018-A819-81E0FE03623F.npy,HDAC inhibitor
P015091,L15,s3,CBK288302,/mnt/micro-images-pvc/specs935-v1/specs935-v1-FA-P015091-U2OS-48h-P8-L2/2021-12-22/870/specs935-v1-FA-P015091-U2OS-48h-P8-L2_L15_s3_w54400F234-4F5E-406D-BF39-A176F9987D1A.npy,HDAC inhibitor
P015091,L15,s4,CBK288302,/mnt/micro-images-pvc/specs935-v1/specs935-v1-FA-P015091-U2OS-48h-P8-L2/2021-12-22/870/specs935-v1-FA-P015091-U2OS-48h-P8-L2_L15_s4_w5D751484C-C02F-482A-B53F-3EE18569CEFD.npy,HDAC inhibitor
P015091,L15,s5,CBK288302,/mnt/micro-images-pvc/specs935-v1/specs935-v1-FA-P015091-U2OS-48h-P8-L2/2021-12-22/870/specs935-v1-FA-P015091-U2OS-48h-P8-L2_L15_s5_w52C880A7A-451D-48FC-912D-10896B95F079.npy,HDAC inhibitor
P015091,L15,s6,CBK288302,/mnt/micro-images-pvc/specs935-v1/specs935-v1-FA-P015091-U2OS-48h-P8-L2/2021-12-22/870/specs935-v1-FA-P015091-U2OS-48h-P8-L2_L15_s6_w5B302CDA5-2933-49A5-9144-705C0934C6DD.npy,HDAC inhibitor
P015091,L15,s7,CBK288302,/mnt/micro-images-pvc/specs935-v1/specs935-v1-FA-P015091-U2OS-48h-P8-L2/2021-12-22/870/specs935-v1-FA-P015091-U2OS-48h-P8-L2_L15_s7_w552655F03-A876-4A78-9417-C3B18614DABD.npy,HDAC inhibitor
P015091,L15,s8,CBK288302,/mnt/micro-images-pvc/specs935-v1/specs935-v1-FA-P015091-U2OS-48h-P8-L2/2021-12-22/870/specs935-v1-FA-P015091-U2OS-48h-P8-L2_L15_s8_w50924D12D-6722-4909-8F3D-B871E9BFEFBE.npy,HDAC inhibitor
P015091,L15,s9,CBK288302,/mnt/micro-images-pvc/specs935-v1/specs935-v1-FA-P015091-U2OS-48h-P8-L2/2021-12-22/870/specs935-v1-FA-P015091-U2OS-48h-P8-L2_L15_s9_w5B519ABE8-202E-4398-8686-CDD5D7F47A16.npy,HDAC inhibitor
P015091,L17,s1,CBK308482,/mnt/micro-images-pvc/specs935-v1/specs935-v1-FA-P015091-U2OS-48h-P8-L2/2021-12-22/870/specs935-v1-FA-P015091-U2OS-48h-P8-L2_L17_s1_w5104A4A76-FA55-48D5-91FB-D0870A07058C.npy,HDAC inhibitor
P015091,L17,s2,CBK308482,/mnt/micro-images-pvc/specs935-v1/specs935-v1-FA-P015091-U2OS-48h-P8-L2/2021-12-22/870/specs935-v1-FA-P015091-U2OS-48h-P8-L2_L17_s2_w591B55F95-394D-4AC2-A487-D3DF5DB84A01.npy,HDAC inhibitor
P015091,L17,s3,CBK308482,/mnt/micro-images-pvc/specs935-v1/specs935-v1-FA-P015091-U2OS-48h-P8-L2/2021-12-22/870/specs935-v1-FA-P015091-U2OS-48h-P8-L2_L17_s3_w585BC2850-B22D-4F87-8073-6CC4AB202A78.npy,HDAC inhibitor
P015091,L17,s4,CBK308482,/mnt/micro-images-pvc/specs935-v1/specs935-v1-FA-P015091-U2OS-48h-P8-L2/2021-12-22/870/specs935-v1-FA-P015091-U2OS-48h-P8-L2_L17_s4_w59D480757-61B4-4F8A-87E7-5C8FD406AFAD.npy,HDAC inhibitor
P015091,L17,s5,CBK308482,/mnt/micro-images-pvc/specs935-v1/specs935-v1-FA-P015091-U2OS-48h-P8-L2/2021-12-22/870/specs935-v1-FA-P015091-U2OS-48h-P8-L2_L17_s5_w5DF592C4A-F8DF-49A5-9360-88A2BC184D09.npy,HDAC inhibitor
P015091,L17,s6,CBK308482,/mnt/micro-images-pvc/specs935-v1/specs935-v1-FA-P015091-U2OS-48h-P8-L2/2021-12-22/870/specs935-v1-FA-P015091-U2OS-48h-P8-L2_L17_s6_w54BFFFC83-7C73-4EC8-923C-D30C5CEAF79A.npy,HDAC inhibitor
P015091,L17,s7,CBK308482,/mnt/micro-images-pvc/specs935-v1/specs935-v1-FA-P015091-U2OS-48h-P8-L2/2021-12-22/870/specs935-v1-FA-P015091-U2OS-48h-P8-L2_L17_s7_w57C7859DA-C578-456F-9BE6-603F6DC620B9.npy,HDAC inhibitor
P015091,L17,s8,CBK308482,/mnt/micro-images-pvc/specs935-v1/specs935-v1-FA-P015091-U2OS-48h-P8-L2/2021-12-22/870/specs935-v1-FA-P015091-U2OS-48h-P8-L2_L17_s8_w53A1FFCB7-6B52-4A85-8472-A3733EFAA9BE.npy,HDAC inhibitor
P015091,L17,s9,CBK308482,/mnt/micro-images-pvc/specs935-v1/specs935-v1-FA-P015091-U2OS-48h-P8-L2/2021-12-22/870/specs935-v1-FA-P015091-U2OS-48h-P8-L2_L17_s9_w545BE7CB0-4277-485D-9E17-077AEC6C1F24.npy,HDAC inhibitor
P015091,L18,s1,CBK290816,/mnt/micro-images-pvc/specs935-v1/specs935-v1-FA-P015091-U2OS-48h-P8-L2/2021-12-22/870/specs935-v1-FA-P015091-U2OS-48h-P8-L2_L18_s1_w528FC3397-62DD-4BD6-BCD3-A0BA50A88C4F.npy,HDAC inhibitor
P015091,L18,s2,CBK290816,/mnt/micro-images-pvc/specs935-v1/specs935-v1-FA-P015091-U2OS-48h-P8-L2/2021-12-22/870/specs935-v1-FA-P015091-U2OS-48h-P8-L2_L18_s2_w52E858C27-7F40-4C4B-8CE6-7DBF41D1D990.npy,HDAC inhibitor
P015091,L18,s3,CBK290816,/mnt/micro-images-pvc/specs935-v1/specs935-v1-FA-P015091-U2OS-48h-P8-L2/2021-12-22/870/specs935-v1-FA-P015091-U2OS-48h-P8-L2_L18_s3_w53C166F08-5F67-4933-9371-85006A9024A8.npy,HDAC inhibitor
P015091,L18,s4,CBK290816,/mnt/micro-images-pvc/specs935-v1/specs935-v1-FA-P015091-U2OS-48h-P8-L2/2021-12-22/870/specs935-v1-FA-P015091-U2OS-48h-P8-L2_L18_s4_w55B37CB4C-44E7-4B77-83CC-70DF4F47E333.npy,HDAC inhibitor
P015091,L18,s5,CBK290816,/mnt/micro-images-pvc/specs935-v1/specs935-v1-FA-P015091-U2OS-48h-P8-L2/2021-12-22/870/specs935-v1-FA-P015091-U2OS-48h-P8-L2_L18_s5_w5BE2BCF57-B491-44BE-8E86-ECA21082AA3F.npy,HDAC inhibitor
P015091,L18,s6,CBK290816,/mnt/micro-images-pvc/specs935-v1/specs935-v1-FA-P015091-U2OS-48h-P8-L2/2021-12-22/870/specs935-v1-FA-P015091-U2OS-48h-P8-L2_L18_s6_w586FF362A-74EB-4BF4-856C-C2B6F23B8E6B.npy,HDAC inhibitor
P015091,L18,s7,CBK290816,/mnt/micro-images-pvc/specs935-v1/specs935-v1-FA-P015091-U2OS-48h-P8-L2/2021-12-22/870/specs935-v1-FA-P015091-U2OS-48h-P8-L2_L18_s7_w5B39182A3-A850-43EE-B2EE-3F960C8E3C74.npy,HDAC inhibitor
P015091,L18,s8,CBK290816,/mnt/micro-images-pvc/specs935-v1/specs935-v1-FA-P015091-U2OS-48h-P8-L2/2021-12-22/870/specs935-v1-FA-P015091-U2OS-48h-P8-L2_L18_s8_w528B99C2B-6614-4C7E-BC2F-856340595320.npy,HDAC inhibitor
P015091,L18,s9,CBK290816,/mnt/micro-images-pvc/specs935-v1/specs935-v1-FA-P015091-U2OS-48h-P8-L2/2021-12-22/870/specs935-v1-FA-P015091-U2OS-48h-P8-L2_L18_s9_w54E1BF2A9-2454-48A5-8AB9-1A255D23D764.npy,HDAC inhibitor
P015091,L19,s1,CBK290285,/mnt/micro-images-pvc/specs935-v1/specs935-v1-FA-P015091-U2OS-48h-P8-L2/2021-12-22/870/specs935-v1-FA-P015091-U2OS-48h-P8-L2_L19_s1_w532CA82EA-FA39-430A-9E11-A6DB808FE6C1.npy,HSP inhibitor
P015091,L19,s2,CBK290285,/mnt/micro-images-pvc/specs935-v1/specs935-v1-FA-P015091-U2OS-48h-P8-L2/2021-12-22/870/specs935-v1-FA-P015091-U2OS-48h-P8-L2_L19_s2_w553AF13E7-D66C-4F0D-9D83-E5CD163116A3.npy,HSP inhibitor
P015091,L19,s3,CBK290285,/mnt/micro-images-pvc/specs935-v1/specs935-v1-FA-P015091-U2OS-48h-P8-L2/2021-12-22/870/specs935-v1-FA-P015091-U2OS-48h-P8-L2_L19_s3_w593154127-0513-401C-BA2E-01BD193C4E18.npy,HSP inhibitor
P015091,L19,s4,CBK290285,/mnt/micro-images-pvc/specs935-v1/specs935-v1-FA-P015091-U2OS-48h-P8-L2/2021-12-22/870/specs935-v1-FA-P015091-U2OS-48h-P8-L2_L19_s4_w562EE4CCC-0C72-48EF-8688-76EE85A1A7A4.npy,HSP inhibitor
P015091,L19,s5,CBK290285,/mnt/micro-images-pvc/specs935-v1/specs935-v1-FA-P015091-U2OS-48h-P8-L2/2021-12-22/870/specs935-v1-FA-P015091-U2OS-48h-P8-L2_L19_s5_w503401702-F6D1-4BB5-88A3-B85FEEEF1D00.npy,HSP inhibitor
P015091,L19,s6,CBK290285,/mnt/micro-images-pvc/specs935-v1/specs935-v1-FA-P015091-U2OS-48h-P8-L2/2021-12-22/870/specs935-v1-FA-P015091-U2OS-48h-P8-L2_L19_s6_w5637AF3FC-BF9D-4E38-B5AE-247980D5386C.npy,HSP inhibitor
P015091,L19,s7,CBK290285,/mnt/micro-images-pvc/specs935-v1/specs935-v1-FA-P015091-U2OS-48h-P8-L2/2021-12-22/870/specs935-v1-FA-P015091-U2OS-48h-P8-L2_L19_s7_w5E8125B88-EAE6-45FE-9072-B0CC2E3C1EAD.npy,HSP inhibitor
P015091,L19,s8,CBK290285,/mnt/micro-images-pvc/specs935-v1/specs935-v1-FA-P015091-U2OS-48h-P8-L2/2021-12-22/870/specs935-v1-FA-P015091-U2OS-48h-P8-L2_L19_s8_w59E74567F-DBC0-4B21-96E3-51791D34AF61.npy,HSP inhibitor
P015091,L19,s9,CBK290285,/mnt/micro-images-pvc/specs935-v1/specs935-v1-FA-P015091-U2OS-48h-P8-L2/2021-12-22/870/specs935-v1-FA-P015091-U2OS-48h-P8-L2_L19_s9_w54AB716D8-55A3-4069-AB2C-C9B44C031DF3.npy,HSP inhibitor
P015091,L22,s1,CBK289739,/mnt/micro-images-pvc/specs935-v1/specs935-v1-FA-P015091-U2OS-48h-P8-L2/2021-12-22/870/specs935-v1-FA-P015091-U2OS-48h-P8-L2_L22_s1_w5466B3AB8-0048-47F6-B85C-CED0E654FE60.npy,HDAC inhibitor
P015091,L22,s2,CBK289739,/mnt/micro-images-pvc/specs935-v1/specs935-v1-FA-P015091-U2OS-48h-P8-L2/2021-12-22/870/specs935-v1-FA-P015091-U2OS-48h-P8-L2_L22_s2_w584635491-49EF-48FB-99C9-29CE53793DCA.npy,HDAC inhibitor
P015091,L22,s3,CBK289739,/mnt/micro-images-pvc/specs935-v1/specs935-v1-FA-P015091-U2OS-48h-P8-L2/2021-12-22/870/specs935-v1-FA-P015091-U2OS-48h-P8-L2_L22_s3_w5DED313BF-76B2-4187-A2C6-CF875179A97B.npy,HDAC inhibitor
P015091,L22,s4,CBK289739,/mnt/micro-images-pvc/specs935-v1/specs935-v1-FA-P015091-U2OS-48h-P8-L2/2021-12-22/870/specs935-v1-FA-P015091-U2OS-48h-P8-L2_L22_s4_w52B1D0F62-A6C8-4199-A7D8-D57BB988BC62.npy,HDAC inhibitor
P015091,L22,s5,CBK289739,/mnt/micro-images-pvc/specs935-v1/specs935-v1-FA-P015091-U2OS-48h-P8-L2/2021-12-22/870/specs935-v1-FA-P015091-U2OS-48h-P8-L2_L22_s5_w534C99B75-5A18-4487-BE25-4F556A8B198B.npy,HDAC inhibitor
P015091,L22,s6,CBK289739,/mnt/micro-images-pvc/specs935-v1/specs935-v1-FA-P015091-U2OS-48h-P8-L2/2021-12-22/870/specs935-v1-FA-P015091-U2OS-48h-P8-L2_L22_s6_w59469125D-A410-4305-AE3E-B73F896B2A4E.npy,HDAC inhibitor
P015091,L22,s7,CBK289739,/mnt/micro-images-pvc/specs935-v1/specs935-v1-FA-P015091-U2OS-48h-P8-L2/2021-12-22/870/specs935-v1-FA-P015091-U2OS-48h-P8-L2_L22_s7_w5C8BE0BB6-CF1B-40DD-B174-12F290D94B1B.npy,HDAC inhibitor
P015091,L22,s8,CBK289739,/mnt/micro-images-pvc/specs935-v1/specs935-v1-FA-P015091-U2OS-48h-P8-L2/2021-12-22/870/specs935-v1-FA-P015091-U2OS-48h-P8-L2_L22_s8_w5EC1B0F6D-E610-43A9-B3FF-6CFC18A9ECF4.npy,HDAC inhibitor
P015091,L22,s9,CBK289739,/mnt/micro-images-pvc/specs935-v1/specs935-v1-FA-P015091-U2OS-48h-P8-L2/2021-12-22/870/specs935-v1-FA-P015091-U2OS-48h-P8-L2_L22_s9_w54CBE4FC1-F808-4C1C-AE11-882F5196B210.npy,HDAC inhibitor
P015091,M05,s1,CBK277934,/mnt/micro-images-pvc/specs935-v1/specs935-v1-FA-P015091-U2OS-48h-P8-L2/2021-12-22/870/specs935-v1-FA-P015091-U2OS-48h-P8-L2_M05_s1_w5DE5520FD-797E-4095-A532-3EEA811C0B34.npy,HSP inhibitor
P015091,M05,s2,CBK277934,/mnt/micro-images-pvc/specs935-v1/specs935-v1-FA-P015091-U2OS-48h-P8-L2/2021-12-22/870/specs935-v1-FA-P015091-U2OS-48h-P8-L2_M05_s2_w5A9A36612-D588-46AD-8825-B6F28A8BFE44.npy,HSP inhibitor
P015091,M05,s3,CBK277934,/mnt/micro-images-pvc/specs935-v1/specs935-v1-FA-P015091-U2OS-48h-P8-L2/2021-12-22/870/specs935-v1-FA-P015091-U2OS-48h-P8-L2_M05_s3_w5BDB15A50-3350-42BA-8A87-13F92BA77C93.npy,HSP inhibitor
P015091,M05,s4,CBK277934,/mnt/micro-images-pvc/specs935-v1/specs935-v1-FA-P015091-U2OS-48h-P8-L2/2021-12-22/870/specs935-v1-FA-P015091-U2OS-48h-P8-L2_M05_s4_w558C3676D-82F5-49F8-AA1B-DBA3EE904918.npy,HSP inhibitor
P015091,M05,s5,CBK277934,/mnt/micro-images-pvc/specs935-v1/specs935-v1-FA-P015091-U2OS-48h-P8-L2/2021-12-22/870/specs935-v1-FA-P015091-U2OS-48h-P8-L2_M05_s5_w5D85B8BF6-53BC-4719-B118-9499B62EE820.npy,HSP inhibitor
P015091,M05,s6,CBK277934,/mnt/micro-images-pvc/specs935-v1/specs935-v1-FA-P015091-U2OS-48h-P8-L2/2021-12-22/870/specs935-v1-FA-P015091-U2OS-48h-P8-L2_M05_s6_w5B922161A-C9B0-45D4-8678-8D2ADCDC1E75.npy,HSP inhibitor
P015091,M05,s7,CBK277934,/mnt/micro-images-pvc/specs935-v1/specs935-v1-FA-P015091-U2OS-48h-P8-L2/2021-12-22/870/specs935-v1-FA-P015091-U2OS-48h-P8-L2_M05_s7_w5FF2CDF86-E740-47B5-8EE6-BA188D6642DB.npy,HSP inhibitor
P015091,M05,s8,CBK277934,/mnt/micro-images-pvc/specs935-v1/specs935-v1-FA-P015091-U2OS-48h-P8-L2/2021-12-22/870/specs935-v1-FA-P015091-U2OS-48h-P8-L2_M05_s8_w5BFCE33B5-E909-4CE2-BBAF-7E1C373F8304.npy,HSP inhibitor
P015091,M05,s9,CBK277934,/mnt/micro-images-pvc/specs935-v1/specs935-v1-FA-P015091-U2OS-48h-P8-L2/2021-12-22/870/specs935-v1-FA-P015091-U2OS-48h-P8-L2_M05_s9_w59761F686-DE41-4BE2-A0E6-DBF2A08C9233.npy,HSP inhibitor
P015091,M13,s1,CBK308232,/mnt/micro-images-pvc/specs935-v1/specs935-v1-FA-P015091-U2OS-48h-P8-L2/2021-12-22/870/specs935-v1-FA-P015091-U2OS-48h-P8-L2_M13_s1_w5AA9AA2CE-B2BC-4DD5-93DC-65FA3B068926.npy,HSP inhibitor
P015091,M13,s2,CBK308232,/mnt/micro-images-pvc/specs935-v1/specs935-v1-FA-P015091-U2OS-48h-P8-L2/2021-12-22/870/specs935-v1-FA-P015091-U2OS-48h-P8-L2_M13_s2_w53FD89C82-49D1-484A-8723-103B729B2B54.npy,HSP inhibitor
P015091,M13,s3,CBK308232,/mnt/micro-images-pvc/specs935-v1/specs935-v1-FA-P015091-U2OS-48h-P8-L2/2021-12-22/870/specs935-v1-FA-P015091-U2OS-48h-P8-L2_M13_s3_w51D9357DB-1886-4CAB-8205-6D9891BF740B.npy,HSP inhibitor
P015091,M13,s4,CBK308232,/mnt/micro-images-pvc/specs935-v1/specs935-v1-FA-P015091-U2OS-48h-P8-L2/2021-12-22/870/specs935-v1-FA-P015091-U2OS-48h-P8-L2_M13_s4_w5C9C8A249-AC13-4C20-A54A-F15E4E946D03.npy,HSP inhibitor
P015091,M13,s5,CBK308232,/mnt/micro-images-pvc/specs935-v1/specs935-v1-FA-P015091-U2OS-48h-P8-L2/2021-12-22/870/specs935-v1-FA-P015091-U2OS-48h-P8-L2_M13_s5_w506BA00BE-627E-452C-AEE5-2C996E3EB932.npy,HSP inhibitor
P015091,M13,s6,CBK308232,/mnt/micro-images-pvc/specs935-v1/specs935-v1-FA-P015091-U2OS-48h-P8-L2/2021-12-22/870/specs935-v1-FA-P015091-U2OS-48h-P8-L2_M13_s6_w5245DA5C2-95E0-4F08-AF23-4676533DC113.npy,HSP inhibitor
P015091,M13,s7,CBK308232,/mnt/micro-images-pvc/specs935-v1/specs935-v1-FA-P015091-U2OS-48h-P8-L2/2021-12-22/870/specs935-v1-FA-P015091-U2OS-48h-P8-L2_M13_s7_w5FDDB5356-F225-4FC8-AD7C-50B51B9A9679.npy,HSP inhibitor
P015091,M13,s8,CBK308232,/mnt/micro-images-pvc/specs935-v1/specs935-v1-FA-P015091-U2OS-48h-P8-L2/2021-12-22/870/specs935-v1-FA-P015091-U2OS-48h-P8-L2_M13_s8_w589AABDAA-C786-4AFB-9AE1-33DDE468EF9F.npy,HSP inhibitor
P015091,M13,s9,CBK308232,/mnt/micro-images-pvc/specs935-v1/specs935-v1-FA-P015091-U2OS-48h-P8-L2/2021-12-22/870/specs935-v1-FA-P015091-U2OS-48h-P8-L2_M13_s9_w5F339CFAD-F551-400D-B19C-E6F20C0EF99A.npy,HSP inhibitor
P015091,M14,s1,CBK308696,/mnt/micro-images-pvc/specs935-v1/specs935-v1-FA-P015091-U2OS-48h-P8-L2/2021-12-22/870/specs935-v1-FA-P015091-U2OS-48h-P8-L2_M14_s1_w55C297A4F-E923-44D8-9E96-EEDD329097E8.npy,HSP inhibitor
P015091,M14,s2,CBK308696,/mnt/micro-images-pvc/specs935-v1/specs935-v1-FA-P015091-U2OS-48h-P8-L2/2021-12-22/870/specs935-v1-FA-P015091-U2OS-48h-P8-L2_M14_s2_w5825B524C-C4E5-42D4-8D0F-38BA95E87930.npy,HSP inhibitor
P015091,M14,s3,CBK308696,/mnt/micro-images-pvc/specs935-v1/specs935-v1-FA-P015091-U2OS-48h-P8-L2/2021-12-22/870/specs935-v1-FA-P015091-U2OS-48h-P8-L2_M14_s3_w559EDCD42-C748-41DC-A95B-639A9FBEA168.npy,HSP inhibitor
P015091,M14,s4,CBK308696,/mnt/micro-images-pvc/specs935-v1/specs935-v1-FA-P015091-U2OS-48h-P8-L2/2021-12-22/870/specs935-v1-FA-P015091-U2OS-48h-P8-L2_M14_s4_w58D45C356-7DB8-40E3-BD1D-6889DB688BD0.npy,HSP inhibitor
P015091,M14,s5,CBK308696,/mnt/micro-images-pvc/specs935-v1/specs935-v1-FA-P015091-U2OS-48h-P8-L2/2021-12-22/870/specs935-v1-FA-P015091-U2OS-48h-P8-L2_M14_s5_w5AB76E976-2C10-44A5-9ADA-1F00EF7CAE97.npy,HSP inhibitor
P015091,M14,s6,CBK308696,/mnt/micro-images-pvc/specs935-v1/specs935-v1-FA-P015091-U2OS-48h-P8-L2/2021-12-22/870/specs935-v1-FA-P015091-U2OS-48h-P8-L2_M14_s6_w5CD59B0E1-3767-4821-9A2F-8027418D8D89.npy,HSP inhibitor
P015091,M14,s7,CBK308696,/mnt/micro-images-pvc/specs935-v1/specs935-v1-FA-P015091-U2OS-48h-P8-L2/2021-12-22/870/specs935-v1-FA-P015091-U2OS-48h-P8-L2_M14_s7_w5B5D7DBDB-75ED-4323-92E7-3B83BBBFB99F.npy,HSP inhibitor
P015091,M14,s8,CBK308696,/mnt/micro-images-pvc/specs935-v1/specs935-v1-FA-P015091-U2OS-48h-P8-L2/2021-12-22/870/specs935-v1-FA-P015091-U2OS-48h-P8-L2_M14_s8_w53CC4E586-4448-49BD-A224-FCEE7EBF13ED.npy,HSP inhibitor
P015091,M14,s9,CBK308696,/mnt/micro-images-pvc/specs935-v1/specs935-v1-FA-P015091-U2OS-48h-P8-L2/2021-12-22/870/specs935-v1-FA-P015091-U2OS-48h-P8-L2_M14_s9_w5CE8EF9FE-89B8-4D9A-A06D-1FFDDC74D6C6.npy,HSP inhibitor
P015091,M15,s1,CBK290753,/mnt/micro-images-pvc/specs935-v1/specs935-v1-FA-P015091-U2OS-48h-P8-L2/2021-12-22/870/specs935-v1-FA-P015091-U2OS-48h-P8-L2_M15_s1_w547B9F83F-1D85-4CBE-A6F2-F06EF77079F3.npy,HSP inhibitor
P015091,M15,s2,CBK290753,/mnt/micro-images-pvc/specs935-v1/specs935-v1-FA-P015091-U2OS-48h-P8-L2/2021-12-22/870/specs935-v1-FA-P015091-U2OS-48h-P8-L2_M15_s2_w53FF5AA83-1914-4EE6-ACCC-D96504508A92.npy,HSP inhibitor
P015091,M15,s3,CBK290753,/mnt/micro-images-pvc/specs935-v1/specs935-v1-FA-P015091-U2OS-48h-P8-L2/2021-12-22/870/specs935-v1-FA-P015091-U2OS-48h-P8-L2_M15_s3_w5C06E4195-E5ED-4B8A-B8CF-712F211E0BEA.npy,HSP inhibitor
P015091,M15,s4,CBK290753,/mnt/micro-images-pvc/specs935-v1/specs935-v1-FA-P015091-U2OS-48h-P8-L2/2021-12-22/870/specs935-v1-FA-P015091-U2OS-48h-P8-L2_M15_s4_w544598D69-4858-40F8-907F-ECC7ED873E5A.npy,HSP inhibitor
P015091,M15,s5,CBK290753,/mnt/micro-images-pvc/specs935-v1/specs935-v1-FA-P015091-U2OS-48h-P8-L2/2021-12-22/870/specs935-v1-FA-P015091-U2OS-48h-P8-L2_M15_s5_w5747A9EA1-6309-459F-B35E-DA7685E89065.npy,HSP inhibitor
P015091,M15,s6,CBK290753,/mnt/micro-images-pvc/specs935-v1/specs935-v1-FA-P015091-U2OS-48h-P8-L2/2021-12-22/870/specs935-v1-FA-P015091-U2OS-48h-P8-L2_M15_s6_w5F5E1E13E-A2ED-47F0-9CC2-5C306202AAFA.npy,HSP inhibitor
P015091,M15,s7,CBK290753,/mnt/micro-images-pvc/specs935-v1/specs935-v1-FA-P015091-U2OS-48h-P8-L2/2021-12-22/870/specs935-v1-FA-P015091-U2OS-48h-P8-L2_M15_s7_w5C169E37C-74F4-47D1-AFA9-B9CBEE34260D.npy,HSP inhibitor
P015091,M15,s8,CBK290753,/mnt/micro-images-pvc/specs935-v1/specs935-v1-FA-P015091-U2OS-48h-P8-L2/2021-12-22/870/specs935-v1-FA-P015091-U2OS-48h-P8-L2_M15_s8_w5E4E2784F-BE4B-4FA5-A276-4D2B359F7BBA.npy,HSP inhibitor
P015091,M15,s9,CBK290753,/mnt/micro-images-pvc/specs935-v1/specs935-v1-FA-P015091-U2OS-48h-P8-L2/2021-12-22/870/specs935-v1-FA-P015091-U2OS-48h-P8-L2_M15_s9_w5CE0C8D23-DA25-4A9A-A363-C9742A475D97.npy,HSP inhibitor
P015091,M17,s1,CBK309523,/mnt/micro-images-pvc/specs935-v1/specs935-v1-FA-P015091-U2OS-48h-P8-L2/2021-12-22/870/specs935-v1-FA-P015091-U2OS-48h-P8-L2_M17_s1_w51F95B0E9-7B50-4CB4-AC8F-FC8350D24CC2.npy,HDAC inhibitor
P015091,M17,s2,CBK309523,/mnt/micro-images-pvc/specs935-v1/specs935-v1-FA-P015091-U2OS-48h-P8-L2/2021-12-22/870/specs935-v1-FA-P015091-U2OS-48h-P8-L2_M17_s2_w54A3B6BF8-DED3-4024-A9C3-58DECEE82625.npy,HDAC inhibitor
P015091,M17,s3,CBK309523,/mnt/micro-images-pvc/specs935-v1/specs935-v1-FA-P015091-U2OS-48h-P8-L2/2021-12-22/870/specs935-v1-FA-P015091-U2OS-48h-P8-L2_M17_s3_w5F31D1F98-B236-42F5-B143-1BF06C01BAF3.npy,HDAC inhibitor
P015091,M17,s4,CBK309523,/mnt/micro-images-pvc/specs935-v1/specs935-v1-FA-P015091-U2OS-48h-P8-L2/2021-12-22/870/specs935-v1-FA-P015091-U2OS-48h-P8-L2_M17_s4_w519A51C19-A516-42D0-8DB2-F31F10528241.npy,HDAC inhibitor
P015091,M17,s5,CBK309523,/mnt/micro-images-pvc/specs935-v1/specs935-v1-FA-P015091-U2OS-48h-P8-L2/2021-12-22/870/specs935-v1-FA-P015091-U2OS-48h-P8-L2_M17_s5_w5F4190B7F-F3DF-4876-B92A-D83D2FD316FC.npy,HDAC inhibitor
P015091,M17,s6,CBK309523,/mnt/micro-images-pvc/specs935-v1/specs935-v1-FA-P015091-U2OS-48h-P8-L2/2021-12-22/870/specs935-v1-FA-P015091-U2OS-48h-P8-L2_M17_s6_w552D512DA-00BD-459A-94AF-286C73783C17.npy,HDAC inhibitor
P015091,M17,s7,CBK309523,/mnt/micro-images-pvc/specs935-v1/specs935-v1-FA-P015091-U2OS-48h-P8-L2/2021-12-22/870/specs935-v1-FA-P015091-U2OS-48h-P8-L2_M17_s7_w580CC227A-82BE-4D5B-9FA8-CED05C150358.npy,HDAC inhibitor
P015091,M17,s8,CBK309523,/mnt/micro-images-pvc/specs935-v1/specs935-v1-FA-P015091-U2OS-48h-P8-L2/2021-12-22/870/specs935-v1-FA-P015091-U2OS-48h-P8-L2_M17_s8_w564B77A65-B8E6-420C-A1B4-0E3E1A60CEE8.npy,HDAC inhibitor
P015091,M17,s9,CBK309523,/mnt/micro-images-pvc/specs935-v1/specs935-v1-FA-P015091-U2OS-48h-P8-L2/2021-12-22/870/specs935-v1-FA-P015091-U2OS-48h-P8-L2_M17_s9_w53DCF512A-F19A-43E6-AB32-2BAAC8E10104.npy,HDAC inhibitor
P015091,M21,s1,CBK308923,/mnt/micro-images-pvc/specs935-v1/specs935-v1-FA-P015091-U2OS-48h-P8-L2/2021-12-22/870/specs935-v1-FA-P015091-U2OS-48h-P8-L2_M21_s1_w5E965BC51-5568-4E14-9D45-9465E2FB0637.npy,HSP inhibitor
P015091,M21,s2,CBK308923,/mnt/micro-images-pvc/specs935-v1/specs935-v1-FA-P015091-U2OS-48h-P8-L2/2021-12-22/870/specs935-v1-FA-P015091-U2OS-48h-P8-L2_M21_s2_w5D656CF54-C6FC-45FC-82D5-8AD524047CD7.npy,HSP inhibitor
P015091,M21,s3,CBK308923,/mnt/micro-images-pvc/specs935-v1/specs935-v1-FA-P015091-U2OS-48h-P8-L2/2021-12-22/870/specs935-v1-FA-P015091-U2OS-48h-P8-L2_M21_s3_w5CF6EC1F4-7874-4187-947E-929585803429.npy,HSP inhibitor
P015091,M21,s4,CBK308923,/mnt/micro-images-pvc/specs935-v1/specs935-v1-FA-P015091-U2OS-48h-P8-L2/2021-12-22/870/specs935-v1-FA-P015091-U2OS-48h-P8-L2_M21_s4_w56FDAC14F-C026-4F35-9572-B2909E5D5A9D.npy,HSP inhibitor
P015091,M21,s5,CBK308923,/mnt/micro-images-pvc/specs935-v1/specs935-v1-FA-P015091-U2OS-48h-P8-L2/2021-12-22/870/specs935-v1-FA-P015091-U2OS-48h-P8-L2_M21_s5_w5219AC9D5-617D-486C-8B66-68F64570B1DA.npy,HSP inhibitor
P015091,M21,s6,CBK308923,/mnt/micro-images-pvc/specs935-v1/specs935-v1-FA-P015091-U2OS-48h-P8-L2/2021-12-22/870/specs935-v1-FA-P015091-U2OS-48h-P8-L2_M21_s6_w5F6F4AABB-E5DE-436C-8407-A4900F914140.npy,HSP inhibitor
P015091,M21,s7,CBK308923,/mnt/micro-images-pvc/specs935-v1/specs935-v1-FA-P015091-U2OS-48h-P8-L2/2021-12-22/870/specs935-v1-FA-P015091-U2OS-48h-P8-L2_M21_s7_w55F0890EF-91D1-470E-9E7E-D400254F258C.npy,HSP inhibitor
P015091,M21,s8,CBK308923,/mnt/micro-images-pvc/specs935-v1/specs935-v1-FA-P015091-U2OS-48h-P8-L2/2021-12-22/870/specs935-v1-FA-P015091-U2OS-48h-P8-L2_M21_s8_w5B635F886-FB66-44D5-B206-51D0637EC2E0.npy,HSP inhibitor
P015091,M21,s9,CBK308923,/mnt/micro-images-pvc/specs935-v1/specs935-v1-FA-P015091-U2OS-48h-P8-L2/2021-12-22/870/specs935-v1-FA-P015091-U2OS-48h-P8-L2_M21_s9_w5344BEC6F-25B8-4442-A0FC-8AC5D6D0D19C.npy,HSP inhibitor
P015091,M22,s1,CBK307768,/mnt/micro-images-pvc/specs935-v1/specs935-v1-FA-P015091-U2OS-48h-P8-L2/2021-12-22/870/specs935-v1-FA-P015091-U2OS-48h-P8-L2_M22_s1_w55706A19E-6894-4EB6-B2D8-C7B5981E6051.npy,HSP inhibitor
P015091,M22,s2,CBK307768,/mnt/micro-images-pvc/specs935-v1/specs935-v1-FA-P015091-U2OS-48h-P8-L2/2021-12-22/870/specs935-v1-FA-P015091-U2OS-48h-P8-L2_M22_s2_w5503CC973-37E5-42D9-9647-29496DCD19DD.npy,HSP inhibitor
P015091,M22,s3,CBK307768,/mnt/micro-images-pvc/specs935-v1/specs935-v1-FA-P015091-U2OS-48h-P8-L2/2021-12-22/870/specs935-v1-FA-P015091-U2OS-48h-P8-L2_M22_s3_w56E1683A8-3701-42BD-9312-80836801EF57.npy,HSP inhibitor
P015091,M22,s4,CBK307768,/mnt/micro-images-pvc/specs935-v1/specs935-v1-FA-P015091-U2OS-48h-P8-L2/2021-12-22/870/specs935-v1-FA-P015091-U2OS-48h-P8-L2_M22_s4_w5C7D68D34-FC73-4DF0-BB36-017930BE62A6.npy,HSP inhibitor
P015091,M22,s5,CBK307768,/mnt/micro-images-pvc/specs935-v1/specs935-v1-FA-P015091-U2OS-48h-P8-L2/2021-12-22/870/specs935-v1-FA-P015091-U2OS-48h-P8-L2_M22_s5_w5B25EE1F1-F669-4A24-A82E-F3336A7E136E.npy,HSP inhibitor
P015091,M22,s6,CBK307768,/mnt/micro-images-pvc/specs935-v1/specs935-v1-FA-P015091-U2OS-48h-P8-L2/2021-12-22/870/specs935-v1-FA-P015091-U2OS-48h-P8-L2_M22_s6_w5A5F4E840-F539-4DD0-8C8A-E8C744AF84B3.npy,HSP inhibitor
P015091,M22,s7,CBK307768,/mnt/micro-images-pvc/specs935-v1/specs935-v1-FA-P015091-U2OS-48h-P8-L2/2021-12-22/870/specs935-v1-FA-P015091-U2OS-48h-P8-L2_M22_s7_w5DD42AA93-638E-4127-B97B-1FD1F4FD97F8.npy,HSP inhibitor
P015091,M22,s8,CBK307768,/mnt/micro-images-pvc/specs935-v1/specs935-v1-FA-P015091-U2OS-48h-P8-L2/2021-12-22/870/specs935-v1-FA-P015091-U2OS-48h-P8-L2_M22_s8_w5C550BEA3-2E50-4B60-ADE3-F9F004F0B725.npy,HSP inhibitor
P015091,M22,s9,CBK307768,/mnt/micro-images-pvc/specs935-v1/specs935-v1-FA-P015091-U2OS-48h-P8-L2/2021-12-22/870/specs935-v1-FA-P015091-U2OS-48h-P8-L2_M22_s9_w5147B6F57-3647-4F1C-B9B7-F05B9349F8FE.npy,HSP inhibitor
P015091,N06,s1,CBK277957,/mnt/micro-images-pvc/specs935-v1/specs935-v1-FA-P015091-U2OS-48h-P8-L2/2021-12-22/870/specs935-v1-FA-P015091-U2OS-48h-P8-L2_N06_s1_w560ACFE18-B757-4A3B-B2DF-206C515F56B4.npy,HDAC inhibitor
P015091,N06,s2,CBK277957,/mnt/micro-images-pvc/specs935-v1/specs935-v1-FA-P015091-U2OS-48h-P8-L2/2021-12-22/870/specs935-v1-FA-P015091-U2OS-48h-P8-L2_N06_s2_w582DC0AFA-1D2A-46C7-9A5E-9762ABAA14A3.npy,HDAC inhibitor
P015091,N06,s3,CBK277957,/mnt/micro-images-pvc/specs935-v1/specs935-v1-FA-P015091-U2OS-48h-P8-L2/2021-12-22/870/specs935-v1-FA-P015091-U2OS-48h-P8-L2_N06_s3_w5BB294BAB-762B-4EDC-8E08-017889BAF70E.npy,HDAC inhibitor
P015091,N06,s4,CBK277957,/mnt/micro-images-pvc/specs935-v1/specs935-v1-FA-P015091-U2OS-48h-P8-L2/2021-12-22/870/specs935-v1-FA-P015091-U2OS-48h-P8-L2_N06_s4_w5FD2541AB-6C90-40CF-88BF-1078B497F9EF.npy,HDAC inhibitor
P015091,N06,s5,CBK277957,/mnt/micro-images-pvc/specs935-v1/specs935-v1-FA-P015091-U2OS-48h-P8-L2/2021-12-22/870/specs935-v1-FA-P015091-U2OS-48h-P8-L2_N06_s5_w53652B0F8-3632-433D-8612-FF21057D1C2A.npy,HDAC inhibitor
P015091,N06,s6,CBK277957,/mnt/micro-images-pvc/specs935-v1/specs935-v1-FA-P015091-U2OS-48h-P8-L2/2021-12-22/870/specs935-v1-FA-P015091-U2OS-48h-P8-L2_N06_s6_w5FFF666A3-2021-4455-A8B1-D6BF9C8AFC77.npy,HDAC inhibitor
P015091,N06,s7,CBK277957,/mnt/micro-images-pvc/specs935-v1/specs935-v1-FA-P015091-U2OS-48h-P8-L2/2021-12-22/870/specs935-v1-FA-P015091-U2OS-48h-P8-L2_N06_s7_w55A4D930A-9767-4D84-8B1B-722DCC1D9030.npy,HDAC inhibitor
P015091,N06,s8,CBK277957,/mnt/micro-images-pvc/specs935-v1/specs935-v1-FA-P015091-U2OS-48h-P8-L2/2021-12-22/870/specs935-v1-FA-P015091-U2OS-48h-P8-L2_N06_s8_w5170EC57E-47FE-440C-80FF-191840C4D208.npy,HDAC inhibitor
P015091,N06,s9,CBK277957,/mnt/micro-images-pvc/specs935-v1/specs935-v1-FA-P015091-U2OS-48h-P8-L2/2021-12-22/870/specs935-v1-FA-P015091-U2OS-48h-P8-L2_N06_s9_w50D5526A2-89EB-43AE-9D0B-C6F946BFE552.npy,HDAC inhibitor
P015091,N08,s1,CBK308482,/mnt/micro-images-pvc/specs935-v1/specs935-v1-FA-P015091-U2OS-48h-P8-L2/2021-12-22/870/specs935-v1-FA-P015091-U2OS-48h-P8-L2_N08_s1_w5AD73B7B5-69B2-4333-A3AA-50A8A7056D9F.npy,HDAC inhibitor
P015091,N08,s2,CBK308482,/mnt/micro-images-pvc/specs935-v1/specs935-v1-FA-P015091-U2OS-48h-P8-L2/2021-12-22/870/specs935-v1-FA-P015091-U2OS-48h-P8-L2_N08_s2_w59EDC8CF1-280F-4DD9-ACC6-B789A5D23A21.npy,HDAC inhibitor
P015091,N08,s3,CBK308482,/mnt/micro-images-pvc/specs935-v1/specs935-v1-FA-P015091-U2OS-48h-P8-L2/2021-12-22/870/specs935-v1-FA-P015091-U2OS-48h-P8-L2_N08_s3_w582C148B0-E335-410E-ACE1-FEE907268548.npy,HDAC inhibitor
P015091,N08,s4,CBK308482,/mnt/micro-images-pvc/specs935-v1/specs935-v1-FA-P015091-U2OS-48h-P8-L2/2021-12-22/870/specs935-v1-FA-P015091-U2OS-48h-P8-L2_N08_s4_w51D6A96E4-6836-462F-A72A-3C28069C9DC5.npy,HDAC inhibitor
P015091,N08,s5,CBK308482,/mnt/micro-images-pvc/specs935-v1/specs935-v1-FA-P015091-U2OS-48h-P8-L2/2021-12-22/870/specs935-v1-FA-P015091-U2OS-48h-P8-L2_N08_s5_w504364072-A76B-4A14-B157-D511C1497558.npy,HDAC inhibitor
P015091,N08,s6,CBK308482,/mnt/micro-images-pvc/specs935-v1/specs935-v1-FA-P015091-U2OS-48h-P8-L2/2021-12-22/870/specs935-v1-FA-P015091-U2OS-48h-P8-L2_N08_s6_w513235E55-A931-421C-96CB-1FF5D09C3BCE.npy,HDAC inhibitor
P015091,N08,s7,CBK308482,/mnt/micro-images-pvc/specs935-v1/specs935-v1-FA-P015091-U2OS-48h-P8-L2/2021-12-22/870/specs935-v1-FA-P015091-U2OS-48h-P8-L2_N08_s7_w52D9C2BFA-9F85-4026-8B58-BCA401433437.npy,HDAC inhibitor
P015091,N08,s8,CBK308482,/mnt/micro-images-pvc/specs935-v1/specs935-v1-FA-P015091-U2OS-48h-P8-L2/2021-12-22/870/specs935-v1-FA-P015091-U2OS-48h-P8-L2_N08_s8_w5683BA29B-E807-4CD9-9891-1CEA6BB64DB0.npy,HDAC inhibitor
P015091,N08,s9,CBK308482,/mnt/micro-images-pvc/specs935-v1/specs935-v1-FA-P015091-U2OS-48h-P8-L2/2021-12-22/870/specs935-v1-FA-P015091-U2OS-48h-P8-L2_N08_s9_w5AFBEB489-43AF-44E1-AE1D-DC31407DBFC5.npy,HDAC inhibitor
P015091,N09,s1,CBK308266,/mnt/micro-images-pvc/specs935-v1/specs935-v1-FA-P015091-U2OS-48h-P8-L2/2021-12-22/870/specs935-v1-FA-P015091-U2OS-48h-P8-L2_N09_s1_w5715FF0D4-71D3-4E09-93A2-AB46C2D905AF.npy,HDAC inhibitor
P015091,N09,s2,CBK308266,/mnt/micro-images-pvc/specs935-v1/specs935-v1-FA-P015091-U2OS-48h-P8-L2/2021-12-22/870/specs935-v1-FA-P015091-U2OS-48h-P8-L2_N09_s2_w5036FF8FE-1E2A-42E7-B5BB-478C458944CE.npy,HDAC inhibitor
P015091,N09,s3,CBK308266,/mnt/micro-images-pvc/specs935-v1/specs935-v1-FA-P015091-U2OS-48h-P8-L2/2021-12-22/870/specs935-v1-FA-P015091-U2OS-48h-P8-L2_N09_s3_w55ACEA801-32CD-419A-AC06-B6AACCA22E3B.npy,HDAC inhibitor
P015091,N09,s4,CBK308266,/mnt/micro-images-pvc/specs935-v1/specs935-v1-FA-P015091-U2OS-48h-P8-L2/2021-12-22/870/specs935-v1-FA-P015091-U2OS-48h-P8-L2_N09_s4_w574FD7A5D-BF8D-4C2B-B10E-A4EB3F6FCEDE.npy,HDAC inhibitor
P015091,N09,s5,CBK308266,/mnt/micro-images-pvc/specs935-v1/specs935-v1-FA-P015091-U2OS-48h-P8-L2/2021-12-22/870/specs935-v1-FA-P015091-U2OS-48h-P8-L2_N09_s5_w53334C3D1-08DB-4E47-BEFA-AEE197BC610B.npy,HDAC inhibitor
P015091,N09,s6,CBK308266,/mnt/micro-images-pvc/specs935-v1/specs935-v1-FA-P015091-U2OS-48h-P8-L2/2021-12-22/870/specs935-v1-FA-P015091-U2OS-48h-P8-L2_N09_s6_w59E7267BB-A59B-44DA-890C-1FEC2F15698E.npy,HDAC inhibitor
P015091,N09,s7,CBK308266,/mnt/micro-images-pvc/specs935-v1/specs935-v1-FA-P015091-U2OS-48h-P8-L2/2021-12-22/870/specs935-v1-FA-P015091-U2OS-48h-P8-L2_N09_s7_w5C2095545-B74C-4AA4-8022-DBB11ABE7515.npy,HDAC inhibitor
P015091,N09,s8,CBK308266,/mnt/micro-images-pvc/specs935-v1/specs935-v1-FA-P015091-U2OS-48h-P8-L2/2021-12-22/870/specs935-v1-FA-P015091-U2OS-48h-P8-L2_N09_s8_w51F5A3501-E4C1-45F9-A5C6-1B417858AF5D.npy,HDAC inhibitor
P015091,N09,s9,CBK308266,/mnt/micro-images-pvc/specs935-v1/specs935-v1-FA-P015091-U2OS-48h-P8-L2/2021-12-22/870/specs935-v1-FA-P015091-U2OS-48h-P8-L2_N09_s9_w5A2D72157-E9B2-451B-901E-CD0D996CAD0D.npy,HDAC inhibitor
P015091,N11,s1,CBK290613,/mnt/micro-images-pvc/specs935-v1/specs935-v1-FA-P015091-U2OS-48h-P8-L2/2021-12-22/870/specs935-v1-FA-P015091-U2OS-48h-P8-L2_N11_s1_w5AA99D7F4-8258-4837-86B4-4BF0D75A1985.npy,HDAC inhibitor
P015091,N11,s2,CBK290613,/mnt/micro-images-pvc/specs935-v1/specs935-v1-FA-P015091-U2OS-48h-P8-L2/2021-12-22/870/specs935-v1-FA-P015091-U2OS-48h-P8-L2_N11_s2_w5E2B3E768-BCDB-4830-81DA-DCEA99D78B42.npy,HDAC inhibitor
P015091,N11,s3,CBK290613,/mnt/micro-images-pvc/specs935-v1/specs935-v1-FA-P015091-U2OS-48h-P8-L2/2021-12-22/870/specs935-v1-FA-P015091-U2OS-48h-P8-L2_N11_s3_w5B901545C-903B-4F11-ADD2-81804E4B461E.npy,HDAC inhibitor
P015091,N11,s4,CBK290613,/mnt/micro-images-pvc/specs935-v1/specs935-v1-FA-P015091-U2OS-48h-P8-L2/2021-12-22/870/specs935-v1-FA-P015091-U2OS-48h-P8-L2_N11_s4_w5C0CB49FC-2302-4FD1-88F5-034D9357D60C.npy,HDAC inhibitor
P015091,N11,s5,CBK290613,/mnt/micro-images-pvc/specs935-v1/specs935-v1-FA-P015091-U2OS-48h-P8-L2/2021-12-22/870/specs935-v1-FA-P015091-U2OS-48h-P8-L2_N11_s5_w5ECFBAC1A-F496-485D-9AB0-082AADC31E0C.npy,HDAC inhibitor
P015091,N11,s6,CBK290613,/mnt/micro-images-pvc/specs935-v1/specs935-v1-FA-P015091-U2OS-48h-P8-L2/2021-12-22/870/specs935-v1-FA-P015091-U2OS-48h-P8-L2_N11_s6_w59422F700-EB59-4F8C-A8A0-5AB19890BD21.npy,HDAC inhibitor
P015091,N11,s7,CBK290613,/mnt/micro-images-pvc/specs935-v1/specs935-v1-FA-P015091-U2OS-48h-P8-L2/2021-12-22/870/specs935-v1-FA-P015091-U2OS-48h-P8-L2_N11_s7_w58FE20E25-D165-4536-8B8E-D6C8C0BB6903.npy,HDAC inhibitor
P015091,N11,s8,CBK290613,/mnt/micro-images-pvc/specs935-v1/specs935-v1-FA-P015091-U2OS-48h-P8-L2/2021-12-22/870/specs935-v1-FA-P015091-U2OS-48h-P8-L2_N11_s8_w516A5C5AE-87DE-48E5-8C2D-34B3E2C21CD3.npy,HDAC inhibitor
P015091,N11,s9,CBK290613,/mnt/micro-images-pvc/specs935-v1/specs935-v1-FA-P015091-U2OS-48h-P8-L2/2021-12-22/870/specs935-v1-FA-P015091-U2OS-48h-P8-L2_N11_s9_w5504A13B1-893A-4B0B-A384-45513F858398.npy,HDAC inhibitor
P015091,N12,s1,CBK278039,/mnt/micro-images-pvc/specs935-v1/specs935-v1-FA-P015091-U2OS-48h-P8-L2/2021-12-22/870/specs935-v1-FA-P015091-U2OS-48h-P8-L2_N12_s1_w52F75B03F-C342-4338-BC30-538B9E4F4B36.npy,HDAC inhibitor
P015091,N12,s2,CBK278039,/mnt/micro-images-pvc/specs935-v1/specs935-v1-FA-P015091-U2OS-48h-P8-L2/2021-12-22/870/specs935-v1-FA-P015091-U2OS-48h-P8-L2_N12_s2_w5086497A8-06E1-4B9A-B204-EE908F173A47.npy,HDAC inhibitor
P015091,N12,s3,CBK278039,/mnt/micro-images-pvc/specs935-v1/specs935-v1-FA-P015091-U2OS-48h-P8-L2/2021-12-22/870/specs935-v1-FA-P015091-U2OS-48h-P8-L2_N12_s3_w5D2BFEAC4-3314-4BF8-BA40-E0E00243A8B7.npy,HDAC inhibitor
P015091,N12,s4,CBK278039,/mnt/micro-images-pvc/specs935-v1/specs935-v1-FA-P015091-U2OS-48h-P8-L2/2021-12-22/870/specs935-v1-FA-P015091-U2OS-48h-P8-L2_N12_s4_w560E76341-D9D2-40DD-9775-30582A5A7CD7.npy,HDAC inhibitor
P015091,N12,s5,CBK278039,/mnt/micro-images-pvc/specs935-v1/specs935-v1-FA-P015091-U2OS-48h-P8-L2/2021-12-22/870/specs935-v1-FA-P015091-U2OS-48h-P8-L2_N12_s5_w56BAB774D-AEEC-4A7B-87CF-20F2F8C480B1.npy,HDAC inhibitor
P015091,N12,s6,CBK278039,/mnt/micro-images-pvc/specs935-v1/specs935-v1-FA-P015091-U2OS-48h-P8-L2/2021-12-22/870/specs935-v1-FA-P015091-U2OS-48h-P8-L2_N12_s6_w5C3C9A266-AB93-4736-848C-6595F41FD25A.npy,HDAC inhibitor
P015091,N12,s7,CBK278039,/mnt/micro-images-pvc/specs935-v1/specs935-v1-FA-P015091-U2OS-48h-P8-L2/2021-12-22/870/specs935-v1-FA-P015091-U2OS-48h-P8-L2_N12_s7_w593A2D610-5FB4-4547-A455-E6754FACAB51.npy,HDAC inhibitor
P015091,N12,s8,CBK278039,/mnt/micro-images-pvc/specs935-v1/specs935-v1-FA-P015091-U2OS-48h-P8-L2/2021-12-22/870/specs935-v1-FA-P015091-U2OS-48h-P8-L2_N12_s8_w54F4B6A73-9A31-4031-80E4-6933CB177EE0.npy,HDAC inhibitor
P015091,N12,s9,CBK278039,/mnt/micro-images-pvc/specs935-v1/specs935-v1-FA-P015091-U2OS-48h-P8-L2/2021-12-22/870/specs935-v1-FA-P015091-U2OS-48h-P8-L2_N12_s9_w529DAAA3F-FDDF-4388-9DBD-4BA6E449C591.npy,HDAC inhibitor
P015091,N14,s1,CBK290760,/mnt/micro-images-pvc/specs935-v1/specs935-v1-FA-P015091-U2OS-48h-P8-L2/2021-12-22/870/specs935-v1-FA-P015091-U2OS-48h-P8-L2_N14_s1_w57A0F5E8B-B4CD-4FD2-A41E-95B206FCDE6D.npy,HSP inhibitor
P015091,N14,s2,CBK290760,/mnt/micro-images-pvc/specs935-v1/specs935-v1-FA-P015091-U2OS-48h-P8-L2/2021-12-22/870/specs935-v1-FA-P015091-U2OS-48h-P8-L2_N14_s2_w5700E1D11-5446-46A0-A169-887E9826BEFF.npy,HSP inhibitor
P015091,N14,s3,CBK290760,/mnt/micro-images-pvc/specs935-v1/specs935-v1-FA-P015091-U2OS-48h-P8-L2/2021-12-22/870/specs935-v1-FA-P015091-U2OS-48h-P8-L2_N14_s3_w51BDCFB1B-3678-4E98-A71D-3056D5360E95.npy,HSP inhibitor
P015091,N14,s4,CBK290760,/mnt/micro-images-pvc/specs935-v1/specs935-v1-FA-P015091-U2OS-48h-P8-L2/2021-12-22/870/specs935-v1-FA-P015091-U2OS-48h-P8-L2_N14_s4_w5A19ED521-8A71-4255-992A-A8FB3B7EE2CC.npy,HSP inhibitor
P015091,N14,s5,CBK290760,/mnt/micro-images-pvc/specs935-v1/specs935-v1-FA-P015091-U2OS-48h-P8-L2/2021-12-22/870/specs935-v1-FA-P015091-U2OS-48h-P8-L2_N14_s5_w521E2B54C-A96C-42E7-B309-8AD77B523FE6.npy,HSP inhibitor
P015091,N14,s6,CBK290760,/mnt/micro-images-pvc/specs935-v1/specs935-v1-FA-P015091-U2OS-48h-P8-L2/2021-12-22/870/specs935-v1-FA-P015091-U2OS-48h-P8-L2_N14_s6_w50ABA60D2-899C-4FB3-A42D-E9DF41ADE2D2.npy,HSP inhibitor
P015091,N14,s7,CBK290760,/mnt/micro-images-pvc/specs935-v1/specs935-v1-FA-P015091-U2OS-48h-P8-L2/2021-12-22/870/specs935-v1-FA-P015091-U2OS-48h-P8-L2_N14_s7_w5C7C77897-9922-4203-A699-A6AF44204E42.npy,HSP inhibitor
P015091,N14,s8,CBK290760,/mnt/micro-images-pvc/specs935-v1/specs935-v1-FA-P015091-U2OS-48h-P8-L2/2021-12-22/870/specs935-v1-FA-P015091-U2OS-48h-P8-L2_N14_s8_w525755BCF-C2DF-4619-9537-FBFE0C5C68E3.npy,HSP inhibitor
P015091,N14,s9,CBK290760,/mnt/micro-images-pvc/specs935-v1/specs935-v1-FA-P015091-U2OS-48h-P8-L2/2021-12-22/870/specs935-v1-FA-P015091-U2OS-48h-P8-L2_N14_s9_w5050EC28D-3B59-4B05-9542-C6CCB558DC46.npy,HSP inhibitor
P015091,N17,s1,CBK309553,/mnt/micro-images-pvc/specs935-v1/specs935-v1-FA-P015091-U2OS-48h-P8-L2/2021-12-22/870/specs935-v1-FA-P015091-U2OS-48h-P8-L2_N17_s1_w5E5C59234-662B-4592-BDF3-66977B0AB5F0.npy,HDAC inhibitor
P015091,N17,s2,CBK309553,/mnt/micro-images-pvc/specs935-v1/specs935-v1-FA-P015091-U2OS-48h-P8-L2/2021-12-22/870/specs935-v1-FA-P015091-U2OS-48h-P8-L2_N17_s2_w575EFCCAB-7B3B-4FF7-87A9-AB4AA2452371.npy,HDAC inhibitor
P015091,N17,s3,CBK309553,/mnt/micro-images-pvc/specs935-v1/specs935-v1-FA-P015091-U2OS-48h-P8-L2/2021-12-22/870/specs935-v1-FA-P015091-U2OS-48h-P8-L2_N17_s3_w52D5244C6-2121-4502-9B92-7D014126959A.npy,HDAC inhibitor
P015091,N17,s4,CBK309553,/mnt/micro-images-pvc/specs935-v1/specs935-v1-FA-P015091-U2OS-48h-P8-L2/2021-12-22/870/specs935-v1-FA-P015091-U2OS-48h-P8-L2_N17_s4_w5B435B7DF-4688-4890-A078-52817CE65A58.npy,HDAC inhibitor
P015091,N17,s5,CBK309553,/mnt/micro-images-pvc/specs935-v1/specs935-v1-FA-P015091-U2OS-48h-P8-L2/2021-12-22/870/specs935-v1-FA-P015091-U2OS-48h-P8-L2_N17_s5_w594FC912A-AE79-4820-B63F-AD42E3679B4F.npy,HDAC inhibitor
P015091,N17,s6,CBK309553,/mnt/micro-images-pvc/specs935-v1/specs935-v1-FA-P015091-U2OS-48h-P8-L2/2021-12-22/870/specs935-v1-FA-P015091-U2OS-48h-P8-L2_N17_s6_w550BF6906-5278-43B1-A437-303AB1F3D22F.npy,HDAC inhibitor
P015091,N17,s7,CBK309553,/mnt/micro-images-pvc/specs935-v1/specs935-v1-FA-P015091-U2OS-48h-P8-L2/2021-12-22/870/specs935-v1-FA-P015091-U2OS-48h-P8-L2_N17_s7_w5B5DDDC8C-6026-4C21-AD1C-ACFFD4701960.npy,HDAC inhibitor
P015091,N17,s8,CBK309553,/mnt/micro-images-pvc/specs935-v1/specs935-v1-FA-P015091-U2OS-48h-P8-L2/2021-12-22/870/specs935-v1-FA-P015091-U2OS-48h-P8-L2_N17_s8_w51755C56B-4732-4F0E-ACF1-DBA4AEEDC261.npy,HDAC inhibitor
P015091,N17,s9,CBK309553,/mnt/micro-images-pvc/specs935-v1/specs935-v1-FA-P015091-U2OS-48h-P8-L2/2021-12-22/870/specs935-v1-FA-P015091-U2OS-48h-P8-L2_N17_s9_w55122A316-0AF4-4220-8BE1-08FE37EA4FF2.npy,HDAC inhibitor
P015091,N19,s1,CBK291020,/mnt/micro-images-pvc/specs935-v1/specs935-v1-FA-P015091-U2OS-48h-P8-L2/2021-12-22/870/specs935-v1-FA-P015091-U2OS-48h-P8-L2_N19_s1_w5659B7842-488A-4487-9436-A3DD08FEF75A.npy,HDAC inhibitor
P015091,N19,s2,CBK291020,/mnt/micro-images-pvc/specs935-v1/specs935-v1-FA-P015091-U2OS-48h-P8-L2/2021-12-22/870/specs935-v1-FA-P015091-U2OS-48h-P8-L2_N19_s2_w58E3EF9B3-69A0-4BA8-A34F-AAC69DC96633.npy,HDAC inhibitor
P015091,N19,s3,CBK291020,/mnt/micro-images-pvc/specs935-v1/specs935-v1-FA-P015091-U2OS-48h-P8-L2/2021-12-22/870/specs935-v1-FA-P015091-U2OS-48h-P8-L2_N19_s3_w58E997B06-F974-4C2B-9726-79EA0B9567C0.npy,HDAC inhibitor
P015091,N19,s4,CBK291020,/mnt/micro-images-pvc/specs935-v1/specs935-v1-FA-P015091-U2OS-48h-P8-L2/2021-12-22/870/specs935-v1-FA-P015091-U2OS-48h-P8-L2_N19_s4_w59920E16D-CE8A-4926-8A2F-0F684447B0CE.npy,HDAC inhibitor
P015091,N19,s5,CBK291020,/mnt/micro-images-pvc/specs935-v1/specs935-v1-FA-P015091-U2OS-48h-P8-L2/2021-12-22/870/specs935-v1-FA-P015091-U2OS-48h-P8-L2_N19_s5_w5254C3B32-1362-49C7-A070-D9E6E9E54029.npy,HDAC inhibitor
P015091,N19,s6,CBK291020,/mnt/micro-images-pvc/specs935-v1/specs935-v1-FA-P015091-U2OS-48h-P8-L2/2021-12-22/870/specs935-v1-FA-P015091-U2OS-48h-P8-L2_N19_s6_w5D04AB0B5-3DE2-4D20-9A5D-30E8B17AFD29.npy,HDAC inhibitor
P015091,N19,s7,CBK291020,/mnt/micro-images-pvc/specs935-v1/specs935-v1-FA-P015091-U2OS-48h-P8-L2/2021-12-22/870/specs935-v1-FA-P015091-U2OS-48h-P8-L2_N19_s7_w5FA7C265C-A8C3-400B-8D71-79A512FD4F89.npy,HDAC inhibitor
P015091,N19,s8,CBK291020,/mnt/micro-images-pvc/specs935-v1/specs935-v1-FA-P015091-U2OS-48h-P8-L2/2021-12-22/870/specs935-v1-FA-P015091-U2OS-48h-P8-L2_N19_s8_w55E32A61D-55D4-4B8A-ACBB-495E50ACF56C.npy,HDAC inhibitor
P015091,N19,s9,CBK291020,/mnt/micro-images-pvc/specs935-v1/specs935-v1-FA-P015091-U2OS-48h-P8-L2/2021-12-22/870/specs935-v1-FA-P015091-U2OS-48h-P8-L2_N19_s9_w55201C16A-F0D1-4511-86AC-AC4ACFBAC8CB.npy,HDAC inhibitor
P015091,N20,s1,CBK290285,/mnt/micro-images-pvc/specs935-v1/specs935-v1-FA-P015091-U2OS-48h-P8-L2/2021-12-22/870/specs935-v1-FA-P015091-U2OS-48h-P8-L2_N20_s1_w5BB8B8861-01AF-4632-9156-BE55E5FDF622.npy,HSP inhibitor
P015091,N20,s2,CBK290285,/mnt/micro-images-pvc/specs935-v1/specs935-v1-FA-P015091-U2OS-48h-P8-L2/2021-12-22/870/specs935-v1-FA-P015091-U2OS-48h-P8-L2_N20_s2_w5222E36BB-9C08-4336-88A8-8483CB2E351A.npy,HSP inhibitor
P015091,N20,s3,CBK290285,/mnt/micro-images-pvc/specs935-v1/specs935-v1-FA-P015091-U2OS-48h-P8-L2/2021-12-22/870/specs935-v1-FA-P015091-U2OS-48h-P8-L2_N20_s3_w5E843B644-1EB9-4D9B-8D4F-3B25AEBC5877.npy,HSP inhibitor
P015091,N20,s4,CBK290285,/mnt/micro-images-pvc/specs935-v1/specs935-v1-FA-P015091-U2OS-48h-P8-L2/2021-12-22/870/specs935-v1-FA-P015091-U2OS-48h-P8-L2_N20_s4_w542E58242-B8D2-4FBA-9B76-A5E1E52AF913.npy,HSP inhibitor
P015091,N20,s5,CBK290285,/mnt/micro-images-pvc/specs935-v1/specs935-v1-FA-P015091-U2OS-48h-P8-L2/2021-12-22/870/specs935-v1-FA-P015091-U2OS-48h-P8-L2_N20_s5_w51E561B13-0E3E-4C0B-A334-AA7172BC67E9.npy,HSP inhibitor
P015091,N20,s6,CBK290285,/mnt/micro-images-pvc/specs935-v1/specs935-v1-FA-P015091-U2OS-48h-P8-L2/2021-12-22/870/specs935-v1-FA-P015091-U2OS-48h-P8-L2_N20_s6_w588C895D6-F874-4DB1-95FF-31E0AA2B3285.npy,HSP inhibitor
P015091,N20,s7,CBK290285,/mnt/micro-images-pvc/specs935-v1/specs935-v1-FA-P015091-U2OS-48h-P8-L2/2021-12-22/870/specs935-v1-FA-P015091-U2OS-48h-P8-L2_N20_s7_w5FF0F473D-B685-4C88-BBB1-C584913E1979.npy,HSP inhibitor
P015091,N20,s8,CBK290285,/mnt/micro-images-pvc/specs935-v1/specs935-v1-FA-P015091-U2OS-48h-P8-L2/2021-12-22/870/specs935-v1-FA-P015091-U2OS-48h-P8-L2_N20_s8_w5EEAF24E2-B973-43F8-8594-219431C32A3B.npy,HSP inhibitor
P015091,N20,s9,CBK290285,/mnt/micro-images-pvc/specs935-v1/specs935-v1-FA-P015091-U2OS-48h-P8-L2/2021-12-22/870/specs935-v1-FA-P015091-U2OS-48h-P8-L2_N20_s9_w5D267D7EC-263E-4E0E-870A-3F8A857093DB.npy,HSP inhibitor
P015091,N21,s1,CBK289756,/mnt/micro-images-pvc/specs935-v1/specs935-v1-FA-P015091-U2OS-48h-P8-L2/2021-12-22/870/specs935-v1-FA-P015091-U2OS-48h-P8-L2_N21_s1_w5C71642A4-6526-4E8D-B012-186773E4A02F.npy,HDAC inhibitor
P015091,N21,s2,CBK289756,/mnt/micro-images-pvc/specs935-v1/specs935-v1-FA-P015091-U2OS-48h-P8-L2/2021-12-22/870/specs935-v1-FA-P015091-U2OS-48h-P8-L2_N21_s2_w5E09B9EF7-E7E2-4AAA-A1B4-15F4585009D3.npy,HDAC inhibitor
P015091,N21,s3,CBK289756,/mnt/micro-images-pvc/specs935-v1/specs935-v1-FA-P015091-U2OS-48h-P8-L2/2021-12-22/870/specs935-v1-FA-P015091-U2OS-48h-P8-L2_N21_s3_w5A873E3DA-AB8E-4EB8-8935-B0E8863DB562.npy,HDAC inhibitor
P015091,N21,s4,CBK289756,/mnt/micro-images-pvc/specs935-v1/specs935-v1-FA-P015091-U2OS-48h-P8-L2/2021-12-22/870/specs935-v1-FA-P015091-U2OS-48h-P8-L2_N21_s4_w5DC585BF6-93EF-467C-A28A-2C0620371711.npy,HDAC inhibitor
P015091,N21,s5,CBK289756,/mnt/micro-images-pvc/specs935-v1/specs935-v1-FA-P015091-U2OS-48h-P8-L2/2021-12-22/870/specs935-v1-FA-P015091-U2OS-48h-P8-L2_N21_s5_w5143AAC64-3BB7-45D7-A444-47F208B81D38.npy,HDAC inhibitor
P015091,N21,s6,CBK289756,/mnt/micro-images-pvc/specs935-v1/specs935-v1-FA-P015091-U2OS-48h-P8-L2/2021-12-22/870/specs935-v1-FA-P015091-U2OS-48h-P8-L2_N21_s6_w5F1F654D0-C1B1-45A0-8298-894D3D2778F4.npy,HDAC inhibitor
P015091,N21,s7,CBK289756,/mnt/micro-images-pvc/specs935-v1/specs935-v1-FA-P015091-U2OS-48h-P8-L2/2021-12-22/870/specs935-v1-FA-P015091-U2OS-48h-P8-L2_N21_s7_w5C04C01AF-FEC0-498E-98DA-B6FB6AEE0B59.npy,HDAC inhibitor
P015091,N21,s8,CBK289756,/mnt/micro-images-pvc/specs935-v1/specs935-v1-FA-P015091-U2OS-48h-P8-L2/2021-12-22/870/specs935-v1-FA-P015091-U2OS-48h-P8-L2_N21_s8_w527F172FB-5C09-43C5-BB3D-8F08DFDC319C.npy,HDAC inhibitor
P015091,N21,s9,CBK289756,/mnt/micro-images-pvc/specs935-v1/specs935-v1-FA-P015091-U2OS-48h-P8-L2/2021-12-22/870/specs935-v1-FA-P015091-U2OS-48h-P8-L2_N21_s9_w573DF06EB-1AF3-4933-A8F7-893623C03A8A.npy,HDAC inhibitor
P015091,O02,s1,CBK309553,/mnt/micro-images-pvc/specs935-v1/specs935-v1-FA-P015091-U2OS-48h-P8-L2/2021-12-22/870/specs935-v1-FA-P015091-U2OS-48h-P8-L2_O02_s1_w521614055-FC60-4E09-92D8-D29F482DB571.npy,HDAC inhibitor
P015091,O02,s2,CBK309553,/mnt/micro-images-pvc/specs935-v1/specs935-v1-FA-P015091-U2OS-48h-P8-L2/2021-12-22/870/specs935-v1-FA-P015091-U2OS-48h-P8-L2_O02_s2_w5DBB5BA6F-3B49-4530-9034-64C11943FAC3.npy,HDAC inhibitor
P015091,O02,s3,CBK309553,/mnt/micro-images-pvc/specs935-v1/specs935-v1-FA-P015091-U2OS-48h-P8-L2/2021-12-22/870/specs935-v1-FA-P015091-U2OS-48h-P8-L2_O02_s3_w52ED4C852-27A8-45E1-B3F8-4CF48BDE52A0.npy,HDAC inhibitor
P015091,O02,s4,CBK309553,/mnt/micro-images-pvc/specs935-v1/specs935-v1-FA-P015091-U2OS-48h-P8-L2/2021-12-22/870/specs935-v1-FA-P015091-U2OS-48h-P8-L2_O02_s4_w54AD73885-0E83-4A4B-9D8C-4537D1EB4D66.npy,HDAC inhibitor
P015091,O02,s5,CBK309553,/mnt/micro-images-pvc/specs935-v1/specs935-v1-FA-P015091-U2OS-48h-P8-L2/2021-12-22/870/specs935-v1-FA-P015091-U2OS-48h-P8-L2_O02_s5_w512645129-14DF-4E02-81FA-E4956DBF7F23.npy,HDAC inhibitor
P015091,O02,s6,CBK309553,/mnt/micro-images-pvc/specs935-v1/specs935-v1-FA-P015091-U2OS-48h-P8-L2/2021-12-22/870/specs935-v1-FA-P015091-U2OS-48h-P8-L2_O02_s6_w59FFE90C0-55BE-4344-920D-C9416B40C8EF.npy,HDAC inhibitor
P015091,O02,s7,CBK309553,/mnt/micro-images-pvc/specs935-v1/specs935-v1-FA-P015091-U2OS-48h-P8-L2/2021-12-22/870/specs935-v1-FA-P015091-U2OS-48h-P8-L2_O02_s7_w5FA3CE1DF-C8D7-47CC-849F-7494791401BB.npy,HDAC inhibitor
P015091,O02,s8,CBK309553,/mnt/micro-images-pvc/specs935-v1/specs935-v1-FA-P015091-U2OS-48h-P8-L2/2021-12-22/870/specs935-v1-FA-P015091-U2OS-48h-P8-L2_O02_s8_w58BA79C95-A0C4-4A09-9450-1EB9D06CCAD0.npy,HDAC inhibitor
P015091,O02,s9,CBK309553,/mnt/micro-images-pvc/specs935-v1/specs935-v1-FA-P015091-U2OS-48h-P8-L2/2021-12-22/870/specs935-v1-FA-P015091-U2OS-48h-P8-L2_O02_s9_w5A99BE9BC-E46E-4C4D-BFBA-B029DB10E07F.npy,HDAC inhibitor
P015091,O04,s1,CBK278556G,/mnt/micro-images-pvc/specs935-v1/specs935-v1-FA-P015091-U2OS-48h-P8-L2/2021-12-22/870/specs935-v1-FA-P015091-U2OS-48h-P8-L2_O04_s1_w559D2F869-1B02-4F9A-9214-B2CC4A5817A0.npy,HSP inhibitor
P015091,O04,s2,CBK278556G,/mnt/micro-images-pvc/specs935-v1/specs935-v1-FA-P015091-U2OS-48h-P8-L2/2021-12-22/870/specs935-v1-FA-P015091-U2OS-48h-P8-L2_O04_s2_w577AB2A82-1D5C-41C4-90CC-C10C359B8B0A.npy,HSP inhibitor
P015091,O04,s3,CBK278556G,/mnt/micro-images-pvc/specs935-v1/specs935-v1-FA-P015091-U2OS-48h-P8-L2/2021-12-22/870/specs935-v1-FA-P015091-U2OS-48h-P8-L2_O04_s3_w5A54FA07B-B973-4402-8994-A312F37937C5.npy,HSP inhibitor
P015091,O04,s4,CBK278556G,/mnt/micro-images-pvc/specs935-v1/specs935-v1-FA-P015091-U2OS-48h-P8-L2/2021-12-22/870/specs935-v1-FA-P015091-U2OS-48h-P8-L2_O04_s4_w59D354577-97BC-4150-A7C8-BBFEA4EBF47A.npy,HSP inhibitor
P015091,O04,s5,CBK278556G,/mnt/micro-images-pvc/specs935-v1/specs935-v1-FA-P015091-U2OS-48h-P8-L2/2021-12-22/870/specs935-v1-FA-P015091-U2OS-48h-P8-L2_O04_s5_w5B5212665-5961-4C6C-B365-DB9D54E423C3.npy,HSP inhibitor
P015091,O04,s6,CBK278556G,/mnt/micro-images-pvc/specs935-v1/specs935-v1-FA-P015091-U2OS-48h-P8-L2/2021-12-22/870/specs935-v1-FA-P015091-U2OS-48h-P8-L2_O04_s6_w53ABA52A2-BCFC-4DAE-8230-2671B08A3E9F.npy,HSP inhibitor
P015091,O04,s7,CBK278556G,/mnt/micro-images-pvc/specs935-v1/specs935-v1-FA-P015091-U2OS-48h-P8-L2/2021-12-22/870/specs935-v1-FA-P015091-U2OS-48h-P8-L2_O04_s7_w5B91E985D-B204-4F0A-B6F4-B486D1AC14A3.npy,HSP inhibitor
P015091,O04,s8,CBK278556G,/mnt/micro-images-pvc/specs935-v1/specs935-v1-FA-P015091-U2OS-48h-P8-L2/2021-12-22/870/specs935-v1-FA-P015091-U2OS-48h-P8-L2_O04_s8_w58E9351A9-65DA-4BBC-A581-CA6D519E29DE.npy,HSP inhibitor
P015091,O04,s9,CBK278556G,/mnt/micro-images-pvc/specs935-v1/specs935-v1-FA-P015091-U2OS-48h-P8-L2/2021-12-22/870/specs935-v1-FA-P015091-U2OS-48h-P8-L2_O04_s9_w5B9F053EA-FFE0-4186-A1AF-44774EBE99AA.npy,HSP inhibitor
P015091,O05,s1,CBK289737,/mnt/micro-images-pvc/specs935-v1/specs935-v1-FA-P015091-U2OS-48h-P8-L2/2021-12-22/870/specs935-v1-FA-P015091-U2OS-48h-P8-L2_O05_s1_w5A618A11C-8690-42CB-B1E1-8BE16CED20F6.npy,HDAC inhibitor
P015091,O05,s2,CBK289737,/mnt/micro-images-pvc/specs935-v1/specs935-v1-FA-P015091-U2OS-48h-P8-L2/2021-12-22/870/specs935-v1-FA-P015091-U2OS-48h-P8-L2_O05_s2_w58C12C5DA-D052-4605-A4DF-75F763554B80.npy,HDAC inhibitor
P015091,O05,s3,CBK289737,/mnt/micro-images-pvc/specs935-v1/specs935-v1-FA-P015091-U2OS-48h-P8-L2/2021-12-22/870/specs935-v1-FA-P015091-U2OS-48h-P8-L2_O05_s3_w50D328DF5-AA93-41FD-AF03-B186BBFBFD40.npy,HDAC inhibitor
P015091,O05,s4,CBK289737,/mnt/micro-images-pvc/specs935-v1/specs935-v1-FA-P015091-U2OS-48h-P8-L2/2021-12-22/870/specs935-v1-FA-P015091-U2OS-48h-P8-L2_O05_s4_w57F3921FD-470D-489D-A4DB-785F7BD9BA48.npy,HDAC inhibitor
P015091,O05,s5,CBK289737,/mnt/micro-images-pvc/specs935-v1/specs935-v1-FA-P015091-U2OS-48h-P8-L2/2021-12-22/870/specs935-v1-FA-P015091-U2OS-48h-P8-L2_O05_s5_w5488B96E1-2DC4-4EE3-9B1F-F489E91AFD3B.npy,HDAC inhibitor
P015091,O05,s6,CBK289737,/mnt/micro-images-pvc/specs935-v1/specs935-v1-FA-P015091-U2OS-48h-P8-L2/2021-12-22/870/specs935-v1-FA-P015091-U2OS-48h-P8-L2_O05_s6_w53C2C8A62-204D-4642-886F-2BE213AED5E9.npy,HDAC inhibitor
P015091,O05,s7,CBK289737,/mnt/micro-images-pvc/specs935-v1/specs935-v1-FA-P015091-U2OS-48h-P8-L2/2021-12-22/870/specs935-v1-FA-P015091-U2OS-48h-P8-L2_O05_s7_w5AF91B435-F8B4-4184-868D-B9DFD3EEA281.npy,HDAC inhibitor
P015091,O05,s8,CBK289737,/mnt/micro-images-pvc/specs935-v1/specs935-v1-FA-P015091-U2OS-48h-P8-L2/2021-12-22/870/specs935-v1-FA-P015091-U2OS-48h-P8-L2_O05_s8_w5886B7397-7E8A-49C7-AD82-173794BB3AA1.npy,HDAC inhibitor
P015091,O05,s9,CBK289737,/mnt/micro-images-pvc/specs935-v1/specs935-v1-FA-P015091-U2OS-48h-P8-L2/2021-12-22/870/specs935-v1-FA-P015091-U2OS-48h-P8-L2_O05_s9_w5B1676521-FF70-4CAC-9D37-331C8E20B04C.npy,HDAC inhibitor
P015091,O09,s1,CBK201016,/mnt/micro-images-pvc/specs935-v1/specs935-v1-FA-P015091-U2OS-48h-P8-L2/2021-12-22/870/specs935-v1-FA-P015091-U2OS-48h-P8-L2_O09_s1_w5CBCFE1E4-169A-4A9C-A6A9-E42FE7B435BC.npy,HDAC inhibitor
P015091,O09,s2,CBK201016,/mnt/micro-images-pvc/specs935-v1/specs935-v1-FA-P015091-U2OS-48h-P8-L2/2021-12-22/870/specs935-v1-FA-P015091-U2OS-48h-P8-L2_O09_s2_w52AE7C2CC-F62C-4F42-8E12-C44D42800133.npy,HDAC inhibitor
P015091,O09,s3,CBK201016,/mnt/micro-images-pvc/specs935-v1/specs935-v1-FA-P015091-U2OS-48h-P8-L2/2021-12-22/870/specs935-v1-FA-P015091-U2OS-48h-P8-L2_O09_s3_w545E45331-3EF8-4615-B077-7A6A5D1F9566.npy,HDAC inhibitor
P015091,O09,s4,CBK201016,/mnt/micro-images-pvc/specs935-v1/specs935-v1-FA-P015091-U2OS-48h-P8-L2/2021-12-22/870/specs935-v1-FA-P015091-U2OS-48h-P8-L2_O09_s4_w556BBD2E8-9842-4E33-A23F-EFBF06773A2E.npy,HDAC inhibitor
P015091,O09,s5,CBK201016,/mnt/micro-images-pvc/specs935-v1/specs935-v1-FA-P015091-U2OS-48h-P8-L2/2021-12-22/870/specs935-v1-FA-P015091-U2OS-48h-P8-L2_O09_s5_w573B9E856-D016-4235-A98B-8723A9324AD6.npy,HDAC inhibitor
P015091,O09,s6,CBK201016,/mnt/micro-images-pvc/specs935-v1/specs935-v1-FA-P015091-U2OS-48h-P8-L2/2021-12-22/870/specs935-v1-FA-P015091-U2OS-48h-P8-L2_O09_s6_w52BF9EC96-1DA1-43A3-A376-F58602CBDAE1.npy,HDAC inhibitor
P015091,O09,s7,CBK201016,/mnt/micro-images-pvc/specs935-v1/specs935-v1-FA-P015091-U2OS-48h-P8-L2/2021-12-22/870/specs935-v1-FA-P015091-U2OS-48h-P8-L2_O09_s7_w5E39E8D14-5C81-4B8A-B954-3E5CE6745E07.npy,HDAC inhibitor
P015091,O09,s8,CBK201016,/mnt/micro-images-pvc/specs935-v1/specs935-v1-FA-P015091-U2OS-48h-P8-L2/2021-12-22/870/specs935-v1-FA-P015091-U2OS-48h-P8-L2_O09_s8_w520ED084A-4034-4E8A-BE86-113D9A024262.npy,HDAC inhibitor
P015091,O09,s9,CBK201016,/mnt/micro-images-pvc/specs935-v1/specs935-v1-FA-P015091-U2OS-48h-P8-L2/2021-12-22/870/specs935-v1-FA-P015091-U2OS-48h-P8-L2_O09_s9_w5855A135B-620F-4396-A59D-000D91D1A90C.npy,HDAC inhibitor
P015091,O15,s1,CBK277957,/mnt/micro-images-pvc/specs935-v1/specs935-v1-FA-P015091-U2OS-48h-P8-L2/2021-12-22/870/specs935-v1-FA-P015091-U2OS-48h-P8-L2_O15_s1_w5D994CD54-DCFF-4705-BC92-A4603CEA74D0.npy,HDAC inhibitor
P015091,O15,s2,CBK277957,/mnt/micro-images-pvc/specs935-v1/specs935-v1-FA-P015091-U2OS-48h-P8-L2/2021-12-22/870/specs935-v1-FA-P015091-U2OS-48h-P8-L2_O15_s2_w58C395558-B037-4C93-83EE-8ADBC0501A1A.npy,HDAC inhibitor
P015091,O15,s3,CBK277957,/mnt/micro-images-pvc/specs935-v1/specs935-v1-FA-P015091-U2OS-48h-P8-L2/2021-12-22/870/specs935-v1-FA-P015091-U2OS-48h-P8-L2_O15_s3_w55828DBE2-9010-489A-A801-D2F82C076A5E.npy,HDAC inhibitor
P015091,O15,s4,CBK277957,/mnt/micro-images-pvc/specs935-v1/specs935-v1-FA-P015091-U2OS-48h-P8-L2/2021-12-22/870/specs935-v1-FA-P015091-U2OS-48h-P8-L2_O15_s4_w51A3BF014-06F3-4EC8-8F1D-33D41D1A08BF.npy,HDAC inhibitor
P015091,O15,s5,CBK277957,/mnt/micro-images-pvc/specs935-v1/specs935-v1-FA-P015091-U2OS-48h-P8-L2/2021-12-22/870/specs935-v1-FA-P015091-U2OS-48h-P8-L2_O15_s5_w545443ACC-4DA5-4A6B-BDCC-1B5FF01A33A6.npy,HDAC inhibitor
P015091,O15,s6,CBK277957,/mnt/micro-images-pvc/specs935-v1/specs935-v1-FA-P015091-U2OS-48h-P8-L2/2021-12-22/870/specs935-v1-FA-P015091-U2OS-48h-P8-L2_O15_s6_w5395A1BAB-4DBE-47B2-8973-D3F04F531DA0.npy,HDAC inhibitor
P015091,O15,s7,CBK277957,/mnt/micro-images-pvc/specs935-v1/specs935-v1-FA-P015091-U2OS-48h-P8-L2/2021-12-22/870/specs935-v1-FA-P015091-U2OS-48h-P8-L2_O15_s7_w562BBF78D-7F59-4525-A9AC-CBAA54203CE6.npy,HDAC inhibitor
P015091,O15,s8,CBK277957,/mnt/micro-images-pvc/specs935-v1/specs935-v1-FA-P015091-U2OS-48h-P8-L2/2021-12-22/870/specs935-v1-FA-P015091-U2OS-48h-P8-L2_O15_s8_w522204D7A-7797-4D1D-BADF-298EC3C6F986.npy,HDAC inhibitor
P015091,O15,s9,CBK277957,/mnt/micro-images-pvc/specs935-v1/specs935-v1-FA-P015091-U2OS-48h-P8-L2/2021-12-22/870/specs935-v1-FA-P015091-U2OS-48h-P8-L2_O15_s9_w5D60E00C0-DA0F-4EB9-A85B-7A9AFAC92A0F.npy,HDAC inhibitor
P015091,O16,s1,CBK278047,/mnt/micro-images-pvc/specs935-v1/specs935-v1-FA-P015091-U2OS-48h-P8-L2/2021-12-22/870/specs935-v1-FA-P015091-U2OS-48h-P8-L2_O16_s1_w5B77844C8-7A5F-422D-BB9A-8E659A3AE3BF.npy,HSP inhibitor
P015091,O16,s2,CBK278047,/mnt/micro-images-pvc/specs935-v1/specs935-v1-FA-P015091-U2OS-48h-P8-L2/2021-12-22/870/specs935-v1-FA-P015091-U2OS-48h-P8-L2_O16_s2_w55A512744-5921-40FA-B8C5-6A100F246AD2.npy,HSP inhibitor
P015091,O16,s3,CBK278047,/mnt/micro-images-pvc/specs935-v1/specs935-v1-FA-P015091-U2OS-48h-P8-L2/2021-12-22/870/specs935-v1-FA-P015091-U2OS-48h-P8-L2_O16_s3_w52BCF00D5-C731-4809-9FA8-CF9C171AE5FA.npy,HSP inhibitor
P015091,O16,s4,CBK278047,/mnt/micro-images-pvc/specs935-v1/specs935-v1-FA-P015091-U2OS-48h-P8-L2/2021-12-22/870/specs935-v1-FA-P015091-U2OS-48h-P8-L2_O16_s4_w53C98B937-BFD6-4B08-99D2-2CDECD3F9091.npy,HSP inhibitor
P015091,O16,s5,CBK278047,/mnt/micro-images-pvc/specs935-v1/specs935-v1-FA-P015091-U2OS-48h-P8-L2/2021-12-22/870/specs935-v1-FA-P015091-U2OS-48h-P8-L2_O16_s5_w586DC7EC6-8079-4127-AAC2-8214DEFECBA4.npy,HSP inhibitor
P015091,O16,s6,CBK278047,/mnt/micro-images-pvc/specs935-v1/specs935-v1-FA-P015091-U2OS-48h-P8-L2/2021-12-22/870/specs935-v1-FA-P015091-U2OS-48h-P8-L2_O16_s6_w537C43C50-F224-4F2B-812E-306ABF05F35B.npy,HSP inhibitor
P015091,O16,s7,CBK278047,/mnt/micro-images-pvc/specs935-v1/specs935-v1-FA-P015091-U2OS-48h-P8-L2/2021-12-22/870/specs935-v1-FA-P015091-U2OS-48h-P8-L2_O16_s7_w552E49DC4-6684-45C1-9625-D7101A2A7713.npy,HSP inhibitor
P015091,O16,s8,CBK278047,/mnt/micro-images-pvc/specs935-v1/specs935-v1-FA-P015091-U2OS-48h-P8-L2/2021-12-22/870/specs935-v1-FA-P015091-U2OS-48h-P8-L2_O16_s8_w5CA9E7546-19BE-42D8-AE24-83E84C084DAC.npy,HSP inhibitor
P015091,O16,s9,CBK278047,/mnt/micro-images-pvc/specs935-v1/specs935-v1-FA-P015091-U2OS-48h-P8-L2/2021-12-22/870/specs935-v1-FA-P015091-U2OS-48h-P8-L2_O16_s9_w5DC503F78-B3EE-4AAF-8AC0-81E2E0B4745D.npy,HSP inhibitor
P015091,O18,s1,CBK041487,/mnt/micro-images-pvc/specs935-v1/specs935-v1-FA-P015091-U2OS-48h-P8-L2/2021-12-22/870/specs935-v1-FA-P015091-U2OS-48h-P8-L2_O18_s1_w58619A8A4-2B4E-4D62-B34A-CCCD1691B433.npy,HSP inhibitor
P015091,O18,s2,CBK041487,/mnt/micro-images-pvc/specs935-v1/specs935-v1-FA-P015091-U2OS-48h-P8-L2/2021-12-22/870/specs935-v1-FA-P015091-U2OS-48h-P8-L2_O18_s2_w51D34173D-EC23-45CA-90F3-A47496E6D903.npy,HSP inhibitor
P015091,O18,s3,CBK041487,/mnt/micro-images-pvc/specs935-v1/specs935-v1-FA-P015091-U2OS-48h-P8-L2/2021-12-22/870/specs935-v1-FA-P015091-U2OS-48h-P8-L2_O18_s3_w5B343ED6F-8DC0-469E-8BA9-B413134C25F8.npy,HSP inhibitor
P015091,O18,s4,CBK041487,/mnt/micro-images-pvc/specs935-v1/specs935-v1-FA-P015091-U2OS-48h-P8-L2/2021-12-22/870/specs935-v1-FA-P015091-U2OS-48h-P8-L2_O18_s4_w56288E42F-2B57-4BF2-A943-8F9824B36510.npy,HSP inhibitor
P015091,O18,s5,CBK041487,/mnt/micro-images-pvc/specs935-v1/specs935-v1-FA-P015091-U2OS-48h-P8-L2/2021-12-22/870/specs935-v1-FA-P015091-U2OS-48h-P8-L2_O18_s5_w515075B69-5DB5-4C62-9199-6D1B5C72C322.npy,HSP inhibitor
P015091,O18,s6,CBK041487,/mnt/micro-images-pvc/specs935-v1/specs935-v1-FA-P015091-U2OS-48h-P8-L2/2021-12-22/870/specs935-v1-FA-P015091-U2OS-48h-P8-L2_O18_s6_w5C59DEFB5-AA37-45DC-AE01-9B7192C238DF.npy,HSP inhibitor
P015091,O18,s7,CBK041487,/mnt/micro-images-pvc/specs935-v1/specs935-v1-FA-P015091-U2OS-48h-P8-L2/2021-12-22/870/specs935-v1-FA-P015091-U2OS-48h-P8-L2_O18_s7_w52CD03984-3486-4631-92E4-F8D106EBFA8F.npy,HSP inhibitor
P015091,O18,s8,CBK041487,/mnt/micro-images-pvc/specs935-v1/specs935-v1-FA-P015091-U2OS-48h-P8-L2/2021-12-22/870/specs935-v1-FA-P015091-U2OS-48h-P8-L2_O18_s8_w557EB6F3B-9339-47AA-8BE6-06590EB8083C.npy,HSP inhibitor
P015091,O18,s9,CBK041487,/mnt/micro-images-pvc/specs935-v1/specs935-v1-FA-P015091-U2OS-48h-P8-L2/2021-12-22/870/specs935-v1-FA-P015091-U2OS-48h-P8-L2_O18_s9_w598B457FF-F0E5-4326-8CED-438A63F663B4.npy,HSP inhibitor
P015091,O20,s1,CBK308266,/mnt/micro-images-pvc/specs935-v1/specs935-v1-FA-P015091-U2OS-48h-P8-L2/2021-12-22/870/specs935-v1-FA-P015091-U2OS-48h-P8-L2_O20_s1_w58D019572-248C-4CBF-A796-5BD6C1B2AB62.npy,HDAC inhibitor
P015091,O20,s2,CBK308266,/mnt/micro-images-pvc/specs935-v1/specs935-v1-FA-P015091-U2OS-48h-P8-L2/2021-12-22/870/specs935-v1-FA-P015091-U2OS-48h-P8-L2_O20_s2_w5D5A50C46-AA8F-4F87-BCC6-BA8226682D51.npy,HDAC inhibitor
P015091,O20,s3,CBK308266,/mnt/micro-images-pvc/specs935-v1/specs935-v1-FA-P015091-U2OS-48h-P8-L2/2021-12-22/870/specs935-v1-FA-P015091-U2OS-48h-P8-L2_O20_s3_w5030AE885-C5BC-4FFA-B5DC-B4998CB80087.npy,HDAC inhibitor
P015091,O20,s4,CBK308266,/mnt/micro-images-pvc/specs935-v1/specs935-v1-FA-P015091-U2OS-48h-P8-L2/2021-12-22/870/specs935-v1-FA-P015091-U2OS-48h-P8-L2_O20_s4_w5381CB900-5AAA-45E1-AB77-B04285F1D7FD.npy,HDAC inhibitor
P015091,O20,s5,CBK308266,/mnt/micro-images-pvc/specs935-v1/specs935-v1-FA-P015091-U2OS-48h-P8-L2/2021-12-22/870/specs935-v1-FA-P015091-U2OS-48h-P8-L2_O20_s5_w5BDF4278F-19FD-4047-972D-3DD7AF1B125A.npy,HDAC inhibitor
P015091,O20,s6,CBK308266,/mnt/micro-images-pvc/specs935-v1/specs935-v1-FA-P015091-U2OS-48h-P8-L2/2021-12-22/870/specs935-v1-FA-P015091-U2OS-48h-P8-L2_O20_s6_w5A98CC6DF-2249-478A-B600-446084CE9583.npy,HDAC inhibitor
P015091,O20,s7,CBK308266,/mnt/micro-images-pvc/specs935-v1/specs935-v1-FA-P015091-U2OS-48h-P8-L2/2021-12-22/870/specs935-v1-FA-P015091-U2OS-48h-P8-L2_O20_s7_w56B868A05-695B-4DF8-8EA0-C9315D00C445.npy,HDAC inhibitor
P015091,O20,s8,CBK308266,/mnt/micro-images-pvc/specs935-v1/specs935-v1-FA-P015091-U2OS-48h-P8-L2/2021-12-22/870/specs935-v1-FA-P015091-U2OS-48h-P8-L2_O20_s8_w5603F5408-C57E-45E7-B481-BF33639EB564.npy,HDAC inhibitor
P015091,O20,s9,CBK308266,/mnt/micro-images-pvc/specs935-v1/specs935-v1-FA-P015091-U2OS-48h-P8-L2/2021-12-22/870/specs935-v1-FA-P015091-U2OS-48h-P8-L2_O20_s9_w5F6A7CB8C-FCAF-4871-B2E9-59A52354DEBB.npy,HDAC inhibitor
P015091,O22,s1,CBK277934,/mnt/micro-images-pvc/specs935-v1/specs935-v1-FA-P015091-U2OS-48h-P8-L2/2021-12-22/870/specs935-v1-FA-P015091-U2OS-48h-P8-L2_O22_s1_w53C8C350D-8301-4E3E-A10E-F913F3ED6B40.npy,HSP inhibitor
P015091,O22,s2,CBK277934,/mnt/micro-images-pvc/specs935-v1/specs935-v1-FA-P015091-U2OS-48h-P8-L2/2021-12-22/870/specs935-v1-FA-P015091-U2OS-48h-P8-L2_O22_s2_w5DCB73006-35B1-499B-B5B2-64A8573170E0.npy,HSP inhibitor
P015091,O22,s3,CBK277934,/mnt/micro-images-pvc/specs935-v1/specs935-v1-FA-P015091-U2OS-48h-P8-L2/2021-12-22/870/specs935-v1-FA-P015091-U2OS-48h-P8-L2_O22_s3_w5911B57B2-16D6-42A2-A1CE-308BC76559DA.npy,HSP inhibitor
P015091,O22,s4,CBK277934,/mnt/micro-images-pvc/specs935-v1/specs935-v1-FA-P015091-U2OS-48h-P8-L2/2021-12-22/870/specs935-v1-FA-P015091-U2OS-48h-P8-L2_O22_s4_w56D89E76B-78D8-40EC-97C7-0AA0D3FD979E.npy,HSP inhibitor
P015091,O22,s5,CBK277934,/mnt/micro-images-pvc/specs935-v1/specs935-v1-FA-P015091-U2OS-48h-P8-L2/2021-12-22/870/specs935-v1-FA-P015091-U2OS-48h-P8-L2_O22_s5_w5B61F49D6-8409-4E71-93C2-AEB82D21DFBE.npy,HSP inhibitor
P015091,O22,s6,CBK277934,/mnt/micro-images-pvc/specs935-v1/specs935-v1-FA-P015091-U2OS-48h-P8-L2/2021-12-22/870/specs935-v1-FA-P015091-U2OS-48h-P8-L2_O22_s6_w5962234D6-C740-468A-8D5C-760498EE90E5.npy,HSP inhibitor
P015091,O22,s7,CBK277934,/mnt/micro-images-pvc/specs935-v1/specs935-v1-FA-P015091-U2OS-48h-P8-L2/2021-12-22/870/specs935-v1-FA-P015091-U2OS-48h-P8-L2_O22_s7_w526C718C6-201B-429B-99C5-A6782BDB712B.npy,HSP inhibitor
P015091,O22,s8,CBK277934,/mnt/micro-images-pvc/specs935-v1/specs935-v1-FA-P015091-U2OS-48h-P8-L2/2021-12-22/870/specs935-v1-FA-P015091-U2OS-48h-P8-L2_O22_s8_w5F43ED8AB-0BC5-423E-A8BB-CC1031AC7DF2.npy,HSP inhibitor
P015091,O22,s9,CBK277934,/mnt/micro-images-pvc/specs935-v1/specs935-v1-FA-P015091-U2OS-48h-P8-L2/2021-12-22/870/specs935-v1-FA-P015091-U2OS-48h-P8-L2_O22_s9_w54491453A-F0CA-48CB-A84A-8CBE01700E20.npy,HSP inhibitor
P015091,O23,s1,CBK290547,/mnt/micro-images-pvc/specs935-v1/specs935-v1-FA-P015091-U2OS-48h-P8-L2/2021-12-22/870/specs935-v1-FA-P015091-U2OS-48h-P8-L2_O23_s1_w50CB828B7-0340-45A2-8DD6-8566474EA1B2.npy,HDAC inhibitor
P015091,O23,s2,CBK290547,/mnt/micro-images-pvc/specs935-v1/specs935-v1-FA-P015091-U2OS-48h-P8-L2/2021-12-22/870/specs935-v1-FA-P015091-U2OS-48h-P8-L2_O23_s2_w5AB99720D-01D3-4731-8503-20A9A34D92D4.npy,HDAC inhibitor
P015091,O23,s3,CBK290547,/mnt/micro-images-pvc/specs935-v1/specs935-v1-FA-P015091-U2OS-48h-P8-L2/2021-12-22/870/specs935-v1-FA-P015091-U2OS-48h-P8-L2_O23_s3_w57017F2C6-2D22-4C52-AD3C-49D60F6D8412.npy,HDAC inhibitor
P015091,O23,s4,CBK290547,/mnt/micro-images-pvc/specs935-v1/specs935-v1-FA-P015091-U2OS-48h-P8-L2/2021-12-22/870/specs935-v1-FA-P015091-U2OS-48h-P8-L2_O23_s4_w5AB22426D-31F4-4588-8601-CBA059C19CA6.npy,HDAC inhibitor
P015091,O23,s5,CBK290547,/mnt/micro-images-pvc/specs935-v1/specs935-v1-FA-P015091-U2OS-48h-P8-L2/2021-12-22/870/specs935-v1-FA-P015091-U2OS-48h-P8-L2_O23_s5_w5746F5AFC-C5EC-4139-930C-CB71A347B14C.npy,HDAC inhibitor
P015091,O23,s6,CBK290547,/mnt/micro-images-pvc/specs935-v1/specs935-v1-FA-P015091-U2OS-48h-P8-L2/2021-12-22/870/specs935-v1-FA-P015091-U2OS-48h-P8-L2_O23_s6_w5C44A0007-663D-4E1B-97B2-246AD39E6B53.npy,HDAC inhibitor
P015091,O23,s7,CBK290547,/mnt/micro-images-pvc/specs935-v1/specs935-v1-FA-P015091-U2OS-48h-P8-L2/2021-12-22/870/specs935-v1-FA-P015091-U2OS-48h-P8-L2_O23_s7_w505D3D81D-83FD-4E72-BB61-452A6EACDFCE.npy,HDAC inhibitor
P015091,O23,s8,CBK290547,/mnt/micro-images-pvc/specs935-v1/specs935-v1-FA-P015091-U2OS-48h-P8-L2/2021-12-22/870/specs935-v1-FA-P015091-U2OS-48h-P8-L2_O23_s8_w51E66D7D0-4BE4-4D84-B22E-F7B3BF10BABE.npy,HDAC inhibitor
P015091,O23,s9,CBK290547,/mnt/micro-images-pvc/specs935-v1/specs935-v1-FA-P015091-U2OS-48h-P8-L2/2021-12-22/870/specs935-v1-FA-P015091-U2OS-48h-P8-L2_O23_s9_w5AD1BA289-07EF-4E89-A190-1F4AD0780287.npy,HDAC inhibitor
P015092,B08,s1,CBK293875,/mnt/micro-images-pvc/specs935-v1/specs935-v1-FA-P015092-U2OS-48h-P9-L1/2021-12-18/855/specs935-v1-FA-P015092-U2OS-48h-P9-L1_B08_s1_w5858F1B93-C31D-4E5B-B822-CDD11D790460.npy,JAK inhibitor
P015092,B08,s2,CBK293875,/mnt/micro-images-pvc/specs935-v1/specs935-v1-FA-P015092-U2OS-48h-P9-L1/2021-12-18/855/specs935-v1-FA-P015092-U2OS-48h-P9-L1_B08_s2_w5F7C021A1-9EE8-41B6-A037-50D48CE50FAF.npy,JAK inhibitor
P015092,B08,s3,CBK293875,/mnt/micro-images-pvc/specs935-v1/specs935-v1-FA-P015092-U2OS-48h-P9-L1/2021-12-18/855/specs935-v1-FA-P015092-U2OS-48h-P9-L1_B08_s3_w5478D3D2D-6854-4BDD-9CD8-7C8110DCE66F.npy,JAK inhibitor
P015092,B08,s4,CBK293875,/mnt/micro-images-pvc/specs935-v1/specs935-v1-FA-P015092-U2OS-48h-P9-L1/2021-12-18/855/specs935-v1-FA-P015092-U2OS-48h-P9-L1_B08_s4_w50F9DA620-C080-4795-BBEF-5C8BA27FB590.npy,JAK inhibitor
P015092,B08,s5,CBK293875,/mnt/micro-images-pvc/specs935-v1/specs935-v1-FA-P015092-U2OS-48h-P9-L1/2021-12-18/855/specs935-v1-FA-P015092-U2OS-48h-P9-L1_B08_s5_w53C43FA27-14DA-471A-A767-9D29E0C5AC43.npy,JAK inhibitor
P015092,B08,s6,CBK293875,/mnt/micro-images-pvc/specs935-v1/specs935-v1-FA-P015092-U2OS-48h-P9-L1/2021-12-18/855/specs935-v1-FA-P015092-U2OS-48h-P9-L1_B08_s6_w5D9A34135-748D-41CF-930E-077D5909DADC.npy,JAK inhibitor
P015092,B08,s7,CBK293875,/mnt/micro-images-pvc/specs935-v1/specs935-v1-FA-P015092-U2OS-48h-P9-L1/2021-12-18/855/specs935-v1-FA-P015092-U2OS-48h-P9-L1_B08_s7_w576722D0D-8299-4533-B1D3-7ABFC62319E2.npy,JAK inhibitor
P015092,B08,s8,CBK293875,/mnt/micro-images-pvc/specs935-v1/specs935-v1-FA-P015092-U2OS-48h-P9-L1/2021-12-18/855/specs935-v1-FA-P015092-U2OS-48h-P9-L1_B08_s8_w5266F9E12-54DC-4202-A72F-C2379EEA388E.npy,JAK inhibitor
P015092,B08,s9,CBK293875,/mnt/micro-images-pvc/specs935-v1/specs935-v1-FA-P015092-U2OS-48h-P9-L1/2021-12-18/855/specs935-v1-FA-P015092-U2OS-48h-P9-L1_B08_s9_w55AFA2053-434E-4D7B-8033-29261A357305.npy,JAK inhibitor
P015092,B20,s1,CBK290608,/mnt/micro-images-pvc/specs935-v1/specs935-v1-FA-P015092-U2OS-48h-P9-L1/2021-12-18/855/specs935-v1-FA-P015092-U2OS-48h-P9-L1_B20_s1_w5CD1900F0-BD95-4672-8A7A-651D5DCC7B13.npy,JAK inhibitor
P015092,B20,s2,CBK290608,/mnt/micro-images-pvc/specs935-v1/specs935-v1-FA-P015092-U2OS-48h-P9-L1/2021-12-18/855/specs935-v1-FA-P015092-U2OS-48h-P9-L1_B20_s2_w5E5BC8D8C-14E0-4D1F-BDDF-C6CE64501BD0.npy,JAK inhibitor
P015092,B20,s3,CBK290608,/mnt/micro-images-pvc/specs935-v1/specs935-v1-FA-P015092-U2OS-48h-P9-L1/2021-12-18/855/specs935-v1-FA-P015092-U2OS-48h-P9-L1_B20_s3_w5628373D8-63AB-4AEB-81D1-2A5CC13C989E.npy,JAK inhibitor
P015092,B20,s4,CBK290608,/mnt/micro-images-pvc/specs935-v1/specs935-v1-FA-P015092-U2OS-48h-P9-L1/2021-12-18/855/specs935-v1-FA-P015092-U2OS-48h-P9-L1_B20_s4_w50901E6DF-139B-46B4-8551-506713266670.npy,JAK inhibitor
P015092,B20,s5,CBK290608,/mnt/micro-images-pvc/specs935-v1/specs935-v1-FA-P015092-U2OS-48h-P9-L1/2021-12-18/855/specs935-v1-FA-P015092-U2OS-48h-P9-L1_B20_s5_w5CC3BF171-A779-4D7B-B9D6-8B01E5D895DC.npy,JAK inhibitor
P015092,B20,s6,CBK290608,/mnt/micro-images-pvc/specs935-v1/specs935-v1-FA-P015092-U2OS-48h-P9-L1/2021-12-18/855/specs935-v1-FA-P015092-U2OS-48h-P9-L1_B20_s6_w5307CF7AA-54C2-4043-8E48-E6EE0DD84E2B.npy,JAK inhibitor
P015092,B20,s7,CBK290608,/mnt/micro-images-pvc/specs935-v1/specs935-v1-FA-P015092-U2OS-48h-P9-L1/2021-12-18/855/specs935-v1-FA-P015092-U2OS-48h-P9-L1_B20_s7_w585A7C3E4-D291-4459-944A-E86BFB8526AC.npy,JAK inhibitor
P015092,B20,s8,CBK290608,/mnt/micro-images-pvc/specs935-v1/specs935-v1-FA-P015092-U2OS-48h-P9-L1/2021-12-18/855/specs935-v1-FA-P015092-U2OS-48h-P9-L1_B20_s8_w574FA0AB6-7B81-41B3-B944-BAE664D8BF48.npy,JAK inhibitor
P015092,B20,s9,CBK290608,/mnt/micro-images-pvc/specs935-v1/specs935-v1-FA-P015092-U2OS-48h-P9-L1/2021-12-18/855/specs935-v1-FA-P015092-U2OS-48h-P9-L1_B20_s9_w58EEBF1ED-D0D8-4E90-8D48-233C39090703.npy,JAK inhibitor
P015092,C06,s1,CBK303909,/mnt/micro-images-pvc/specs935-v1/specs935-v1-FA-P015092-U2OS-48h-P9-L1/2021-12-18/855/specs935-v1-FA-P015092-U2OS-48h-P9-L1_C06_s1_w5B373FBE5-1612-4250-A097-85E25829D2B4.npy,JAK inhibitor
P015092,C06,s2,CBK303909,/mnt/micro-images-pvc/specs935-v1/specs935-v1-FA-P015092-U2OS-48h-P9-L1/2021-12-18/855/specs935-v1-FA-P015092-U2OS-48h-P9-L1_C06_s2_w5460B8CFB-7342-40AB-8ADD-A0A13CEDA05D.npy,JAK inhibitor
P015092,C06,s3,CBK303909,/mnt/micro-images-pvc/specs935-v1/specs935-v1-FA-P015092-U2OS-48h-P9-L1/2021-12-18/855/specs935-v1-FA-P015092-U2OS-48h-P9-L1_C06_s3_w50B8AA658-FCD4-4F8E-B20E-C583242BE314.npy,JAK inhibitor
P015092,C06,s4,CBK303909,/mnt/micro-images-pvc/specs935-v1/specs935-v1-FA-P015092-U2OS-48h-P9-L1/2021-12-18/855/specs935-v1-FA-P015092-U2OS-48h-P9-L1_C06_s4_w57252E1A5-E431-473F-8972-BFA22F059349.npy,JAK inhibitor
P015092,C06,s5,CBK303909,/mnt/micro-images-pvc/specs935-v1/specs935-v1-FA-P015092-U2OS-48h-P9-L1/2021-12-18/855/specs935-v1-FA-P015092-U2OS-48h-P9-L1_C06_s5_w5E2F8967E-3E11-457E-A40C-7BD62E3AB12B.npy,JAK inhibitor
P015092,C06,s6,CBK303909,/mnt/micro-images-pvc/specs935-v1/specs935-v1-FA-P015092-U2OS-48h-P9-L1/2021-12-18/855/specs935-v1-FA-P015092-U2OS-48h-P9-L1_C06_s6_w5A8DA7AD4-B090-4EF3-9B12-B01F05C8A50E.npy,JAK inhibitor
P015092,C06,s7,CBK303909,/mnt/micro-images-pvc/specs935-v1/specs935-v1-FA-P015092-U2OS-48h-P9-L1/2021-12-18/855/specs935-v1-FA-P015092-U2OS-48h-P9-L1_C06_s7_w5B16F0E53-5E24-4652-8B9E-DEF5731AB65F.npy,JAK inhibitor
P015092,C06,s8,CBK303909,/mnt/micro-images-pvc/specs935-v1/specs935-v1-FA-P015092-U2OS-48h-P9-L1/2021-12-18/855/specs935-v1-FA-P015092-U2OS-48h-P9-L1_C06_s8_w5F32A59C7-C777-4280-AC27-3A75F45E9F0F.npy,JAK inhibitor
P015092,C06,s9,CBK303909,/mnt/micro-images-pvc/specs935-v1/specs935-v1-FA-P015092-U2OS-48h-P9-L1/2021-12-18/855/specs935-v1-FA-P015092-U2OS-48h-P9-L1_C06_s9_w584BFE501-3A31-4CDB-A765-08CA61A5C9C7.npy,JAK inhibitor
P015092,C12,s1,CBK290717,/mnt/micro-images-pvc/specs935-v1/specs935-v1-FA-P015092-U2OS-48h-P9-L1/2021-12-18/855/specs935-v1-FA-P015092-U2OS-48h-P9-L1_C12_s1_w5C137F03E-57EE-4459-8A57-0D12D342588E.npy,JAK inhibitor
P015092,C12,s2,CBK290717,/mnt/micro-images-pvc/specs935-v1/specs935-v1-FA-P015092-U2OS-48h-P9-L1/2021-12-18/855/specs935-v1-FA-P015092-U2OS-48h-P9-L1_C12_s2_w5BECC348E-8B58-4FEF-AF1A-A65EB61A3BEC.npy,JAK inhibitor
P015092,C12,s3,CBK290717,/mnt/micro-images-pvc/specs935-v1/specs935-v1-FA-P015092-U2OS-48h-P9-L1/2021-12-18/855/specs935-v1-FA-P015092-U2OS-48h-P9-L1_C12_s3_w5583E8D95-5023-404B-AB14-9E82A9B7375B.npy,JAK inhibitor
P015092,C12,s4,CBK290717,/mnt/micro-images-pvc/specs935-v1/specs935-v1-FA-P015092-U2OS-48h-P9-L1/2021-12-18/855/specs935-v1-FA-P015092-U2OS-48h-P9-L1_C12_s4_w5332392CC-BD5E-49C3-9420-EADB1FC4B870.npy,JAK inhibitor
P015092,C12,s5,CBK290717,/mnt/micro-images-pvc/specs935-v1/specs935-v1-FA-P015092-U2OS-48h-P9-L1/2021-12-18/855/specs935-v1-FA-P015092-U2OS-48h-P9-L1_C12_s5_w52158F786-07D9-4086-A7FE-2506AE791EED.npy,JAK inhibitor
P015092,C12,s6,CBK290717,/mnt/micro-images-pvc/specs935-v1/specs935-v1-FA-P015092-U2OS-48h-P9-L1/2021-12-18/855/specs935-v1-FA-P015092-U2OS-48h-P9-L1_C12_s6_w54B214619-B165-4EB5-85D3-A76F6518AC08.npy,JAK inhibitor
P015092,C12,s7,CBK290717,/mnt/micro-images-pvc/specs935-v1/specs935-v1-FA-P015092-U2OS-48h-P9-L1/2021-12-18/855/specs935-v1-FA-P015092-U2OS-48h-P9-L1_C12_s7_w55218F1B1-09BD-4F19-B30E-E71485A41903.npy,JAK inhibitor
P015092,C12,s8,CBK290717,/mnt/micro-images-pvc/specs935-v1/specs935-v1-FA-P015092-U2OS-48h-P9-L1/2021-12-18/855/specs935-v1-FA-P015092-U2OS-48h-P9-L1_C12_s8_w5731152E3-BB1A-439A-B5C9-4D26B51C72AF.npy,JAK inhibitor
P015092,C12,s9,CBK290717,/mnt/micro-images-pvc/specs935-v1/specs935-v1-FA-P015092-U2OS-48h-P9-L1/2021-12-18/855/specs935-v1-FA-P015092-U2OS-48h-P9-L1_C12_s9_w52CB7AB40-1F62-4235-9080-F9F476E2CA6E.npy,JAK inhibitor
P015092,C21,s1,CBK309133,/mnt/micro-images-pvc/specs935-v1/specs935-v1-FA-P015092-U2OS-48h-P9-L1/2021-12-18/855/specs935-v1-FA-P015092-U2OS-48h-P9-L1_C21_s1_w5C597FDDB-22E2-4E66-A18D-6FA4154735DB.npy,JAK inhibitor
P015092,C21,s2,CBK309133,/mnt/micro-images-pvc/specs935-v1/specs935-v1-FA-P015092-U2OS-48h-P9-L1/2021-12-18/855/specs935-v1-FA-P015092-U2OS-48h-P9-L1_C21_s2_w57994F3CB-3BF9-468E-81DA-AD43D0F6398F.npy,JAK inhibitor
P015092,C21,s3,CBK309133,/mnt/micro-images-pvc/specs935-v1/specs935-v1-FA-P015092-U2OS-48h-P9-L1/2021-12-18/855/specs935-v1-FA-P015092-U2OS-48h-P9-L1_C21_s3_w591FB1AE8-FAAA-4D1F-861B-F062A4F23CB4.npy,JAK inhibitor
P015092,C21,s4,CBK309133,/mnt/micro-images-pvc/specs935-v1/specs935-v1-FA-P015092-U2OS-48h-P9-L1/2021-12-18/855/specs935-v1-FA-P015092-U2OS-48h-P9-L1_C21_s4_w5B6E36FF9-E0B6-43BD-9BD2-BA03786B747A.npy,JAK inhibitor
P015092,C21,s5,CBK309133,/mnt/micro-images-pvc/specs935-v1/specs935-v1-FA-P015092-U2OS-48h-P9-L1/2021-12-18/855/specs935-v1-FA-P015092-U2OS-48h-P9-L1_C21_s5_w56F3C6037-E672-4C0F-B99F-C4D08C5349F8.npy,JAK inhibitor
P015092,C21,s6,CBK309133,/mnt/micro-images-pvc/specs935-v1/specs935-v1-FA-P015092-U2OS-48h-P9-L1/2021-12-18/855/specs935-v1-FA-P015092-U2OS-48h-P9-L1_C21_s6_w5D614903D-61CB-4B96-8CDE-C4D7D1B1D89D.npy,JAK inhibitor
P015092,C21,s7,CBK309133,/mnt/micro-images-pvc/specs935-v1/specs935-v1-FA-P015092-U2OS-48h-P9-L1/2021-12-18/855/specs935-v1-FA-P015092-U2OS-48h-P9-L1_C21_s7_w5E9EB19CE-7517-4491-BBD2-220B4317EE78.npy,JAK inhibitor
P015092,C21,s8,CBK309133,/mnt/micro-images-pvc/specs935-v1/specs935-v1-FA-P015092-U2OS-48h-P9-L1/2021-12-18/855/specs935-v1-FA-P015092-U2OS-48h-P9-L1_C21_s8_w5134037F6-8459-462E-8D08-84436EF9EE29.npy,JAK inhibitor
P015092,C21,s9,CBK309133,/mnt/micro-images-pvc/specs935-v1/specs935-v1-FA-P015092-U2OS-48h-P9-L1/2021-12-18/855/specs935-v1-FA-P015092-U2OS-48h-P9-L1_C21_s9_w5379BF504-D7F7-4E88-B643-A9C3F79BB808.npy,JAK inhibitor
P015092,D04,s1,CBK288327,/mnt/micro-images-pvc/specs935-v1/specs935-v1-FA-P015092-U2OS-48h-P9-L1/2021-12-18/855/specs935-v1-FA-P015092-U2OS-48h-P9-L1_D04_s1_w594A7867B-55A8-42D1-8096-FA62A96D660F.npy,JAK inhibitor
P015092,D04,s2,CBK288327,/mnt/micro-images-pvc/specs935-v1/specs935-v1-FA-P015092-U2OS-48h-P9-L1/2021-12-18/855/specs935-v1-FA-P015092-U2OS-48h-P9-L1_D04_s2_w5706284D2-472D-4968-BEFA-7AC1D23BA672.npy,JAK inhibitor
P015092,D04,s3,CBK288327,/mnt/micro-images-pvc/specs935-v1/specs935-v1-FA-P015092-U2OS-48h-P9-L1/2021-12-18/855/specs935-v1-FA-P015092-U2OS-48h-P9-L1_D04_s3_w5383DBCF3-247F-4D93-BFD2-FA154122A307.npy,JAK inhibitor
P015092,D04,s4,CBK288327,/mnt/micro-images-pvc/specs935-v1/specs935-v1-FA-P015092-U2OS-48h-P9-L1/2021-12-18/855/specs935-v1-FA-P015092-U2OS-48h-P9-L1_D04_s4_w55E9FA454-B76F-4CEF-BB2F-14745E716104.npy,JAK inhibitor
P015092,D04,s5,CBK288327,/mnt/micro-images-pvc/specs935-v1/specs935-v1-FA-P015092-U2OS-48h-P9-L1/2021-12-18/855/specs935-v1-FA-P015092-U2OS-48h-P9-L1_D04_s5_w5E3C0EF1C-611D-477B-A2CF-4A0833AF3345.npy,JAK inhibitor
P015092,D04,s6,CBK288327,/mnt/micro-images-pvc/specs935-v1/specs935-v1-FA-P015092-U2OS-48h-P9-L1/2021-12-18/855/specs935-v1-FA-P015092-U2OS-48h-P9-L1_D04_s6_w5E54CE095-3984-4959-BCBB-6B8C1AB11F87.npy,JAK inhibitor
P015092,D04,s7,CBK288327,/mnt/micro-images-pvc/specs935-v1/specs935-v1-FA-P015092-U2OS-48h-P9-L1/2021-12-18/855/specs935-v1-FA-P015092-U2OS-48h-P9-L1_D04_s7_w554D7056E-5124-4BC1-87D3-2C7F58FECF37.npy,JAK inhibitor
P015092,D04,s8,CBK288327,/mnt/micro-images-pvc/specs935-v1/specs935-v1-FA-P015092-U2OS-48h-P9-L1/2021-12-18/855/specs935-v1-FA-P015092-U2OS-48h-P9-L1_D04_s8_w5AE1AD20A-C049-4863-B8DB-A1E98F51C3D5.npy,JAK inhibitor
P015092,D04,s9,CBK288327,/mnt/micro-images-pvc/specs935-v1/specs935-v1-FA-P015092-U2OS-48h-P9-L1/2021-12-18/855/specs935-v1-FA-P015092-U2OS-48h-P9-L1_D04_s9_w5AA13A555-56EB-47BE-927C-0FB737658A3A.npy,JAK inhibitor
P015092,D13,s1,CBK309133,/mnt/micro-images-pvc/specs935-v1/specs935-v1-FA-P015092-U2OS-48h-P9-L1/2021-12-18/855/specs935-v1-FA-P015092-U2OS-48h-P9-L1_D13_s1_w50B83FD31-872A-4092-A128-30AEED986BDA.npy,JAK inhibitor
P015092,D13,s2,CBK309133,/mnt/micro-images-pvc/specs935-v1/specs935-v1-FA-P015092-U2OS-48h-P9-L1/2021-12-18/855/specs935-v1-FA-P015092-U2OS-48h-P9-L1_D13_s2_w5D9A85E11-BBC7-4CEB-B1A9-B4F168024FCB.npy,JAK inhibitor
P015092,D13,s3,CBK309133,/mnt/micro-images-pvc/specs935-v1/specs935-v1-FA-P015092-U2OS-48h-P9-L1/2021-12-18/855/specs935-v1-FA-P015092-U2OS-48h-P9-L1_D13_s3_w5770986F8-6453-475A-A528-83535BD1AA6A.npy,JAK inhibitor
P015092,D13,s4,CBK309133,/mnt/micro-images-pvc/specs935-v1/specs935-v1-FA-P015092-U2OS-48h-P9-L1/2021-12-18/855/specs935-v1-FA-P015092-U2OS-48h-P9-L1_D13_s4_w5CD969DB4-81D3-4024-8C02-B5A4F4D30E6C.npy,JAK inhibitor
P015092,D13,s5,CBK309133,/mnt/micro-images-pvc/specs935-v1/specs935-v1-FA-P015092-U2OS-48h-P9-L1/2021-12-18/855/specs935-v1-FA-P015092-U2OS-48h-P9-L1_D13_s5_w56D49F5E3-45CC-4EA3-BEF3-B3FE80552EF8.npy,JAK inhibitor
P015092,D13,s6,CBK309133,/mnt/micro-images-pvc/specs935-v1/specs935-v1-FA-P015092-U2OS-48h-P9-L1/2021-12-18/855/specs935-v1-FA-P015092-U2OS-48h-P9-L1_D13_s6_w555FB26FF-02D7-4DD0-9025-DCFB12F2859D.npy,JAK inhibitor
P015092,D13,s7,CBK309133,/mnt/micro-images-pvc/specs935-v1/specs935-v1-FA-P015092-U2OS-48h-P9-L1/2021-12-18/855/specs935-v1-FA-P015092-U2OS-48h-P9-L1_D13_s7_w5E0F80631-3841-45D8-8C65-2A089BFE5D8D.npy,JAK inhibitor
P015092,D13,s8,CBK309133,/mnt/micro-images-pvc/specs935-v1/specs935-v1-FA-P015092-U2OS-48h-P9-L1/2021-12-18/855/specs935-v1-FA-P015092-U2OS-48h-P9-L1_D13_s8_w57C038523-640C-40B7-BC3B-B127CE163167.npy,JAK inhibitor
P015092,D13,s9,CBK309133,/mnt/micro-images-pvc/specs935-v1/specs935-v1-FA-P015092-U2OS-48h-P9-L1/2021-12-18/855/specs935-v1-FA-P015092-U2OS-48h-P9-L1_D13_s9_w549DD655F-B9B5-4030-9BCC-CF21617C488C.npy,JAK inhibitor
P015092,D18,s1,CBK288351,/mnt/micro-images-pvc/specs935-v1/specs935-v1-FA-P015092-U2OS-48h-P9-L1/2021-12-18/855/specs935-v1-FA-P015092-U2OS-48h-P9-L1_D18_s1_w521E2D755-CD84-4CE8-8BFE-0472A412B0F4.npy,JAK inhibitor
P015092,D18,s2,CBK288351,/mnt/micro-images-pvc/specs935-v1/specs935-v1-FA-P015092-U2OS-48h-P9-L1/2021-12-18/855/specs935-v1-FA-P015092-U2OS-48h-P9-L1_D18_s2_w538628960-8639-4C9A-BE58-23F58B5BBD16.npy,JAK inhibitor
P015092,D18,s3,CBK288351,/mnt/micro-images-pvc/specs935-v1/specs935-v1-FA-P015092-U2OS-48h-P9-L1/2021-12-18/855/specs935-v1-FA-P015092-U2OS-48h-P9-L1_D18_s3_w55CC14113-F388-4DE5-A286-82BE3EF81326.npy,JAK inhibitor
P015092,D18,s4,CBK288351,/mnt/micro-images-pvc/specs935-v1/specs935-v1-FA-P015092-U2OS-48h-P9-L1/2021-12-18/855/specs935-v1-FA-P015092-U2OS-48h-P9-L1_D18_s4_w57EB4E3F6-B9CB-4184-B7FA-464CA425F380.npy,JAK inhibitor
P015092,D18,s5,CBK288351,/mnt/micro-images-pvc/specs935-v1/specs935-v1-FA-P015092-U2OS-48h-P9-L1/2021-12-18/855/specs935-v1-FA-P015092-U2OS-48h-P9-L1_D18_s5_w55CCEAA50-A488-4BA2-891B-E31266C57F81.npy,JAK inhibitor
P015092,D18,s6,CBK288351,/mnt/micro-images-pvc/specs935-v1/specs935-v1-FA-P015092-U2OS-48h-P9-L1/2021-12-18/855/specs935-v1-FA-P015092-U2OS-48h-P9-L1_D18_s6_w537B1D0BF-8CEC-448C-9797-C18E31094E5F.npy,JAK inhibitor
P015092,D18,s7,CBK288351,/mnt/micro-images-pvc/specs935-v1/specs935-v1-FA-P015092-U2OS-48h-P9-L1/2021-12-18/855/specs935-v1-FA-P015092-U2OS-48h-P9-L1_D18_s7_w51EB128AF-77FB-405A-AFC4-D26262D0E0E5.npy,JAK inhibitor
P015092,D18,s8,CBK288351,/mnt/micro-images-pvc/specs935-v1/specs935-v1-FA-P015092-U2OS-48h-P9-L1/2021-12-18/855/specs935-v1-FA-P015092-U2OS-48h-P9-L1_D18_s8_w53D3A6695-E83E-4327-8479-47C7D759E165.npy,JAK inhibitor
P015092,D18,s9,CBK288351,/mnt/micro-images-pvc/specs935-v1/specs935-v1-FA-P015092-U2OS-48h-P9-L1/2021-12-18/855/specs935-v1-FA-P015092-U2OS-48h-P9-L1_D18_s9_w5B7C4A92F-60E1-4181-85DC-BDBB2A1972DD.npy,JAK inhibitor
P015092,D20,s1,CBK290717,/mnt/micro-images-pvc/specs935-v1/specs935-v1-FA-P015092-U2OS-48h-P9-L1/2021-12-18/855/specs935-v1-FA-P015092-U2OS-48h-P9-L1_D20_s1_w5F398376C-C800-41B4-A3F8-452A9A8A0D74.npy,JAK inhibitor
P015092,D20,s2,CBK290717,/mnt/micro-images-pvc/specs935-v1/specs935-v1-FA-P015092-U2OS-48h-P9-L1/2021-12-18/855/specs935-v1-FA-P015092-U2OS-48h-P9-L1_D20_s2_w54C5B1318-3DB3-45AC-9EEF-6D6202614D5C.npy,JAK inhibitor
P015092,D20,s3,CBK290717,/mnt/micro-images-pvc/specs935-v1/specs935-v1-FA-P015092-U2OS-48h-P9-L1/2021-12-18/855/specs935-v1-FA-P015092-U2OS-48h-P9-L1_D20_s3_w546871AB2-1411-44AB-B766-2355B09F0904.npy,JAK inhibitor
P015092,D20,s4,CBK290717,/mnt/micro-images-pvc/specs935-v1/specs935-v1-FA-P015092-U2OS-48h-P9-L1/2021-12-18/855/specs935-v1-FA-P015092-U2OS-48h-P9-L1_D20_s4_w5718989C0-4815-4F17-B180-6BDD3A853B56.npy,JAK inhibitor
P015092,D20,s5,CBK290717,/mnt/micro-images-pvc/specs935-v1/specs935-v1-FA-P015092-U2OS-48h-P9-L1/2021-12-18/855/specs935-v1-FA-P015092-U2OS-48h-P9-L1_D20_s5_w553A3B3DE-E571-404B-9C81-09E6D1F681B5.npy,JAK inhibitor
P015092,D20,s6,CBK290717,/mnt/micro-images-pvc/specs935-v1/specs935-v1-FA-P015092-U2OS-48h-P9-L1/2021-12-18/855/specs935-v1-FA-P015092-U2OS-48h-P9-L1_D20_s6_w55D653870-C3CE-4D65-9C78-5FE0E82DAC7D.npy,JAK inhibitor
P015092,D20,s7,CBK290717,/mnt/micro-images-pvc/specs935-v1/specs935-v1-FA-P015092-U2OS-48h-P9-L1/2021-12-18/855/specs935-v1-FA-P015092-U2OS-48h-P9-L1_D20_s7_w5B1A674FA-F2AA-4ED3-A96D-7DDE50121D4D.npy,JAK inhibitor
P015092,D20,s8,CBK290717,/mnt/micro-images-pvc/specs935-v1/specs935-v1-FA-P015092-U2OS-48h-P9-L1/2021-12-18/855/specs935-v1-FA-P015092-U2OS-48h-P9-L1_D20_s8_w5A699AC77-ACF5-4EDB-BAC7-7CAE647F8635.npy,JAK inhibitor
P015092,D20,s9,CBK290717,/mnt/micro-images-pvc/specs935-v1/specs935-v1-FA-P015092-U2OS-48h-P9-L1/2021-12-18/855/specs935-v1-FA-P015092-U2OS-48h-P9-L1_D20_s9_w530EFCF01-C56B-4025-8E21-8D7FB6D016CC.npy,JAK inhibitor
P015092,E09,s1,CBK309070,/mnt/micro-images-pvc/specs935-v1/specs935-v1-FA-P015092-U2OS-48h-P9-L1/2021-12-18/855/specs935-v1-FA-P015092-U2OS-48h-P9-L1_E09_s1_w5D324734F-4F53-4E9D-BC57-F6B1648F1FEC.npy,JAK inhibitor
P015092,E09,s2,CBK309070,/mnt/micro-images-pvc/specs935-v1/specs935-v1-FA-P015092-U2OS-48h-P9-L1/2021-12-18/855/specs935-v1-FA-P015092-U2OS-48h-P9-L1_E09_s2_w56C07574A-04C3-43A1-88B9-3A5B394009D8.npy,JAK inhibitor
P015092,E09,s3,CBK309070,/mnt/micro-images-pvc/specs935-v1/specs935-v1-FA-P015092-U2OS-48h-P9-L1/2021-12-18/855/specs935-v1-FA-P015092-U2OS-48h-P9-L1_E09_s3_w5429C10AD-BB56-456F-8336-DFAC7877893F.npy,JAK inhibitor
P015092,E09,s4,CBK309070,/mnt/micro-images-pvc/specs935-v1/specs935-v1-FA-P015092-U2OS-48h-P9-L1/2021-12-18/855/specs935-v1-FA-P015092-U2OS-48h-P9-L1_E09_s4_w57888F0F0-1659-4F42-AD9E-7D6EAE671813.npy,JAK inhibitor
P015092,E09,s5,CBK309070,/mnt/micro-images-pvc/specs935-v1/specs935-v1-FA-P015092-U2OS-48h-P9-L1/2021-12-18/855/specs935-v1-FA-P015092-U2OS-48h-P9-L1_E09_s5_w5E985D087-10D1-40DE-852C-E4F418DF7376.npy,JAK inhibitor
P015092,E09,s6,CBK309070,/mnt/micro-images-pvc/specs935-v1/specs935-v1-FA-P015092-U2OS-48h-P9-L1/2021-12-18/855/specs935-v1-FA-P015092-U2OS-48h-P9-L1_E09_s6_w52E5174EF-06E6-4D2A-B232-FB518523D6DE.npy,JAK inhibitor
P015092,E09,s7,CBK309070,/mnt/micro-images-pvc/specs935-v1/specs935-v1-FA-P015092-U2OS-48h-P9-L1/2021-12-18/855/specs935-v1-FA-P015092-U2OS-48h-P9-L1_E09_s7_w54D4780F1-3C91-446D-9E06-E547B01298CB.npy,JAK inhibitor
P015092,E09,s8,CBK309070,/mnt/micro-images-pvc/specs935-v1/specs935-v1-FA-P015092-U2OS-48h-P9-L1/2021-12-18/855/specs935-v1-FA-P015092-U2OS-48h-P9-L1_E09_s8_w5EA7A4FA3-B993-41FD-AD2F-C8BB97AD9F3C.npy,JAK inhibitor
P015092,E09,s9,CBK309070,/mnt/micro-images-pvc/specs935-v1/specs935-v1-FA-P015092-U2OS-48h-P9-L1/2021-12-18/855/specs935-v1-FA-P015092-U2OS-48h-P9-L1_E09_s9_w5AF049266-956D-4168-9FB9-A3D7468DB091.npy,JAK inhibitor
P015092,E21,s1,CBK290608,/mnt/micro-images-pvc/specs935-v1/specs935-v1-FA-P015092-U2OS-48h-P9-L1/2021-12-18/855/specs935-v1-FA-P015092-U2OS-48h-P9-L1_E21_s1_w54A3B4A6D-8289-4C5F-82E7-2E4FD53306D9.npy,JAK inhibitor
P015092,E21,s2,CBK290608,/mnt/micro-images-pvc/specs935-v1/specs935-v1-FA-P015092-U2OS-48h-P9-L1/2021-12-18/855/specs935-v1-FA-P015092-U2OS-48h-P9-L1_E21_s2_w5C63F3090-F8F5-4A4F-BBB3-64EA07FC093F.npy,JAK inhibitor
P015092,E21,s3,CBK290608,/mnt/micro-images-pvc/specs935-v1/specs935-v1-FA-P015092-U2OS-48h-P9-L1/2021-12-18/855/specs935-v1-FA-P015092-U2OS-48h-P9-L1_E21_s3_w5B0D4F1BE-4EC9-4097-BF5D-71363F1CFC5E.npy,JAK inhibitor
P015092,E21,s4,CBK290608,/mnt/micro-images-pvc/specs935-v1/specs935-v1-FA-P015092-U2OS-48h-P9-L1/2021-12-18/855/specs935-v1-FA-P015092-U2OS-48h-P9-L1_E21_s4_w5A5221022-4A30-4C11-915E-740226A2F5E2.npy,JAK inhibitor
P015092,E21,s5,CBK290608,/mnt/micro-images-pvc/specs935-v1/specs935-v1-FA-P015092-U2OS-48h-P9-L1/2021-12-18/855/specs935-v1-FA-P015092-U2OS-48h-P9-L1_E21_s5_w525B77315-58F8-4E98-8A5B-947235BDD210.npy,JAK inhibitor
P015092,E21,s6,CBK290608,/mnt/micro-images-pvc/specs935-v1/specs935-v1-FA-P015092-U2OS-48h-P9-L1/2021-12-18/855/specs935-v1-FA-P015092-U2OS-48h-P9-L1_E21_s6_w52CDDDDE4-BFE4-4E77-8B67-9E1E13CA2E47.npy,JAK inhibitor
P015092,E21,s7,CBK290608,/mnt/micro-images-pvc/specs935-v1/specs935-v1-FA-P015092-U2OS-48h-P9-L1/2021-12-18/855/specs935-v1-FA-P015092-U2OS-48h-P9-L1_E21_s7_w5F1E7A90B-D2D6-456D-ABC3-697BE560E5D0.npy,JAK inhibitor
P015092,E21,s8,CBK290608,/mnt/micro-images-pvc/specs935-v1/specs935-v1-FA-P015092-U2OS-48h-P9-L1/2021-12-18/855/specs935-v1-FA-P015092-U2OS-48h-P9-L1_E21_s8_w5873EE10A-72D1-4285-B572-472B829441D7.npy,JAK inhibitor
P015092,E21,s9,CBK290608,/mnt/micro-images-pvc/specs935-v1/specs935-v1-FA-P015092-U2OS-48h-P9-L1/2021-12-18/855/specs935-v1-FA-P015092-U2OS-48h-P9-L1_E21_s9_w5A6BE160C-01B6-4379-A27F-8B1D6338428A.npy,JAK inhibitor
P015092,F05,s1,CBK293908,/mnt/micro-images-pvc/specs935-v1/specs935-v1-FA-P015092-U2OS-48h-P9-L1/2021-12-18/855/specs935-v1-FA-P015092-U2OS-48h-P9-L1_F05_s1_w599ECDF1D-E000-4232-A9DE-B776B1E7A7FF.npy,JAK inhibitor
P015092,F05,s2,CBK293908,/mnt/micro-images-pvc/specs935-v1/specs935-v1-FA-P015092-U2OS-48h-P9-L1/2021-12-18/855/specs935-v1-FA-P015092-U2OS-48h-P9-L1_F05_s2_w5C053C954-A1D5-4FC7-96CE-4197BC36F686.npy,JAK inhibitor
P015092,F05,s3,CBK293908,/mnt/micro-images-pvc/specs935-v1/specs935-v1-FA-P015092-U2OS-48h-P9-L1/2021-12-18/855/specs935-v1-FA-P015092-U2OS-48h-P9-L1_F05_s3_w5412B3571-DA95-4257-9DC1-BDB9F4EB615D.npy,JAK inhibitor
P015092,F05,s4,CBK293908,/mnt/micro-images-pvc/specs935-v1/specs935-v1-FA-P015092-U2OS-48h-P9-L1/2021-12-18/855/specs935-v1-FA-P015092-U2OS-48h-P9-L1_F05_s4_w5E7C0AB1C-3C4A-420C-9C20-3B82D727BF64.npy,JAK inhibitor
P015092,F05,s5,CBK293908,/mnt/micro-images-pvc/specs935-v1/specs935-v1-FA-P015092-U2OS-48h-P9-L1/2021-12-18/855/specs935-v1-FA-P015092-U2OS-48h-P9-L1_F05_s5_w5388585CA-80F1-4B38-A83F-AD77EB960741.npy,JAK inhibitor
P015092,F05,s6,CBK293908,/mnt/micro-images-pvc/specs935-v1/specs935-v1-FA-P015092-U2OS-48h-P9-L1/2021-12-18/855/specs935-v1-FA-P015092-U2OS-48h-P9-L1_F05_s6_w5830B1961-AFC1-4807-9650-264002697B13.npy,JAK inhibitor
P015092,F05,s7,CBK293908,/mnt/micro-images-pvc/specs935-v1/specs935-v1-FA-P015092-U2OS-48h-P9-L1/2021-12-18/855/specs935-v1-FA-P015092-U2OS-48h-P9-L1_F05_s7_w59906FF19-A98E-4D55-BE03-26E0985B6963.npy,JAK inhibitor
P015092,F05,s8,CBK293908,/mnt/micro-images-pvc/specs935-v1/specs935-v1-FA-P015092-U2OS-48h-P9-L1/2021-12-18/855/specs935-v1-FA-P015092-U2OS-48h-P9-L1_F05_s8_w52D92B66F-1F71-4494-A6CD-D3B51F30C1DE.npy,JAK inhibitor
P015092,F05,s9,CBK293908,/mnt/micro-images-pvc/specs935-v1/specs935-v1-FA-P015092-U2OS-48h-P9-L1/2021-12-18/855/specs935-v1-FA-P015092-U2OS-48h-P9-L1_F05_s9_w517E0285A-B282-413D-8A3E-70BE32FEC676.npy,JAK inhibitor
P015092,F06,s1,CBK293875,/mnt/micro-images-pvc/specs935-v1/specs935-v1-FA-P015092-U2OS-48h-P9-L1/2021-12-18/855/specs935-v1-FA-P015092-U2OS-48h-P9-L1_F06_s1_w592BE8A2A-A02F-4FAE-B363-B63FE66FB70B.npy,JAK inhibitor
P015092,F06,s2,CBK293875,/mnt/micro-images-pvc/specs935-v1/specs935-v1-FA-P015092-U2OS-48h-P9-L1/2021-12-18/855/specs935-v1-FA-P015092-U2OS-48h-P9-L1_F06_s2_w51C1CC76E-2851-438B-A9A8-EFF661091C85.npy,JAK inhibitor
P015092,F06,s3,CBK293875,/mnt/micro-images-pvc/specs935-v1/specs935-v1-FA-P015092-U2OS-48h-P9-L1/2021-12-18/855/specs935-v1-FA-P015092-U2OS-48h-P9-L1_F06_s3_w594729AFE-0261-4917-A83A-8B6242A708D1.npy,JAK inhibitor
P015092,F06,s4,CBK293875,/mnt/micro-images-pvc/specs935-v1/specs935-v1-FA-P015092-U2OS-48h-P9-L1/2021-12-18/855/specs935-v1-FA-P015092-U2OS-48h-P9-L1_F06_s4_w57AF6EC0A-FB57-4B18-ADA6-3F5E19B98E5C.npy,JAK inhibitor
P015092,F06,s5,CBK293875,/mnt/micro-images-pvc/specs935-v1/specs935-v1-FA-P015092-U2OS-48h-P9-L1/2021-12-18/855/specs935-v1-FA-P015092-U2OS-48h-P9-L1_F06_s5_w5B7F19E4D-8E7C-4906-A59E-F06B735F9000.npy,JAK inhibitor
P015092,F06,s6,CBK293875,/mnt/micro-images-pvc/specs935-v1/specs935-v1-FA-P015092-U2OS-48h-P9-L1/2021-12-18/855/specs935-v1-FA-P015092-U2OS-48h-P9-L1_F06_s6_w5B304B8D6-B0DB-4F52-9837-E5B8C1908D4E.npy,JAK inhibitor
P015092,F06,s7,CBK293875,/mnt/micro-images-pvc/specs935-v1/specs935-v1-FA-P015092-U2OS-48h-P9-L1/2021-12-18/855/specs935-v1-FA-P015092-U2OS-48h-P9-L1_F06_s7_w5FEBAF479-E8D5-4059-AA7D-57B91B6520C1.npy,JAK inhibitor
P015092,F06,s8,CBK293875,/mnt/micro-images-pvc/specs935-v1/specs935-v1-FA-P015092-U2OS-48h-P9-L1/2021-12-18/855/specs935-v1-FA-P015092-U2OS-48h-P9-L1_F06_s8_w5614FC630-D584-4EBD-873E-03969C35DF7D.npy,JAK inhibitor
P015092,F06,s9,CBK293875,/mnt/micro-images-pvc/specs935-v1/specs935-v1-FA-P015092-U2OS-48h-P9-L1/2021-12-18/855/specs935-v1-FA-P015092-U2OS-48h-P9-L1_F06_s9_w5907E5281-C878-4E04-BA7F-0E9A84FD203F.npy,JAK inhibitor
P015092,F12,s1,CBK308126,/mnt/micro-images-pvc/specs935-v1/specs935-v1-FA-P015092-U2OS-48h-P9-L1/2021-12-18/855/specs935-v1-FA-P015092-U2OS-48h-P9-L1_F12_s1_w5E165649C-9CE0-4AB8-A523-4BAC9BB7E9F9.npy,JAK inhibitor
P015092,F12,s2,CBK308126,/mnt/micro-images-pvc/specs935-v1/specs935-v1-FA-P015092-U2OS-48h-P9-L1/2021-12-18/855/specs935-v1-FA-P015092-U2OS-48h-P9-L1_F12_s2_w57CB472B3-3F99-41A3-8126-2D0084FFD352.npy,JAK inhibitor
P015092,F12,s3,CBK308126,/mnt/micro-images-pvc/specs935-v1/specs935-v1-FA-P015092-U2OS-48h-P9-L1/2021-12-18/855/specs935-v1-FA-P015092-U2OS-48h-P9-L1_F12_s3_w535152341-5DA3-4855-AFEC-E95A3CC33C8F.npy,JAK inhibitor
P015092,F12,s4,CBK308126,/mnt/micro-images-pvc/specs935-v1/specs935-v1-FA-P015092-U2OS-48h-P9-L1/2021-12-18/855/specs935-v1-FA-P015092-U2OS-48h-P9-L1_F12_s4_w53BF949C7-6408-407A-B244-1444AA3F7151.npy,JAK inhibitor
P015092,F12,s5,CBK308126,/mnt/micro-images-pvc/specs935-v1/specs935-v1-FA-P015092-U2OS-48h-P9-L1/2021-12-18/855/specs935-v1-FA-P015092-U2OS-48h-P9-L1_F12_s5_w58C85B9D0-A395-4D31-9600-5AE1DCCD7FA8.npy,JAK inhibitor
P015092,F12,s6,CBK308126,/mnt/micro-images-pvc/specs935-v1/specs935-v1-FA-P015092-U2OS-48h-P9-L1/2021-12-18/855/specs935-v1-FA-P015092-U2OS-48h-P9-L1_F12_s6_w51BCC012E-C3B9-4596-A2BC-4C499A7ACA1A.npy,JAK inhibitor
P015092,F12,s7,CBK308126,/mnt/micro-images-pvc/specs935-v1/specs935-v1-FA-P015092-U2OS-48h-P9-L1/2021-12-18/855/specs935-v1-FA-P015092-U2OS-48h-P9-L1_F12_s7_w5592E9828-EF83-4246-B8D5-0F349F95FBCB.npy,JAK inhibitor
P015092,F12,s8,CBK308126,/mnt/micro-images-pvc/specs935-v1/specs935-v1-FA-P015092-U2OS-48h-P9-L1/2021-12-18/855/specs935-v1-FA-P015092-U2OS-48h-P9-L1_F12_s8_w5BA335641-6AF7-4134-B2F1-96D322038B6A.npy,JAK inhibitor
P015092,F12,s9,CBK308126,/mnt/micro-images-pvc/specs935-v1/specs935-v1-FA-P015092-U2OS-48h-P9-L1/2021-12-18/855/specs935-v1-FA-P015092-U2OS-48h-P9-L1_F12_s9_w59AF2C8CF-1527-43EC-943E-33C0A41454E7.npy,JAK inhibitor
P015092,F14,s1,CBK290154,/mnt/micro-images-pvc/specs935-v1/specs935-v1-FA-P015092-U2OS-48h-P9-L1/2021-12-18/855/specs935-v1-FA-P015092-U2OS-48h-P9-L1_F14_s1_w5818F3023-6430-4C9E-8413-564A088EC21F.npy,JAK inhibitor
P015092,F14,s2,CBK290154,/mnt/micro-images-pvc/specs935-v1/specs935-v1-FA-P015092-U2OS-48h-P9-L1/2021-12-18/855/specs935-v1-FA-P015092-U2OS-48h-P9-L1_F14_s2_w56CC07F68-E0DD-430D-9434-825DB3EA9916.npy,JAK inhibitor
P015092,F14,s3,CBK290154,/mnt/micro-images-pvc/specs935-v1/specs935-v1-FA-P015092-U2OS-48h-P9-L1/2021-12-18/855/specs935-v1-FA-P015092-U2OS-48h-P9-L1_F14_s3_w5826C24A4-17CB-475F-ACF4-FA1DC70344EF.npy,JAK inhibitor
P015092,F14,s4,CBK290154,/mnt/micro-images-pvc/specs935-v1/specs935-v1-FA-P015092-U2OS-48h-P9-L1/2021-12-18/855/specs935-v1-FA-P015092-U2OS-48h-P9-L1_F14_s4_w5E2C8EBC3-7092-4344-B4EE-F3149C34CCC1.npy,JAK inhibitor
P015092,F14,s5,CBK290154,/mnt/micro-images-pvc/specs935-v1/specs935-v1-FA-P015092-U2OS-48h-P9-L1/2021-12-18/855/specs935-v1-FA-P015092-U2OS-48h-P9-L1_F14_s5_w549B88194-3CCD-485F-9C9C-067EF9EEEDB1.npy,JAK inhibitor
P015092,F14,s6,CBK290154,/mnt/micro-images-pvc/specs935-v1/specs935-v1-FA-P015092-U2OS-48h-P9-L1/2021-12-18/855/specs935-v1-FA-P015092-U2OS-48h-P9-L1_F14_s6_w5C60AE6BB-697A-4D82-A11B-CDA4F096416C.npy,JAK inhibitor
P015092,F14,s7,CBK290154,/mnt/micro-images-pvc/specs935-v1/specs935-v1-FA-P015092-U2OS-48h-P9-L1/2021-12-18/855/specs935-v1-FA-P015092-U2OS-48h-P9-L1_F14_s7_w53F3F7903-878A-443F-915D-F8CF2BBCF287.npy,JAK inhibitor
P015092,F14,s8,CBK290154,/mnt/micro-images-pvc/specs935-v1/specs935-v1-FA-P015092-U2OS-48h-P9-L1/2021-12-18/855/specs935-v1-FA-P015092-U2OS-48h-P9-L1_F14_s8_w5744E89D1-7E9F-4FC9-ABD5-FE2551DDBB30.npy,JAK inhibitor
P015092,F14,s9,CBK290154,/mnt/micro-images-pvc/specs935-v1/specs935-v1-FA-P015092-U2OS-48h-P9-L1/2021-12-18/855/specs935-v1-FA-P015092-U2OS-48h-P9-L1_F14_s9_w56A774186-B84C-48A0-859D-48D5BACFB78F.npy,JAK inhibitor
P015092,F19,s1,CBK290717,/mnt/micro-images-pvc/specs935-v1/specs935-v1-FA-P015092-U2OS-48h-P9-L1/2021-12-18/855/specs935-v1-FA-P015092-U2OS-48h-P9-L1_F19_s1_w5DC03CCF4-F7A0-4D8F-A7B6-A2C001070090.npy,JAK inhibitor
P015092,F19,s2,CBK290717,/mnt/micro-images-pvc/specs935-v1/specs935-v1-FA-P015092-U2OS-48h-P9-L1/2021-12-18/855/specs935-v1-FA-P015092-U2OS-48h-P9-L1_F19_s2_w5A9745CDF-4ADF-4BAA-9EBB-989B877B0A69.npy,JAK inhibitor
P015092,F19,s3,CBK290717,/mnt/micro-images-pvc/specs935-v1/specs935-v1-FA-P015092-U2OS-48h-P9-L1/2021-12-18/855/specs935-v1-FA-P015092-U2OS-48h-P9-L1_F19_s3_w54C74DE21-7ECE-4832-A64A-1A20241B2A5E.npy,JAK inhibitor
P015092,F19,s4,CBK290717,/mnt/micro-images-pvc/specs935-v1/specs935-v1-FA-P015092-U2OS-48h-P9-L1/2021-12-18/855/specs935-v1-FA-P015092-U2OS-48h-P9-L1_F19_s4_w576B212B6-E594-459B-80D7-0270EA9F9F1D.npy,JAK inhibitor
P015092,F19,s5,CBK290717,/mnt/micro-images-pvc/specs935-v1/specs935-v1-FA-P015092-U2OS-48h-P9-L1/2021-12-18/855/specs935-v1-FA-P015092-U2OS-48h-P9-L1_F19_s5_w52696FD74-850E-41B6-A701-83BF3C7F1167.npy,JAK inhibitor
P015092,F19,s6,CBK290717,/mnt/micro-images-pvc/specs935-v1/specs935-v1-FA-P015092-U2OS-48h-P9-L1/2021-12-18/855/specs935-v1-FA-P015092-U2OS-48h-P9-L1_F19_s6_w559FA4593-A1A3-4DB8-8C2C-644FE9EA3719.npy,JAK inhibitor
P015092,F19,s7,CBK290717,/mnt/micro-images-pvc/specs935-v1/specs935-v1-FA-P015092-U2OS-48h-P9-L1/2021-12-18/855/specs935-v1-FA-P015092-U2OS-48h-P9-L1_F19_s7_w581FC0C88-D71F-4C57-9D8D-1BD10B198986.npy,JAK inhibitor
P015092,F19,s8,CBK290717,/mnt/micro-images-pvc/specs935-v1/specs935-v1-FA-P015092-U2OS-48h-P9-L1/2021-12-18/855/specs935-v1-FA-P015092-U2OS-48h-P9-L1_F19_s8_w538B5EA4D-C092-4B2F-B3D9-CCE09DA44C5D.npy,JAK inhibitor
P015092,F19,s9,CBK290717,/mnt/micro-images-pvc/specs935-v1/specs935-v1-FA-P015092-U2OS-48h-P9-L1/2021-12-18/855/specs935-v1-FA-P015092-U2OS-48h-P9-L1_F19_s9_w57C1ED73E-630D-4458-AA3F-B4B847BED3AC.npy,JAK inhibitor
P015092,G10,s1,CBK290852,/mnt/micro-images-pvc/specs935-v1/specs935-v1-FA-P015092-U2OS-48h-P9-L1/2021-12-18/855/specs935-v1-FA-P015092-U2OS-48h-P9-L1_G10_s1_w5A718F7BB-0FFF-45AE-9711-0F9B4EDF0848.npy,JAK inhibitor
P015092,G10,s2,CBK290852,/mnt/micro-images-pvc/specs935-v1/specs935-v1-FA-P015092-U2OS-48h-P9-L1/2021-12-18/855/specs935-v1-FA-P015092-U2OS-48h-P9-L1_G10_s2_w53B45BE81-408E-4DB4-8C9A-718FEE517ACB.npy,JAK inhibitor
P015092,G10,s3,CBK290852,/mnt/micro-images-pvc/specs935-v1/specs935-v1-FA-P015092-U2OS-48h-P9-L1/2021-12-18/855/specs935-v1-FA-P015092-U2OS-48h-P9-L1_G10_s3_w56934E79C-D704-4880-B8AB-DF68FF674884.npy,JAK inhibitor
P015092,G10,s4,CBK290852,/mnt/micro-images-pvc/specs935-v1/specs935-v1-FA-P015092-U2OS-48h-P9-L1/2021-12-18/855/specs935-v1-FA-P015092-U2OS-48h-P9-L1_G10_s4_w54428DFD5-5B2A-4586-8B46-900C324F62E9.npy,JAK inhibitor
P015092,G10,s5,CBK290852,/mnt/micro-images-pvc/specs935-v1/specs935-v1-FA-P015092-U2OS-48h-P9-L1/2021-12-18/855/specs935-v1-FA-P015092-U2OS-48h-P9-L1_G10_s5_w56711B30E-0183-45E9-9CB3-AF16B8A6F196.npy,JAK inhibitor
P015092,G10,s6,CBK290852,/mnt/micro-images-pvc/specs935-v1/specs935-v1-FA-P015092-U2OS-48h-P9-L1/2021-12-18/855/specs935-v1-FA-P015092-U2OS-48h-P9-L1_G10_s6_w52A699DB0-F954-41B8-A248-0DC681C22779.npy,JAK inhibitor
P015092,G10,s7,CBK290852,/mnt/micro-images-pvc/specs935-v1/specs935-v1-FA-P015092-U2OS-48h-P9-L1/2021-12-18/855/specs935-v1-FA-P015092-U2OS-48h-P9-L1_G10_s7_w5577054B1-FA87-4907-936A-701466A3267C.npy,JAK inhibitor
P015092,G10,s8,CBK290852,/mnt/micro-images-pvc/specs935-v1/specs935-v1-FA-P015092-U2OS-48h-P9-L1/2021-12-18/855/specs935-v1-FA-P015092-U2OS-48h-P9-L1_G10_s8_w5AF35EDAB-541F-46E2-8F31-22E2765DBDFD.npy,JAK inhibitor
P015092,G10,s9,CBK290852,/mnt/micro-images-pvc/specs935-v1/specs935-v1-FA-P015092-U2OS-48h-P9-L1/2021-12-18/855/specs935-v1-FA-P015092-U2OS-48h-P9-L1_G10_s9_w5C64FA3C3-A852-4D0B-897D-ABC5E3EBFB90.npy,JAK inhibitor
P015092,G19,s1,CBK303909,/mnt/micro-images-pvc/specs935-v1/specs935-v1-FA-P015092-U2OS-48h-P9-L1/2021-12-18/855/specs935-v1-FA-P015092-U2OS-48h-P9-L1_G19_s1_w5F6546A9D-C11F-43D9-9428-865B71FCFBBC.npy,JAK inhibitor
P015092,G19,s2,CBK303909,/mnt/micro-images-pvc/specs935-v1/specs935-v1-FA-P015092-U2OS-48h-P9-L1/2021-12-18/855/specs935-v1-FA-P015092-U2OS-48h-P9-L1_G19_s2_w52F31FADF-7EAF-4F8B-9E6A-8F0FA3DB8767.npy,JAK inhibitor
P015092,G19,s3,CBK303909,/mnt/micro-images-pvc/specs935-v1/specs935-v1-FA-P015092-U2OS-48h-P9-L1/2021-12-18/855/specs935-v1-FA-P015092-U2OS-48h-P9-L1_G19_s3_w554509322-809E-47B1-9584-62CCBB21DF5B.npy,JAK inhibitor
P015092,G19,s4,CBK303909,/mnt/micro-images-pvc/specs935-v1/specs935-v1-FA-P015092-U2OS-48h-P9-L1/2021-12-18/855/specs935-v1-FA-P015092-U2OS-48h-P9-L1_G19_s4_w5BDC5F1EA-3EF7-4475-A12D-FE67225E53AD.npy,JAK inhibitor
P015092,G19,s5,CBK303909,/mnt/micro-images-pvc/specs935-v1/specs935-v1-FA-P015092-U2OS-48h-P9-L1/2021-12-18/855/specs935-v1-FA-P015092-U2OS-48h-P9-L1_G19_s5_w5A75D3753-8888-4331-A672-8025D5658232.npy,JAK inhibitor
P015092,G19,s6,CBK303909,/mnt/micro-images-pvc/specs935-v1/specs935-v1-FA-P015092-U2OS-48h-P9-L1/2021-12-18/855/specs935-v1-FA-P015092-U2OS-48h-P9-L1_G19_s6_w5D4A65D44-D635-4D15-B92A-0F4DE39FAE9D.npy,JAK inhibitor
P015092,G19,s7,CBK303909,/mnt/micro-images-pvc/specs935-v1/specs935-v1-FA-P015092-U2OS-48h-P9-L1/2021-12-18/855/specs935-v1-FA-P015092-U2OS-48h-P9-L1_G19_s7_w5CF376219-3E7F-42CB-A777-D11062619C45.npy,JAK inhibitor
P015092,G19,s8,CBK303909,/mnt/micro-images-pvc/specs935-v1/specs935-v1-FA-P015092-U2OS-48h-P9-L1/2021-12-18/855/specs935-v1-FA-P015092-U2OS-48h-P9-L1_G19_s8_w5DD37FF12-5AB3-4D0B-BAA7-5A387AC0FC1E.npy,JAK inhibitor
P015092,G19,s9,CBK303909,/mnt/micro-images-pvc/specs935-v1/specs935-v1-FA-P015092-U2OS-48h-P9-L1/2021-12-18/855/specs935-v1-FA-P015092-U2OS-48h-P9-L1_G19_s9_w55AB25D90-97EB-47CD-9ACF-CDDA8209AE01.npy,JAK inhibitor
P015092,H08,s1,CBK293908,/mnt/micro-images-pvc/specs935-v1/specs935-v1-FA-P015092-U2OS-48h-P9-L1/2021-12-18/855/specs935-v1-FA-P015092-U2OS-48h-P9-L1_H08_s1_w529231848-AA7D-4422-A050-83011C0EC9AB.npy,JAK inhibitor
P015092,H08,s2,CBK293908,/mnt/micro-images-pvc/specs935-v1/specs935-v1-FA-P015092-U2OS-48h-P9-L1/2021-12-18/855/specs935-v1-FA-P015092-U2OS-48h-P9-L1_H08_s2_w552AB32B2-21CC-46ED-A486-036C53E2C1CE.npy,JAK inhibitor
P015092,H08,s3,CBK293908,/mnt/micro-images-pvc/specs935-v1/specs935-v1-FA-P015092-U2OS-48h-P9-L1/2021-12-18/855/specs935-v1-FA-P015092-U2OS-48h-P9-L1_H08_s3_w5ACDA7986-4F72-4866-B957-6FA36B45D0D4.npy,JAK inhibitor
P015092,H08,s4,CBK293908,/mnt/micro-images-pvc/specs935-v1/specs935-v1-FA-P015092-U2OS-48h-P9-L1/2021-12-18/855/specs935-v1-FA-P015092-U2OS-48h-P9-L1_H08_s4_w5A81169FA-B35B-4CE9-A974-9EB24AE54F59.npy,JAK inhibitor
P015092,H08,s5,CBK293908,/mnt/micro-images-pvc/specs935-v1/specs935-v1-FA-P015092-U2OS-48h-P9-L1/2021-12-18/855/specs935-v1-FA-P015092-U2OS-48h-P9-L1_H08_s5_w5C5BC227E-6F46-4CEC-852C-BBD41F20E03B.npy,JAK inhibitor
P015092,H08,s6,CBK293908,/mnt/micro-images-pvc/specs935-v1/specs935-v1-FA-P015092-U2OS-48h-P9-L1/2021-12-18/855/specs935-v1-FA-P015092-U2OS-48h-P9-L1_H08_s6_w5DAB38634-B071-4441-99AC-D82788B9E1C5.npy,JAK inhibitor
P015092,H08,s7,CBK293908,/mnt/micro-images-pvc/specs935-v1/specs935-v1-FA-P015092-U2OS-48h-P9-L1/2021-12-18/855/specs935-v1-FA-P015092-U2OS-48h-P9-L1_H08_s7_w505C187A0-2DEF-465F-8D65-679A6F9F2597.npy,JAK inhibitor
P015092,H08,s8,CBK293908,/mnt/micro-images-pvc/specs935-v1/specs935-v1-FA-P015092-U2OS-48h-P9-L1/2021-12-18/855/specs935-v1-FA-P015092-U2OS-48h-P9-L1_H08_s8_w574D2E3F4-02B1-482B-B701-6A3714C6C27D.npy,JAK inhibitor
P015092,H08,s9,CBK293908,/mnt/micro-images-pvc/specs935-v1/specs935-v1-FA-P015092-U2OS-48h-P9-L1/2021-12-18/855/specs935-v1-FA-P015092-U2OS-48h-P9-L1_H08_s9_w50B28F207-B881-4D12-92F1-93649A63E6B3.npy,JAK inhibitor
P015092,H13,s1,CBK290852,/mnt/micro-images-pvc/specs935-v1/specs935-v1-FA-P015092-U2OS-48h-P9-L1/2021-12-18/855/specs935-v1-FA-P015092-U2OS-48h-P9-L1_H13_s1_w5AB515756-CB49-49F8-BD8C-564A6669B55E.npy,JAK inhibitor
P015092,H13,s2,CBK290852,/mnt/micro-images-pvc/specs935-v1/specs935-v1-FA-P015092-U2OS-48h-P9-L1/2021-12-18/855/specs935-v1-FA-P015092-U2OS-48h-P9-L1_H13_s2_w53F590A17-686B-4EBC-AD03-0DB10D1C0B1F.npy,JAK inhibitor
P015092,H13,s3,CBK290852,/mnt/micro-images-pvc/specs935-v1/specs935-v1-FA-P015092-U2OS-48h-P9-L1/2021-12-18/855/specs935-v1-FA-P015092-U2OS-48h-P9-L1_H13_s3_w5DB428D0D-D124-46EC-A70E-0E7961D53819.npy,JAK inhibitor
P015092,H13,s4,CBK290852,/mnt/micro-images-pvc/specs935-v1/specs935-v1-FA-P015092-U2OS-48h-P9-L1/2021-12-18/855/specs935-v1-FA-P015092-U2OS-48h-P9-L1_H13_s4_w546685C36-79E1-424C-9458-E885ECFE53C1.npy,JAK inhibitor
P015092,H13,s5,CBK290852,/mnt/micro-images-pvc/specs935-v1/specs935-v1-FA-P015092-U2OS-48h-P9-L1/2021-12-18/855/specs935-v1-FA-P015092-U2OS-48h-P9-L1_H13_s5_w5911FF8E1-1006-442C-B247-65BDC2B456D2.npy,JAK inhibitor
P015092,H13,s6,CBK290852,/mnt/micro-images-pvc/specs935-v1/specs935-v1-FA-P015092-U2OS-48h-P9-L1/2021-12-18/855/specs935-v1-FA-P015092-U2OS-48h-P9-L1_H13_s6_w57237BD5E-57AE-4C32-90C6-11AC7E3B0B78.npy,JAK inhibitor
P015092,H13,s7,CBK290852,/mnt/micro-images-pvc/specs935-v1/specs935-v1-FA-P015092-U2OS-48h-P9-L1/2021-12-18/855/specs935-v1-FA-P015092-U2OS-48h-P9-L1_H13_s7_w5CCCFEBFF-D055-4B4B-BEE7-54D9E87F5421.npy,JAK inhibitor
P015092,H13,s8,CBK290852,/mnt/micro-images-pvc/specs935-v1/specs935-v1-FA-P015092-U2OS-48h-P9-L1/2021-12-18/855/specs935-v1-FA-P015092-U2OS-48h-P9-L1_H13_s8_w5F6F3728D-6AE5-4B7B-BA40-5A98B03DCCBB.npy,JAK inhibitor
P015092,H13,s9,CBK290852,/mnt/micro-images-pvc/specs935-v1/specs935-v1-FA-P015092-U2OS-48h-P9-L1/2021-12-18/855/specs935-v1-FA-P015092-U2OS-48h-P9-L1_H13_s9_w52D68040A-BBD2-40BA-8E6D-AED5E310C6D9.npy,JAK inhibitor
P015092,H15,s1,CBK308126,/mnt/micro-images-pvc/specs935-v1/specs935-v1-FA-P015092-U2OS-48h-P9-L1/2021-12-18/855/specs935-v1-FA-P015092-U2OS-48h-P9-L1_H15_s1_w53B663128-60F4-4957-B1DC-2894B2477916.npy,JAK inhibitor
P015092,H15,s2,CBK308126,/mnt/micro-images-pvc/specs935-v1/specs935-v1-FA-P015092-U2OS-48h-P9-L1/2021-12-18/855/specs935-v1-FA-P015092-U2OS-48h-P9-L1_H15_s2_w541FBC07F-F41B-4439-A41B-7723BC3EB3BF.npy,JAK inhibitor
P015092,H15,s3,CBK308126,/mnt/micro-images-pvc/specs935-v1/specs935-v1-FA-P015092-U2OS-48h-P9-L1/2021-12-18/855/specs935-v1-FA-P015092-U2OS-48h-P9-L1_H15_s3_w57A63B914-B0CB-4769-8989-C080CB4DF3B1.npy,JAK inhibitor
P015092,H15,s4,CBK308126,/mnt/micro-images-pvc/specs935-v1/specs935-v1-FA-P015092-U2OS-48h-P9-L1/2021-12-18/855/specs935-v1-FA-P015092-U2OS-48h-P9-L1_H15_s4_w512352EEC-09A1-4499-9B14-F07403D8A0F9.npy,JAK inhibitor
P015092,H15,s5,CBK308126,/mnt/micro-images-pvc/specs935-v1/specs935-v1-FA-P015092-U2OS-48h-P9-L1/2021-12-18/855/specs935-v1-FA-P015092-U2OS-48h-P9-L1_H15_s5_w566BDC396-A65F-46DF-9D0B-7569086B2D21.npy,JAK inhibitor
P015092,H15,s6,CBK308126,/mnt/micro-images-pvc/specs935-v1/specs935-v1-FA-P015092-U2OS-48h-P9-L1/2021-12-18/855/specs935-v1-FA-P015092-U2OS-48h-P9-L1_H15_s6_w516901DEE-6B8C-4520-8AAD-73FC9E182487.npy,JAK inhibitor
P015092,H15,s7,CBK308126,/mnt/micro-images-pvc/specs935-v1/specs935-v1-FA-P015092-U2OS-48h-P9-L1/2021-12-18/855/specs935-v1-FA-P015092-U2OS-48h-P9-L1_H15_s7_w5410D6D23-B1B1-45A2-8F6B-6ADB90898DC8.npy,JAK inhibitor
P015092,H15,s8,CBK308126,/mnt/micro-images-pvc/specs935-v1/specs935-v1-FA-P015092-U2OS-48h-P9-L1/2021-12-18/855/specs935-v1-FA-P015092-U2OS-48h-P9-L1_H15_s8_w5590F8FCB-5E39-4B16-A74D-15A5192ACFFF.npy,JAK inhibitor
P015092,H15,s9,CBK308126,/mnt/micro-images-pvc/specs935-v1/specs935-v1-FA-P015092-U2OS-48h-P9-L1/2021-12-18/855/specs935-v1-FA-P015092-U2OS-48h-P9-L1_H15_s9_w52DA89E71-1E12-4C5B-BDE9-80A8DD712428.npy,JAK inhibitor
P015092,H17,s1,CBK290608,/mnt/micro-images-pvc/specs935-v1/specs935-v1-FA-P015092-U2OS-48h-P9-L1/2021-12-18/855/specs935-v1-FA-P015092-U2OS-48h-P9-L1_H17_s1_w55D9D49E4-9E59-4D29-8B6E-921946A09878.npy,JAK inhibitor
P015092,H17,s2,CBK290608,/mnt/micro-images-pvc/specs935-v1/specs935-v1-FA-P015092-U2OS-48h-P9-L1/2021-12-18/855/specs935-v1-FA-P015092-U2OS-48h-P9-L1_H17_s2_w594BF26B1-FA97-4DCD-8081-6A0DDA544BB8.npy,JAK inhibitor
P015092,H17,s3,CBK290608,/mnt/micro-images-pvc/specs935-v1/specs935-v1-FA-P015092-U2OS-48h-P9-L1/2021-12-18/855/specs935-v1-FA-P015092-U2OS-48h-P9-L1_H17_s3_w59804B374-2BFE-4006-B172-9B0AF4586C5D.npy,JAK inhibitor
P015092,H17,s4,CBK290608,/mnt/micro-images-pvc/specs935-v1/specs935-v1-FA-P015092-U2OS-48h-P9-L1/2021-12-18/855/specs935-v1-FA-P015092-U2OS-48h-P9-L1_H17_s4_w536520C11-3341-4D80-A324-543D0CAE1772.npy,JAK inhibitor
P015092,H17,s5,CBK290608,/mnt/micro-images-pvc/specs935-v1/specs935-v1-FA-P015092-U2OS-48h-P9-L1/2021-12-18/855/specs935-v1-FA-P015092-U2OS-48h-P9-L1_H17_s5_w526F05476-D1FF-4C3E-8008-0DDFF1B877C8.npy,JAK inhibitor
P015092,H17,s6,CBK290608,/mnt/micro-images-pvc/specs935-v1/specs935-v1-FA-P015092-U2OS-48h-P9-L1/2021-12-18/855/specs935-v1-FA-P015092-U2OS-48h-P9-L1_H17_s6_w5BA4BD24E-3242-4E95-AD4D-60D147E03988.npy,JAK inhibitor
P015092,H17,s7,CBK290608,/mnt/micro-images-pvc/specs935-v1/specs935-v1-FA-P015092-U2OS-48h-P9-L1/2021-12-18/855/specs935-v1-FA-P015092-U2OS-48h-P9-L1_H17_s7_w580BAA7B2-9869-4764-8889-0E1BAD4637C7.npy,JAK inhibitor
P015092,H17,s8,CBK290608,/mnt/micro-images-pvc/specs935-v1/specs935-v1-FA-P015092-U2OS-48h-P9-L1/2021-12-18/855/specs935-v1-FA-P015092-U2OS-48h-P9-L1_H17_s8_w552AF0FA8-B511-4B50-828E-6BA992F8C29C.npy,JAK inhibitor
P015092,H17,s9,CBK290608,/mnt/micro-images-pvc/specs935-v1/specs935-v1-FA-P015092-U2OS-48h-P9-L1/2021-12-18/855/specs935-v1-FA-P015092-U2OS-48h-P9-L1_H17_s9_w502B3EE67-79B6-43F7-8008-A9500F5C425E.npy,JAK inhibitor
P015092,H23,s1,CBK289978,/mnt/micro-images-pvc/specs935-v1/specs935-v1-FA-P015092-U2OS-48h-P9-L1/2021-12-18/855/specs935-v1-FA-P015092-U2OS-48h-P9-L1_H23_s1_w5D2F59210-5894-423C-9DAF-B540AEF4E1AC.npy,JAK inhibitor
P015092,H23,s2,CBK289978,/mnt/micro-images-pvc/specs935-v1/specs935-v1-FA-P015092-U2OS-48h-P9-L1/2021-12-18/855/specs935-v1-FA-P015092-U2OS-48h-P9-L1_H23_s2_w58DCA7EA0-89BD-4E34-B7A8-443D852B1C55.npy,JAK inhibitor
P015092,H23,s3,CBK289978,/mnt/micro-images-pvc/specs935-v1/specs935-v1-FA-P015092-U2OS-48h-P9-L1/2021-12-18/855/specs935-v1-FA-P015092-U2OS-48h-P9-L1_H23_s3_w59EFBA489-E29C-4866-A390-B8F58EE2764C.npy,JAK inhibitor
P015092,H23,s4,CBK289978,/mnt/micro-images-pvc/specs935-v1/specs935-v1-FA-P015092-U2OS-48h-P9-L1/2021-12-18/855/specs935-v1-FA-P015092-U2OS-48h-P9-L1_H23_s4_w52801846E-7093-41C0-998D-448B0C6E3E37.npy,JAK inhibitor
P015092,H23,s5,CBK289978,/mnt/micro-images-pvc/specs935-v1/specs935-v1-FA-P015092-U2OS-48h-P9-L1/2021-12-18/855/specs935-v1-FA-P015092-U2OS-48h-P9-L1_H23_s5_w5B8053429-BECB-49DE-9150-94BA95D7C967.npy,JAK inhibitor
P015092,H23,s6,CBK289978,/mnt/micro-images-pvc/specs935-v1/specs935-v1-FA-P015092-U2OS-48h-P9-L1/2021-12-18/855/specs935-v1-FA-P015092-U2OS-48h-P9-L1_H23_s6_w54D32B937-6DFF-4933-BE15-538220934630.npy,JAK inhibitor
P015092,H23,s7,CBK289978,/mnt/micro-images-pvc/specs935-v1/specs935-v1-FA-P015092-U2OS-48h-P9-L1/2021-12-18/855/specs935-v1-FA-P015092-U2OS-48h-P9-L1_H23_s7_w52F005538-B611-493C-A886-4CFAFC7DE2ED.npy,JAK inhibitor
P015092,H23,s8,CBK289978,/mnt/micro-images-pvc/specs935-v1/specs935-v1-FA-P015092-U2OS-48h-P9-L1/2021-12-18/855/specs935-v1-FA-P015092-U2OS-48h-P9-L1_H23_s8_w564D36375-D34D-4E8F-9796-7A0FBBDD9B3E.npy,JAK inhibitor
P015092,H23,s9,CBK289978,/mnt/micro-images-pvc/specs935-v1/specs935-v1-FA-P015092-U2OS-48h-P9-L1/2021-12-18/855/specs935-v1-FA-P015092-U2OS-48h-P9-L1_H23_s9_w53A8730B5-F210-48EB-8313-0AD362134A94.npy,JAK inhibitor
P015092,I04,s1,CBK303909,/mnt/micro-images-pvc/specs935-v1/specs935-v1-FA-P015092-U2OS-48h-P9-L1/2021-12-18/855/specs935-v1-FA-P015092-U2OS-48h-P9-L1_I04_s1_w5C3FA4DF4-3A92-4B04-B1ED-8BB787F807EE.npy,JAK inhibitor
P015092,I04,s2,CBK303909,/mnt/micro-images-pvc/specs935-v1/specs935-v1-FA-P015092-U2OS-48h-P9-L1/2021-12-18/855/specs935-v1-FA-P015092-U2OS-48h-P9-L1_I04_s2_w563136E47-D001-4560-866F-295D43AFF450.npy,JAK inhibitor
P015092,I04,s3,CBK303909,/mnt/micro-images-pvc/specs935-v1/specs935-v1-FA-P015092-U2OS-48h-P9-L1/2021-12-18/855/specs935-v1-FA-P015092-U2OS-48h-P9-L1_I04_s3_w5BA23E38F-BA62-4D4F-8BF3-36A093CDCC78.npy,JAK inhibitor
P015092,I04,s4,CBK303909,/mnt/micro-images-pvc/specs935-v1/specs935-v1-FA-P015092-U2OS-48h-P9-L1/2021-12-18/855/specs935-v1-FA-P015092-U2OS-48h-P9-L1_I04_s4_w58990A733-A7A8-450C-B773-C07A729C29C5.npy,JAK inhibitor
P015092,I04,s5,CBK303909,/mnt/micro-images-pvc/specs935-v1/specs935-v1-FA-P015092-U2OS-48h-P9-L1/2021-12-18/855/specs935-v1-FA-P015092-U2OS-48h-P9-L1_I04_s5_w5D98A19C9-5BAA-4647-82D3-8D30A6DBD8FE.npy,JAK inhibitor
P015092,I04,s6,CBK303909,/mnt/micro-images-pvc/specs935-v1/specs935-v1-FA-P015092-U2OS-48h-P9-L1/2021-12-18/855/specs935-v1-FA-P015092-U2OS-48h-P9-L1_I04_s6_w557B7B62A-68C9-4F71-BFE1-56384CB3033C.npy,JAK inhibitor
P015092,I04,s7,CBK303909,/mnt/micro-images-pvc/specs935-v1/specs935-v1-FA-P015092-U2OS-48h-P9-L1/2021-12-18/855/specs935-v1-FA-P015092-U2OS-48h-P9-L1_I04_s7_w554DD2B71-0034-42E3-AFCE-B7675F0C18A4.npy,JAK inhibitor
P015092,I04,s8,CBK303909,/mnt/micro-images-pvc/specs935-v1/specs935-v1-FA-P015092-U2OS-48h-P9-L1/2021-12-18/855/specs935-v1-FA-P015092-U2OS-48h-P9-L1_I04_s8_w52E84C099-3B7A-41D9-A992-D2E8B61DE9DE.npy,JAK inhibitor
P015092,I04,s9,CBK303909,/mnt/micro-images-pvc/specs935-v1/specs935-v1-FA-P015092-U2OS-48h-P9-L1/2021-12-18/855/specs935-v1-FA-P015092-U2OS-48h-P9-L1_I04_s9_w5B13F71D1-F393-4BBB-90E1-C9AFE3BCEAD7.npy,JAK inhibitor
P015092,I13,s1,CBK293908,/mnt/micro-images-pvc/specs935-v1/specs935-v1-FA-P015092-U2OS-48h-P9-L1/2021-12-18/855/specs935-v1-FA-P015092-U2OS-48h-P9-L1_I13_s1_w58B130217-20A5-4943-A292-6EE58418AE4E.npy,JAK inhibitor
P015092,I13,s2,CBK293908,/mnt/micro-images-pvc/specs935-v1/specs935-v1-FA-P015092-U2OS-48h-P9-L1/2021-12-18/855/specs935-v1-FA-P015092-U2OS-48h-P9-L1_I13_s2_w5434A9E2F-7191-4130-A5DE-4F89DBB64629.npy,JAK inhibitor
P015092,I13,s3,CBK293908,/mnt/micro-images-pvc/specs935-v1/specs935-v1-FA-P015092-U2OS-48h-P9-L1/2021-12-18/855/specs935-v1-FA-P015092-U2OS-48h-P9-L1_I13_s3_w59F4111D0-373C-4783-89D0-9E3B893FD51A.npy,JAK inhibitor
P015092,I13,s4,CBK293908,/mnt/micro-images-pvc/specs935-v1/specs935-v1-FA-P015092-U2OS-48h-P9-L1/2021-12-18/855/specs935-v1-FA-P015092-U2OS-48h-P9-L1_I13_s4_w57D027F49-E577-4A10-B452-FB0D96D62B01.npy,JAK inhibitor
P015092,I13,s5,CBK293908,/mnt/micro-images-pvc/specs935-v1/specs935-v1-FA-P015092-U2OS-48h-P9-L1/2021-12-18/855/specs935-v1-FA-P015092-U2OS-48h-P9-L1_I13_s5_w5AC9E72FE-21D6-491C-B09C-7EEF783CDB47.npy,JAK inhibitor
P015092,I13,s6,CBK293908,/mnt/micro-images-pvc/specs935-v1/specs935-v1-FA-P015092-U2OS-48h-P9-L1/2021-12-18/855/specs935-v1-FA-P015092-U2OS-48h-P9-L1_I13_s6_w5AABD2468-83D3-4D25-87A3-831714289EC2.npy,JAK inhibitor
P015092,I13,s7,CBK293908,/mnt/micro-images-pvc/specs935-v1/specs935-v1-FA-P015092-U2OS-48h-P9-L1/2021-12-18/855/specs935-v1-FA-P015092-U2OS-48h-P9-L1_I13_s7_w53AF16EC4-4DD6-4CBC-BF94-13A11B2F57C9.npy,JAK inhibitor
P015092,I13,s8,CBK293908,/mnt/micro-images-pvc/specs935-v1/specs935-v1-FA-P015092-U2OS-48h-P9-L1/2021-12-18/855/specs935-v1-FA-P015092-U2OS-48h-P9-L1_I13_s8_w5682A55A6-C071-48BA-AEE5-085AEE9B6FE9.npy,JAK inhibitor
P015092,I13,s9,CBK293908,/mnt/micro-images-pvc/specs935-v1/specs935-v1-FA-P015092-U2OS-48h-P9-L1/2021-12-18/855/specs935-v1-FA-P015092-U2OS-48h-P9-L1_I13_s9_w55235ADD4-D561-478B-B6AB-5496B61CAADB.npy,JAK inhibitor
P015092,I19,s1,CBK309133,/mnt/micro-images-pvc/specs935-v1/specs935-v1-FA-P015092-U2OS-48h-P9-L1/2021-12-18/855/specs935-v1-FA-P015092-U2OS-48h-P9-L1_I19_s1_w59B5225AE-655C-4B11-AA18-670B0C78E77B.npy,JAK inhibitor
P015092,I19,s2,CBK309133,/mnt/micro-images-pvc/specs935-v1/specs935-v1-FA-P015092-U2OS-48h-P9-L1/2021-12-18/855/specs935-v1-FA-P015092-U2OS-48h-P9-L1_I19_s2_w5BAA3D596-37EE-4529-8F0E-7B14A194195F.npy,JAK inhibitor
P015092,I19,s3,CBK309133,/mnt/micro-images-pvc/specs935-v1/specs935-v1-FA-P015092-U2OS-48h-P9-L1/2021-12-18/855/specs935-v1-FA-P015092-U2OS-48h-P9-L1_I19_s3_w595ECCA06-E46A-4252-B380-12372D59864E.npy,JAK inhibitor
P015092,I19,s4,CBK309133,/mnt/micro-images-pvc/specs935-v1/specs935-v1-FA-P015092-U2OS-48h-P9-L1/2021-12-18/855/specs935-v1-FA-P015092-U2OS-48h-P9-L1_I19_s4_w54A96B8F7-21E5-41BB-8116-DAB69EEA3274.npy,JAK inhibitor
P015092,I19,s5,CBK309133,/mnt/micro-images-pvc/specs935-v1/specs935-v1-FA-P015092-U2OS-48h-P9-L1/2021-12-18/855/specs935-v1-FA-P015092-U2OS-48h-P9-L1_I19_s5_w5A35F8EE2-53B6-4B79-B1E4-6856370478A2.npy,JAK inhibitor
P015092,I19,s6,CBK309133,/mnt/micro-images-pvc/specs935-v1/specs935-v1-FA-P015092-U2OS-48h-P9-L1/2021-12-18/855/specs935-v1-FA-P015092-U2OS-48h-P9-L1_I19_s6_w5D60CBCA7-714B-42C4-BC9C-E5255860E47B.npy,JAK inhibitor
P015092,I19,s7,CBK309133,/mnt/micro-images-pvc/specs935-v1/specs935-v1-FA-P015092-U2OS-48h-P9-L1/2021-12-18/855/specs935-v1-FA-P015092-U2OS-48h-P9-L1_I19_s7_w590F4D510-2209-46BF-A264-742F610152CF.npy,JAK inhibitor
P015092,I19,s8,CBK309133,/mnt/micro-images-pvc/specs935-v1/specs935-v1-FA-P015092-U2OS-48h-P9-L1/2021-12-18/855/specs935-v1-FA-P015092-U2OS-48h-P9-L1_I19_s8_w524556F39-4AEE-4E0B-90CC-E31686A32E3A.npy,JAK inhibitor
P015092,I19,s9,CBK309133,/mnt/micro-images-pvc/specs935-v1/specs935-v1-FA-P015092-U2OS-48h-P9-L1/2021-12-18/855/specs935-v1-FA-P015092-U2OS-48h-P9-L1_I19_s9_w571947F41-D1AE-4ED5-BD3B-CC608F5E2586.npy,JAK inhibitor
P015092,J20,s1,CBK288351,/mnt/micro-images-pvc/specs935-v1/specs935-v1-FA-P015092-U2OS-48h-P9-L1/2021-12-18/855/specs935-v1-FA-P015092-U2OS-48h-P9-L1_J20_s1_w53B2F359F-AE4E-4E06-A9FB-64E68E151963.npy,JAK inhibitor
P015092,J20,s2,CBK288351,/mnt/micro-images-pvc/specs935-v1/specs935-v1-FA-P015092-U2OS-48h-P9-L1/2021-12-18/855/specs935-v1-FA-P015092-U2OS-48h-P9-L1_J20_s2_w58546F29D-FDD3-4F4D-8487-B870AB11C5B1.npy,JAK inhibitor
P015092,J20,s3,CBK288351,/mnt/micro-images-pvc/specs935-v1/specs935-v1-FA-P015092-U2OS-48h-P9-L1/2021-12-18/855/specs935-v1-FA-P015092-U2OS-48h-P9-L1_J20_s3_w5E396CE35-3CB7-49C2-B686-174F45EAA9AE.npy,JAK inhibitor
P015092,J20,s4,CBK288351,/mnt/micro-images-pvc/specs935-v1/specs935-v1-FA-P015092-U2OS-48h-P9-L1/2021-12-18/855/specs935-v1-FA-P015092-U2OS-48h-P9-L1_J20_s4_w558B0E711-395B-45C4-AC5F-D4DD9EAB54E2.npy,JAK inhibitor
P015092,J20,s5,CBK288351,/mnt/micro-images-pvc/specs935-v1/specs935-v1-FA-P015092-U2OS-48h-P9-L1/2021-12-18/855/specs935-v1-FA-P015092-U2OS-48h-P9-L1_J20_s5_w572B94027-2C71-4183-A4D8-28B8F130C380.npy,JAK inhibitor
P015092,J20,s6,CBK288351,/mnt/micro-images-pvc/specs935-v1/specs935-v1-FA-P015092-U2OS-48h-P9-L1/2021-12-18/855/specs935-v1-FA-P015092-U2OS-48h-P9-L1_J20_s6_w557338ED5-54D8-4475-83DF-D4E57CDDB5DE.npy,JAK inhibitor
P015092,J20,s7,CBK288351,/mnt/micro-images-pvc/specs935-v1/specs935-v1-FA-P015092-U2OS-48h-P9-L1/2021-12-18/855/specs935-v1-FA-P015092-U2OS-48h-P9-L1_J20_s7_w5FACC7302-EBFB-4807-9F2B-7BF33C6350E5.npy,JAK inhibitor
P015092,J20,s8,CBK288351,/mnt/micro-images-pvc/specs935-v1/specs935-v1-FA-P015092-U2OS-48h-P9-L1/2021-12-18/855/specs935-v1-FA-P015092-U2OS-48h-P9-L1_J20_s8_w5B7582D80-A1F1-4A8E-B2D8-5CFA40D5027F.npy,JAK inhibitor
P015092,J20,s9,CBK288351,/mnt/micro-images-pvc/specs935-v1/specs935-v1-FA-P015092-U2OS-48h-P9-L1/2021-12-18/855/specs935-v1-FA-P015092-U2OS-48h-P9-L1_J20_s9_w5360B2C25-6E37-44DC-A033-9D69AA57151E.npy,JAK inhibitor
P015092,K02,s1,CBK288327,/mnt/micro-images-pvc/specs935-v1/specs935-v1-FA-P015092-U2OS-48h-P9-L1/2021-12-18/855/specs935-v1-FA-P015092-U2OS-48h-P9-L1_K02_s1_w53850A9E0-CDA2-4C04-B6A2-06E2AB79BAE6.npy,JAK inhibitor
P015092,K02,s2,CBK288327,/mnt/micro-images-pvc/specs935-v1/specs935-v1-FA-P015092-U2OS-48h-P9-L1/2021-12-18/855/specs935-v1-FA-P015092-U2OS-48h-P9-L1_K02_s2_w5E1E00D4C-9064-4946-8B50-5F7E785671AE.npy,JAK inhibitor
P015092,K02,s3,CBK288327,/mnt/micro-images-pvc/specs935-v1/specs935-v1-FA-P015092-U2OS-48h-P9-L1/2021-12-18/855/specs935-v1-FA-P015092-U2OS-48h-P9-L1_K02_s3_w5077056C7-6300-4C3B-920B-92DBF44BB305.npy,JAK inhibitor
P015092,K02,s4,CBK288327,/mnt/micro-images-pvc/specs935-v1/specs935-v1-FA-P015092-U2OS-48h-P9-L1/2021-12-18/855/specs935-v1-FA-P015092-U2OS-48h-P9-L1_K02_s4_w5A50A2F84-D167-46FD-A5FE-DBF76E0D7279.npy,JAK inhibitor
P015092,K02,s5,CBK288327,/mnt/micro-images-pvc/specs935-v1/specs935-v1-FA-P015092-U2OS-48h-P9-L1/2021-12-18/855/specs935-v1-FA-P015092-U2OS-48h-P9-L1_K02_s5_w57334D781-46C2-486C-B3EB-6F9FD42DE38E.npy,JAK inhibitor
P015092,K02,s6,CBK288327,/mnt/micro-images-pvc/specs935-v1/specs935-v1-FA-P015092-U2OS-48h-P9-L1/2021-12-18/855/specs935-v1-FA-P015092-U2OS-48h-P9-L1_K02_s6_w51BDE934F-A136-4FC5-82E7-19D47232D135.npy,JAK inhibitor
P015092,K02,s7,CBK288327,/mnt/micro-images-pvc/specs935-v1/specs935-v1-FA-P015092-U2OS-48h-P9-L1/2021-12-18/855/specs935-v1-FA-P015092-U2OS-48h-P9-L1_K02_s7_w51D4B8C53-06BE-4FEB-8511-FA01140AFF5F.npy,JAK inhibitor
P015092,K02,s8,CBK288327,/mnt/micro-images-pvc/specs935-v1/specs935-v1-FA-P015092-U2OS-48h-P9-L1/2021-12-18/855/specs935-v1-FA-P015092-U2OS-48h-P9-L1_K02_s8_w5C4B42636-29F6-4C37-95A4-3D6F168AC8FD.npy,JAK inhibitor
P015092,K02,s9,CBK288327,/mnt/micro-images-pvc/specs935-v1/specs935-v1-FA-P015092-U2OS-48h-P9-L1/2021-12-18/855/specs935-v1-FA-P015092-U2OS-48h-P9-L1_K02_s9_w5C779F0F9-6E3D-43F8-B155-03515A04877E.npy,JAK inhibitor
P015092,K14,s1,CBK290852,/mnt/micro-images-pvc/specs935-v1/specs935-v1-FA-P015092-U2OS-48h-P9-L1/2021-12-18/855/specs935-v1-FA-P015092-U2OS-48h-P9-L1_K14_s1_w5A7EB8021-FF17-4499-81A8-F75B36391E2C.npy,JAK inhibitor
P015092,K14,s2,CBK290852,/mnt/micro-images-pvc/specs935-v1/specs935-v1-FA-P015092-U2OS-48h-P9-L1/2021-12-18/855/specs935-v1-FA-P015092-U2OS-48h-P9-L1_K14_s2_w5A8D8AC2C-CE5D-4227-A21C-43FFBAB68D38.npy,JAK inhibitor
P015092,K14,s3,CBK290852,/mnt/micro-images-pvc/specs935-v1/specs935-v1-FA-P015092-U2OS-48h-P9-L1/2021-12-18/855/specs935-v1-FA-P015092-U2OS-48h-P9-L1_K14_s3_w578344C18-662F-4D49-8101-9847A7846E23.npy,JAK inhibitor
P015092,K14,s4,CBK290852,/mnt/micro-images-pvc/specs935-v1/specs935-v1-FA-P015092-U2OS-48h-P9-L1/2021-12-18/855/specs935-v1-FA-P015092-U2OS-48h-P9-L1_K14_s4_w5149D9D7E-4DE9-48F3-9C86-B28E936E4E07.npy,JAK inhibitor
P015092,K14,s5,CBK290852,/mnt/micro-images-pvc/specs935-v1/specs935-v1-FA-P015092-U2OS-48h-P9-L1/2021-12-18/855/specs935-v1-FA-P015092-U2OS-48h-P9-L1_K14_s5_w558DA194D-28AF-40E6-8223-264319B6C258.npy,JAK inhibitor
P015092,K14,s6,CBK290852,/mnt/micro-images-pvc/specs935-v1/specs935-v1-FA-P015092-U2OS-48h-P9-L1/2021-12-18/855/specs935-v1-FA-P015092-U2OS-48h-P9-L1_K14_s6_w54C459868-F069-4F8F-A68A-635702A9BB03.npy,JAK inhibitor
P015092,K14,s7,CBK290852,/mnt/micro-images-pvc/specs935-v1/specs935-v1-FA-P015092-U2OS-48h-P9-L1/2021-12-18/855/specs935-v1-FA-P015092-U2OS-48h-P9-L1_K14_s7_w5C0ACA9BA-026B-4481-BE2C-5F50E1ED13C9.npy,JAK inhibitor
P015092,K14,s8,CBK290852,/mnt/micro-images-pvc/specs935-v1/specs935-v1-FA-P015092-U2OS-48h-P9-L1/2021-12-18/855/specs935-v1-FA-P015092-U2OS-48h-P9-L1_K14_s8_w5FF574686-77BF-445F-AA5E-8634A171A2B4.npy,JAK inhibitor
P015092,K14,s9,CBK290852,/mnt/micro-images-pvc/specs935-v1/specs935-v1-FA-P015092-U2OS-48h-P9-L1/2021-12-18/855/specs935-v1-FA-P015092-U2OS-48h-P9-L1_K14_s9_w52D594180-CCBB-4DDC-A94B-A864ACD82F54.npy,JAK inhibitor
P015092,K19,s1,CBK289978,/mnt/micro-images-pvc/specs935-v1/specs935-v1-FA-P015092-U2OS-48h-P9-L1/2021-12-18/855/specs935-v1-FA-P015092-U2OS-48h-P9-L1_K19_s1_w5679845C5-17FB-487E-8E28-E9096BC3F50E.npy,JAK inhibitor
P015092,K19,s2,CBK289978,/mnt/micro-images-pvc/specs935-v1/specs935-v1-FA-P015092-U2OS-48h-P9-L1/2021-12-18/855/specs935-v1-FA-P015092-U2OS-48h-P9-L1_K19_s2_w5F7C29721-60DF-4796-BD84-AF2FFCE1179D.npy,JAK inhibitor
P015092,K19,s3,CBK289978,/mnt/micro-images-pvc/specs935-v1/specs935-v1-FA-P015092-U2OS-48h-P9-L1/2021-12-18/855/specs935-v1-FA-P015092-U2OS-48h-P9-L1_K19_s3_w54CD4B745-0737-4BAD-840A-CFA77CE0B488.npy,JAK inhibitor
P015092,K19,s4,CBK289978,/mnt/micro-images-pvc/specs935-v1/specs935-v1-FA-P015092-U2OS-48h-P9-L1/2021-12-18/855/specs935-v1-FA-P015092-U2OS-48h-P9-L1_K19_s4_w5CD31D61B-EAEA-488A-98EA-469D9131E4DD.npy,JAK inhibitor
P015092,K19,s5,CBK289978,/mnt/micro-images-pvc/specs935-v1/specs935-v1-FA-P015092-U2OS-48h-P9-L1/2021-12-18/855/specs935-v1-FA-P015092-U2OS-48h-P9-L1_K19_s5_w5CFCEA9F7-527A-4EE3-AA10-1134DFB993A9.npy,JAK inhibitor
P015092,K19,s6,CBK289978,/mnt/micro-images-pvc/specs935-v1/specs935-v1-FA-P015092-U2OS-48h-P9-L1/2021-12-18/855/specs935-v1-FA-P015092-U2OS-48h-P9-L1_K19_s6_w55FC58D34-38A4-477B-B5D2-54F057540A48.npy,JAK inhibitor
P015092,K19,s7,CBK289978,/mnt/micro-images-pvc/specs935-v1/specs935-v1-FA-P015092-U2OS-48h-P9-L1/2021-12-18/855/specs935-v1-FA-P015092-U2OS-48h-P9-L1_K19_s7_w5158667CE-180C-468D-BEE6-FA15E9A2D851.npy,JAK inhibitor
P015092,K19,s8,CBK289978,/mnt/micro-images-pvc/specs935-v1/specs935-v1-FA-P015092-U2OS-48h-P9-L1/2021-12-18/855/specs935-v1-FA-P015092-U2OS-48h-P9-L1_K19_s8_w50770AE60-CD48-4C3B-A178-7F00176E70ED.npy,JAK inhibitor
P015092,K19,s9,CBK289978,/mnt/micro-images-pvc/specs935-v1/specs935-v1-FA-P015092-U2OS-48h-P9-L1/2021-12-18/855/specs935-v1-FA-P015092-U2OS-48h-P9-L1_K19_s9_w502AABE17-5E73-4AAE-A734-ED323A09970A.npy,JAK inhibitor
P015092,K23,s1,CBK309070,/mnt/micro-images-pvc/specs935-v1/specs935-v1-FA-P015092-U2OS-48h-P9-L1/2021-12-18/855/specs935-v1-FA-P015092-U2OS-48h-P9-L1_K23_s1_w5D467A2B2-BB22-403A-A7DB-467E3FABC4CA.npy,JAK inhibitor
P015092,K23,s2,CBK309070,/mnt/micro-images-pvc/specs935-v1/specs935-v1-FA-P015092-U2OS-48h-P9-L1/2021-12-18/855/specs935-v1-FA-P015092-U2OS-48h-P9-L1_K23_s2_w5CB060565-BF91-413B-A868-5177AD4DCAE4.npy,JAK inhibitor
P015092,K23,s3,CBK309070,/mnt/micro-images-pvc/specs935-v1/specs935-v1-FA-P015092-U2OS-48h-P9-L1/2021-12-18/855/specs935-v1-FA-P015092-U2OS-48h-P9-L1_K23_s3_w568804825-3B40-46D0-9C63-BB99C17A624B.npy,JAK inhibitor
P015092,K23,s4,CBK309070,/mnt/micro-images-pvc/specs935-v1/specs935-v1-FA-P015092-U2OS-48h-P9-L1/2021-12-18/855/specs935-v1-FA-P015092-U2OS-48h-P9-L1_K23_s4_w5422C9290-40A8-4A7D-9F06-B329A4A0D7EA.npy,JAK inhibitor
P015092,K23,s5,CBK309070,/mnt/micro-images-pvc/specs935-v1/specs935-v1-FA-P015092-U2OS-48h-P9-L1/2021-12-18/855/specs935-v1-FA-P015092-U2OS-48h-P9-L1_K23_s5_w5723447BA-E8C6-4409-A130-8082C00AFED7.npy,JAK inhibitor
P015092,K23,s6,CBK309070,/mnt/micro-images-pvc/specs935-v1/specs935-v1-FA-P015092-U2OS-48h-P9-L1/2021-12-18/855/specs935-v1-FA-P015092-U2OS-48h-P9-L1_K23_s6_w5FDED275F-61E7-49AB-A556-770283B157C4.npy,JAK inhibitor
P015092,K23,s7,CBK309070,/mnt/micro-images-pvc/specs935-v1/specs935-v1-FA-P015092-U2OS-48h-P9-L1/2021-12-18/855/specs935-v1-FA-P015092-U2OS-48h-P9-L1_K23_s7_w5D816CB49-3196-4061-AC49-0735274F2899.npy,JAK inhibitor
P015092,K23,s8,CBK309070,/mnt/micro-images-pvc/specs935-v1/specs935-v1-FA-P015092-U2OS-48h-P9-L1/2021-12-18/855/specs935-v1-FA-P015092-U2OS-48h-P9-L1_K23_s8_w5C42D003E-C1EB-4B20-946F-D88847716FBF.npy,JAK inhibitor
P015092,K23,s9,CBK309070,/mnt/micro-images-pvc/specs935-v1/specs935-v1-FA-P015092-U2OS-48h-P9-L1/2021-12-18/855/specs935-v1-FA-P015092-U2OS-48h-P9-L1_K23_s9_w563E295A7-3453-4742-9E07-FC3763153814.npy,JAK inhibitor
P015092,L04,s1,CBK289978,/mnt/micro-images-pvc/specs935-v1/specs935-v1-FA-P015092-U2OS-48h-P9-L1/2021-12-18/855/specs935-v1-FA-P015092-U2OS-48h-P9-L1_L04_s1_w538D6F112-6044-495C-901F-FE624D992ECD.npy,JAK inhibitor
P015092,L04,s2,CBK289978,/mnt/micro-images-pvc/specs935-v1/specs935-v1-FA-P015092-U2OS-48h-P9-L1/2021-12-18/855/specs935-v1-FA-P015092-U2OS-48h-P9-L1_L04_s2_w54D9A6D8A-29CE-4130-B491-5ABDF0815DC5.npy,JAK inhibitor
P015092,L04,s3,CBK289978,/mnt/micro-images-pvc/specs935-v1/specs935-v1-FA-P015092-U2OS-48h-P9-L1/2021-12-18/855/specs935-v1-FA-P015092-U2OS-48h-P9-L1_L04_s3_w5CC595A04-730E-4889-9198-1EA1A1C939BF.npy,JAK inhibitor
P015092,L04,s4,CBK289978,/mnt/micro-images-pvc/specs935-v1/specs935-v1-FA-P015092-U2OS-48h-P9-L1/2021-12-18/855/specs935-v1-FA-P015092-U2OS-48h-P9-L1_L04_s4_w5B9849798-4881-4ACC-8228-4174CE36C839.npy,JAK inhibitor
P015092,L04,s5,CBK289978,/mnt/micro-images-pvc/specs935-v1/specs935-v1-FA-P015092-U2OS-48h-P9-L1/2021-12-18/855/specs935-v1-FA-P015092-U2OS-48h-P9-L1_L04_s5_w54A318DE4-F5F9-446F-AE06-A83E002DE47C.npy,JAK inhibitor
P015092,L04,s6,CBK289978,/mnt/micro-images-pvc/specs935-v1/specs935-v1-FA-P015092-U2OS-48h-P9-L1/2021-12-18/855/specs935-v1-FA-P015092-U2OS-48h-P9-L1_L04_s6_w5719D8A19-D7B4-4C0F-8E4B-76DA21F90EA1.npy,JAK inhibitor
P015092,L04,s7,CBK289978,/mnt/micro-images-pvc/specs935-v1/specs935-v1-FA-P015092-U2OS-48h-P9-L1/2021-12-18/855/specs935-v1-FA-P015092-U2OS-48h-P9-L1_L04_s7_w5784283E6-07CC-4E6B-82D1-4C0EE1FFC518.npy,JAK inhibitor
P015092,L04,s8,CBK289978,/mnt/micro-images-pvc/specs935-v1/specs935-v1-FA-P015092-U2OS-48h-P9-L1/2021-12-18/855/specs935-v1-FA-P015092-U2OS-48h-P9-L1_L04_s8_w5A9B7E19E-958C-4750-871F-9773A50A385F.npy,JAK inhibitor
P015092,L04,s9,CBK289978,/mnt/micro-images-pvc/specs935-v1/specs935-v1-FA-P015092-U2OS-48h-P9-L1/2021-12-18/855/specs935-v1-FA-P015092-U2OS-48h-P9-L1_L04_s9_w5E67E846A-B696-4502-945A-F4B17AF04ECB.npy,JAK inhibitor
P015092,L20,s1,CBK290154,/mnt/micro-images-pvc/specs935-v1/specs935-v1-FA-P015092-U2OS-48h-P9-L1/2021-12-18/855/specs935-v1-FA-P015092-U2OS-48h-P9-L1_L20_s1_w545BDC90F-4CBB-4EDA-B78E-5E1E7B9581D2.npy,JAK inhibitor
P015092,L20,s2,CBK290154,/mnt/micro-images-pvc/specs935-v1/specs935-v1-FA-P015092-U2OS-48h-P9-L1/2021-12-18/855/specs935-v1-FA-P015092-U2OS-48h-P9-L1_L20_s2_w50D0BFCF0-DE4D-4795-803E-6116C8FBCD14.npy,JAK inhibitor
P015092,L20,s3,CBK290154,/mnt/micro-images-pvc/specs935-v1/specs935-v1-FA-P015092-U2OS-48h-P9-L1/2021-12-18/855/specs935-v1-FA-P015092-U2OS-48h-P9-L1_L20_s3_w5AE79B35E-1D95-4331-BFAA-18BB2FE33F80.npy,JAK inhibitor
P015092,L20,s4,CBK290154,/mnt/micro-images-pvc/specs935-v1/specs935-v1-FA-P015092-U2OS-48h-P9-L1/2021-12-18/855/specs935-v1-FA-P015092-U2OS-48h-P9-L1_L20_s4_w51C7E70A2-80CB-40D4-90E8-AB5C1338759F.npy,JAK inhibitor
P015092,L20,s5,CBK290154,/mnt/micro-images-pvc/specs935-v1/specs935-v1-FA-P015092-U2OS-48h-P9-L1/2021-12-18/855/specs935-v1-FA-P015092-U2OS-48h-P9-L1_L20_s5_w5D069CA7D-FF7C-4D2C-AF0B-525D7C34CFDC.npy,JAK inhibitor
P015092,L20,s6,CBK290154,/mnt/micro-images-pvc/specs935-v1/specs935-v1-FA-P015092-U2OS-48h-P9-L1/2021-12-18/855/specs935-v1-FA-P015092-U2OS-48h-P9-L1_L20_s6_w5C47D41D5-53C0-4002-B8D1-EED1B745D787.npy,JAK inhibitor
P015092,L20,s7,CBK290154,/mnt/micro-images-pvc/specs935-v1/specs935-v1-FA-P015092-U2OS-48h-P9-L1/2021-12-18/855/specs935-v1-FA-P015092-U2OS-48h-P9-L1_L20_s7_w5F4035625-7B85-49ED-896D-1EEF08C19F4B.npy,JAK inhibitor
P015092,L20,s8,CBK290154,/mnt/micro-images-pvc/specs935-v1/specs935-v1-FA-P015092-U2OS-48h-P9-L1/2021-12-18/855/specs935-v1-FA-P015092-U2OS-48h-P9-L1_L20_s8_w56C51C6FB-EF9C-43FB-BF36-4F9A30811676.npy,JAK inhibitor
P015092,L20,s9,CBK290154,/mnt/micro-images-pvc/specs935-v1/specs935-v1-FA-P015092-U2OS-48h-P9-L1/2021-12-18/855/specs935-v1-FA-P015092-U2OS-48h-P9-L1_L20_s9_w55EDD3BE1-7ED5-4C42-B488-F94C7918D3B9.npy,JAK inhibitor
P015092,L23,s1,CBK293875,/mnt/micro-images-pvc/specs935-v1/specs935-v1-FA-P015092-U2OS-48h-P9-L1/2021-12-18/855/specs935-v1-FA-P015092-U2OS-48h-P9-L1_L23_s1_w5039946C1-3F42-447D-B97D-CB16DD7D24BA.npy,JAK inhibitor
P015092,L23,s2,CBK293875,/mnt/micro-images-pvc/specs935-v1/specs935-v1-FA-P015092-U2OS-48h-P9-L1/2021-12-18/855/specs935-v1-FA-P015092-U2OS-48h-P9-L1_L23_s2_w5FA8D08B4-4A3A-4C78-A327-219DF068F44F.npy,JAK inhibitor
P015092,L23,s3,CBK293875,/mnt/micro-images-pvc/specs935-v1/specs935-v1-FA-P015092-U2OS-48h-P9-L1/2021-12-18/855/specs935-v1-FA-P015092-U2OS-48h-P9-L1_L23_s3_w5ECE8B710-F7E3-4B8F-A594-A2878CF2D554.npy,JAK inhibitor
P015092,L23,s4,CBK293875,/mnt/micro-images-pvc/specs935-v1/specs935-v1-FA-P015092-U2OS-48h-P9-L1/2021-12-18/855/specs935-v1-FA-P015092-U2OS-48h-P9-L1_L23_s4_w5DBBFF06E-1CD5-4F5A-9F48-8BD65289707D.npy,JAK inhibitor
P015092,L23,s5,CBK293875,/mnt/micro-images-pvc/specs935-v1/specs935-v1-FA-P015092-U2OS-48h-P9-L1/2021-12-18/855/specs935-v1-FA-P015092-U2OS-48h-P9-L1_L23_s5_w591FD38CE-DD7C-4BE8-BD0C-11399CCA0463.npy,JAK inhibitor
P015092,L23,s6,CBK293875,/mnt/micro-images-pvc/specs935-v1/specs935-v1-FA-P015092-U2OS-48h-P9-L1/2021-12-18/855/specs935-v1-FA-P015092-U2OS-48h-P9-L1_L23_s6_w5410D1C16-62A6-45FF-85F1-762FD751B7B4.npy,JAK inhibitor
P015092,L23,s7,CBK293875,/mnt/micro-images-pvc/specs935-v1/specs935-v1-FA-P015092-U2OS-48h-P9-L1/2021-12-18/855/specs935-v1-FA-P015092-U2OS-48h-P9-L1_L23_s7_w5834A0127-7920-4EF7-89C5-D699DE423936.npy,JAK inhibitor
P015092,L23,s8,CBK293875,/mnt/micro-images-pvc/specs935-v1/specs935-v1-FA-P015092-U2OS-48h-P9-L1/2021-12-18/855/specs935-v1-FA-P015092-U2OS-48h-P9-L1_L23_s8_w5355DF819-025A-4F06-961C-2345FF4767C6.npy,JAK inhibitor
P015092,L23,s9,CBK293875,/mnt/micro-images-pvc/specs935-v1/specs935-v1-FA-P015092-U2OS-48h-P9-L1/2021-12-18/855/specs935-v1-FA-P015092-U2OS-48h-P9-L1_L23_s9_w5682EB31F-06C8-4248-B3A4-30C80CF2402D.npy,JAK inhibitor
P015092,M12,s1,CBK288351,/mnt/micro-images-pvc/specs935-v1/specs935-v1-FA-P015092-U2OS-48h-P9-L1/2021-12-18/855/specs935-v1-FA-P015092-U2OS-48h-P9-L1_M12_s1_w5291514F6-3E0C-428A-94B1-973B443D6E97.npy,JAK inhibitor
P015092,M12,s2,CBK288351,/mnt/micro-images-pvc/specs935-v1/specs935-v1-FA-P015092-U2OS-48h-P9-L1/2021-12-18/855/specs935-v1-FA-P015092-U2OS-48h-P9-L1_M12_s2_w51B6FA0B9-0BEB-499A-B090-E9D1023DDC43.npy,JAK inhibitor
P015092,M12,s3,CBK288351,/mnt/micro-images-pvc/specs935-v1/specs935-v1-FA-P015092-U2OS-48h-P9-L1/2021-12-18/855/specs935-v1-FA-P015092-U2OS-48h-P9-L1_M12_s3_w51BBA708A-52C3-416E-9964-E5E8FBF76132.npy,JAK inhibitor
P015092,M12,s4,CBK288351,/mnt/micro-images-pvc/specs935-v1/specs935-v1-FA-P015092-U2OS-48h-P9-L1/2021-12-18/855/specs935-v1-FA-P015092-U2OS-48h-P9-L1_M12_s4_w5FBC1B8A4-EF55-4B21-845A-385DA06474FD.npy,JAK inhibitor
P015092,M12,s5,CBK288351,/mnt/micro-images-pvc/specs935-v1/specs935-v1-FA-P015092-U2OS-48h-P9-L1/2021-12-18/855/specs935-v1-FA-P015092-U2OS-48h-P9-L1_M12_s5_w51F381819-DD20-42BB-A9F8-DF7B96029086.npy,JAK inhibitor
P015092,M12,s6,CBK288351,/mnt/micro-images-pvc/specs935-v1/specs935-v1-FA-P015092-U2OS-48h-P9-L1/2021-12-18/855/specs935-v1-FA-P015092-U2OS-48h-P9-L1_M12_s6_w5A6D0DFFC-1A0C-467C-8E61-FF37F8FF5840.npy,JAK inhibitor
P015092,M12,s7,CBK288351,/mnt/micro-images-pvc/specs935-v1/specs935-v1-FA-P015092-U2OS-48h-P9-L1/2021-12-18/855/specs935-v1-FA-P015092-U2OS-48h-P9-L1_M12_s7_w52EB59CF5-ABDF-4AB0-AFEE-33CA249818FB.npy,JAK inhibitor
P015092,M12,s8,CBK288351,/mnt/micro-images-pvc/specs935-v1/specs935-v1-FA-P015092-U2OS-48h-P9-L1/2021-12-18/855/specs935-v1-FA-P015092-U2OS-48h-P9-L1_M12_s8_w5531CCAB9-3AAF-44B3-8865-4DBCAE77AAF2.npy,JAK inhibitor
P015092,M12,s9,CBK288351,/mnt/micro-images-pvc/specs935-v1/specs935-v1-FA-P015092-U2OS-48h-P9-L1/2021-12-18/855/specs935-v1-FA-P015092-U2OS-48h-P9-L1_M12_s9_w5C2378EFB-B848-49C6-943E-FCD28DF0CF2F.npy,JAK inhibitor
P015092,N06,s1,CBK290154,/mnt/micro-images-pvc/specs935-v1/specs935-v1-FA-P015092-U2OS-48h-P9-L1/2021-12-18/855/specs935-v1-FA-P015092-U2OS-48h-P9-L1_N06_s1_w529584915-0E7B-452B-8C7C-E48D53B5B363.npy,JAK inhibitor
P015092,N06,s2,CBK290154,/mnt/micro-images-pvc/specs935-v1/specs935-v1-FA-P015092-U2OS-48h-P9-L1/2021-12-18/855/specs935-v1-FA-P015092-U2OS-48h-P9-L1_N06_s2_w5205DA8D8-B4EA-4A42-BC6E-C9C5C488ED02.npy,JAK inhibitor
P015092,N06,s3,CBK290154,/mnt/micro-images-pvc/specs935-v1/specs935-v1-FA-P015092-U2OS-48h-P9-L1/2021-12-18/855/specs935-v1-FA-P015092-U2OS-48h-P9-L1_N06_s3_w5F4E54944-BD32-4175-8979-FE1531264C8D.npy,JAK inhibitor
P015092,N06,s4,CBK290154,/mnt/micro-images-pvc/specs935-v1/specs935-v1-FA-P015092-U2OS-48h-P9-L1/2021-12-18/855/specs935-v1-FA-P015092-U2OS-48h-P9-L1_N06_s4_w5020E13B8-419D-4B44-9391-76771A1D7643.npy,JAK inhibitor
P015092,N06,s5,CBK290154,/mnt/micro-images-pvc/specs935-v1/specs935-v1-FA-P015092-U2OS-48h-P9-L1/2021-12-18/855/specs935-v1-FA-P015092-U2OS-48h-P9-L1_N06_s5_w5C0BF3414-D4A3-426A-BF50-FE0880D2C847.npy,JAK inhibitor
P015092,N06,s6,CBK290154,/mnt/micro-images-pvc/specs935-v1/specs935-v1-FA-P015092-U2OS-48h-P9-L1/2021-12-18/855/specs935-v1-FA-P015092-U2OS-48h-P9-L1_N06_s6_w561396526-B077-4CDF-8EFD-C7E60A06BE81.npy,JAK inhibitor
P015092,N06,s7,CBK290154,/mnt/micro-images-pvc/specs935-v1/specs935-v1-FA-P015092-U2OS-48h-P9-L1/2021-12-18/855/specs935-v1-FA-P015092-U2OS-48h-P9-L1_N06_s7_w52FE48601-B27B-4A30-AA9E-36DF4DDA1ED1.npy,JAK inhibitor
P015092,N06,s8,CBK290154,/mnt/micro-images-pvc/specs935-v1/specs935-v1-FA-P015092-U2OS-48h-P9-L1/2021-12-18/855/specs935-v1-FA-P015092-U2OS-48h-P9-L1_N06_s8_w510737F6B-2E29-45E3-9DA3-1B5DC6F56601.npy,JAK inhibitor
P015092,N06,s9,CBK290154,/mnt/micro-images-pvc/specs935-v1/specs935-v1-FA-P015092-U2OS-48h-P9-L1/2021-12-18/855/specs935-v1-FA-P015092-U2OS-48h-P9-L1_N06_s9_w538092B9A-84FB-487E-AA0C-AF1575432C62.npy,JAK inhibitor
P015092,N14,s1,CBK309070,/mnt/micro-images-pvc/specs935-v1/specs935-v1-FA-P015092-U2OS-48h-P9-L1/2021-12-18/855/specs935-v1-FA-P015092-U2OS-48h-P9-L1_N14_s1_w529AD275E-A390-4B7E-9815-8E6F195F0C85.npy,JAK inhibitor
P015092,N14,s2,CBK309070,/mnt/micro-images-pvc/specs935-v1/specs935-v1-FA-P015092-U2OS-48h-P9-L1/2021-12-18/855/specs935-v1-FA-P015092-U2OS-48h-P9-L1_N14_s2_w51930CAAA-173A-4393-B31B-78991F9CCF3F.npy,JAK inhibitor
P015092,N14,s3,CBK309070,/mnt/micro-images-pvc/specs935-v1/specs935-v1-FA-P015092-U2OS-48h-P9-L1/2021-12-18/855/specs935-v1-FA-P015092-U2OS-48h-P9-L1_N14_s3_w57B62C7B2-B5A5-438E-94EF-703491403699.npy,JAK inhibitor
P015092,N14,s4,CBK309070,/mnt/micro-images-pvc/specs935-v1/specs935-v1-FA-P015092-U2OS-48h-P9-L1/2021-12-18/855/specs935-v1-FA-P015092-U2OS-48h-P9-L1_N14_s4_w552AAFFAA-7140-42E3-B86E-CAE9FDA08BB0.npy,JAK inhibitor
P015092,N14,s5,CBK309070,/mnt/micro-images-pvc/specs935-v1/specs935-v1-FA-P015092-U2OS-48h-P9-L1/2021-12-18/855/specs935-v1-FA-P015092-U2OS-48h-P9-L1_N14_s5_w5DB2857BA-F23D-459B-90B2-90CD0621BD49.npy,JAK inhibitor
P015092,N14,s6,CBK309070,/mnt/micro-images-pvc/specs935-v1/specs935-v1-FA-P015092-U2OS-48h-P9-L1/2021-12-18/855/specs935-v1-FA-P015092-U2OS-48h-P9-L1_N14_s6_w5E5DE21DD-68F8-41D5-A569-3CAFBEF94504.npy,JAK inhibitor
P015092,N14,s7,CBK309070,/mnt/micro-images-pvc/specs935-v1/specs935-v1-FA-P015092-U2OS-48h-P9-L1/2021-12-18/855/specs935-v1-FA-P015092-U2OS-48h-P9-L1_N14_s7_w53E73D3B1-26E2-4EF0-94FE-5837595BC0D2.npy,JAK inhibitor
P015092,N14,s8,CBK309070,/mnt/micro-images-pvc/specs935-v1/specs935-v1-FA-P015092-U2OS-48h-P9-L1/2021-12-18/855/specs935-v1-FA-P015092-U2OS-48h-P9-L1_N14_s8_w5450EE5E6-D07E-4620-8289-C5B61CB6DA1D.npy,JAK inhibitor
P015092,N14,s9,CBK309070,/mnt/micro-images-pvc/specs935-v1/specs935-v1-FA-P015092-U2OS-48h-P9-L1/2021-12-18/855/specs935-v1-FA-P015092-U2OS-48h-P9-L1_N14_s9_w54AB342A9-0B1D-4E0A-AB6A-F47383736F47.npy,JAK inhibitor
P015092,O17,s1,CBK308126,/mnt/micro-images-pvc/specs935-v1/specs935-v1-FA-P015092-U2OS-48h-P9-L1/2021-12-18/855/specs935-v1-FA-P015092-U2OS-48h-P9-L1_O17_s1_w514EBD963-59D7-4696-8408-DF757C0EDE57.npy,JAK inhibitor
P015092,O17,s2,CBK308126,/mnt/micro-images-pvc/specs935-v1/specs935-v1-FA-P015092-U2OS-48h-P9-L1/2021-12-18/855/specs935-v1-FA-P015092-U2OS-48h-P9-L1_O17_s2_w5E745E829-54DE-4815-9632-18326FE89C89.npy,JAK inhibitor
P015092,O17,s3,CBK308126,/mnt/micro-images-pvc/specs935-v1/specs935-v1-FA-P015092-U2OS-48h-P9-L1/2021-12-18/855/specs935-v1-FA-P015092-U2OS-48h-P9-L1_O17_s3_w5E110D4AC-FCA1-4FFF-BAB7-403D87920777.npy,JAK inhibitor
P015092,O17,s4,CBK308126,/mnt/micro-images-pvc/specs935-v1/specs935-v1-FA-P015092-U2OS-48h-P9-L1/2021-12-18/855/specs935-v1-FA-P015092-U2OS-48h-P9-L1_O17_s4_w53184C708-E5D9-444F-ADBD-8F01FB8F67D0.npy,JAK inhibitor
P015092,O17,s5,CBK308126,/mnt/micro-images-pvc/specs935-v1/specs935-v1-FA-P015092-U2OS-48h-P9-L1/2021-12-18/855/specs935-v1-FA-P015092-U2OS-48h-P9-L1_O17_s5_w540866309-6C40-4A35-A6CD-E7EC495614EF.npy,JAK inhibitor
P015092,O17,s6,CBK308126,/mnt/micro-images-pvc/specs935-v1/specs935-v1-FA-P015092-U2OS-48h-P9-L1/2021-12-18/855/specs935-v1-FA-P015092-U2OS-48h-P9-L1_O17_s6_w5760B52E3-D502-4B4A-9764-295A56C54F2B.npy,JAK inhibitor
P015092,O17,s7,CBK308126,/mnt/micro-images-pvc/specs935-v1/specs935-v1-FA-P015092-U2OS-48h-P9-L1/2021-12-18/855/specs935-v1-FA-P015092-U2OS-48h-P9-L1_O17_s7_w54194233A-E69A-43EE-B4F4-BCD091F1DE9C.npy,JAK inhibitor
P015092,O17,s8,CBK308126,/mnt/micro-images-pvc/specs935-v1/specs935-v1-FA-P015092-U2OS-48h-P9-L1/2021-12-18/855/specs935-v1-FA-P015092-U2OS-48h-P9-L1_O17_s8_w5876524CB-C1D7-40E4-A12E-342991AADA4A.npy,JAK inhibitor
P015092,O17,s9,CBK308126,/mnt/micro-images-pvc/specs935-v1/specs935-v1-FA-P015092-U2OS-48h-P9-L1/2021-12-18/855/specs935-v1-FA-P015092-U2OS-48h-P9-L1_O17_s9_w5F0B97C12-52CC-4231-9C7A-F530DEBE68FA.npy,JAK inhibitor
P015092,O20,s1,CBK288327,/mnt/micro-images-pvc/specs935-v1/specs935-v1-FA-P015092-U2OS-48h-P9-L1/2021-12-18/855/specs935-v1-FA-P015092-U2OS-48h-P9-L1_O20_s1_w5C043885A-0FCE-4493-920F-72E5C59DA642.npy,JAK inhibitor
P015092,O20,s2,CBK288327,/mnt/micro-images-pvc/specs935-v1/specs935-v1-FA-P015092-U2OS-48h-P9-L1/2021-12-18/855/specs935-v1-FA-P015092-U2OS-48h-P9-L1_O20_s2_w5BB774594-4E54-423E-B87D-BE29D260FAEF.npy,JAK inhibitor
P015092,O20,s3,CBK288327,/mnt/micro-images-pvc/specs935-v1/specs935-v1-FA-P015092-U2OS-48h-P9-L1/2021-12-18/855/specs935-v1-FA-P015092-U2OS-48h-P9-L1_O20_s3_w573B3EC3F-B8AF-4B15-BB26-FCC1A6EEB9BD.npy,JAK inhibitor
P015092,O20,s4,CBK288327,/mnt/micro-images-pvc/specs935-v1/specs935-v1-FA-P015092-U2OS-48h-P9-L1/2021-12-18/855/specs935-v1-FA-P015092-U2OS-48h-P9-L1_O20_s4_w552A700DE-9B0D-4657-9B0E-C774E63F4390.npy,JAK inhibitor
P015092,O20,s5,CBK288327,/mnt/micro-images-pvc/specs935-v1/specs935-v1-FA-P015092-U2OS-48h-P9-L1/2021-12-18/855/specs935-v1-FA-P015092-U2OS-48h-P9-L1_O20_s5_w56FBD2E0E-A507-482C-AAEF-214AD00B071B.npy,JAK inhibitor
P015092,O20,s6,CBK288327,/mnt/micro-images-pvc/specs935-v1/specs935-v1-FA-P015092-U2OS-48h-P9-L1/2021-12-18/855/specs935-v1-FA-P015092-U2OS-48h-P9-L1_O20_s6_w557AE5D26-E4DB-4745-AE9A-8A17C2D65BAF.npy,JAK inhibitor
P015092,O20,s7,CBK288327,/mnt/micro-images-pvc/specs935-v1/specs935-v1-FA-P015092-U2OS-48h-P9-L1/2021-12-18/855/specs935-v1-FA-P015092-U2OS-48h-P9-L1_O20_s7_w5D5EA4D68-07A4-406A-A58D-5BBF974EA386.npy,JAK inhibitor
P015092,O20,s8,CBK288327,/mnt/micro-images-pvc/specs935-v1/specs935-v1-FA-P015092-U2OS-48h-P9-L1/2021-12-18/855/specs935-v1-FA-P015092-U2OS-48h-P9-L1_O20_s8_w57D0A970D-D6C1-4A44-A87B-D40BB44853B2.npy,JAK inhibitor
P015092,O20,s9,CBK288327,/mnt/micro-images-pvc/specs935-v1/specs935-v1-FA-P015092-U2OS-48h-P9-L1/2021-12-18/855/specs935-v1-FA-P015092-U2OS-48h-P9-L1_O20_s9_w5C9CAE568-5177-41FB-AB8E-74A0764E0E64.npy,JAK inhibitor
P015093,B04,s1,CBK290154,/mnt/micro-images-pvc/specs935-v1/specs935-v1-FA-P015093-U2OS-48h-P9-L2/2021-12-22/871/specs935-v1-FA-P015093-U2OS-48h-P9-L2_B04_s1_w5A55DC21A-35C1-4FAB-B041-8BE18935F04C.npy,JAK inhibitor
P015093,B04,s2,CBK290154,/mnt/micro-images-pvc/specs935-v1/specs935-v1-FA-P015093-U2OS-48h-P9-L2/2021-12-22/871/specs935-v1-FA-P015093-U2OS-48h-P9-L2_B04_s2_w5AC624E19-DC25-4318-B3CF-F1F54D1BF557.npy,JAK inhibitor
P015093,B04,s3,CBK290154,/mnt/micro-images-pvc/specs935-v1/specs935-v1-FA-P015093-U2OS-48h-P9-L2/2021-12-22/871/specs935-v1-FA-P015093-U2OS-48h-P9-L2_B04_s3_w5106B3EF1-BECC-4C29-9684-2B6ADC3B9C21.npy,JAK inhibitor
P015093,B04,s4,CBK290154,/mnt/micro-images-pvc/specs935-v1/specs935-v1-FA-P015093-U2OS-48h-P9-L2/2021-12-22/871/specs935-v1-FA-P015093-U2OS-48h-P9-L2_B04_s4_w5C24CBF93-4A85-4542-98DA-8C0063A86BC5.npy,JAK inhibitor
P015093,B04,s5,CBK290154,/mnt/micro-images-pvc/specs935-v1/specs935-v1-FA-P015093-U2OS-48h-P9-L2/2021-12-22/871/specs935-v1-FA-P015093-U2OS-48h-P9-L2_B04_s5_w5D46E5AD4-14DD-4B32-B1B2-0FD93BB097D5.npy,JAK inhibitor
P015093,B04,s6,CBK290154,/mnt/micro-images-pvc/specs935-v1/specs935-v1-FA-P015093-U2OS-48h-P9-L2/2021-12-22/871/specs935-v1-FA-P015093-U2OS-48h-P9-L2_B04_s6_w51E4E2FE4-11D7-46FB-921D-63C9CC118C9E.npy,JAK inhibitor
P015093,B04,s7,CBK290154,/mnt/micro-images-pvc/specs935-v1/specs935-v1-FA-P015093-U2OS-48h-P9-L2/2021-12-22/871/specs935-v1-FA-P015093-U2OS-48h-P9-L2_B04_s7_w5E9DEC130-24C9-42BA-B53F-A3B16ECA08A1.npy,JAK inhibitor
P015093,B04,s8,CBK290154,/mnt/micro-images-pvc/specs935-v1/specs935-v1-FA-P015093-U2OS-48h-P9-L2/2021-12-22/871/specs935-v1-FA-P015093-U2OS-48h-P9-L2_B04_s8_w55880F3A2-83AB-4CEE-8677-4B5687059F23.npy,JAK inhibitor
P015093,B04,s9,CBK290154,/mnt/micro-images-pvc/specs935-v1/specs935-v1-FA-P015093-U2OS-48h-P9-L2/2021-12-22/871/specs935-v1-FA-P015093-U2OS-48h-P9-L2_B04_s9_w5FAD468FA-4843-4661-BAB5-4998416AFAC0.npy,JAK inhibitor
P015093,B08,s1,CBK288351,/mnt/micro-images-pvc/specs935-v1/specs935-v1-FA-P015093-U2OS-48h-P9-L2/2021-12-22/871/specs935-v1-FA-P015093-U2OS-48h-P9-L2_B08_s1_w5FA79CBC2-B2BD-4C3E-8D3B-F7C4F41E3A80.npy,JAK inhibitor
P015093,B08,s2,CBK288351,/mnt/micro-images-pvc/specs935-v1/specs935-v1-FA-P015093-U2OS-48h-P9-L2/2021-12-22/871/specs935-v1-FA-P015093-U2OS-48h-P9-L2_B08_s2_w52C13FEDB-31D4-4C32-98DB-88DAED0B249E.npy,JAK inhibitor
P015093,B08,s3,CBK288351,/mnt/micro-images-pvc/specs935-v1/specs935-v1-FA-P015093-U2OS-48h-P9-L2/2021-12-22/871/specs935-v1-FA-P015093-U2OS-48h-P9-L2_B08_s3_w51DE01521-272A-4B0F-B2C6-2D28DE305BE0.npy,JAK inhibitor
P015093,B08,s4,CBK288351,/mnt/micro-images-pvc/specs935-v1/specs935-v1-FA-P015093-U2OS-48h-P9-L2/2021-12-22/871/specs935-v1-FA-P015093-U2OS-48h-P9-L2_B08_s4_w5881BD33D-5D88-4802-B571-E8B46F3A7AD0.npy,JAK inhibitor
P015093,B08,s5,CBK288351,/mnt/micro-images-pvc/specs935-v1/specs935-v1-FA-P015093-U2OS-48h-P9-L2/2021-12-22/871/specs935-v1-FA-P015093-U2OS-48h-P9-L2_B08_s5_w58CD37682-8AE2-409F-9802-C6E6CF6EFBA0.npy,JAK inhibitor
P015093,B08,s6,CBK288351,/mnt/micro-images-pvc/specs935-v1/specs935-v1-FA-P015093-U2OS-48h-P9-L2/2021-12-22/871/specs935-v1-FA-P015093-U2OS-48h-P9-L2_B08_s6_w501850F7E-C279-41F4-B6F5-02940A96914B.npy,JAK inhibitor
P015093,B08,s7,CBK288351,/mnt/micro-images-pvc/specs935-v1/specs935-v1-FA-P015093-U2OS-48h-P9-L2/2021-12-22/871/specs935-v1-FA-P015093-U2OS-48h-P9-L2_B08_s7_w5B7D4AEF5-7415-4D95-BDA7-EABC5F40FE02.npy,JAK inhibitor
P015093,B08,s8,CBK288351,/mnt/micro-images-pvc/specs935-v1/specs935-v1-FA-P015093-U2OS-48h-P9-L2/2021-12-22/871/specs935-v1-FA-P015093-U2OS-48h-P9-L2_B08_s8_w54F9C048C-1567-4417-93E2-E6FDBC0C95D9.npy,JAK inhibitor
P015093,B08,s9,CBK288351,/mnt/micro-images-pvc/specs935-v1/specs935-v1-FA-P015093-U2OS-48h-P9-L2/2021-12-22/871/specs935-v1-FA-P015093-U2OS-48h-P9-L2_B08_s9_w5CC31D9FE-1774-4B81-B3EB-69A7F82FFB08.npy,JAK inhibitor
P015093,B19,s1,CBK308126,/mnt/micro-images-pvc/specs935-v1/specs935-v1-FA-P015093-U2OS-48h-P9-L2/2021-12-22/871/specs935-v1-FA-P015093-U2OS-48h-P9-L2_B19_s1_w5F4FA8239-4579-426F-8F48-4E2510E25993.npy,JAK inhibitor
P015093,B19,s2,CBK308126,/mnt/micro-images-pvc/specs935-v1/specs935-v1-FA-P015093-U2OS-48h-P9-L2/2021-12-22/871/specs935-v1-FA-P015093-U2OS-48h-P9-L2_B19_s2_w52D2EBD81-6E14-4B6E-86A7-748C44895053.npy,JAK inhibitor
P015093,B19,s3,CBK308126,/mnt/micro-images-pvc/specs935-v1/specs935-v1-FA-P015093-U2OS-48h-P9-L2/2021-12-22/871/specs935-v1-FA-P015093-U2OS-48h-P9-L2_B19_s3_w5A9848807-3B5D-4517-A427-7070FCEFD7A7.npy,JAK inhibitor
P015093,B19,s4,CBK308126,/mnt/micro-images-pvc/specs935-v1/specs935-v1-FA-P015093-U2OS-48h-P9-L2/2021-12-22/871/specs935-v1-FA-P015093-U2OS-48h-P9-L2_B19_s4_w58F2E5575-603A-4F58-9B8A-149D866D9925.npy,JAK inhibitor
P015093,B19,s5,CBK308126,/mnt/micro-images-pvc/specs935-v1/specs935-v1-FA-P015093-U2OS-48h-P9-L2/2021-12-22/871/specs935-v1-FA-P015093-U2OS-48h-P9-L2_B19_s5_w5575D5CE0-3DFA-428B-B65D-D18C16EBEAA5.npy,JAK inhibitor
P015093,B19,s6,CBK308126,/mnt/micro-images-pvc/specs935-v1/specs935-v1-FA-P015093-U2OS-48h-P9-L2/2021-12-22/871/specs935-v1-FA-P015093-U2OS-48h-P9-L2_B19_s6_w5ED3C84D5-8CE6-459C-A432-ADB0B766F91D.npy,JAK inhibitor
P015093,B19,s7,CBK308126,/mnt/micro-images-pvc/specs935-v1/specs935-v1-FA-P015093-U2OS-48h-P9-L2/2021-12-22/871/specs935-v1-FA-P015093-U2OS-48h-P9-L2_B19_s7_w54401E599-1E92-4496-8C8A-19363B801B76.npy,JAK inhibitor
P015093,B19,s8,CBK308126,/mnt/micro-images-pvc/specs935-v1/specs935-v1-FA-P015093-U2OS-48h-P9-L2/2021-12-22/871/specs935-v1-FA-P015093-U2OS-48h-P9-L2_B19_s8_w52853A881-ED5C-4F05-A042-05557A1AC582.npy,JAK inhibitor
P015093,B19,s9,CBK308126,/mnt/micro-images-pvc/specs935-v1/specs935-v1-FA-P015093-U2OS-48h-P9-L2/2021-12-22/871/specs935-v1-FA-P015093-U2OS-48h-P9-L2_B19_s9_w5D523CFDE-F68F-49B3-A04A-946DBC019BF1.npy,JAK inhibitor
P015093,C07,s1,CBK303909,/mnt/micro-images-pvc/specs935-v1/specs935-v1-FA-P015093-U2OS-48h-P9-L2/2021-12-22/871/specs935-v1-FA-P015093-U2OS-48h-P9-L2_C07_s1_w5220CEB8C-07F4-4547-A8B6-C61FF65C5BF1.npy,JAK inhibitor
P015093,C07,s2,CBK303909,/mnt/micro-images-pvc/specs935-v1/specs935-v1-FA-P015093-U2OS-48h-P9-L2/2021-12-22/871/specs935-v1-FA-P015093-U2OS-48h-P9-L2_C07_s2_w54B595D97-2790-4F0E-875B-9D9A0F5ED9A9.npy,JAK inhibitor
P015093,C07,s3,CBK303909,/mnt/micro-images-pvc/specs935-v1/specs935-v1-FA-P015093-U2OS-48h-P9-L2/2021-12-22/871/specs935-v1-FA-P015093-U2OS-48h-P9-L2_C07_s3_w524BB3FC0-0F9D-46B6-B14C-8B78F686FBB6.npy,JAK inhibitor
P015093,C07,s4,CBK303909,/mnt/micro-images-pvc/specs935-v1/specs935-v1-FA-P015093-U2OS-48h-P9-L2/2021-12-22/871/specs935-v1-FA-P015093-U2OS-48h-P9-L2_C07_s4_w52B4738FC-B769-40AB-B36C-2ABF233D7C4E.npy,JAK inhibitor
P015093,C07,s5,CBK303909,/mnt/micro-images-pvc/specs935-v1/specs935-v1-FA-P015093-U2OS-48h-P9-L2/2021-12-22/871/specs935-v1-FA-P015093-U2OS-48h-P9-L2_C07_s5_w575D9830E-7B3B-4B28-932D-B3F30744A6E6.npy,JAK inhibitor
P015093,C07,s6,CBK303909,/mnt/micro-images-pvc/specs935-v1/specs935-v1-FA-P015093-U2OS-48h-P9-L2/2021-12-22/871/specs935-v1-FA-P015093-U2OS-48h-P9-L2_C07_s6_w597C5DDD3-60A3-4389-A809-530C14BBA4E1.npy,JAK inhibitor
P015093,C07,s7,CBK303909,/mnt/micro-images-pvc/specs935-v1/specs935-v1-FA-P015093-U2OS-48h-P9-L2/2021-12-22/871/specs935-v1-FA-P015093-U2OS-48h-P9-L2_C07_s7_w5C881750D-A3DC-47E6-9906-86D8C53CD5CA.npy,JAK inhibitor
P015093,C07,s8,CBK303909,/mnt/micro-images-pvc/specs935-v1/specs935-v1-FA-P015093-U2OS-48h-P9-L2/2021-12-22/871/specs935-v1-FA-P015093-U2OS-48h-P9-L2_C07_s8_w5F47EB2F3-AF71-4259-800C-1A01053D02B4.npy,JAK inhibitor
P015093,C07,s9,CBK303909,/mnt/micro-images-pvc/specs935-v1/specs935-v1-FA-P015093-U2OS-48h-P9-L2/2021-12-22/871/specs935-v1-FA-P015093-U2OS-48h-P9-L2_C07_s9_w53F821C65-EC92-4A9B-99D3-441DC3573B7B.npy,JAK inhibitor
P015093,C10,s1,CBK309133,/mnt/micro-images-pvc/specs935-v1/specs935-v1-FA-P015093-U2OS-48h-P9-L2/2021-12-22/871/specs935-v1-FA-P015093-U2OS-48h-P9-L2_C10_s1_w583869AE0-88BE-41F5-8269-FBB24BA01A80.npy,JAK inhibitor
P015093,C10,s2,CBK309133,/mnt/micro-images-pvc/specs935-v1/specs935-v1-FA-P015093-U2OS-48h-P9-L2/2021-12-22/871/specs935-v1-FA-P015093-U2OS-48h-P9-L2_C10_s2_w510972A34-6F91-4518-A577-09748866D0DA.npy,JAK inhibitor
P015093,C10,s3,CBK309133,/mnt/micro-images-pvc/specs935-v1/specs935-v1-FA-P015093-U2OS-48h-P9-L2/2021-12-22/871/specs935-v1-FA-P015093-U2OS-48h-P9-L2_C10_s3_w5CB76766F-62B8-4350-9DED-FD0C128BF970.npy,JAK inhibitor
P015093,C10,s4,CBK309133,/mnt/micro-images-pvc/specs935-v1/specs935-v1-FA-P015093-U2OS-48h-P9-L2/2021-12-22/871/specs935-v1-FA-P015093-U2OS-48h-P9-L2_C10_s4_w5DD28A2CF-6798-4ABF-80DB-69B4D7E29C50.npy,JAK inhibitor
P015093,C10,s5,CBK309133,/mnt/micro-images-pvc/specs935-v1/specs935-v1-FA-P015093-U2OS-48h-P9-L2/2021-12-22/871/specs935-v1-FA-P015093-U2OS-48h-P9-L2_C10_s5_w507D5A57F-FD42-47EA-879D-E19058F41840.npy,JAK inhibitor
P015093,C10,s6,CBK309133,/mnt/micro-images-pvc/specs935-v1/specs935-v1-FA-P015093-U2OS-48h-P9-L2/2021-12-22/871/specs935-v1-FA-P015093-U2OS-48h-P9-L2_C10_s6_w5823CCB81-F937-4F04-B8B1-8D830EC61AA1.npy,JAK inhibitor
P015093,C10,s7,CBK309133,/mnt/micro-images-pvc/specs935-v1/specs935-v1-FA-P015093-U2OS-48h-P9-L2/2021-12-22/871/specs935-v1-FA-P015093-U2OS-48h-P9-L2_C10_s7_w5D0730109-9FD9-4054-88C0-47D0BA7C55C0.npy,JAK inhibitor
P015093,C10,s8,CBK309133,/mnt/micro-images-pvc/specs935-v1/specs935-v1-FA-P015093-U2OS-48h-P9-L2/2021-12-22/871/specs935-v1-FA-P015093-U2OS-48h-P9-L2_C10_s8_w50C14A81A-25A1-4B57-BF5C-696D9C2B9156.npy,JAK inhibitor
P015093,C10,s9,CBK309133,/mnt/micro-images-pvc/specs935-v1/specs935-v1-FA-P015093-U2OS-48h-P9-L2/2021-12-22/871/specs935-v1-FA-P015093-U2OS-48h-P9-L2_C10_s9_w5ED0B868C-6CE9-40FE-AEE8-B31F5056BF2A.npy,JAK inhibitor
P015093,C18,s1,CBK288327,/mnt/micro-images-pvc/specs935-v1/specs935-v1-FA-P015093-U2OS-48h-P9-L2/2021-12-22/871/specs935-v1-FA-P015093-U2OS-48h-P9-L2_C18_s1_w5877D0CD0-0824-4F7A-AE6A-B8A9DFA041B8.npy,JAK inhibitor
P015093,C18,s2,CBK288327,/mnt/micro-images-pvc/specs935-v1/specs935-v1-FA-P015093-U2OS-48h-P9-L2/2021-12-22/871/specs935-v1-FA-P015093-U2OS-48h-P9-L2_C18_s2_w596E6B29D-5832-4BD4-A8C3-D65655B97807.npy,JAK inhibitor
P015093,C18,s3,CBK288327,/mnt/micro-images-pvc/specs935-v1/specs935-v1-FA-P015093-U2OS-48h-P9-L2/2021-12-22/871/specs935-v1-FA-P015093-U2OS-48h-P9-L2_C18_s3_w540AF40B6-69C6-46D1-B187-226DD26050D9.npy,JAK inhibitor
P015093,C18,s4,CBK288327,/mnt/micro-images-pvc/specs935-v1/specs935-v1-FA-P015093-U2OS-48h-P9-L2/2021-12-22/871/specs935-v1-FA-P015093-U2OS-48h-P9-L2_C18_s4_w5FEECECD0-BE6E-41CC-865A-E81F5614AA4F.npy,JAK inhibitor
P015093,C18,s5,CBK288327,/mnt/micro-images-pvc/specs935-v1/specs935-v1-FA-P015093-U2OS-48h-P9-L2/2021-12-22/871/specs935-v1-FA-P015093-U2OS-48h-P9-L2_C18_s5_w50A5B2B22-64F6-4CBC-8998-16E52C267A06.npy,JAK inhibitor
P015093,C18,s6,CBK288327,/mnt/micro-images-pvc/specs935-v1/specs935-v1-FA-P015093-U2OS-48h-P9-L2/2021-12-22/871/specs935-v1-FA-P015093-U2OS-48h-P9-L2_C18_s6_w569B98965-493E-4581-90D4-05BB9290EB95.npy,JAK inhibitor
P015093,C18,s7,CBK288327,/mnt/micro-images-pvc/specs935-v1/specs935-v1-FA-P015093-U2OS-48h-P9-L2/2021-12-22/871/specs935-v1-FA-P015093-U2OS-48h-P9-L2_C18_s7_w5D41769D6-7ED3-41ED-ACE4-29F790F5288C.npy,JAK inhibitor
P015093,C18,s8,CBK288327,/mnt/micro-images-pvc/specs935-v1/specs935-v1-FA-P015093-U2OS-48h-P9-L2/2021-12-22/871/specs935-v1-FA-P015093-U2OS-48h-P9-L2_C18_s8_w5DF910687-D989-4A60-B595-3DF2987F043C.npy,JAK inhibitor
P015093,C18,s9,CBK288327,/mnt/micro-images-pvc/specs935-v1/specs935-v1-FA-P015093-U2OS-48h-P9-L2/2021-12-22/871/specs935-v1-FA-P015093-U2OS-48h-P9-L2_C18_s9_w5634886D3-4116-48DC-9673-71DD87D88FE0.npy,JAK inhibitor
P015093,D16,s1,CBK290717,/mnt/micro-images-pvc/specs935-v1/specs935-v1-FA-P015093-U2OS-48h-P9-L2/2021-12-22/871/specs935-v1-FA-P015093-U2OS-48h-P9-L2_D16_s1_w5D9BD3FE2-C740-4D7C-BAAD-01AE553764F2.npy,JAK inhibitor
P015093,D16,s2,CBK290717,/mnt/micro-images-pvc/specs935-v1/specs935-v1-FA-P015093-U2OS-48h-P9-L2/2021-12-22/871/specs935-v1-FA-P015093-U2OS-48h-P9-L2_D16_s2_w5F1852301-16E7-4A46-8481-7A53CDAA5484.npy,JAK inhibitor
P015093,D16,s3,CBK290717,/mnt/micro-images-pvc/specs935-v1/specs935-v1-FA-P015093-U2OS-48h-P9-L2/2021-12-22/871/specs935-v1-FA-P015093-U2OS-48h-P9-L2_D16_s3_w5546C6491-9B7F-490D-B271-DC72B6C72E04.npy,JAK inhibitor
P015093,D16,s4,CBK290717,/mnt/micro-images-pvc/specs935-v1/specs935-v1-FA-P015093-U2OS-48h-P9-L2/2021-12-22/871/specs935-v1-FA-P015093-U2OS-48h-P9-L2_D16_s4_w5901B1388-266D-47F0-AAF4-B9C43E5F4802.npy,JAK inhibitor
P015093,D16,s5,CBK290717,/mnt/micro-images-pvc/specs935-v1/specs935-v1-FA-P015093-U2OS-48h-P9-L2/2021-12-22/871/specs935-v1-FA-P015093-U2OS-48h-P9-L2_D16_s5_w568C3D843-CA9F-4DF1-9152-911530812809.npy,JAK inhibitor
P015093,D16,s6,CBK290717,/mnt/micro-images-pvc/specs935-v1/specs935-v1-FA-P015093-U2OS-48h-P9-L2/2021-12-22/871/specs935-v1-FA-P015093-U2OS-48h-P9-L2_D16_s6_w5E1B7BCB7-A307-4853-97C0-FA92EEFE0829.npy,JAK inhibitor
P015093,D16,s7,CBK290717,/mnt/micro-images-pvc/specs935-v1/specs935-v1-FA-P015093-U2OS-48h-P9-L2/2021-12-22/871/specs935-v1-FA-P015093-U2OS-48h-P9-L2_D16_s7_w50DF08BCF-A5E4-45E3-82DD-9F5563A65CBF.npy,JAK inhibitor
P015093,D16,s8,CBK290717,/mnt/micro-images-pvc/specs935-v1/specs935-v1-FA-P015093-U2OS-48h-P9-L2/2021-12-22/871/specs935-v1-FA-P015093-U2OS-48h-P9-L2_D16_s8_w52002E451-C3FB-44ED-BF9F-81B9A3A1E9ED.npy,JAK inhibitor
P015093,D16,s9,CBK290717,/mnt/micro-images-pvc/specs935-v1/specs935-v1-FA-P015093-U2OS-48h-P9-L2/2021-12-22/871/specs935-v1-FA-P015093-U2OS-48h-P9-L2_D16_s9_w5A0ECB813-0085-4D35-99DE-7F546308D24D.npy,JAK inhibitor
P015093,D18,s1,CBK288351,/mnt/micro-images-pvc/specs935-v1/specs935-v1-FA-P015093-U2OS-48h-P9-L2/2021-12-22/871/specs935-v1-FA-P015093-U2OS-48h-P9-L2_D18_s1_w5227F0751-7E4C-47B8-A226-FDF2F69C5AA4.npy,JAK inhibitor
P015093,D18,s2,CBK288351,/mnt/micro-images-pvc/specs935-v1/specs935-v1-FA-P015093-U2OS-48h-P9-L2/2021-12-22/871/specs935-v1-FA-P015093-U2OS-48h-P9-L2_D18_s2_w536E76D9B-609F-467A-8E3B-FE5A85A8BE4D.npy,JAK inhibitor
P015093,D18,s3,CBK288351,/mnt/micro-images-pvc/specs935-v1/specs935-v1-FA-P015093-U2OS-48h-P9-L2/2021-12-22/871/specs935-v1-FA-P015093-U2OS-48h-P9-L2_D18_s3_w5FD4AB29D-7160-4CB6-AD38-DBDE49308700.npy,JAK inhibitor
P015093,D18,s4,CBK288351,/mnt/micro-images-pvc/specs935-v1/specs935-v1-FA-P015093-U2OS-48h-P9-L2/2021-12-22/871/specs935-v1-FA-P015093-U2OS-48h-P9-L2_D18_s4_w5F0CF6B0E-3E81-477A-8ACB-79C2196915C0.npy,JAK inhibitor
P015093,D18,s5,CBK288351,/mnt/micro-images-pvc/specs935-v1/specs935-v1-FA-P015093-U2OS-48h-P9-L2/2021-12-22/871/specs935-v1-FA-P015093-U2OS-48h-P9-L2_D18_s5_w5EEB1CDA8-4BC6-42A6-975B-525EAA903BB5.npy,JAK inhibitor
P015093,D18,s6,CBK288351,/mnt/micro-images-pvc/specs935-v1/specs935-v1-FA-P015093-U2OS-48h-P9-L2/2021-12-22/871/specs935-v1-FA-P015093-U2OS-48h-P9-L2_D18_s6_w53D952FE9-1915-48C3-B356-3DDFEE43EDEC.npy,JAK inhibitor
P015093,D18,s7,CBK288351,/mnt/micro-images-pvc/specs935-v1/specs935-v1-FA-P015093-U2OS-48h-P9-L2/2021-12-22/871/specs935-v1-FA-P015093-U2OS-48h-P9-L2_D18_s7_w5E2695E5B-303C-49C8-B004-9FE7BE91E4D0.npy,JAK inhibitor
P015093,D18,s8,CBK288351,/mnt/micro-images-pvc/specs935-v1/specs935-v1-FA-P015093-U2OS-48h-P9-L2/2021-12-22/871/specs935-v1-FA-P015093-U2OS-48h-P9-L2_D18_s8_w54E2E8936-C5F1-434B-8539-CC1D000D1390.npy,JAK inhibitor
P015093,D18,s9,CBK288351,/mnt/micro-images-pvc/specs935-v1/specs935-v1-FA-P015093-U2OS-48h-P9-L2/2021-12-22/871/specs935-v1-FA-P015093-U2OS-48h-P9-L2_D18_s9_w5F143F209-FDF4-4DE1-B857-CDA7A4C99E7B.npy,JAK inhibitor
P015093,D20,s1,CBK303909,/mnt/micro-images-pvc/specs935-v1/specs935-v1-FA-P015093-U2OS-48h-P9-L2/2021-12-22/871/specs935-v1-FA-P015093-U2OS-48h-P9-L2_D20_s1_w5C894E165-CCB6-4522-A85D-A35A80752D8F.npy,JAK inhibitor
P015093,D20,s2,CBK303909,/mnt/micro-images-pvc/specs935-v1/specs935-v1-FA-P015093-U2OS-48h-P9-L2/2021-12-22/871/specs935-v1-FA-P015093-U2OS-48h-P9-L2_D20_s2_w59BA1CDD3-EB8D-4C14-8C33-50D2D91521E6.npy,JAK inhibitor
P015093,D20,s3,CBK303909,/mnt/micro-images-pvc/specs935-v1/specs935-v1-FA-P015093-U2OS-48h-P9-L2/2021-12-22/871/specs935-v1-FA-P015093-U2OS-48h-P9-L2_D20_s3_w561970077-92E3-4876-A5DF-CCDB31AD506A.npy,JAK inhibitor
P015093,D20,s4,CBK303909,/mnt/micro-images-pvc/specs935-v1/specs935-v1-FA-P015093-U2OS-48h-P9-L2/2021-12-22/871/specs935-v1-FA-P015093-U2OS-48h-P9-L2_D20_s4_w590EDAC46-3B4F-48C5-9D21-C0EF59E4861B.npy,JAK inhibitor
P015093,D20,s5,CBK303909,/mnt/micro-images-pvc/specs935-v1/specs935-v1-FA-P015093-U2OS-48h-P9-L2/2021-12-22/871/specs935-v1-FA-P015093-U2OS-48h-P9-L2_D20_s5_w576CD8A8F-C3BD-45CD-9A6D-12210DEFEBF2.npy,JAK inhibitor
P015093,D20,s6,CBK303909,/mnt/micro-images-pvc/specs935-v1/specs935-v1-FA-P015093-U2OS-48h-P9-L2/2021-12-22/871/specs935-v1-FA-P015093-U2OS-48h-P9-L2_D20_s6_w5DC39AA89-E62B-49A0-B4EB-8FC9463BE679.npy,JAK inhibitor
P015093,D20,s7,CBK303909,/mnt/micro-images-pvc/specs935-v1/specs935-v1-FA-P015093-U2OS-48h-P9-L2/2021-12-22/871/specs935-v1-FA-P015093-U2OS-48h-P9-L2_D20_s7_w550888414-5183-492F-8274-8FAD70166FF9.npy,JAK inhibitor
P015093,D20,s8,CBK303909,/mnt/micro-images-pvc/specs935-v1/specs935-v1-FA-P015093-U2OS-48h-P9-L2/2021-12-22/871/specs935-v1-FA-P015093-U2OS-48h-P9-L2_D20_s8_w5EF0B0A92-A5CA-42D8-89F2-1CC389E11B5F.npy,JAK inhibitor
P015093,D20,s9,CBK303909,/mnt/micro-images-pvc/specs935-v1/specs935-v1-FA-P015093-U2OS-48h-P9-L2/2021-12-22/871/specs935-v1-FA-P015093-U2OS-48h-P9-L2_D20_s9_w54ADDEDEC-92EF-45CB-A840-2D20A04136A6.npy,JAK inhibitor
P015093,E12,s1,CBK309070,/mnt/micro-images-pvc/specs935-v1/specs935-v1-FA-P015093-U2OS-48h-P9-L2/2021-12-22/871/specs935-v1-FA-P015093-U2OS-48h-P9-L2_E12_s1_w5B64ACD4A-602E-4BC6-86A6-3A9803755511.npy,JAK inhibitor
P015093,E12,s2,CBK309070,/mnt/micro-images-pvc/specs935-v1/specs935-v1-FA-P015093-U2OS-48h-P9-L2/2021-12-22/871/specs935-v1-FA-P015093-U2OS-48h-P9-L2_E12_s2_w59EB63F33-B063-42D6-91DD-01382F194FF4.npy,JAK inhibitor
P015093,E12,s3,CBK309070,/mnt/micro-images-pvc/specs935-v1/specs935-v1-FA-P015093-U2OS-48h-P9-L2/2021-12-22/871/specs935-v1-FA-P015093-U2OS-48h-P9-L2_E12_s3_w5D656CE96-4083-4CBD-BE9D-22F6E7CA5BDC.npy,JAK inhibitor
P015093,E12,s4,CBK309070,/mnt/micro-images-pvc/specs935-v1/specs935-v1-FA-P015093-U2OS-48h-P9-L2/2021-12-22/871/specs935-v1-FA-P015093-U2OS-48h-P9-L2_E12_s4_w5DAFBE2B8-67A0-4AD8-8456-10E39DC2C8CB.npy,JAK inhibitor
P015093,E12,s5,CBK309070,/mnt/micro-images-pvc/specs935-v1/specs935-v1-FA-P015093-U2OS-48h-P9-L2/2021-12-22/871/specs935-v1-FA-P015093-U2OS-48h-P9-L2_E12_s5_w5D7E41650-D29A-4505-BC9B-C933095CC0AD.npy,JAK inhibitor
P015093,E12,s6,CBK309070,/mnt/micro-images-pvc/specs935-v1/specs935-v1-FA-P015093-U2OS-48h-P9-L2/2021-12-22/871/specs935-v1-FA-P015093-U2OS-48h-P9-L2_E12_s6_w503B00D04-4ABC-4BE7-A8E8-39C011F4EB37.npy,JAK inhibitor
P015093,E12,s7,CBK309070,/mnt/micro-images-pvc/specs935-v1/specs935-v1-FA-P015093-U2OS-48h-P9-L2/2021-12-22/871/specs935-v1-FA-P015093-U2OS-48h-P9-L2_E12_s7_w517E0F635-8F44-455D-952A-C82439B6645C.npy,JAK inhibitor
P015093,E12,s8,CBK309070,/mnt/micro-images-pvc/specs935-v1/specs935-v1-FA-P015093-U2OS-48h-P9-L2/2021-12-22/871/specs935-v1-FA-P015093-U2OS-48h-P9-L2_E12_s8_w5C1C35E94-AFF2-49F5-B05C-F3863BB9135C.npy,JAK inhibitor
P015093,E12,s9,CBK309070,/mnt/micro-images-pvc/specs935-v1/specs935-v1-FA-P015093-U2OS-48h-P9-L2/2021-12-22/871/specs935-v1-FA-P015093-U2OS-48h-P9-L2_E12_s9_w52E96A23C-F200-4169-B92E-00F0A4071E9F.npy,JAK inhibitor
P015093,F04,s1,CBK309070,/mnt/micro-images-pvc/specs935-v1/specs935-v1-FA-P015093-U2OS-48h-P9-L2/2021-12-22/871/specs935-v1-FA-P015093-U2OS-48h-P9-L2_F04_s1_w55BF460BA-C357-4825-8ED3-B975598D02C8.npy,JAK inhibitor
P015093,F04,s2,CBK309070,/mnt/micro-images-pvc/specs935-v1/specs935-v1-FA-P015093-U2OS-48h-P9-L2/2021-12-22/871/specs935-v1-FA-P015093-U2OS-48h-P9-L2_F04_s2_w57CEF8570-9328-483E-8B8C-4E8CFB4CE6B6.npy,JAK inhibitor
P015093,F04,s3,CBK309070,/mnt/micro-images-pvc/specs935-v1/specs935-v1-FA-P015093-U2OS-48h-P9-L2/2021-12-22/871/specs935-v1-FA-P015093-U2OS-48h-P9-L2_F04_s3_w5DD50BA98-4408-4520-BBCB-11C3C0AD06DD.npy,JAK inhibitor
P015093,F04,s4,CBK309070,/mnt/micro-images-pvc/specs935-v1/specs935-v1-FA-P015093-U2OS-48h-P9-L2/2021-12-22/871/specs935-v1-FA-P015093-U2OS-48h-P9-L2_F04_s4_w583C08562-8D09-48AE-9B7A-80D6069F6368.npy,JAK inhibitor
P015093,F04,s5,CBK309070,/mnt/micro-images-pvc/specs935-v1/specs935-v1-FA-P015093-U2OS-48h-P9-L2/2021-12-22/871/specs935-v1-FA-P015093-U2OS-48h-P9-L2_F04_s5_w555EBC79D-BC39-4785-BECB-1BB2F9B2060C.npy,JAK inhibitor
P015093,F04,s6,CBK309070,/mnt/micro-images-pvc/specs935-v1/specs935-v1-FA-P015093-U2OS-48h-P9-L2/2021-12-22/871/specs935-v1-FA-P015093-U2OS-48h-P9-L2_F04_s6_w58418C35A-0EAF-42DA-B4E8-6B351AC59949.npy,JAK inhibitor
P015093,F04,s7,CBK309070,/mnt/micro-images-pvc/specs935-v1/specs935-v1-FA-P015093-U2OS-48h-P9-L2/2021-12-22/871/specs935-v1-FA-P015093-U2OS-48h-P9-L2_F04_s7_w57B1E83EE-0F6E-45ED-AAD1-80363D781539.npy,JAK inhibitor
P015093,F04,s8,CBK309070,/mnt/micro-images-pvc/specs935-v1/specs935-v1-FA-P015093-U2OS-48h-P9-L2/2021-12-22/871/specs935-v1-FA-P015093-U2OS-48h-P9-L2_F04_s8_w531E7F466-218A-44B3-8742-F87F235DBF81.npy,JAK inhibitor
P015093,F04,s9,CBK309070,/mnt/micro-images-pvc/specs935-v1/specs935-v1-FA-P015093-U2OS-48h-P9-L2/2021-12-22/871/specs935-v1-FA-P015093-U2OS-48h-P9-L2_F04_s9_w547E599D8-0564-400F-906E-22C34F6AA536.npy,JAK inhibitor
P015093,F08,s1,CBK290852,/mnt/micro-images-pvc/specs935-v1/specs935-v1-FA-P015093-U2OS-48h-P9-L2/2021-12-22/871/specs935-v1-FA-P015093-U2OS-48h-P9-L2_F08_s1_w5034E03A3-2DD3-495F-BE15-4E75C52F125C.npy,JAK inhibitor
P015093,F08,s2,CBK290852,/mnt/micro-images-pvc/specs935-v1/specs935-v1-FA-P015093-U2OS-48h-P9-L2/2021-12-22/871/specs935-v1-FA-P015093-U2OS-48h-P9-L2_F08_s2_w5910AFEC8-BBD4-442C-B132-711F4FA189D2.npy,JAK inhibitor
P015093,F08,s3,CBK290852,/mnt/micro-images-pvc/specs935-v1/specs935-v1-FA-P015093-U2OS-48h-P9-L2/2021-12-22/871/specs935-v1-FA-P015093-U2OS-48h-P9-L2_F08_s3_w5ED0FE3A5-963C-436A-99A8-0F7BCD9D5F78.npy,JAK inhibitor
P015093,F08,s4,CBK290852,/mnt/micro-images-pvc/specs935-v1/specs935-v1-FA-P015093-U2OS-48h-P9-L2/2021-12-22/871/specs935-v1-FA-P015093-U2OS-48h-P9-L2_F08_s4_w584E1648C-A4A0-4C6A-A246-E67F04BB7B7E.npy,JAK inhibitor
P015093,F08,s5,CBK290852,/mnt/micro-images-pvc/specs935-v1/specs935-v1-FA-P015093-U2OS-48h-P9-L2/2021-12-22/871/specs935-v1-FA-P015093-U2OS-48h-P9-L2_F08_s5_w57D03B4CB-13F1-466A-9F19-014C7A56152B.npy,JAK inhibitor
P015093,F08,s6,CBK290852,/mnt/micro-images-pvc/specs935-v1/specs935-v1-FA-P015093-U2OS-48h-P9-L2/2021-12-22/871/specs935-v1-FA-P015093-U2OS-48h-P9-L2_F08_s6_w5079DE729-2E71-45E2-BF5B-519DEC868014.npy,JAK inhibitor
P015093,F08,s7,CBK290852,/mnt/micro-images-pvc/specs935-v1/specs935-v1-FA-P015093-U2OS-48h-P9-L2/2021-12-22/871/specs935-v1-FA-P015093-U2OS-48h-P9-L2_F08_s7_w56CD82BA1-3B3B-4057-91AC-788F3CA1CB18.npy,JAK inhibitor
P015093,F08,s8,CBK290852,/mnt/micro-images-pvc/specs935-v1/specs935-v1-FA-P015093-U2OS-48h-P9-L2/2021-12-22/871/specs935-v1-FA-P015093-U2OS-48h-P9-L2_F08_s8_w5A114E0EF-C164-482A-AC4C-8C819BA20296.npy,JAK inhibitor
P015093,F08,s9,CBK290852,/mnt/micro-images-pvc/specs935-v1/specs935-v1-FA-P015093-U2OS-48h-P9-L2/2021-12-22/871/specs935-v1-FA-P015093-U2OS-48h-P9-L2_F08_s9_w5B1AAD885-FEDB-4D4C-AC1A-E71D7BF742F6.npy,JAK inhibitor
P015093,F13,s1,CBK289978,/mnt/micro-images-pvc/specs935-v1/specs935-v1-FA-P015093-U2OS-48h-P9-L2/2021-12-22/871/specs935-v1-FA-P015093-U2OS-48h-P9-L2_F13_s1_w5BA18B4AD-BDC7-4ABD-B87D-48F12B22B095.npy,JAK inhibitor
P015093,F13,s2,CBK289978,/mnt/micro-images-pvc/specs935-v1/specs935-v1-FA-P015093-U2OS-48h-P9-L2/2021-12-22/871/specs935-v1-FA-P015093-U2OS-48h-P9-L2_F13_s2_w5E8668D26-CD42-459C-B3ED-78B64641737D.npy,JAK inhibitor
P015093,F13,s3,CBK289978,/mnt/micro-images-pvc/specs935-v1/specs935-v1-FA-P015093-U2OS-48h-P9-L2/2021-12-22/871/specs935-v1-FA-P015093-U2OS-48h-P9-L2_F13_s3_w5A8348A9D-6372-438C-BB16-332F0802790C.npy,JAK inhibitor
P015093,F13,s4,CBK289978,/mnt/micro-images-pvc/specs935-v1/specs935-v1-FA-P015093-U2OS-48h-P9-L2/2021-12-22/871/specs935-v1-FA-P015093-U2OS-48h-P9-L2_F13_s4_w55628E4EE-0B58-494B-941E-01AFC65155BE.npy,JAK inhibitor
P015093,F13,s5,CBK289978,/mnt/micro-images-pvc/specs935-v1/specs935-v1-FA-P015093-U2OS-48h-P9-L2/2021-12-22/871/specs935-v1-FA-P015093-U2OS-48h-P9-L2_F13_s5_w5D4CD7416-0E0A-4677-A277-75F2A5B13FAB.npy,JAK inhibitor
P015093,F13,s6,CBK289978,/mnt/micro-images-pvc/specs935-v1/specs935-v1-FA-P015093-U2OS-48h-P9-L2/2021-12-22/871/specs935-v1-FA-P015093-U2OS-48h-P9-L2_F13_s6_w556670C07-136E-4D49-9947-38BF26CCFC37.npy,JAK inhibitor
P015093,F13,s7,CBK289978,/mnt/micro-images-pvc/specs935-v1/specs935-v1-FA-P015093-U2OS-48h-P9-L2/2021-12-22/871/specs935-v1-FA-P015093-U2OS-48h-P9-L2_F13_s7_w5D35033E7-20B4-49C1-B4DA-D0DBCA6DF325.npy,JAK inhibitor
P015093,F13,s8,CBK289978,/mnt/micro-images-pvc/specs935-v1/specs935-v1-FA-P015093-U2OS-48h-P9-L2/2021-12-22/871/specs935-v1-FA-P015093-U2OS-48h-P9-L2_F13_s8_w515CCE2D5-FBAE-4032-A4E3-A87A7169F59C.npy,JAK inhibitor
P015093,F13,s9,CBK289978,/mnt/micro-images-pvc/specs935-v1/specs935-v1-FA-P015093-U2OS-48h-P9-L2/2021-12-22/871/specs935-v1-FA-P015093-U2OS-48h-P9-L2_F13_s9_w53D878C2A-81C4-4F9F-8D8A-A938C05F5D3B.npy,JAK inhibitor
P015093,F17,s1,CBK293908,/mnt/micro-images-pvc/specs935-v1/specs935-v1-FA-P015093-U2OS-48h-P9-L2/2021-12-22/871/specs935-v1-FA-P015093-U2OS-48h-P9-L2_F17_s1_w589BB8DEF-C5AC-4343-96DE-6D61160C9E2B.npy,JAK inhibitor
P015093,F17,s2,CBK293908,/mnt/micro-images-pvc/specs935-v1/specs935-v1-FA-P015093-U2OS-48h-P9-L2/2021-12-22/871/specs935-v1-FA-P015093-U2OS-48h-P9-L2_F17_s2_w5EFC1F7AE-0975-46B3-8AD6-3DE6EC87B56F.npy,JAK inhibitor
P015093,F17,s3,CBK293908,/mnt/micro-images-pvc/specs935-v1/specs935-v1-FA-P015093-U2OS-48h-P9-L2/2021-12-22/871/specs935-v1-FA-P015093-U2OS-48h-P9-L2_F17_s3_w5C24A8CEB-0A74-4EE9-85D5-1A10A85F2CEB.npy,JAK inhibitor
P015093,F17,s4,CBK293908,/mnt/micro-images-pvc/specs935-v1/specs935-v1-FA-P015093-U2OS-48h-P9-L2/2021-12-22/871/specs935-v1-FA-P015093-U2OS-48h-P9-L2_F17_s4_w5F5BC37DA-762C-46A2-9BCA-58B3204252F7.npy,JAK inhibitor
P015093,F17,s5,CBK293908,/mnt/micro-images-pvc/specs935-v1/specs935-v1-FA-P015093-U2OS-48h-P9-L2/2021-12-22/871/specs935-v1-FA-P015093-U2OS-48h-P9-L2_F17_s5_w5C58DE6D6-589A-491D-94DD-00564DB26E95.npy,JAK inhibitor
P015093,F17,s6,CBK293908,/mnt/micro-images-pvc/specs935-v1/specs935-v1-FA-P015093-U2OS-48h-P9-L2/2021-12-22/871/specs935-v1-FA-P015093-U2OS-48h-P9-L2_F17_s6_w59E05C63A-6656-4496-80BB-FE035E4FFC72.npy,JAK inhibitor
P015093,F17,s7,CBK293908,/mnt/micro-images-pvc/specs935-v1/specs935-v1-FA-P015093-U2OS-48h-P9-L2/2021-12-22/871/specs935-v1-FA-P015093-U2OS-48h-P9-L2_F17_s7_w524B881E5-AA4E-4324-B3D3-53C24B86DB34.npy,JAK inhibitor
P015093,F17,s8,CBK293908,/mnt/micro-images-pvc/specs935-v1/specs935-v1-FA-P015093-U2OS-48h-P9-L2/2021-12-22/871/specs935-v1-FA-P015093-U2OS-48h-P9-L2_F17_s8_w57300F65A-A9A6-4A53-B6ED-B39F6D4465C0.npy,JAK inhibitor
P015093,F17,s9,CBK293908,/mnt/micro-images-pvc/specs935-v1/specs935-v1-FA-P015093-U2OS-48h-P9-L2/2021-12-22/871/specs935-v1-FA-P015093-U2OS-48h-P9-L2_F17_s9_w5582ED8C9-2345-4AD0-8AD5-91A0D6457AAC.npy,JAK inhibitor
P015093,F20,s1,CBK290717,/mnt/micro-images-pvc/specs935-v1/specs935-v1-FA-P015093-U2OS-48h-P9-L2/2021-12-22/871/specs935-v1-FA-P015093-U2OS-48h-P9-L2_F20_s1_w5AB8E5F60-C75E-458A-B1D8-5B0BB8567EB9.npy,JAK inhibitor
P015093,F20,s2,CBK290717,/mnt/micro-images-pvc/specs935-v1/specs935-v1-FA-P015093-U2OS-48h-P9-L2/2021-12-22/871/specs935-v1-FA-P015093-U2OS-48h-P9-L2_F20_s2_w503CF39A0-B462-46E0-8456-451103910E10.npy,JAK inhibitor
P015093,F20,s3,CBK290717,/mnt/micro-images-pvc/specs935-v1/specs935-v1-FA-P015093-U2OS-48h-P9-L2/2021-12-22/871/specs935-v1-FA-P015093-U2OS-48h-P9-L2_F20_s3_w51665CC03-E178-432E-9A86-A5669E6475CA.npy,JAK inhibitor
P015093,F20,s4,CBK290717,/mnt/micro-images-pvc/specs935-v1/specs935-v1-FA-P015093-U2OS-48h-P9-L2/2021-12-22/871/specs935-v1-FA-P015093-U2OS-48h-P9-L2_F20_s4_w5D693FCE5-4B18-43FA-A0E5-4D7562CE9EF2.npy,JAK inhibitor
P015093,F20,s5,CBK290717,/mnt/micro-images-pvc/specs935-v1/specs935-v1-FA-P015093-U2OS-48h-P9-L2/2021-12-22/871/specs935-v1-FA-P015093-U2OS-48h-P9-L2_F20_s5_w51BBABCBA-A804-4061-AE1E-449D5B57926A.npy,JAK inhibitor
P015093,F20,s6,CBK290717,/mnt/micro-images-pvc/specs935-v1/specs935-v1-FA-P015093-U2OS-48h-P9-L2/2021-12-22/871/specs935-v1-FA-P015093-U2OS-48h-P9-L2_F20_s6_w579C91A53-B9DC-4316-B386-5FC188CD1166.npy,JAK inhibitor
P015093,F20,s7,CBK290717,/mnt/micro-images-pvc/specs935-v1/specs935-v1-FA-P015093-U2OS-48h-P9-L2/2021-12-22/871/specs935-v1-FA-P015093-U2OS-48h-P9-L2_F20_s7_w581222C2B-0F51-493E-83A2-E399BD0E2529.npy,JAK inhibitor
P015093,F20,s8,CBK290717,/mnt/micro-images-pvc/specs935-v1/specs935-v1-FA-P015093-U2OS-48h-P9-L2/2021-12-22/871/specs935-v1-FA-P015093-U2OS-48h-P9-L2_F20_s8_w5839C2616-4844-49CB-9A42-BB62D7C5A1D6.npy,JAK inhibitor
P015093,F20,s9,CBK290717,/mnt/micro-images-pvc/specs935-v1/specs935-v1-FA-P015093-U2OS-48h-P9-L2/2021-12-22/871/specs935-v1-FA-P015093-U2OS-48h-P9-L2_F20_s9_w52D183715-771A-4C4A-AA3D-D395CF53DC72.npy,JAK inhibitor
P015093,G09,s1,CBK290717,/mnt/micro-images-pvc/specs935-v1/specs935-v1-FA-P015093-U2OS-48h-P9-L2/2021-12-22/871/specs935-v1-FA-P015093-U2OS-48h-P9-L2_G09_s1_w5FC2AB0E6-24A6-43B4-AD99-25497FA4CF4F.npy,JAK inhibitor
P015093,G09,s2,CBK290717,/mnt/micro-images-pvc/specs935-v1/specs935-v1-FA-P015093-U2OS-48h-P9-L2/2021-12-22/871/specs935-v1-FA-P015093-U2OS-48h-P9-L2_G09_s2_w521723E57-1C1D-4F1B-8E8C-F9053EB755F2.npy,JAK inhibitor
P015093,G09,s3,CBK290717,/mnt/micro-images-pvc/specs935-v1/specs935-v1-FA-P015093-U2OS-48h-P9-L2/2021-12-22/871/specs935-v1-FA-P015093-U2OS-48h-P9-L2_G09_s3_w503BFCA73-C6A5-421C-ADD1-778DD62A31DE.npy,JAK inhibitor
P015093,G09,s4,CBK290717,/mnt/micro-images-pvc/specs935-v1/specs935-v1-FA-P015093-U2OS-48h-P9-L2/2021-12-22/871/specs935-v1-FA-P015093-U2OS-48h-P9-L2_G09_s4_w5E0883F80-B7F7-4F4C-9C5B-1116C1F6C91D.npy,JAK inhibitor
P015093,G09,s5,CBK290717,/mnt/micro-images-pvc/specs935-v1/specs935-v1-FA-P015093-U2OS-48h-P9-L2/2021-12-22/871/specs935-v1-FA-P015093-U2OS-48h-P9-L2_G09_s5_w56CA29F24-173C-4728-883F-7EF2BCE9BAB5.npy,JAK inhibitor
P015093,G09,s6,CBK290717,/mnt/micro-images-pvc/specs935-v1/specs935-v1-FA-P015093-U2OS-48h-P9-L2/2021-12-22/871/specs935-v1-FA-P015093-U2OS-48h-P9-L2_G09_s6_w5E7F1C7B8-7B98-4FFB-B587-4A65C975F1B0.npy,JAK inhibitor
P015093,G09,s7,CBK290717,/mnt/micro-images-pvc/specs935-v1/specs935-v1-FA-P015093-U2OS-48h-P9-L2/2021-12-22/871/specs935-v1-FA-P015093-U2OS-48h-P9-L2_G09_s7_w53CF20BCC-40D8-4E99-957E-056F06E071CA.npy,JAK inhibitor
P015093,G09,s8,CBK290717,/mnt/micro-images-pvc/specs935-v1/specs935-v1-FA-P015093-U2OS-48h-P9-L2/2021-12-22/871/specs935-v1-FA-P015093-U2OS-48h-P9-L2_G09_s8_w5603D4D9D-F218-42D8-B2DB-3FA0E2D1B21F.npy,JAK inhibitor
P015093,G09,s9,CBK290717,/mnt/micro-images-pvc/specs935-v1/specs935-v1-FA-P015093-U2OS-48h-P9-L2/2021-12-22/871/specs935-v1-FA-P015093-U2OS-48h-P9-L2_G09_s9_w543668C48-C0E7-4C7A-B0A8-F30DEB3BBB08.npy,JAK inhibitor
P015093,G19,s1,CBK289978,/mnt/micro-images-pvc/specs935-v1/specs935-v1-FA-P015093-U2OS-48h-P9-L2/2021-12-22/871/specs935-v1-FA-P015093-U2OS-48h-P9-L2_G19_s1_w583F6C1F9-58F5-457D-94AF-45C077C13186.npy,JAK inhibitor
P015093,G19,s2,CBK289978,/mnt/micro-images-pvc/specs935-v1/specs935-v1-FA-P015093-U2OS-48h-P9-L2/2021-12-22/871/specs935-v1-FA-P015093-U2OS-48h-P9-L2_G19_s2_w5FC49C649-80B4-42D8-9D12-D5225857BC66.npy,JAK inhibitor
P015093,G19,s3,CBK289978,/mnt/micro-images-pvc/specs935-v1/specs935-v1-FA-P015093-U2OS-48h-P9-L2/2021-12-22/871/specs935-v1-FA-P015093-U2OS-48h-P9-L2_G19_s3_w5E8806DDE-36A5-4463-8358-28FF0B19ABCD.npy,JAK inhibitor
P015093,G19,s4,CBK289978,/mnt/micro-images-pvc/specs935-v1/specs935-v1-FA-P015093-U2OS-48h-P9-L2/2021-12-22/871/specs935-v1-FA-P015093-U2OS-48h-P9-L2_G19_s4_w555D5A60C-B3BF-483A-9C1A-88B2FE4785D8.npy,JAK inhibitor
P015093,G19,s5,CBK289978,/mnt/micro-images-pvc/specs935-v1/specs935-v1-FA-P015093-U2OS-48h-P9-L2/2021-12-22/871/specs935-v1-FA-P015093-U2OS-48h-P9-L2_G19_s5_w526A9E7E1-B891-4313-A402-1FBE8CBD8316.npy,JAK inhibitor
P015093,G19,s6,CBK289978,/mnt/micro-images-pvc/specs935-v1/specs935-v1-FA-P015093-U2OS-48h-P9-L2/2021-12-22/871/specs935-v1-FA-P015093-U2OS-48h-P9-L2_G19_s6_w5D527CE6B-8890-4990-A9DD-2B95477BCC46.npy,JAK inhibitor
P015093,G19,s7,CBK289978,/mnt/micro-images-pvc/specs935-v1/specs935-v1-FA-P015093-U2OS-48h-P9-L2/2021-12-22/871/specs935-v1-FA-P015093-U2OS-48h-P9-L2_G19_s7_w592852269-FBA4-401A-B032-F0A5CA5E8DD8.npy,JAK inhibitor
P015093,G19,s8,CBK289978,/mnt/micro-images-pvc/specs935-v1/specs935-v1-FA-P015093-U2OS-48h-P9-L2/2021-12-22/871/specs935-v1-FA-P015093-U2OS-48h-P9-L2_G19_s8_w5DD9BB603-8869-44A7-9C2C-1906548D0835.npy,JAK inhibitor
P015093,G19,s9,CBK289978,/mnt/micro-images-pvc/specs935-v1/specs935-v1-FA-P015093-U2OS-48h-P9-L2/2021-12-22/871/specs935-v1-FA-P015093-U2OS-48h-P9-L2_G19_s9_w51BBCB642-5CD5-467E-80E8-6CCE969E205F.npy,JAK inhibitor
P015093,H06,s1,CBK288327,/mnt/micro-images-pvc/specs935-v1/specs935-v1-FA-P015093-U2OS-48h-P9-L2/2021-12-22/871/specs935-v1-FA-P015093-U2OS-48h-P9-L2_H06_s1_w521F19944-ADF9-4C35-A972-8FD6FECCEA39.npy,JAK inhibitor
P015093,H06,s2,CBK288327,/mnt/micro-images-pvc/specs935-v1/specs935-v1-FA-P015093-U2OS-48h-P9-L2/2021-12-22/871/specs935-v1-FA-P015093-U2OS-48h-P9-L2_H06_s2_w58DD3E2A8-3F58-40FE-B420-D095427AB7FC.npy,JAK inhibitor
P015093,H06,s3,CBK288327,/mnt/micro-images-pvc/specs935-v1/specs935-v1-FA-P015093-U2OS-48h-P9-L2/2021-12-22/871/specs935-v1-FA-P015093-U2OS-48h-P9-L2_H06_s3_w59023C232-D945-427B-9E6E-2B4AE6C3F51C.npy,JAK inhibitor
P015093,H06,s4,CBK288327,/mnt/micro-images-pvc/specs935-v1/specs935-v1-FA-P015093-U2OS-48h-P9-L2/2021-12-22/871/specs935-v1-FA-P015093-U2OS-48h-P9-L2_H06_s4_w5B4EC8282-CB8E-4104-A431-B209904FB75D.npy,JAK inhibitor
P015093,H06,s5,CBK288327,/mnt/micro-images-pvc/specs935-v1/specs935-v1-FA-P015093-U2OS-48h-P9-L2/2021-12-22/871/specs935-v1-FA-P015093-U2OS-48h-P9-L2_H06_s5_w5E230F76C-4EB6-4794-8CB2-8E72A1E1CC39.npy,JAK inhibitor
P015093,H06,s6,CBK288327,/mnt/micro-images-pvc/specs935-v1/specs935-v1-FA-P015093-U2OS-48h-P9-L2/2021-12-22/871/specs935-v1-FA-P015093-U2OS-48h-P9-L2_H06_s6_w5FA1AB0ED-C735-47CE-AFB8-BE0DB9BAB98D.npy,JAK inhibitor
P015093,H06,s7,CBK288327,/mnt/micro-images-pvc/specs935-v1/specs935-v1-FA-P015093-U2OS-48h-P9-L2/2021-12-22/871/specs935-v1-FA-P015093-U2OS-48h-P9-L2_H06_s7_w5612B8A2A-228F-4963-ADF1-0B5BFF332A5A.npy,JAK inhibitor
P015093,H06,s8,CBK288327,/mnt/micro-images-pvc/specs935-v1/specs935-v1-FA-P015093-U2OS-48h-P9-L2/2021-12-22/871/specs935-v1-FA-P015093-U2OS-48h-P9-L2_H06_s8_w5D31985FE-4DBE-44F6-AC5F-6AC670BA280A.npy,JAK inhibitor
P015093,H06,s9,CBK288327,/mnt/micro-images-pvc/specs935-v1/specs935-v1-FA-P015093-U2OS-48h-P9-L2/2021-12-22/871/specs935-v1-FA-P015093-U2OS-48h-P9-L2_H06_s9_w58348F484-0E78-4818-A9E6-91D6BB93DD12.npy,JAK inhibitor
P015093,H09,s1,CBK309133,/mnt/micro-images-pvc/specs935-v1/specs935-v1-FA-P015093-U2OS-48h-P9-L2/2021-12-22/871/specs935-v1-FA-P015093-U2OS-48h-P9-L2_H09_s1_w563FD289E-EDBD-4BB5-8A9A-54DA68B8CA3A.npy,JAK inhibitor
P015093,H09,s2,CBK309133,/mnt/micro-images-pvc/specs935-v1/specs935-v1-FA-P015093-U2OS-48h-P9-L2/2021-12-22/871/specs935-v1-FA-P015093-U2OS-48h-P9-L2_H09_s2_w589332B6B-29F8-4393-AC79-21D132710F46.npy,JAK inhibitor
P015093,H09,s3,CBK309133,/mnt/micro-images-pvc/specs935-v1/specs935-v1-FA-P015093-U2OS-48h-P9-L2/2021-12-22/871/specs935-v1-FA-P015093-U2OS-48h-P9-L2_H09_s3_w597ED38CA-67FB-47C7-A405-53799A8F90DD.npy,JAK inhibitor
P015093,H09,s4,CBK309133,/mnt/micro-images-pvc/specs935-v1/specs935-v1-FA-P015093-U2OS-48h-P9-L2/2021-12-22/871/specs935-v1-FA-P015093-U2OS-48h-P9-L2_H09_s4_w5CCBBACD2-8783-4947-9580-2F4E78C84F76.npy,JAK inhibitor
P015093,H09,s5,CBK309133,/mnt/micro-images-pvc/specs935-v1/specs935-v1-FA-P015093-U2OS-48h-P9-L2/2021-12-22/871/specs935-v1-FA-P015093-U2OS-48h-P9-L2_H09_s5_w52EDFF949-672F-4ABE-BB99-1FC19427A825.npy,JAK inhibitor
P015093,H09,s6,CBK309133,/mnt/micro-images-pvc/specs935-v1/specs935-v1-FA-P015093-U2OS-48h-P9-L2/2021-12-22/871/specs935-v1-FA-P015093-U2OS-48h-P9-L2_H09_s6_w53F2DC9C1-3ED0-499D-896C-00AD9702130C.npy,JAK inhibitor
P015093,H09,s7,CBK309133,/mnt/micro-images-pvc/specs935-v1/specs935-v1-FA-P015093-U2OS-48h-P9-L2/2021-12-22/871/specs935-v1-FA-P015093-U2OS-48h-P9-L2_H09_s7_w5FFF7EACE-DA0C-4F34-9603-94075F5B7BBB.npy,JAK inhibitor
P015093,H09,s8,CBK309133,/mnt/micro-images-pvc/specs935-v1/specs935-v1-FA-P015093-U2OS-48h-P9-L2/2021-12-22/871/specs935-v1-FA-P015093-U2OS-48h-P9-L2_H09_s8_w5F1233B75-5657-4409-84CF-D94408742F8B.npy,JAK inhibitor
P015093,H09,s9,CBK309133,/mnt/micro-images-pvc/specs935-v1/specs935-v1-FA-P015093-U2OS-48h-P9-L2/2021-12-22/871/specs935-v1-FA-P015093-U2OS-48h-P9-L2_H09_s9_w57C53EFA3-5107-4382-8F2B-D806A054A7F9.npy,JAK inhibitor
P015093,H23,s1,CBK309070,/mnt/micro-images-pvc/specs935-v1/specs935-v1-FA-P015093-U2OS-48h-P9-L2/2021-12-22/871/specs935-v1-FA-P015093-U2OS-48h-P9-L2_H23_s1_w56E97EE85-2DFB-488D-AAFC-825026DBCEB3.npy,JAK inhibitor
P015093,H23,s2,CBK309070,/mnt/micro-images-pvc/specs935-v1/specs935-v1-FA-P015093-U2OS-48h-P9-L2/2021-12-22/871/specs935-v1-FA-P015093-U2OS-48h-P9-L2_H23_s2_w54CFF9D41-B5C1-464B-B088-8101050F34C6.npy,JAK inhibitor
P015093,H23,s3,CBK309070,/mnt/micro-images-pvc/specs935-v1/specs935-v1-FA-P015093-U2OS-48h-P9-L2/2021-12-22/871/specs935-v1-FA-P015093-U2OS-48h-P9-L2_H23_s3_w501E1B046-D3E7-4800-978A-DDE11DB8AEB3.npy,JAK inhibitor
P015093,H23,s4,CBK309070,/mnt/micro-images-pvc/specs935-v1/specs935-v1-FA-P015093-U2OS-48h-P9-L2/2021-12-22/871/specs935-v1-FA-P015093-U2OS-48h-P9-L2_H23_s4_w550F616AF-7108-43CB-92BD-1C4B7A26E0FB.npy,JAK inhibitor
P015093,H23,s5,CBK309070,/mnt/micro-images-pvc/specs935-v1/specs935-v1-FA-P015093-U2OS-48h-P9-L2/2021-12-22/871/specs935-v1-FA-P015093-U2OS-48h-P9-L2_H23_s5_w5E3814EDA-BD7C-400F-9E32-1AE48801608B.npy,JAK inhibitor
P015093,H23,s6,CBK309070,/mnt/micro-images-pvc/specs935-v1/specs935-v1-FA-P015093-U2OS-48h-P9-L2/2021-12-22/871/specs935-v1-FA-P015093-U2OS-48h-P9-L2_H23_s6_w5BDE3472C-A2FC-4B90-B70C-2F6C3A05D291.npy,JAK inhibitor
P015093,H23,s7,CBK309070,/mnt/micro-images-pvc/specs935-v1/specs935-v1-FA-P015093-U2OS-48h-P9-L2/2021-12-22/871/specs935-v1-FA-P015093-U2OS-48h-P9-L2_H23_s7_w5FDDBC93C-A59E-47FA-85AA-F8A6408557FF.npy,JAK inhibitor
P015093,H23,s8,CBK309070,/mnt/micro-images-pvc/specs935-v1/specs935-v1-FA-P015093-U2OS-48h-P9-L2/2021-12-22/871/specs935-v1-FA-P015093-U2OS-48h-P9-L2_H23_s8_w5927C626A-80FB-4A56-9C2E-90BA8116E0AB.npy,JAK inhibitor
P015093,H23,s9,CBK309070,/mnt/micro-images-pvc/specs935-v1/specs935-v1-FA-P015093-U2OS-48h-P9-L2/2021-12-22/871/specs935-v1-FA-P015093-U2OS-48h-P9-L2_H23_s9_w524AF0FCC-E752-4459-91DA-A5CA905AEB13.npy,JAK inhibitor
P015093,I10,s1,CBK303909,/mnt/micro-images-pvc/specs935-v1/specs935-v1-FA-P015093-U2OS-48h-P9-L2/2021-12-22/871/specs935-v1-FA-P015093-U2OS-48h-P9-L2_I10_s1_w5915C59DB-1481-425D-9E15-4CE2F1916BEB.npy,JAK inhibitor
P015093,I10,s2,CBK303909,/mnt/micro-images-pvc/specs935-v1/specs935-v1-FA-P015093-U2OS-48h-P9-L2/2021-12-22/871/specs935-v1-FA-P015093-U2OS-48h-P9-L2_I10_s2_w5D756A5D6-535F-4D79-AAB2-F94CC0F7C728.npy,JAK inhibitor
P015093,I10,s3,CBK303909,/mnt/micro-images-pvc/specs935-v1/specs935-v1-FA-P015093-U2OS-48h-P9-L2/2021-12-22/871/specs935-v1-FA-P015093-U2OS-48h-P9-L2_I10_s3_w530C787D2-1D51-411F-B6B1-93962BF2E9AA.npy,JAK inhibitor
P015093,I10,s4,CBK303909,/mnt/micro-images-pvc/specs935-v1/specs935-v1-FA-P015093-U2OS-48h-P9-L2/2021-12-22/871/specs935-v1-FA-P015093-U2OS-48h-P9-L2_I10_s4_w5ED2C2748-71B2-4712-B08C-678BE35025C8.npy,JAK inhibitor
P015093,I10,s5,CBK303909,/mnt/micro-images-pvc/specs935-v1/specs935-v1-FA-P015093-U2OS-48h-P9-L2/2021-12-22/871/specs935-v1-FA-P015093-U2OS-48h-P9-L2_I10_s5_w505F1DC9E-B142-4096-BE7B-843392D7811A.npy,JAK inhibitor
P015093,I10,s6,CBK303909,/mnt/micro-images-pvc/specs935-v1/specs935-v1-FA-P015093-U2OS-48h-P9-L2/2021-12-22/871/specs935-v1-FA-P015093-U2OS-48h-P9-L2_I10_s6_w502A48841-90C4-46E1-A84E-0CE8895E483C.npy,JAK inhibitor
P015093,I10,s7,CBK303909,/mnt/micro-images-pvc/specs935-v1/specs935-v1-FA-P015093-U2OS-48h-P9-L2/2021-12-22/871/specs935-v1-FA-P015093-U2OS-48h-P9-L2_I10_s7_w591C524F7-C091-470F-9DBE-F722387A4C53.npy,JAK inhibitor
P015093,I10,s8,CBK303909,/mnt/micro-images-pvc/specs935-v1/specs935-v1-FA-P015093-U2OS-48h-P9-L2/2021-12-22/871/specs935-v1-FA-P015093-U2OS-48h-P9-L2_I10_s8_w56105AFE0-2BBB-4624-BD94-E3E50CDB5456.npy,JAK inhibitor
P015093,I10,s9,CBK303909,/mnt/micro-images-pvc/specs935-v1/specs935-v1-FA-P015093-U2OS-48h-P9-L2/2021-12-22/871/specs935-v1-FA-P015093-U2OS-48h-P9-L2_I10_s9_w572E2C965-DC5A-4E17-BE1C-5B3B843D0B89.npy,JAK inhibitor
P015093,I15,s1,CBK293908,/mnt/micro-images-pvc/specs935-v1/specs935-v1-FA-P015093-U2OS-48h-P9-L2/2021-12-22/871/specs935-v1-FA-P015093-U2OS-48h-P9-L2_I15_s1_w5D0E0EF5A-E49A-42F2-AE18-A70F8F5858F3.npy,JAK inhibitor
P015093,I15,s2,CBK293908,/mnt/micro-images-pvc/specs935-v1/specs935-v1-FA-P015093-U2OS-48h-P9-L2/2021-12-22/871/specs935-v1-FA-P015093-U2OS-48h-P9-L2_I15_s2_w59B937FF1-676B-45B0-A29A-36F75897BECB.npy,JAK inhibitor
P015093,I15,s3,CBK293908,/mnt/micro-images-pvc/specs935-v1/specs935-v1-FA-P015093-U2OS-48h-P9-L2/2021-12-22/871/specs935-v1-FA-P015093-U2OS-48h-P9-L2_I15_s3_w5675F3F09-636B-4BBC-9955-B3717D2A8C31.npy,JAK inhibitor
P015093,I15,s4,CBK293908,/mnt/micro-images-pvc/specs935-v1/specs935-v1-FA-P015093-U2OS-48h-P9-L2/2021-12-22/871/specs935-v1-FA-P015093-U2OS-48h-P9-L2_I15_s4_w55C37F8F5-7C8C-493C-AE0C-C107E4BB0887.npy,JAK inhibitor
P015093,I15,s5,CBK293908,/mnt/micro-images-pvc/specs935-v1/specs935-v1-FA-P015093-U2OS-48h-P9-L2/2021-12-22/871/specs935-v1-FA-P015093-U2OS-48h-P9-L2_I15_s5_w59B9295B2-43AB-428E-89A3-B5475F553B41.npy,JAK inhibitor
P015093,I15,s6,CBK293908,/mnt/micro-images-pvc/specs935-v1/specs935-v1-FA-P015093-U2OS-48h-P9-L2/2021-12-22/871/specs935-v1-FA-P015093-U2OS-48h-P9-L2_I15_s6_w51FA23478-1AD5-4F5E-BD2F-BC26EE5922BF.npy,JAK inhibitor
P015093,I15,s7,CBK293908,/mnt/micro-images-pvc/specs935-v1/specs935-v1-FA-P015093-U2OS-48h-P9-L2/2021-12-22/871/specs935-v1-FA-P015093-U2OS-48h-P9-L2_I15_s7_w5BC7BA912-B6D1-4B9A-9618-53203F5C1EE5.npy,JAK inhibitor
P015093,I15,s8,CBK293908,/mnt/micro-images-pvc/specs935-v1/specs935-v1-FA-P015093-U2OS-48h-P9-L2/2021-12-22/871/specs935-v1-FA-P015093-U2OS-48h-P9-L2_I15_s8_w546287C5D-CD1C-482C-BF6C-71E63618F739.npy,JAK inhibitor
P015093,I15,s9,CBK293908,/mnt/micro-images-pvc/specs935-v1/specs935-v1-FA-P015093-U2OS-48h-P9-L2/2021-12-22/871/specs935-v1-FA-P015093-U2OS-48h-P9-L2_I15_s9_w5580E2D28-9305-4A39-AD9F-4698BAABCD4D.npy,JAK inhibitor
P015093,I17,s1,CBK290608,/mnt/micro-images-pvc/specs935-v1/specs935-v1-FA-P015093-U2OS-48h-P9-L2/2021-12-22/871/specs935-v1-FA-P015093-U2OS-48h-P9-L2_I17_s1_w5A9AA0C34-09AD-441E-9077-53D444948423.npy,JAK inhibitor
P015093,I17,s2,CBK290608,/mnt/micro-images-pvc/specs935-v1/specs935-v1-FA-P015093-U2OS-48h-P9-L2/2021-12-22/871/specs935-v1-FA-P015093-U2OS-48h-P9-L2_I17_s2_w5F8580C73-0FD8-46EB-825C-E23050A2F88F.npy,JAK inhibitor
P015093,I17,s3,CBK290608,/mnt/micro-images-pvc/specs935-v1/specs935-v1-FA-P015093-U2OS-48h-P9-L2/2021-12-22/871/specs935-v1-FA-P015093-U2OS-48h-P9-L2_I17_s3_w5AE646863-1ABD-4F1F-AC96-2A29595EE09D.npy,JAK inhibitor
P015093,I17,s4,CBK290608,/mnt/micro-images-pvc/specs935-v1/specs935-v1-FA-P015093-U2OS-48h-P9-L2/2021-12-22/871/specs935-v1-FA-P015093-U2OS-48h-P9-L2_I17_s4_w590CC9DBC-F066-4801-9191-8ABC7AF18917.npy,JAK inhibitor
P015093,I17,s5,CBK290608,/mnt/micro-images-pvc/specs935-v1/specs935-v1-FA-P015093-U2OS-48h-P9-L2/2021-12-22/871/specs935-v1-FA-P015093-U2OS-48h-P9-L2_I17_s5_w51FA91581-1AFE-459E-B084-C195A64651DA.npy,JAK inhibitor
P015093,I17,s6,CBK290608,/mnt/micro-images-pvc/specs935-v1/specs935-v1-FA-P015093-U2OS-48h-P9-L2/2021-12-22/871/specs935-v1-FA-P015093-U2OS-48h-P9-L2_I17_s6_w5D1598253-9E45-4DB4-B26B-35407D21327B.npy,JAK inhibitor
P015093,I17,s7,CBK290608,/mnt/micro-images-pvc/specs935-v1/specs935-v1-FA-P015093-U2OS-48h-P9-L2/2021-12-22/871/specs935-v1-FA-P015093-U2OS-48h-P9-L2_I17_s7_w599C20153-3C29-4C8F-A4BA-5F2A07C2720B.npy,JAK inhibitor
P015093,I17,s8,CBK290608,/mnt/micro-images-pvc/specs935-v1/specs935-v1-FA-P015093-U2OS-48h-P9-L2/2021-12-22/871/specs935-v1-FA-P015093-U2OS-48h-P9-L2_I17_s8_w5B068CF2B-D893-41EB-B1A6-4AF102F2AD36.npy,JAK inhibitor
P015093,I17,s9,CBK290608,/mnt/micro-images-pvc/specs935-v1/specs935-v1-FA-P015093-U2OS-48h-P9-L2/2021-12-22/871/specs935-v1-FA-P015093-U2OS-48h-P9-L2_I17_s9_w5B780C28E-C6AF-40C1-931F-E8E5AFD3AC81.npy,JAK inhibitor
P015093,I20,s1,CBK293875,/mnt/micro-images-pvc/specs935-v1/specs935-v1-FA-P015093-U2OS-48h-P9-L2/2021-12-22/871/specs935-v1-FA-P015093-U2OS-48h-P9-L2_I20_s1_w5B608894E-5D02-465F-BFC9-B1EBEF379CEA.npy,JAK inhibitor
P015093,I20,s2,CBK293875,/mnt/micro-images-pvc/specs935-v1/specs935-v1-FA-P015093-U2OS-48h-P9-L2/2021-12-22/871/specs935-v1-FA-P015093-U2OS-48h-P9-L2_I20_s2_w568B37EE6-0DB2-409B-8FB7-649694E3F0DA.npy,JAK inhibitor
P015093,I20,s3,CBK293875,/mnt/micro-images-pvc/specs935-v1/specs935-v1-FA-P015093-U2OS-48h-P9-L2/2021-12-22/871/specs935-v1-FA-P015093-U2OS-48h-P9-L2_I20_s3_w5C5C408BF-CE2E-446E-8C9D-2A7886AEA219.npy,JAK inhibitor
P015093,I20,s4,CBK293875,/mnt/micro-images-pvc/specs935-v1/specs935-v1-FA-P015093-U2OS-48h-P9-L2/2021-12-22/871/specs935-v1-FA-P015093-U2OS-48h-P9-L2_I20_s4_w51FD6F173-066D-4609-8535-70AFC97766BC.npy,JAK inhibitor
P015093,I20,s5,CBK293875,/mnt/micro-images-pvc/specs935-v1/specs935-v1-FA-P015093-U2OS-48h-P9-L2/2021-12-22/871/specs935-v1-FA-P015093-U2OS-48h-P9-L2_I20_s5_w51D1A6A33-A923-4C8C-9F29-E3ACD6BFAC31.npy,JAK inhibitor
P015093,I20,s6,CBK293875,/mnt/micro-images-pvc/specs935-v1/specs935-v1-FA-P015093-U2OS-48h-P9-L2/2021-12-22/871/specs935-v1-FA-P015093-U2OS-48h-P9-L2_I20_s6_w5227CE0E8-8B04-475F-9C11-231E55C291BB.npy,JAK inhibitor
P015093,I20,s7,CBK293875,/mnt/micro-images-pvc/specs935-v1/specs935-v1-FA-P015093-U2OS-48h-P9-L2/2021-12-22/871/specs935-v1-FA-P015093-U2OS-48h-P9-L2_I20_s7_w5B39A4CC3-61DC-4CBF-B8C1-EEB17BEA1932.npy,JAK inhibitor
P015093,I20,s8,CBK293875,/mnt/micro-images-pvc/specs935-v1/specs935-v1-FA-P015093-U2OS-48h-P9-L2/2021-12-22/871/specs935-v1-FA-P015093-U2OS-48h-P9-L2_I20_s8_w5D1AF226E-7F93-4139-A338-C84DF31F2322.npy,JAK inhibitor
P015093,I20,s9,CBK293875,/mnt/micro-images-pvc/specs935-v1/specs935-v1-FA-P015093-U2OS-48h-P9-L2/2021-12-22/871/specs935-v1-FA-P015093-U2OS-48h-P9-L2_I20_s9_w5892324FB-920D-461B-94F1-B3C3F5F356E6.npy,JAK inhibitor
P015093,I21,s1,CBK290852,/mnt/micro-images-pvc/specs935-v1/specs935-v1-FA-P015093-U2OS-48h-P9-L2/2021-12-22/871/specs935-v1-FA-P015093-U2OS-48h-P9-L2_I21_s1_w5344E4771-7C10-4893-8574-96C8B12935A0.npy,JAK inhibitor
P015093,I21,s2,CBK290852,/mnt/micro-images-pvc/specs935-v1/specs935-v1-FA-P015093-U2OS-48h-P9-L2/2021-12-22/871/specs935-v1-FA-P015093-U2OS-48h-P9-L2_I21_s2_w5E86396BD-D7D3-4858-AF20-CEB87FF888D8.npy,JAK inhibitor
P015093,I21,s3,CBK290852,/mnt/micro-images-pvc/specs935-v1/specs935-v1-FA-P015093-U2OS-48h-P9-L2/2021-12-22/871/specs935-v1-FA-P015093-U2OS-48h-P9-L2_I21_s3_w5459B7835-3AFF-402C-96E3-9C9A4B390E3C.npy,JAK inhibitor
P015093,I21,s4,CBK290852,/mnt/micro-images-pvc/specs935-v1/specs935-v1-FA-P015093-U2OS-48h-P9-L2/2021-12-22/871/specs935-v1-FA-P015093-U2OS-48h-P9-L2_I21_s4_w51BF5C32E-E97F-49E6-8818-F6A70F197C4D.npy,JAK inhibitor
P015093,I21,s5,CBK290852,/mnt/micro-images-pvc/specs935-v1/specs935-v1-FA-P015093-U2OS-48h-P9-L2/2021-12-22/871/specs935-v1-FA-P015093-U2OS-48h-P9-L2_I21_s5_w56D402F8E-A391-42BC-B9A6-329757EF91C4.npy,JAK inhibitor
P015093,I21,s6,CBK290852,/mnt/micro-images-pvc/specs935-v1/specs935-v1-FA-P015093-U2OS-48h-P9-L2/2021-12-22/871/specs935-v1-FA-P015093-U2OS-48h-P9-L2_I21_s6_w5E7C5018F-18FA-4302-BE0D-21411AD7B3BA.npy,JAK inhibitor
P015093,I21,s7,CBK290852,/mnt/micro-images-pvc/specs935-v1/specs935-v1-FA-P015093-U2OS-48h-P9-L2/2021-12-22/871/specs935-v1-FA-P015093-U2OS-48h-P9-L2_I21_s7_w548B2105E-D52A-45AF-A47D-ACAF655BEC67.npy,JAK inhibitor
P015093,I21,s8,CBK290852,/mnt/micro-images-pvc/specs935-v1/specs935-v1-FA-P015093-U2OS-48h-P9-L2/2021-12-22/871/specs935-v1-FA-P015093-U2OS-48h-P9-L2_I21_s8_w5872D13D5-F877-4E6F-8732-65E697D364C7.npy,JAK inhibitor
P015093,I21,s9,CBK290852,/mnt/micro-images-pvc/specs935-v1/specs935-v1-FA-P015093-U2OS-48h-P9-L2/2021-12-22/871/specs935-v1-FA-P015093-U2OS-48h-P9-L2_I21_s9_w52DF89880-E34F-41F0-85C6-83059FEF2386.npy,JAK inhibitor
P015093,J03,s1,CBK308126,/mnt/micro-images-pvc/specs935-v1/specs935-v1-FA-P015093-U2OS-48h-P9-L2/2021-12-22/871/specs935-v1-FA-P015093-U2OS-48h-P9-L2_J03_s1_w535CA5B7F-D483-46C4-88BC-0216B595C34F.npy,JAK inhibitor
P015093,J03,s2,CBK308126,/mnt/micro-images-pvc/specs935-v1/specs935-v1-FA-P015093-U2OS-48h-P9-L2/2021-12-22/871/specs935-v1-FA-P015093-U2OS-48h-P9-L2_J03_s2_w587CF70A1-B63B-4CB9-97C4-50A898E3BFCE.npy,JAK inhibitor
P015093,J03,s3,CBK308126,/mnt/micro-images-pvc/specs935-v1/specs935-v1-FA-P015093-U2OS-48h-P9-L2/2021-12-22/871/specs935-v1-FA-P015093-U2OS-48h-P9-L2_J03_s3_w55FB6C044-6FB1-4EC1-AB0D-7239ABA4368F.npy,JAK inhibitor
P015093,J03,s4,CBK308126,/mnt/micro-images-pvc/specs935-v1/specs935-v1-FA-P015093-U2OS-48h-P9-L2/2021-12-22/871/specs935-v1-FA-P015093-U2OS-48h-P9-L2_J03_s4_w52E9FD1EF-4B00-4EF3-B1A8-752EB92EEAD4.npy,JAK inhibitor
P015093,J03,s5,CBK308126,/mnt/micro-images-pvc/specs935-v1/specs935-v1-FA-P015093-U2OS-48h-P9-L2/2021-12-22/871/specs935-v1-FA-P015093-U2OS-48h-P9-L2_J03_s5_w532094BF0-579D-4B64-A3F7-F312F046AFBA.npy,JAK inhibitor
P015093,J03,s6,CBK308126,/mnt/micro-images-pvc/specs935-v1/specs935-v1-FA-P015093-U2OS-48h-P9-L2/2021-12-22/871/specs935-v1-FA-P015093-U2OS-48h-P9-L2_J03_s6_w53BEB4D23-4202-4B12-88BB-CFB7A98B8439.npy,JAK inhibitor
P015093,J03,s7,CBK308126,/mnt/micro-images-pvc/specs935-v1/specs935-v1-FA-P015093-U2OS-48h-P9-L2/2021-12-22/871/specs935-v1-FA-P015093-U2OS-48h-P9-L2_J03_s7_w5DC3FA60E-A175-4208-8C5F-41C41371A3EB.npy,JAK inhibitor
P015093,J03,s8,CBK308126,/mnt/micro-images-pvc/specs935-v1/specs935-v1-FA-P015093-U2OS-48h-P9-L2/2021-12-22/871/specs935-v1-FA-P015093-U2OS-48h-P9-L2_J03_s8_w5AEB2AD08-4FC4-4F82-9983-BC19251A0CBD.npy,JAK inhibitor
P015093,J03,s9,CBK308126,/mnt/micro-images-pvc/specs935-v1/specs935-v1-FA-P015093-U2OS-48h-P9-L2/2021-12-22/871/specs935-v1-FA-P015093-U2OS-48h-P9-L2_J03_s9_w55044A2F5-2099-45F5-997A-2A13A1782186.npy,JAK inhibitor
P015093,J20,s1,CBK288351,/mnt/micro-images-pvc/specs935-v1/specs935-v1-FA-P015093-U2OS-48h-P9-L2/2021-12-22/871/specs935-v1-FA-P015093-U2OS-48h-P9-L2_J20_s1_w550336D88-EE57-4F24-A91C-18B3D512A6A6.npy,JAK inhibitor
P015093,J20,s2,CBK288351,/mnt/micro-images-pvc/specs935-v1/specs935-v1-FA-P015093-U2OS-48h-P9-L2/2021-12-22/871/specs935-v1-FA-P015093-U2OS-48h-P9-L2_J20_s2_w5F6EAD0D9-4ABA-4090-B62F-0A6C0E027D3D.npy,JAK inhibitor
P015093,J20,s3,CBK288351,/mnt/micro-images-pvc/specs935-v1/specs935-v1-FA-P015093-U2OS-48h-P9-L2/2021-12-22/871/specs935-v1-FA-P015093-U2OS-48h-P9-L2_J20_s3_w561ABCAE8-CBBD-4387-907B-F269FE6DBD1D.npy,JAK inhibitor
P015093,J20,s4,CBK288351,/mnt/micro-images-pvc/specs935-v1/specs935-v1-FA-P015093-U2OS-48h-P9-L2/2021-12-22/871/specs935-v1-FA-P015093-U2OS-48h-P9-L2_J20_s4_w5CB69095F-0E87-4049-949B-B1E6BC0C52FC.npy,JAK inhibitor
P015093,J20,s5,CBK288351,/mnt/micro-images-pvc/specs935-v1/specs935-v1-FA-P015093-U2OS-48h-P9-L2/2021-12-22/871/specs935-v1-FA-P015093-U2OS-48h-P9-L2_J20_s5_w5610EEE3B-428A-485E-BE9E-67051C4D0444.npy,JAK inhibitor
P015093,J20,s6,CBK288351,/mnt/micro-images-pvc/specs935-v1/specs935-v1-FA-P015093-U2OS-48h-P9-L2/2021-12-22/871/specs935-v1-FA-P015093-U2OS-48h-P9-L2_J20_s6_w5D0FE1946-70D2-499E-A835-713B8E9DD82B.npy,JAK inhibitor
P015093,J20,s7,CBK288351,/mnt/micro-images-pvc/specs935-v1/specs935-v1-FA-P015093-U2OS-48h-P9-L2/2021-12-22/871/specs935-v1-FA-P015093-U2OS-48h-P9-L2_J20_s7_w5A3686D2F-7F22-4120-A028-7819C2310CF8.npy,JAK inhibitor
P015093,J20,s8,CBK288351,/mnt/micro-images-pvc/specs935-v1/specs935-v1-FA-P015093-U2OS-48h-P9-L2/2021-12-22/871/specs935-v1-FA-P015093-U2OS-48h-P9-L2_J20_s8_w548EC2BB4-B47A-4BEF-8E67-E177A65CBCE1.npy,JAK inhibitor
P015093,J20,s9,CBK288351,/mnt/micro-images-pvc/specs935-v1/specs935-v1-FA-P015093-U2OS-48h-P9-L2/2021-12-22/871/specs935-v1-FA-P015093-U2OS-48h-P9-L2_J20_s9_w5D7A5474E-F1C2-4423-8911-2C1B409DA9FE.npy,JAK inhibitor
P015093,J22,s1,CBK290608,/mnt/micro-images-pvc/specs935-v1/specs935-v1-FA-P015093-U2OS-48h-P9-L2/2021-12-22/871/specs935-v1-FA-P015093-U2OS-48h-P9-L2_J22_s1_w50C6A28E2-B2CC-47FF-9B14-D5D9E07D47CF.npy,JAK inhibitor
P015093,J22,s2,CBK290608,/mnt/micro-images-pvc/specs935-v1/specs935-v1-FA-P015093-U2OS-48h-P9-L2/2021-12-22/871/specs935-v1-FA-P015093-U2OS-48h-P9-L2_J22_s2_w59032F347-B21C-4656-AD4F-CAC4801F5356.npy,JAK inhibitor
P015093,J22,s3,CBK290608,/mnt/micro-images-pvc/specs935-v1/specs935-v1-FA-P015093-U2OS-48h-P9-L2/2021-12-22/871/specs935-v1-FA-P015093-U2OS-48h-P9-L2_J22_s3_w56D49276C-9F42-40BE-B753-3EFBE164244E.npy,JAK inhibitor
P015093,J22,s4,CBK290608,/mnt/micro-images-pvc/specs935-v1/specs935-v1-FA-P015093-U2OS-48h-P9-L2/2021-12-22/871/specs935-v1-FA-P015093-U2OS-48h-P9-L2_J22_s4_w5DF5F6666-7F00-4831-BD30-BC0818D0961A.npy,JAK inhibitor
P015093,J22,s5,CBK290608,/mnt/micro-images-pvc/specs935-v1/specs935-v1-FA-P015093-U2OS-48h-P9-L2/2021-12-22/871/specs935-v1-FA-P015093-U2OS-48h-P9-L2_J22_s5_w58579D991-2FB7-430C-9594-112D31538103.npy,JAK inhibitor
P015093,J22,s6,CBK290608,/mnt/micro-images-pvc/specs935-v1/specs935-v1-FA-P015093-U2OS-48h-P9-L2/2021-12-22/871/specs935-v1-FA-P015093-U2OS-48h-P9-L2_J22_s6_w5606CDC4D-91C2-4081-BAF9-DC8B880BB9BC.npy,JAK inhibitor
P015093,J22,s7,CBK290608,/mnt/micro-images-pvc/specs935-v1/specs935-v1-FA-P015093-U2OS-48h-P9-L2/2021-12-22/871/specs935-v1-FA-P015093-U2OS-48h-P9-L2_J22_s7_w531860B5F-7DF5-4BF3-B530-A814AB435A3C.npy,JAK inhibitor
P015093,J22,s8,CBK290608,/mnt/micro-images-pvc/specs935-v1/specs935-v1-FA-P015093-U2OS-48h-P9-L2/2021-12-22/871/specs935-v1-FA-P015093-U2OS-48h-P9-L2_J22_s8_w59C1DD03F-1A99-4B78-90C1-AF4B6B8463A2.npy,JAK inhibitor
P015093,J22,s9,CBK290608,/mnt/micro-images-pvc/specs935-v1/specs935-v1-FA-P015093-U2OS-48h-P9-L2/2021-12-22/871/specs935-v1-FA-P015093-U2OS-48h-P9-L2_J22_s9_w52943AAF0-98F7-4BC5-AC6A-E4D93D10E228.npy,JAK inhibitor
P015093,K07,s1,CBK289978,/mnt/micro-images-pvc/specs935-v1/specs935-v1-FA-P015093-U2OS-48h-P9-L2/2021-12-22/871/specs935-v1-FA-P015093-U2OS-48h-P9-L2_K07_s1_w51C1833EE-DE5B-4252-B971-AF14A822B228.npy,JAK inhibitor
P015093,K07,s2,CBK289978,/mnt/micro-images-pvc/specs935-v1/specs935-v1-FA-P015093-U2OS-48h-P9-L2/2021-12-22/871/specs935-v1-FA-P015093-U2OS-48h-P9-L2_K07_s2_w53BC93E03-08D5-4837-B15B-8EF1A36BEC92.npy,JAK inhibitor
P015093,K07,s3,CBK289978,/mnt/micro-images-pvc/specs935-v1/specs935-v1-FA-P015093-U2OS-48h-P9-L2/2021-12-22/871/specs935-v1-FA-P015093-U2OS-48h-P9-L2_K07_s3_w56B54A79D-BBB0-40C1-988C-262E79F076B0.npy,JAK inhibitor
P015093,K07,s4,CBK289978,/mnt/micro-images-pvc/specs935-v1/specs935-v1-FA-P015093-U2OS-48h-P9-L2/2021-12-22/871/specs935-v1-FA-P015093-U2OS-48h-P9-L2_K07_s4_w5D30620B9-C7EB-48FD-B102-2BFB381D800B.npy,JAK inhibitor
P015093,K07,s5,CBK289978,/mnt/micro-images-pvc/specs935-v1/specs935-v1-FA-P015093-U2OS-48h-P9-L2/2021-12-22/871/specs935-v1-FA-P015093-U2OS-48h-P9-L2_K07_s5_w59FD4EFE1-89E3-4ABA-AA49-48FCEF0F09C3.npy,JAK inhibitor
P015093,K07,s6,CBK289978,/mnt/micro-images-pvc/specs935-v1/specs935-v1-FA-P015093-U2OS-48h-P9-L2/2021-12-22/871/specs935-v1-FA-P015093-U2OS-48h-P9-L2_K07_s6_w529CBFEDC-4408-4D7F-A7B8-2DBD35EB79A5.npy,JAK inhibitor
P015093,K07,s7,CBK289978,/mnt/micro-images-pvc/specs935-v1/specs935-v1-FA-P015093-U2OS-48h-P9-L2/2021-12-22/871/specs935-v1-FA-P015093-U2OS-48h-P9-L2_K07_s7_w510C88AAE-2B41-45DA-A8CC-7C5A6F697AA7.npy,JAK inhibitor
P015093,K07,s8,CBK289978,/mnt/micro-images-pvc/specs935-v1/specs935-v1-FA-P015093-U2OS-48h-P9-L2/2021-12-22/871/specs935-v1-FA-P015093-U2OS-48h-P9-L2_K07_s8_w5B95AE0D9-4AF1-4D21-A9BE-60C281C02D7A.npy,JAK inhibitor
P015093,K07,s9,CBK289978,/mnt/micro-images-pvc/specs935-v1/specs935-v1-FA-P015093-U2OS-48h-P9-L2/2021-12-22/871/specs935-v1-FA-P015093-U2OS-48h-P9-L2_K07_s9_w5CF886950-621A-4F93-A428-956E2EF69FCC.npy,JAK inhibitor
P015093,K10,s1,CBK293875,/mnt/micro-images-pvc/specs935-v1/specs935-v1-FA-P015093-U2OS-48h-P9-L2/2021-12-22/871/specs935-v1-FA-P015093-U2OS-48h-P9-L2_K10_s1_w5965891D5-7369-47DA-8238-AB0BC6608536.npy,JAK inhibitor
P015093,K10,s2,CBK293875,/mnt/micro-images-pvc/specs935-v1/specs935-v1-FA-P015093-U2OS-48h-P9-L2/2021-12-22/871/specs935-v1-FA-P015093-U2OS-48h-P9-L2_K10_s2_w57591CDDF-7215-4D2F-B4A0-76E805E74E4F.npy,JAK inhibitor
P015093,K10,s3,CBK293875,/mnt/micro-images-pvc/specs935-v1/specs935-v1-FA-P015093-U2OS-48h-P9-L2/2021-12-22/871/specs935-v1-FA-P015093-U2OS-48h-P9-L2_K10_s3_w50034CDF5-B64A-4A07-8771-3A81612E146E.npy,JAK inhibitor
P015093,K10,s4,CBK293875,/mnt/micro-images-pvc/specs935-v1/specs935-v1-FA-P015093-U2OS-48h-P9-L2/2021-12-22/871/specs935-v1-FA-P015093-U2OS-48h-P9-L2_K10_s4_w5D8D815E0-6A11-4447-B0C8-D1D32FA5FEE4.npy,JAK inhibitor
P015093,K10,s5,CBK293875,/mnt/micro-images-pvc/specs935-v1/specs935-v1-FA-P015093-U2OS-48h-P9-L2/2021-12-22/871/specs935-v1-FA-P015093-U2OS-48h-P9-L2_K10_s5_w5442162D0-EE04-462D-BF04-A3AD5AE261E4.npy,JAK inhibitor
P015093,K10,s6,CBK293875,/mnt/micro-images-pvc/specs935-v1/specs935-v1-FA-P015093-U2OS-48h-P9-L2/2021-12-22/871/specs935-v1-FA-P015093-U2OS-48h-P9-L2_K10_s6_w582CF7EC3-4A7D-4433-B393-423D2AB5B794.npy,JAK inhibitor
P015093,K10,s7,CBK293875,/mnt/micro-images-pvc/specs935-v1/specs935-v1-FA-P015093-U2OS-48h-P9-L2/2021-12-22/871/specs935-v1-FA-P015093-U2OS-48h-P9-L2_K10_s7_w5F16B2D46-7726-4241-911C-07D1D9B0998A.npy,JAK inhibitor
P015093,K10,s8,CBK293875,/mnt/micro-images-pvc/specs935-v1/specs935-v1-FA-P015093-U2OS-48h-P9-L2/2021-12-22/871/specs935-v1-FA-P015093-U2OS-48h-P9-L2_K10_s8_w55A0D3942-2412-4178-A76F-FBFCA639057A.npy,JAK inhibitor
P015093,K10,s9,CBK293875,/mnt/micro-images-pvc/specs935-v1/specs935-v1-FA-P015093-U2OS-48h-P9-L2/2021-12-22/871/specs935-v1-FA-P015093-U2OS-48h-P9-L2_K10_s9_w561FDC5AB-2C37-474A-B901-C9E27B28C7E6.npy,JAK inhibitor
P015093,K11,s1,CBK288327,/mnt/micro-images-pvc/specs935-v1/specs935-v1-FA-P015093-U2OS-48h-P9-L2/2021-12-22/871/specs935-v1-FA-P015093-U2OS-48h-P9-L2_K11_s1_w5C9B6723B-37D3-42A6-9D48-1B3A6CE31208.npy,JAK inhibitor
P015093,K11,s2,CBK288327,/mnt/micro-images-pvc/specs935-v1/specs935-v1-FA-P015093-U2OS-48h-P9-L2/2021-12-22/871/specs935-v1-FA-P015093-U2OS-48h-P9-L2_K11_s2_w5E980F066-09D8-47F5-A5B1-7A02247EF729.npy,JAK inhibitor
P015093,K11,s3,CBK288327,/mnt/micro-images-pvc/specs935-v1/specs935-v1-FA-P015093-U2OS-48h-P9-L2/2021-12-22/871/specs935-v1-FA-P015093-U2OS-48h-P9-L2_K11_s3_w567AE98DD-33C8-43D9-8E60-9C2A0EE3429B.npy,JAK inhibitor
P015093,K11,s4,CBK288327,/mnt/micro-images-pvc/specs935-v1/specs935-v1-FA-P015093-U2OS-48h-P9-L2/2021-12-22/871/specs935-v1-FA-P015093-U2OS-48h-P9-L2_K11_s4_w53631561A-92F0-4B09-B86F-F66F51F8BF4F.npy,JAK inhibitor
P015093,K11,s5,CBK288327,/mnt/micro-images-pvc/specs935-v1/specs935-v1-FA-P015093-U2OS-48h-P9-L2/2021-12-22/871/specs935-v1-FA-P015093-U2OS-48h-P9-L2_K11_s5_w51B7F59EA-21C0-4A0F-AE32-62E62736A6F5.npy,JAK inhibitor
P015093,K11,s6,CBK288327,/mnt/micro-images-pvc/specs935-v1/specs935-v1-FA-P015093-U2OS-48h-P9-L2/2021-12-22/871/specs935-v1-FA-P015093-U2OS-48h-P9-L2_K11_s6_w5F6D522FD-18B8-4888-A75C-0885D094B3D5.npy,JAK inhibitor
P015093,K11,s7,CBK288327,/mnt/micro-images-pvc/specs935-v1/specs935-v1-FA-P015093-U2OS-48h-P9-L2/2021-12-22/871/specs935-v1-FA-P015093-U2OS-48h-P9-L2_K11_s7_w5C1E8AA23-B43C-40A2-BE06-4B52449D1E0F.npy,JAK inhibitor
P015093,K11,s8,CBK288327,/mnt/micro-images-pvc/specs935-v1/specs935-v1-FA-P015093-U2OS-48h-P9-L2/2021-12-22/871/specs935-v1-FA-P015093-U2OS-48h-P9-L2_K11_s8_w5672D0203-5EA6-4265-83A5-6B803BECAD48.npy,JAK inhibitor
P015093,K11,s9,CBK288327,/mnt/micro-images-pvc/specs935-v1/specs935-v1-FA-P015093-U2OS-48h-P9-L2/2021-12-22/871/specs935-v1-FA-P015093-U2OS-48h-P9-L2_K11_s9_w5FAB60386-AEF0-4C4C-847D-D281DA48031C.npy,JAK inhibitor
P015093,L16,s1,CBK290154,/mnt/micro-images-pvc/specs935-v1/specs935-v1-FA-P015093-U2OS-48h-P9-L2/2021-12-22/871/specs935-v1-FA-P015093-U2OS-48h-P9-L2_L16_s1_w5B216E70D-DE8C-4691-8952-CF0CECE19E07.npy,JAK inhibitor
P015093,L16,s2,CBK290154,/mnt/micro-images-pvc/specs935-v1/specs935-v1-FA-P015093-U2OS-48h-P9-L2/2021-12-22/871/specs935-v1-FA-P015093-U2OS-48h-P9-L2_L16_s2_w51255B04D-1E4C-4514-A6FE-750ACDB0C0A4.npy,JAK inhibitor
P015093,L16,s3,CBK290154,/mnt/micro-images-pvc/specs935-v1/specs935-v1-FA-P015093-U2OS-48h-P9-L2/2021-12-22/871/specs935-v1-FA-P015093-U2OS-48h-P9-L2_L16_s3_w5A02D4070-7B89-434D-ABEA-A808BFC84EDF.npy,JAK inhibitor
P015093,L16,s4,CBK290154,/mnt/micro-images-pvc/specs935-v1/specs935-v1-FA-P015093-U2OS-48h-P9-L2/2021-12-22/871/specs935-v1-FA-P015093-U2OS-48h-P9-L2_L16_s4_w56D83AC9A-8DFD-4DF4-BAB6-22A69343391A.npy,JAK inhibitor
P015093,L16,s5,CBK290154,/mnt/micro-images-pvc/specs935-v1/specs935-v1-FA-P015093-U2OS-48h-P9-L2/2021-12-22/871/specs935-v1-FA-P015093-U2OS-48h-P9-L2_L16_s5_w5F0FDE235-7912-48E7-9968-1133B0074C79.npy,JAK inhibitor
P015093,L16,s6,CBK290154,/mnt/micro-images-pvc/specs935-v1/specs935-v1-FA-P015093-U2OS-48h-P9-L2/2021-12-22/871/specs935-v1-FA-P015093-U2OS-48h-P9-L2_L16_s6_w5208DF13D-D4BC-42FA-B65C-B64AD3CBC327.npy,JAK inhibitor
P015093,L16,s7,CBK290154,/mnt/micro-images-pvc/specs935-v1/specs935-v1-FA-P015093-U2OS-48h-P9-L2/2021-12-22/871/specs935-v1-FA-P015093-U2OS-48h-P9-L2_L16_s7_w5FC903E2B-1162-47E1-A61A-41CC14CED274.npy,JAK inhibitor
P015093,L16,s8,CBK290154,/mnt/micro-images-pvc/specs935-v1/specs935-v1-FA-P015093-U2OS-48h-P9-L2/2021-12-22/871/specs935-v1-FA-P015093-U2OS-48h-P9-L2_L16_s8_w5AFE5569E-37D0-41FA-A2E0-14742CA81794.npy,JAK inhibitor
P015093,L16,s9,CBK290154,/mnt/micro-images-pvc/specs935-v1/specs935-v1-FA-P015093-U2OS-48h-P9-L2/2021-12-22/871/specs935-v1-FA-P015093-U2OS-48h-P9-L2_L16_s9_w57B1A58DE-9688-4FF5-94EE-0744B9CF8A03.npy,JAK inhibitor
P015093,L20,s1,CBK290608,/mnt/micro-images-pvc/specs935-v1/specs935-v1-FA-P015093-U2OS-48h-P9-L2/2021-12-22/871/specs935-v1-FA-P015093-U2OS-48h-P9-L2_L20_s1_w5FA1AE8BF-1B17-424C-B99A-01EBFDE19A37.npy,JAK inhibitor
P015093,L20,s2,CBK290608,/mnt/micro-images-pvc/specs935-v1/specs935-v1-FA-P015093-U2OS-48h-P9-L2/2021-12-22/871/specs935-v1-FA-P015093-U2OS-48h-P9-L2_L20_s2_w5C177F69E-2F86-4B6A-864D-6C28596C0BA8.npy,JAK inhibitor
P015093,L20,s3,CBK290608,/mnt/micro-images-pvc/specs935-v1/specs935-v1-FA-P015093-U2OS-48h-P9-L2/2021-12-22/871/specs935-v1-FA-P015093-U2OS-48h-P9-L2_L20_s3_w5EF31A14B-252E-4351-9EE6-E638EDC9BDD6.npy,JAK inhibitor
P015093,L20,s4,CBK290608,/mnt/micro-images-pvc/specs935-v1/specs935-v1-FA-P015093-U2OS-48h-P9-L2/2021-12-22/871/specs935-v1-FA-P015093-U2OS-48h-P9-L2_L20_s4_w500F31802-02B0-445D-A708-908E41283AC2.npy,JAK inhibitor
P015093,L20,s5,CBK290608,/mnt/micro-images-pvc/specs935-v1/specs935-v1-FA-P015093-U2OS-48h-P9-L2/2021-12-22/871/specs935-v1-FA-P015093-U2OS-48h-P9-L2_L20_s5_w5D89D1E1E-3B65-489B-AF44-F4263330AAF1.npy,JAK inhibitor
P015093,L20,s6,CBK290608,/mnt/micro-images-pvc/specs935-v1/specs935-v1-FA-P015093-U2OS-48h-P9-L2/2021-12-22/871/specs935-v1-FA-P015093-U2OS-48h-P9-L2_L20_s6_w538FDF4A7-1FF1-4988-8111-3F273A15EF64.npy,JAK inhibitor
P015093,L20,s7,CBK290608,/mnt/micro-images-pvc/specs935-v1/specs935-v1-FA-P015093-U2OS-48h-P9-L2/2021-12-22/871/specs935-v1-FA-P015093-U2OS-48h-P9-L2_L20_s7_w5E69582C4-CC46-41F3-82C5-376CDE14417A.npy,JAK inhibitor
P015093,L20,s8,CBK290608,/mnt/micro-images-pvc/specs935-v1/specs935-v1-FA-P015093-U2OS-48h-P9-L2/2021-12-22/871/specs935-v1-FA-P015093-U2OS-48h-P9-L2_L20_s8_w5D7176A42-616E-4829-8C9A-BB7DEA337683.npy,JAK inhibitor
P015093,L20,s9,CBK290608,/mnt/micro-images-pvc/specs935-v1/specs935-v1-FA-P015093-U2OS-48h-P9-L2/2021-12-22/871/specs935-v1-FA-P015093-U2OS-48h-P9-L2_L20_s9_w580B7E8F2-238F-4E56-9D18-A524ED5E4A05.npy,JAK inhibitor
P015093,M13,s1,CBK293908,/mnt/micro-images-pvc/specs935-v1/specs935-v1-FA-P015093-U2OS-48h-P9-L2/2021-12-22/871/specs935-v1-FA-P015093-U2OS-48h-P9-L2_M13_s1_w568FB3BC5-9435-450F-972D-B28E86CDF037.npy,JAK inhibitor
P015093,M13,s2,CBK293908,/mnt/micro-images-pvc/specs935-v1/specs935-v1-FA-P015093-U2OS-48h-P9-L2/2021-12-22/871/specs935-v1-FA-P015093-U2OS-48h-P9-L2_M13_s2_w5C074A991-F0C4-4021-A7AC-8939362F27C0.npy,JAK inhibitor
P015093,M13,s3,CBK293908,/mnt/micro-images-pvc/specs935-v1/specs935-v1-FA-P015093-U2OS-48h-P9-L2/2021-12-22/871/specs935-v1-FA-P015093-U2OS-48h-P9-L2_M13_s3_w50EF36CFC-149C-470C-8E0C-7905D719F99E.npy,JAK inhibitor
P015093,M13,s4,CBK293908,/mnt/micro-images-pvc/specs935-v1/specs935-v1-FA-P015093-U2OS-48h-P9-L2/2021-12-22/871/specs935-v1-FA-P015093-U2OS-48h-P9-L2_M13_s4_w5C378E296-4E8B-4870-A602-8BA4D092E49D.npy,JAK inhibitor
P015093,M13,s5,CBK293908,/mnt/micro-images-pvc/specs935-v1/specs935-v1-FA-P015093-U2OS-48h-P9-L2/2021-12-22/871/specs935-v1-FA-P015093-U2OS-48h-P9-L2_M13_s5_w58997056D-4C43-4799-B271-27BC2FC53BC7.npy,JAK inhibitor
P015093,M13,s6,CBK293908,/mnt/micro-images-pvc/specs935-v1/specs935-v1-FA-P015093-U2OS-48h-P9-L2/2021-12-22/871/specs935-v1-FA-P015093-U2OS-48h-P9-L2_M13_s6_w527EF2A58-606D-46E5-A733-95C344ED6F1F.npy,JAK inhibitor
P015093,M13,s7,CBK293908,/mnt/micro-images-pvc/specs935-v1/specs935-v1-FA-P015093-U2OS-48h-P9-L2/2021-12-22/871/specs935-v1-FA-P015093-U2OS-48h-P9-L2_M13_s7_w5D2F5B862-F681-4064-9FA6-432E08A45F22.npy,JAK inhibitor
P015093,M13,s8,CBK293908,/mnt/micro-images-pvc/specs935-v1/specs935-v1-FA-P015093-U2OS-48h-P9-L2/2021-12-22/871/specs935-v1-FA-P015093-U2OS-48h-P9-L2_M13_s8_w53420DDCF-A3F0-4561-A309-D2C1A2985E2E.npy,JAK inhibitor
P015093,M13,s9,CBK293908,/mnt/micro-images-pvc/specs935-v1/specs935-v1-FA-P015093-U2OS-48h-P9-L2/2021-12-22/871/specs935-v1-FA-P015093-U2OS-48h-P9-L2_M13_s9_w573293F45-754F-4D75-9A26-17716A933680.npy,JAK inhibitor
P015093,M18,s1,CBK293875,/mnt/micro-images-pvc/specs935-v1/specs935-v1-FA-P015093-U2OS-48h-P9-L2/2021-12-22/871/specs935-v1-FA-P015093-U2OS-48h-P9-L2_M18_s1_w506ADCEDF-CB15-4F41-AD90-D8B77057B1E0.npy,JAK inhibitor
P015093,M18,s2,CBK293875,/mnt/micro-images-pvc/specs935-v1/specs935-v1-FA-P015093-U2OS-48h-P9-L2/2021-12-22/871/specs935-v1-FA-P015093-U2OS-48h-P9-L2_M18_s2_w5C8B32801-9E6D-4268-91FE-8276C46B5E76.npy,JAK inhibitor
P015093,M18,s3,CBK293875,/mnt/micro-images-pvc/specs935-v1/specs935-v1-FA-P015093-U2OS-48h-P9-L2/2021-12-22/871/specs935-v1-FA-P015093-U2OS-48h-P9-L2_M18_s3_w5EC783DE1-C33C-40EF-8DBF-40E5627E66CF.npy,JAK inhibitor
P015093,M18,s4,CBK293875,/mnt/micro-images-pvc/specs935-v1/specs935-v1-FA-P015093-U2OS-48h-P9-L2/2021-12-22/871/specs935-v1-FA-P015093-U2OS-48h-P9-L2_M18_s4_w5D8DEB8EC-A09F-400B-8342-531E38BBF98A.npy,JAK inhibitor
P015093,M18,s5,CBK293875,/mnt/micro-images-pvc/specs935-v1/specs935-v1-FA-P015093-U2OS-48h-P9-L2/2021-12-22/871/specs935-v1-FA-P015093-U2OS-48h-P9-L2_M18_s5_w515E1AB51-8A4E-4451-9348-B6A7992F1BDF.npy,JAK inhibitor
P015093,M18,s6,CBK293875,/mnt/micro-images-pvc/specs935-v1/specs935-v1-FA-P015093-U2OS-48h-P9-L2/2021-12-22/871/specs935-v1-FA-P015093-U2OS-48h-P9-L2_M18_s6_w5EB94BA04-AFFA-472B-80E3-6242B2A4F5AD.npy,JAK inhibitor
P015093,M18,s7,CBK293875,/mnt/micro-images-pvc/specs935-v1/specs935-v1-FA-P015093-U2OS-48h-P9-L2/2021-12-22/871/specs935-v1-FA-P015093-U2OS-48h-P9-L2_M18_s7_w5D07678B5-A109-409A-AF81-CCBCA7A73311.npy,JAK inhibitor
P015093,M18,s8,CBK293875,/mnt/micro-images-pvc/specs935-v1/specs935-v1-FA-P015093-U2OS-48h-P9-L2/2021-12-22/871/specs935-v1-FA-P015093-U2OS-48h-P9-L2_M18_s8_w5BD8A9B37-A202-42C8-9A54-6D4A0ECD734D.npy,JAK inhibitor
P015093,M18,s9,CBK293875,/mnt/micro-images-pvc/specs935-v1/specs935-v1-FA-P015093-U2OS-48h-P9-L2/2021-12-22/871/specs935-v1-FA-P015093-U2OS-48h-P9-L2_M18_s9_w523B2354E-DAF5-4F2C-B8A7-8DBA3C9198E2.npy,JAK inhibitor
P015093,M20,s1,CBK308126,/mnt/micro-images-pvc/specs935-v1/specs935-v1-FA-P015093-U2OS-48h-P9-L2/2021-12-22/871/specs935-v1-FA-P015093-U2OS-48h-P9-L2_M20_s1_w56DE1BE12-9C8A-461D-8C22-7E4CFCC11D3E.npy,JAK inhibitor
P015093,M20,s2,CBK308126,/mnt/micro-images-pvc/specs935-v1/specs935-v1-FA-P015093-U2OS-48h-P9-L2/2021-12-22/871/specs935-v1-FA-P015093-U2OS-48h-P9-L2_M20_s2_w5B9A0C2AC-4B56-4F23-A6E2-F495D453C042.npy,JAK inhibitor
P015093,M20,s3,CBK308126,/mnt/micro-images-pvc/specs935-v1/specs935-v1-FA-P015093-U2OS-48h-P9-L2/2021-12-22/871/specs935-v1-FA-P015093-U2OS-48h-P9-L2_M20_s3_w568CAD89E-F507-4B5D-AC5E-C7EB8E003B98.npy,JAK inhibitor
P015093,M20,s4,CBK308126,/mnt/micro-images-pvc/specs935-v1/specs935-v1-FA-P015093-U2OS-48h-P9-L2/2021-12-22/871/specs935-v1-FA-P015093-U2OS-48h-P9-L2_M20_s4_w57338324A-F5CA-4093-BCA5-E63B1B7104CB.npy,JAK inhibitor
P015093,M20,s5,CBK308126,/mnt/micro-images-pvc/specs935-v1/specs935-v1-FA-P015093-U2OS-48h-P9-L2/2021-12-22/871/specs935-v1-FA-P015093-U2OS-48h-P9-L2_M20_s5_w57258BECF-173A-417A-8251-A0ECFF4B6033.npy,JAK inhibitor
P015093,M20,s6,CBK308126,/mnt/micro-images-pvc/specs935-v1/specs935-v1-FA-P015093-U2OS-48h-P9-L2/2021-12-22/871/specs935-v1-FA-P015093-U2OS-48h-P9-L2_M20_s6_w576920DC5-CBA5-4049-ABE1-740C77829DCD.npy,JAK inhibitor
P015093,M20,s7,CBK308126,/mnt/micro-images-pvc/specs935-v1/specs935-v1-FA-P015093-U2OS-48h-P9-L2/2021-12-22/871/specs935-v1-FA-P015093-U2OS-48h-P9-L2_M20_s7_w56E84E7C6-7A67-4473-AEEB-B073E4B82A26.npy,JAK inhibitor
P015093,M20,s8,CBK308126,/mnt/micro-images-pvc/specs935-v1/specs935-v1-FA-P015093-U2OS-48h-P9-L2/2021-12-22/871/specs935-v1-FA-P015093-U2OS-48h-P9-L2_M20_s8_w53FA61EF7-EDB2-45B0-91C5-65856D3344EE.npy,JAK inhibitor
P015093,M20,s9,CBK308126,/mnt/micro-images-pvc/specs935-v1/specs935-v1-FA-P015093-U2OS-48h-P9-L2/2021-12-22/871/specs935-v1-FA-P015093-U2OS-48h-P9-L2_M20_s9_w5FDC8A6F2-0A0F-4A79-AD53-844AC60765DE.npy,JAK inhibitor
P015093,N06,s1,CBK290154,/mnt/micro-images-pvc/specs935-v1/specs935-v1-FA-P015093-U2OS-48h-P9-L2/2021-12-22/871/specs935-v1-FA-P015093-U2OS-48h-P9-L2_N06_s1_w5E183F629-A33D-49C5-9CCF-941AE9D724F1.npy,JAK inhibitor
P015093,N06,s2,CBK290154,/mnt/micro-images-pvc/specs935-v1/specs935-v1-FA-P015093-U2OS-48h-P9-L2/2021-12-22/871/specs935-v1-FA-P015093-U2OS-48h-P9-L2_N06_s2_w5DAA5556B-89DA-40AB-8B95-D97AD7856855.npy,JAK inhibitor
P015093,N06,s3,CBK290154,/mnt/micro-images-pvc/specs935-v1/specs935-v1-FA-P015093-U2OS-48h-P9-L2/2021-12-22/871/specs935-v1-FA-P015093-U2OS-48h-P9-L2_N06_s3_w50107E191-111E-4DA0-A7C4-1A44FE68A9A8.npy,JAK inhibitor
P015093,N06,s4,CBK290154,/mnt/micro-images-pvc/specs935-v1/specs935-v1-FA-P015093-U2OS-48h-P9-L2/2021-12-22/871/specs935-v1-FA-P015093-U2OS-48h-P9-L2_N06_s4_w5A85D5F83-E124-4A1C-BADF-D5B8EC131451.npy,JAK inhibitor
P015093,N06,s5,CBK290154,/mnt/micro-images-pvc/specs935-v1/specs935-v1-FA-P015093-U2OS-48h-P9-L2/2021-12-22/871/specs935-v1-FA-P015093-U2OS-48h-P9-L2_N06_s5_w59DFD86EE-2EA0-457B-A405-16891CA0EEAA.npy,JAK inhibitor
P015093,N06,s6,CBK290154,/mnt/micro-images-pvc/specs935-v1/specs935-v1-FA-P015093-U2OS-48h-P9-L2/2021-12-22/871/specs935-v1-FA-P015093-U2OS-48h-P9-L2_N06_s6_w5E713025F-2888-4F3B-9F4C-0648DD7C30F8.npy,JAK inhibitor
P015093,N06,s7,CBK290154,/mnt/micro-images-pvc/specs935-v1/specs935-v1-FA-P015093-U2OS-48h-P9-L2/2021-12-22/871/specs935-v1-FA-P015093-U2OS-48h-P9-L2_N06_s7_w59A974864-EEFB-4AF6-AE0B-74B662CA8C81.npy,JAK inhibitor
P015093,N06,s8,CBK290154,/mnt/micro-images-pvc/specs935-v1/specs935-v1-FA-P015093-U2OS-48h-P9-L2/2021-12-22/871/specs935-v1-FA-P015093-U2OS-48h-P9-L2_N06_s8_w57C7EDAD5-F2D1-4BF5-BF41-D408E2C74599.npy,JAK inhibitor
P015093,N06,s9,CBK290154,/mnt/micro-images-pvc/specs935-v1/specs935-v1-FA-P015093-U2OS-48h-P9-L2/2021-12-22/871/specs935-v1-FA-P015093-U2OS-48h-P9-L2_N06_s9_w55BE21A80-B03C-4E00-AAA9-C759052BC395.npy,JAK inhibitor
P015093,O15,s1,CBK290852,/mnt/micro-images-pvc/specs935-v1/specs935-v1-FA-P015093-U2OS-48h-P9-L2/2021-12-22/871/specs935-v1-FA-P015093-U2OS-48h-P9-L2_O15_s1_w579AC64EE-4718-4EFB-BCC2-4C075EADBF71.npy,JAK inhibitor
P015093,O15,s2,CBK290852,/mnt/micro-images-pvc/specs935-v1/specs935-v1-FA-P015093-U2OS-48h-P9-L2/2021-12-22/871/specs935-v1-FA-P015093-U2OS-48h-P9-L2_O15_s2_w5C46C36A2-AE34-4942-912D-8CB3DA1E6D2B.npy,JAK inhibitor
P015093,O15,s3,CBK290852,/mnt/micro-images-pvc/specs935-v1/specs935-v1-FA-P015093-U2OS-48h-P9-L2/2021-12-22/871/specs935-v1-FA-P015093-U2OS-48h-P9-L2_O15_s3_w53B47259F-BA33-459F-86F6-3D4185E9166C.npy,JAK inhibitor
P015093,O15,s4,CBK290852,/mnt/micro-images-pvc/specs935-v1/specs935-v1-FA-P015093-U2OS-48h-P9-L2/2021-12-22/871/specs935-v1-FA-P015093-U2OS-48h-P9-L2_O15_s4_w5DC086F79-5CA2-48F8-B109-93E67C1FA425.npy,JAK inhibitor
P015093,O15,s5,CBK290852,/mnt/micro-images-pvc/specs935-v1/specs935-v1-FA-P015093-U2OS-48h-P9-L2/2021-12-22/871/specs935-v1-FA-P015093-U2OS-48h-P9-L2_O15_s5_w5DCED0BBA-5344-4A81-9B31-A25B7DA31B5C.npy,JAK inhibitor
P015093,O15,s6,CBK290852,/mnt/micro-images-pvc/specs935-v1/specs935-v1-FA-P015093-U2OS-48h-P9-L2/2021-12-22/871/specs935-v1-FA-P015093-U2OS-48h-P9-L2_O15_s6_w5A5E8CC73-A9E1-47AA-9481-34DB91E86B21.npy,JAK inhibitor
P015093,O15,s7,CBK290852,/mnt/micro-images-pvc/specs935-v1/specs935-v1-FA-P015093-U2OS-48h-P9-L2/2021-12-22/871/specs935-v1-FA-P015093-U2OS-48h-P9-L2_O15_s7_w5443DE87B-D2E3-4884-9A5F-D4E4C78522DA.npy,JAK inhibitor
P015093,O15,s8,CBK290852,/mnt/micro-images-pvc/specs935-v1/specs935-v1-FA-P015093-U2OS-48h-P9-L2/2021-12-22/871/specs935-v1-FA-P015093-U2OS-48h-P9-L2_O15_s8_w5831CF964-56DE-4A78-828D-4998BEE2163C.npy,JAK inhibitor
P015093,O15,s9,CBK290852,/mnt/micro-images-pvc/specs935-v1/specs935-v1-FA-P015093-U2OS-48h-P9-L2/2021-12-22/871/specs935-v1-FA-P015093-U2OS-48h-P9-L2_O15_s9_w5D114E67D-C7B5-4792-9D3D-D8A725834E7E.npy,JAK inhibitor
P015093,O21,s1,CBK309133,/mnt/micro-images-pvc/specs935-v1/specs935-v1-FA-P015093-U2OS-48h-P9-L2/2021-12-22/871/specs935-v1-FA-P015093-U2OS-48h-P9-L2_O21_s1_w5C2EF84A1-F2AD-4A02-87BE-DA763DD86D6B.npy,JAK inhibitor
P015093,O21,s2,CBK309133,/mnt/micro-images-pvc/specs935-v1/specs935-v1-FA-P015093-U2OS-48h-P9-L2/2021-12-22/871/specs935-v1-FA-P015093-U2OS-48h-P9-L2_O21_s2_w587C4D32F-13D5-4B8D-AD22-570EF17F0356.npy,JAK inhibitor
P015093,O21,s3,CBK309133,/mnt/micro-images-pvc/specs935-v1/specs935-v1-FA-P015093-U2OS-48h-P9-L2/2021-12-22/871/specs935-v1-FA-P015093-U2OS-48h-P9-L2_O21_s3_w5F5AF72DA-8D8D-4E22-834C-31A606E26417.npy,JAK inhibitor
P015093,O21,s4,CBK309133,/mnt/micro-images-pvc/specs935-v1/specs935-v1-FA-P015093-U2OS-48h-P9-L2/2021-12-22/871/specs935-v1-FA-P015093-U2OS-48h-P9-L2_O21_s4_w55F570A28-3239-4343-8994-3282020D3D89.npy,JAK inhibitor
P015093,O21,s5,CBK309133,/mnt/micro-images-pvc/specs935-v1/specs935-v1-FA-P015093-U2OS-48h-P9-L2/2021-12-22/871/specs935-v1-FA-P015093-U2OS-48h-P9-L2_O21_s5_w5DECB91D6-B979-446A-AD2E-6C7B9EF79E52.npy,JAK inhibitor
P015093,O21,s6,CBK309133,/mnt/micro-images-pvc/specs935-v1/specs935-v1-FA-P015093-U2OS-48h-P9-L2/2021-12-22/871/specs935-v1-FA-P015093-U2OS-48h-P9-L2_O21_s6_w5D2CB3526-1DBA-4BFD-961D-AF1885C95BA1.npy,JAK inhibitor
P015093,O21,s7,CBK309133,/mnt/micro-images-pvc/specs935-v1/specs935-v1-FA-P015093-U2OS-48h-P9-L2/2021-12-22/871/specs935-v1-FA-P015093-U2OS-48h-P9-L2_O21_s7_w5E8EE4F4A-45A8-4859-9671-20F5671A605E.npy,JAK inhibitor
P015093,O21,s8,CBK309133,/mnt/micro-images-pvc/specs935-v1/specs935-v1-FA-P015093-U2OS-48h-P9-L2/2021-12-22/871/specs935-v1-FA-P015093-U2OS-48h-P9-L2_O21_s8_w5E368B4A8-5FD4-4FE0-B52C-2D6FAE6CF717.npy,JAK inhibitor
P015093,O21,s9,CBK309133,/mnt/micro-images-pvc/specs935-v1/specs935-v1-FA-P015093-U2OS-48h-P9-L2/2021-12-22/871/specs935-v1-FA-P015093-U2OS-48h-P9-L2_O21_s9_w5C63A19DB-4AF1-4904-A485-98062C321169.npy,JAK inhibitor
P015094,B14,s1,CBK277950,/mnt/micro-images-pvc/specs935-v1/specs935-v1-FA-P015094-U2OS-48h-P10-L1/2021-12-19/856/specs935-v1-FA-P015094-U2OS-48h-P10-L1_B14_s1_w50F3C5552-A11A-4AF3-AC43-BE250AB42713.npy,PARP inhibitor
P015094,B14,s2,CBK277950,/mnt/micro-images-pvc/specs935-v1/specs935-v1-FA-P015094-U2OS-48h-P10-L1/2021-12-19/856/specs935-v1-FA-P015094-U2OS-48h-P10-L1_B14_s2_w502CBDB35-94E9-4D71-8085-03CA6279862A.npy,PARP inhibitor
P015094,B14,s3,CBK277950,/mnt/micro-images-pvc/specs935-v1/specs935-v1-FA-P015094-U2OS-48h-P10-L1/2021-12-19/856/specs935-v1-FA-P015094-U2OS-48h-P10-L1_B14_s3_w5B75ED355-110E-44B5-90D9-731CB9B8E4C7.npy,PARP inhibitor
P015094,B14,s4,CBK277950,/mnt/micro-images-pvc/specs935-v1/specs935-v1-FA-P015094-U2OS-48h-P10-L1/2021-12-19/856/specs935-v1-FA-P015094-U2OS-48h-P10-L1_B14_s4_w56EE4C58B-27DC-48F1-894C-89C8FB244401.npy,PARP inhibitor
P015094,B14,s5,CBK277950,/mnt/micro-images-pvc/specs935-v1/specs935-v1-FA-P015094-U2OS-48h-P10-L1/2021-12-19/856/specs935-v1-FA-P015094-U2OS-48h-P10-L1_B14_s5_w56FA3BED5-46BE-423B-B2F4-090148924C45.npy,PARP inhibitor
P015094,B14,s6,CBK277950,/mnt/micro-images-pvc/specs935-v1/specs935-v1-FA-P015094-U2OS-48h-P10-L1/2021-12-19/856/specs935-v1-FA-P015094-U2OS-48h-P10-L1_B14_s6_w5380C1E21-25E8-488E-8184-750F527D52AB.npy,PARP inhibitor
P015094,B14,s7,CBK277950,/mnt/micro-images-pvc/specs935-v1/specs935-v1-FA-P015094-U2OS-48h-P10-L1/2021-12-19/856/specs935-v1-FA-P015094-U2OS-48h-P10-L1_B14_s7_w5D00B989A-765B-4BF1-A10F-7B596A063803.npy,PARP inhibitor
P015094,B14,s8,CBK277950,/mnt/micro-images-pvc/specs935-v1/specs935-v1-FA-P015094-U2OS-48h-P10-L1/2021-12-19/856/specs935-v1-FA-P015094-U2OS-48h-P10-L1_B14_s8_w54D385F38-8DA0-4D46-B9F0-34DDC941A632.npy,PARP inhibitor
P015094,B14,s9,CBK277950,/mnt/micro-images-pvc/specs935-v1/specs935-v1-FA-P015094-U2OS-48h-P10-L1/2021-12-19/856/specs935-v1-FA-P015094-U2OS-48h-P10-L1_B14_s9_w5B0A211B4-7DA0-4577-A9FC-9DFF4E09B42B.npy,PARP inhibitor
P015094,B23,s1,CBK308321,/mnt/micro-images-pvc/specs935-v1/specs935-v1-FA-P015094-U2OS-48h-P10-L1/2021-12-19/856/specs935-v1-FA-P015094-U2OS-48h-P10-L1_B23_s1_w54684C4EC-1EEC-47AF-AB03-4AABFCF33975.npy,PARP inhibitor
P015094,B23,s2,CBK308321,/mnt/micro-images-pvc/specs935-v1/specs935-v1-FA-P015094-U2OS-48h-P10-L1/2021-12-19/856/specs935-v1-FA-P015094-U2OS-48h-P10-L1_B23_s2_w5F0BC3D11-FDD9-4010-835E-8408B4ED723C.npy,PARP inhibitor
P015094,B23,s3,CBK308321,/mnt/micro-images-pvc/specs935-v1/specs935-v1-FA-P015094-U2OS-48h-P10-L1/2021-12-19/856/specs935-v1-FA-P015094-U2OS-48h-P10-L1_B23_s3_w5131A95C9-D0A4-4AE1-82F7-F7C01B425B39.npy,PARP inhibitor
P015094,B23,s4,CBK308321,/mnt/micro-images-pvc/specs935-v1/specs935-v1-FA-P015094-U2OS-48h-P10-L1/2021-12-19/856/specs935-v1-FA-P015094-U2OS-48h-P10-L1_B23_s4_w500FD5B37-717A-4867-A1DF-CEEEC67F3E86.npy,PARP inhibitor
P015094,B23,s5,CBK308321,/mnt/micro-images-pvc/specs935-v1/specs935-v1-FA-P015094-U2OS-48h-P10-L1/2021-12-19/856/specs935-v1-FA-P015094-U2OS-48h-P10-L1_B23_s5_w5D1EFE917-65C6-43D6-9CA0-105C0003E506.npy,PARP inhibitor
P015094,B23,s6,CBK308321,/mnt/micro-images-pvc/specs935-v1/specs935-v1-FA-P015094-U2OS-48h-P10-L1/2021-12-19/856/specs935-v1-FA-P015094-U2OS-48h-P10-L1_B23_s6_w520884DFF-DD6F-4E26-899B-10CB9B2585B1.npy,PARP inhibitor
P015094,B23,s7,CBK308321,/mnt/micro-images-pvc/specs935-v1/specs935-v1-FA-P015094-U2OS-48h-P10-L1/2021-12-19/856/specs935-v1-FA-P015094-U2OS-48h-P10-L1_B23_s7_w5D7A5771B-406A-46F6-9DBE-037580725E2A.npy,PARP inhibitor
P015094,B23,s8,CBK308321,/mnt/micro-images-pvc/specs935-v1/specs935-v1-FA-P015094-U2OS-48h-P10-L1/2021-12-19/856/specs935-v1-FA-P015094-U2OS-48h-P10-L1_B23_s8_w55656EC49-F764-49F5-AD22-71E6352B0240.npy,PARP inhibitor
P015094,B23,s9,CBK308321,/mnt/micro-images-pvc/specs935-v1/specs935-v1-FA-P015094-U2OS-48h-P10-L1/2021-12-19/856/specs935-v1-FA-P015094-U2OS-48h-P10-L1_B23_s9_w5B711AF25-DF22-4C4D-A0CF-62263744DE96.npy,PARP inhibitor
P015094,C02,s1,CBK308846,/mnt/micro-images-pvc/specs935-v1/specs935-v1-FA-P015094-U2OS-48h-P10-L1/2021-12-19/856/specs935-v1-FA-P015094-U2OS-48h-P10-L1_C02_s1_w5DDA76632-C198-470A-8642-0E73616102F9.npy,PARP inhibitor
P015094,C02,s2,CBK308846,/mnt/micro-images-pvc/specs935-v1/specs935-v1-FA-P015094-U2OS-48h-P10-L1/2021-12-19/856/specs935-v1-FA-P015094-U2OS-48h-P10-L1_C02_s2_w5BF45A87F-1EA0-46C5-B59C-51CA5253BFE2.npy,PARP inhibitor
P015094,C02,s3,CBK308846,/mnt/micro-images-pvc/specs935-v1/specs935-v1-FA-P015094-U2OS-48h-P10-L1/2021-12-19/856/specs935-v1-FA-P015094-U2OS-48h-P10-L1_C02_s3_w5AFB23BB6-D0B0-42A3-9C16-5C5ACF71585E.npy,PARP inhibitor
P015094,C02,s4,CBK308846,/mnt/micro-images-pvc/specs935-v1/specs935-v1-FA-P015094-U2OS-48h-P10-L1/2021-12-19/856/specs935-v1-FA-P015094-U2OS-48h-P10-L1_C02_s4_w5B80A276A-4BD9-4857-A28D-FBE176242598.npy,PARP inhibitor
P015094,C02,s5,CBK308846,/mnt/micro-images-pvc/specs935-v1/specs935-v1-FA-P015094-U2OS-48h-P10-L1/2021-12-19/856/specs935-v1-FA-P015094-U2OS-48h-P10-L1_C02_s5_w568BD16E2-FFD6-41CF-B38F-98BA96D86F41.npy,PARP inhibitor
P015094,C02,s6,CBK308846,/mnt/micro-images-pvc/specs935-v1/specs935-v1-FA-P015094-U2OS-48h-P10-L1/2021-12-19/856/specs935-v1-FA-P015094-U2OS-48h-P10-L1_C02_s6_w5420C8310-0AE4-487F-8D8D-779BAA2CFEB9.npy,PARP inhibitor
P015094,C02,s7,CBK308846,/mnt/micro-images-pvc/specs935-v1/specs935-v1-FA-P015094-U2OS-48h-P10-L1/2021-12-19/856/specs935-v1-FA-P015094-U2OS-48h-P10-L1_C02_s7_w5D5D3D40F-43F5-4588-9442-D5DFAD408204.npy,PARP inhibitor
P015094,C02,s8,CBK308846,/mnt/micro-images-pvc/specs935-v1/specs935-v1-FA-P015094-U2OS-48h-P10-L1/2021-12-19/856/specs935-v1-FA-P015094-U2OS-48h-P10-L1_C02_s8_w565EEBB34-4922-4289-9E65-C84570358F45.npy,PARP inhibitor
P015094,C02,s9,CBK308846,/mnt/micro-images-pvc/specs935-v1/specs935-v1-FA-P015094-U2OS-48h-P10-L1/2021-12-19/856/specs935-v1-FA-P015094-U2OS-48h-P10-L1_C02_s9_w5DEBBDC31-CCDD-4ED4-8403-BCDC66364E0B.npy,PARP inhibitor
P015094,C03,s1,CBK277926,/mnt/micro-images-pvc/specs935-v1/specs935-v1-FA-P015094-U2OS-48h-P10-L1/2021-12-19/856/specs935-v1-FA-P015094-U2OS-48h-P10-L1_C03_s1_w5CDA3187C-B713-4CDD-881B-6A1847076964.npy,PARP inhibitor
P015094,C03,s2,CBK277926,/mnt/micro-images-pvc/specs935-v1/specs935-v1-FA-P015094-U2OS-48h-P10-L1/2021-12-19/856/specs935-v1-FA-P015094-U2OS-48h-P10-L1_C03_s2_w5E20D8BC8-1905-4EBD-8F0F-54174B2926AD.npy,PARP inhibitor
P015094,C03,s3,CBK277926,/mnt/micro-images-pvc/specs935-v1/specs935-v1-FA-P015094-U2OS-48h-P10-L1/2021-12-19/856/specs935-v1-FA-P015094-U2OS-48h-P10-L1_C03_s3_w5F8367D7C-C408-4E24-8BF6-9F065AFC30E1.npy,PARP inhibitor
P015094,C03,s4,CBK277926,/mnt/micro-images-pvc/specs935-v1/specs935-v1-FA-P015094-U2OS-48h-P10-L1/2021-12-19/856/specs935-v1-FA-P015094-U2OS-48h-P10-L1_C03_s4_w567002E41-4558-4D3B-910F-D2AFB6032349.npy,PARP inhibitor
P015094,C03,s5,CBK277926,/mnt/micro-images-pvc/specs935-v1/specs935-v1-FA-P015094-U2OS-48h-P10-L1/2021-12-19/856/specs935-v1-FA-P015094-U2OS-48h-P10-L1_C03_s5_w52D0A8BCC-D001-4A1D-B869-9D7E350877DC.npy,PARP inhibitor
P015094,C03,s6,CBK277926,/mnt/micro-images-pvc/specs935-v1/specs935-v1-FA-P015094-U2OS-48h-P10-L1/2021-12-19/856/specs935-v1-FA-P015094-U2OS-48h-P10-L1_C03_s6_w5C63BC69A-644F-495E-B8E3-2F258A6AF25D.npy,PARP inhibitor
P015094,C03,s7,CBK277926,/mnt/micro-images-pvc/specs935-v1/specs935-v1-FA-P015094-U2OS-48h-P10-L1/2021-12-19/856/specs935-v1-FA-P015094-U2OS-48h-P10-L1_C03_s7_w5403E8057-983F-4DD8-B15D-7BBC80C733BD.npy,PARP inhibitor
P015094,C03,s8,CBK277926,/mnt/micro-images-pvc/specs935-v1/specs935-v1-FA-P015094-U2OS-48h-P10-L1/2021-12-19/856/specs935-v1-FA-P015094-U2OS-48h-P10-L1_C03_s8_w5491A10A1-7120-43A6-8951-AA531FE87B6A.npy,PARP inhibitor
P015094,C03,s9,CBK277926,/mnt/micro-images-pvc/specs935-v1/specs935-v1-FA-P015094-U2OS-48h-P10-L1/2021-12-19/856/specs935-v1-FA-P015094-U2OS-48h-P10-L1_C03_s9_w547CDFAA7-3F22-4279-AC4A-3FC1923E8388.npy,PARP inhibitor
P015094,C20,s1,CBK278729,/mnt/micro-images-pvc/specs935-v1/specs935-v1-FA-P015094-U2OS-48h-P10-L1/2021-12-19/856/specs935-v1-FA-P015094-U2OS-48h-P10-L1_C20_s1_w51C121E8F-50C3-4ABC-AD5D-765DB1DE2139.npy,PARP inhibitor
P015094,C20,s2,CBK278729,/mnt/micro-images-pvc/specs935-v1/specs935-v1-FA-P015094-U2OS-48h-P10-L1/2021-12-19/856/specs935-v1-FA-P015094-U2OS-48h-P10-L1_C20_s2_w595C89831-A87F-4D01-B953-C6A07F4CE2C7.npy,PARP inhibitor
P015094,C20,s3,CBK278729,/mnt/micro-images-pvc/specs935-v1/specs935-v1-FA-P015094-U2OS-48h-P10-L1/2021-12-19/856/specs935-v1-FA-P015094-U2OS-48h-P10-L1_C20_s3_w541CD6BB1-2293-4BCD-B7CF-EF56292FFE1E.npy,PARP inhibitor
P015094,C20,s4,CBK278729,/mnt/micro-images-pvc/specs935-v1/specs935-v1-FA-P015094-U2OS-48h-P10-L1/2021-12-19/856/specs935-v1-FA-P015094-U2OS-48h-P10-L1_C20_s4_w5DA7CB3BF-C3E8-4B7E-8938-F4B46AF0E9EB.npy,PARP inhibitor
P015094,C20,s5,CBK278729,/mnt/micro-images-pvc/specs935-v1/specs935-v1-FA-P015094-U2OS-48h-P10-L1/2021-12-19/856/specs935-v1-FA-P015094-U2OS-48h-P10-L1_C20_s5_w5EC9C28F1-4964-44C9-B53B-847616B375B6.npy,PARP inhibitor
P015094,C20,s6,CBK278729,/mnt/micro-images-pvc/specs935-v1/specs935-v1-FA-P015094-U2OS-48h-P10-L1/2021-12-19/856/specs935-v1-FA-P015094-U2OS-48h-P10-L1_C20_s6_w5B328DA6C-66CD-415C-AFB6-770DDB014C68.npy,PARP inhibitor
P015094,C20,s7,CBK278729,/mnt/micro-images-pvc/specs935-v1/specs935-v1-FA-P015094-U2OS-48h-P10-L1/2021-12-19/856/specs935-v1-FA-P015094-U2OS-48h-P10-L1_C20_s7_w5E544735A-DD27-447A-A0DB-E6968247D4C1.npy,PARP inhibitor
P015094,C20,s8,CBK278729,/mnt/micro-images-pvc/specs935-v1/specs935-v1-FA-P015094-U2OS-48h-P10-L1/2021-12-19/856/specs935-v1-FA-P015094-U2OS-48h-P10-L1_C20_s8_w57A2831FE-593C-4B93-9380-2F95FB0D3468.npy,PARP inhibitor
P015094,C20,s9,CBK278729,/mnt/micro-images-pvc/specs935-v1/specs935-v1-FA-P015094-U2OS-48h-P10-L1/2021-12-19/856/specs935-v1-FA-P015094-U2OS-48h-P10-L1_C20_s9_w521CE7F89-567F-4F84-BA33-94DFB08EF95F.npy,PARP inhibitor
P015094,D22,s1,CBK290883,/mnt/micro-images-pvc/specs935-v1/specs935-v1-FA-P015094-U2OS-48h-P10-L1/2021-12-19/856/specs935-v1-FA-P015094-U2OS-48h-P10-L1_D22_s1_w576A642F2-632B-4AC0-8760-343AE0240BA2.npy,PARP inhibitor
P015094,D22,s2,CBK290883,/mnt/micro-images-pvc/specs935-v1/specs935-v1-FA-P015094-U2OS-48h-P10-L1/2021-12-19/856/specs935-v1-FA-P015094-U2OS-48h-P10-L1_D22_s2_w5D42C5E86-0855-4829-8DAB-9DF6E69B3293.npy,PARP inhibitor
P015094,D22,s3,CBK290883,/mnt/micro-images-pvc/specs935-v1/specs935-v1-FA-P015094-U2OS-48h-P10-L1/2021-12-19/856/specs935-v1-FA-P015094-U2OS-48h-P10-L1_D22_s3_w5E1C90697-E5A0-4971-A60E-F3F5B2A53D62.npy,PARP inhibitor
P015094,D22,s4,CBK290883,/mnt/micro-images-pvc/specs935-v1/specs935-v1-FA-P015094-U2OS-48h-P10-L1/2021-12-19/856/specs935-v1-FA-P015094-U2OS-48h-P10-L1_D22_s4_w5B85B6A4D-17D6-4647-A07F-E3303D247245.npy,PARP inhibitor
P015094,D22,s5,CBK290883,/mnt/micro-images-pvc/specs935-v1/specs935-v1-FA-P015094-U2OS-48h-P10-L1/2021-12-19/856/specs935-v1-FA-P015094-U2OS-48h-P10-L1_D22_s5_w5A379636C-6D57-4D3F-839B-3B1267BCA765.npy,PARP inhibitor
P015094,D22,s6,CBK290883,/mnt/micro-images-pvc/specs935-v1/specs935-v1-FA-P015094-U2OS-48h-P10-L1/2021-12-19/856/specs935-v1-FA-P015094-U2OS-48h-P10-L1_D22_s6_w5003A8742-6096-4880-B324-2CB23075F794.npy,PARP inhibitor
P015094,D22,s7,CBK290883,/mnt/micro-images-pvc/specs935-v1/specs935-v1-FA-P015094-U2OS-48h-P10-L1/2021-12-19/856/specs935-v1-FA-P015094-U2OS-48h-P10-L1_D22_s7_w510FEEF78-3921-4DF6-ABEB-5A9C274530DE.npy,PARP inhibitor
P015094,D22,s8,CBK290883,/mnt/micro-images-pvc/specs935-v1/specs935-v1-FA-P015094-U2OS-48h-P10-L1/2021-12-19/856/specs935-v1-FA-P015094-U2OS-48h-P10-L1_D22_s8_w53CD1D6C9-D5B2-47ED-AC8B-5A4E0A7BD419.npy,PARP inhibitor
P015094,D22,s9,CBK290883,/mnt/micro-images-pvc/specs935-v1/specs935-v1-FA-P015094-U2OS-48h-P10-L1/2021-12-19/856/specs935-v1-FA-P015094-U2OS-48h-P10-L1_D22_s9_w59227A297-AC5C-49A8-8AF0-D359DF992B0E.npy,PARP inhibitor
P015094,E06,s1,CBK308321,/mnt/micro-images-pvc/specs935-v1/specs935-v1-FA-P015094-U2OS-48h-P10-L1/2021-12-19/856/specs935-v1-FA-P015094-U2OS-48h-P10-L1_E06_s1_w563B9197D-AEB1-4F89-8D20-7BA3F96BC54C.npy,PARP inhibitor
P015094,E06,s2,CBK308321,/mnt/micro-images-pvc/specs935-v1/specs935-v1-FA-P015094-U2OS-48h-P10-L1/2021-12-19/856/specs935-v1-FA-P015094-U2OS-48h-P10-L1_E06_s2_w57B85084A-89AB-4038-B695-7F69403BC2EA.npy,PARP inhibitor
P015094,E06,s3,CBK308321,/mnt/micro-images-pvc/specs935-v1/specs935-v1-FA-P015094-U2OS-48h-P10-L1/2021-12-19/856/specs935-v1-FA-P015094-U2OS-48h-P10-L1_E06_s3_w594F65B14-F5FA-4830-A48A-ADEACD78DF6C.npy,PARP inhibitor
P015094,E06,s4,CBK308321,/mnt/micro-images-pvc/specs935-v1/specs935-v1-FA-P015094-U2OS-48h-P10-L1/2021-12-19/856/specs935-v1-FA-P015094-U2OS-48h-P10-L1_E06_s4_w5DA96FF06-A1E1-4904-90CC-429B8396B5DC.npy,PARP inhibitor
P015094,E06,s5,CBK308321,/mnt/micro-images-pvc/specs935-v1/specs935-v1-FA-P015094-U2OS-48h-P10-L1/2021-12-19/856/specs935-v1-FA-P015094-U2OS-48h-P10-L1_E06_s5_w5173AAD2B-8D18-40AE-AD9E-30A4200F6616.npy,PARP inhibitor
P015094,E06,s6,CBK308321,/mnt/micro-images-pvc/specs935-v1/specs935-v1-FA-P015094-U2OS-48h-P10-L1/2021-12-19/856/specs935-v1-FA-P015094-U2OS-48h-P10-L1_E06_s6_w586C79856-85F8-424F-BED6-6912A759E2D6.npy,PARP inhibitor
P015094,E06,s7,CBK308321,/mnt/micro-images-pvc/specs935-v1/specs935-v1-FA-P015094-U2OS-48h-P10-L1/2021-12-19/856/specs935-v1-FA-P015094-U2OS-48h-P10-L1_E06_s7_w54D10F311-50F6-440B-BBE5-C0DB4AFBDE4C.npy,PARP inhibitor
P015094,E06,s8,CBK308321,/mnt/micro-images-pvc/specs935-v1/specs935-v1-FA-P015094-U2OS-48h-P10-L1/2021-12-19/856/specs935-v1-FA-P015094-U2OS-48h-P10-L1_E06_s8_w5A2BF32A3-87A4-43C1-B119-F4CDE1A3D6FF.npy,PARP inhibitor
P015094,E06,s9,CBK308321,/mnt/micro-images-pvc/specs935-v1/specs935-v1-FA-P015094-U2OS-48h-P10-L1/2021-12-19/856/specs935-v1-FA-P015094-U2OS-48h-P10-L1_E06_s9_w57B7E1623-519A-4968-BF33-4191DEFA6E1F.npy,PARP inhibitor
P015094,E10,s1,CBK290883,/mnt/micro-images-pvc/specs935-v1/specs935-v1-FA-P015094-U2OS-48h-P10-L1/2021-12-19/856/specs935-v1-FA-P015094-U2OS-48h-P10-L1_E10_s1_w51D9D3921-D910-4696-BCA2-0B98A49F2B6C.npy,PARP inhibitor
P015094,E10,s2,CBK290883,/mnt/micro-images-pvc/specs935-v1/specs935-v1-FA-P015094-U2OS-48h-P10-L1/2021-12-19/856/specs935-v1-FA-P015094-U2OS-48h-P10-L1_E10_s2_w5A95E6E43-D8C5-41B8-B60C-469781107DA9.npy,PARP inhibitor
P015094,E10,s3,CBK290883,/mnt/micro-images-pvc/specs935-v1/specs935-v1-FA-P015094-U2OS-48h-P10-L1/2021-12-19/856/specs935-v1-FA-P015094-U2OS-48h-P10-L1_E10_s3_w53A4A22B0-7EBC-4F97-B2BE-4E29E87E55C3.npy,PARP inhibitor
P015094,E10,s4,CBK290883,/mnt/micro-images-pvc/specs935-v1/specs935-v1-FA-P015094-U2OS-48h-P10-L1/2021-12-19/856/specs935-v1-FA-P015094-U2OS-48h-P10-L1_E10_s4_w5D9F3D662-8BDC-477D-99EB-AF0EB32FE20A.npy,PARP inhibitor
P015094,E10,s5,CBK290883,/mnt/micro-images-pvc/specs935-v1/specs935-v1-FA-P015094-U2OS-48h-P10-L1/2021-12-19/856/specs935-v1-FA-P015094-U2OS-48h-P10-L1_E10_s5_w57591D7AD-0105-4F1D-93EB-2D3A59EB80E6.npy,PARP inhibitor
P015094,E10,s6,CBK290883,/mnt/micro-images-pvc/specs935-v1/specs935-v1-FA-P015094-U2OS-48h-P10-L1/2021-12-19/856/specs935-v1-FA-P015094-U2OS-48h-P10-L1_E10_s6_w52BBEC5CF-E718-41F6-B873-1331A8C1423B.npy,PARP inhibitor
P015094,E10,s7,CBK290883,/mnt/micro-images-pvc/specs935-v1/specs935-v1-FA-P015094-U2OS-48h-P10-L1/2021-12-19/856/specs935-v1-FA-P015094-U2OS-48h-P10-L1_E10_s7_w5BF67CDEC-7D15-483D-AC95-D41311BF5849.npy,PARP inhibitor
P015094,E10,s8,CBK290883,/mnt/micro-images-pvc/specs935-v1/specs935-v1-FA-P015094-U2OS-48h-P10-L1/2021-12-19/856/specs935-v1-FA-P015094-U2OS-48h-P10-L1_E10_s8_w577F9818E-6CDF-4391-898B-D6ED82FB5366.npy,PARP inhibitor
P015094,E10,s9,CBK290883,/mnt/micro-images-pvc/specs935-v1/specs935-v1-FA-P015094-U2OS-48h-P10-L1/2021-12-19/856/specs935-v1-FA-P015094-U2OS-48h-P10-L1_E10_s9_w59799C4F6-5B56-497D-AE37-CB2A48C42982.npy,PARP inhibitor
P015094,E20,s1,CBK309255,/mnt/micro-images-pvc/specs935-v1/specs935-v1-FA-P015094-U2OS-48h-P10-L1/2021-12-19/856/specs935-v1-FA-P015094-U2OS-48h-P10-L1_E20_s1_w52DDD529B-B212-4877-96DE-EC800F39F6B0.npy,PARP inhibitor
P015094,E20,s2,CBK309255,/mnt/micro-images-pvc/specs935-v1/specs935-v1-FA-P015094-U2OS-48h-P10-L1/2021-12-19/856/specs935-v1-FA-P015094-U2OS-48h-P10-L1_E20_s2_w5926C8BBB-4B21-4DDA-B901-8586D30F388F.npy,PARP inhibitor
P015094,E20,s3,CBK309255,/mnt/micro-images-pvc/specs935-v1/specs935-v1-FA-P015094-U2OS-48h-P10-L1/2021-12-19/856/specs935-v1-FA-P015094-U2OS-48h-P10-L1_E20_s3_w58A9C1D23-63CB-401B-8C44-C398757BFF74.npy,PARP inhibitor
P015094,E20,s4,CBK309255,/mnt/micro-images-pvc/specs935-v1/specs935-v1-FA-P015094-U2OS-48h-P10-L1/2021-12-19/856/specs935-v1-FA-P015094-U2OS-48h-P10-L1_E20_s4_w5C727465D-3431-4B34-911A-1309ED7FD485.npy,PARP inhibitor
P015094,E20,s5,CBK309255,/mnt/micro-images-pvc/specs935-v1/specs935-v1-FA-P015094-U2OS-48h-P10-L1/2021-12-19/856/specs935-v1-FA-P015094-U2OS-48h-P10-L1_E20_s5_w52525F724-1159-4F2F-B9EB-49CB0F400C0A.npy,PARP inhibitor
P015094,E20,s6,CBK309255,/mnt/micro-images-pvc/specs935-v1/specs935-v1-FA-P015094-U2OS-48h-P10-L1/2021-12-19/856/specs935-v1-FA-P015094-U2OS-48h-P10-L1_E20_s6_w5BB1A5915-13C6-4A88-9DF0-916282A781B5.npy,PARP inhibitor
P015094,E20,s7,CBK309255,/mnt/micro-images-pvc/specs935-v1/specs935-v1-FA-P015094-U2OS-48h-P10-L1/2021-12-19/856/specs935-v1-FA-P015094-U2OS-48h-P10-L1_E20_s7_w5561FEF8F-4A5B-420E-8CDC-6646F115D9CF.npy,PARP inhibitor
P015094,E20,s8,CBK309255,/mnt/micro-images-pvc/specs935-v1/specs935-v1-FA-P015094-U2OS-48h-P10-L1/2021-12-19/856/specs935-v1-FA-P015094-U2OS-48h-P10-L1_E20_s8_w5DD192C1C-B4FE-4574-BDEC-1A1A495FD11A.npy,PARP inhibitor
P015094,E20,s9,CBK309255,/mnt/micro-images-pvc/specs935-v1/specs935-v1-FA-P015094-U2OS-48h-P10-L1/2021-12-19/856/specs935-v1-FA-P015094-U2OS-48h-P10-L1_E20_s9_w52815C48B-B985-4093-9AE1-A2805255937A.npy,PARP inhibitor
P015094,F03,s1,CBK290993,/mnt/micro-images-pvc/specs935-v1/specs935-v1-FA-P015094-U2OS-48h-P10-L1/2021-12-19/856/specs935-v1-FA-P015094-U2OS-48h-P10-L1_F03_s1_w57904FE38-4B59-41E8-A7D6-0F399DD75E69.npy,PARP inhibitor
P015094,F03,s2,CBK290993,/mnt/micro-images-pvc/specs935-v1/specs935-v1-FA-P015094-U2OS-48h-P10-L1/2021-12-19/856/specs935-v1-FA-P015094-U2OS-48h-P10-L1_F03_s2_w5725B7CA1-4AAF-4318-89EE-34B5A6EFCA39.npy,PARP inhibitor
P015094,F03,s3,CBK290993,/mnt/micro-images-pvc/specs935-v1/specs935-v1-FA-P015094-U2OS-48h-P10-L1/2021-12-19/856/specs935-v1-FA-P015094-U2OS-48h-P10-L1_F03_s3_w51F902173-BD09-44B4-9EBA-23EF4D2CED37.npy,PARP inhibitor
P015094,F03,s4,CBK290993,/mnt/micro-images-pvc/specs935-v1/specs935-v1-FA-P015094-U2OS-48h-P10-L1/2021-12-19/856/specs935-v1-FA-P015094-U2OS-48h-P10-L1_F03_s4_w5AC4065FE-C735-4D03-A9D4-0DD4AC0E1CE6.npy,PARP inhibitor
P015094,F03,s5,CBK290993,/mnt/micro-images-pvc/specs935-v1/specs935-v1-FA-P015094-U2OS-48h-P10-L1/2021-12-19/856/specs935-v1-FA-P015094-U2OS-48h-P10-L1_F03_s5_w5110B7F3A-C8AB-485F-999B-481F1EDDA3B3.npy,PARP inhibitor
P015094,F03,s6,CBK290993,/mnt/micro-images-pvc/specs935-v1/specs935-v1-FA-P015094-U2OS-48h-P10-L1/2021-12-19/856/specs935-v1-FA-P015094-U2OS-48h-P10-L1_F03_s6_w51F3883ED-A4A5-4A0B-8643-D1BD7B31A8FD.npy,PARP inhibitor
P015094,F03,s7,CBK290993,/mnt/micro-images-pvc/specs935-v1/specs935-v1-FA-P015094-U2OS-48h-P10-L1/2021-12-19/856/specs935-v1-FA-P015094-U2OS-48h-P10-L1_F03_s7_w5E920BE1C-4184-4E2B-8AFD-5454ED05BE59.npy,PARP inhibitor
P015094,F03,s8,CBK290993,/mnt/micro-images-pvc/specs935-v1/specs935-v1-FA-P015094-U2OS-48h-P10-L1/2021-12-19/856/specs935-v1-FA-P015094-U2OS-48h-P10-L1_F03_s8_w5AC04211D-5F03-4BE0-984E-AF8D787412B2.npy,PARP inhibitor
P015094,F03,s9,CBK290993,/mnt/micro-images-pvc/specs935-v1/specs935-v1-FA-P015094-U2OS-48h-P10-L1/2021-12-19/856/specs935-v1-FA-P015094-U2OS-48h-P10-L1_F03_s9_w5487F7C46-D291-466B-BE27-6DC9100D3B39.npy,PARP inhibitor
P015094,F06,s1,CBK290205,/mnt/micro-images-pvc/specs935-v1/specs935-v1-FA-P015094-U2OS-48h-P10-L1/2021-12-19/856/specs935-v1-FA-P015094-U2OS-48h-P10-L1_F06_s1_w5F029B4F0-7109-452A-B09C-BB2A7B10DF7D.npy,PARP inhibitor
P015094,F06,s2,CBK290205,/mnt/micro-images-pvc/specs935-v1/specs935-v1-FA-P015094-U2OS-48h-P10-L1/2021-12-19/856/specs935-v1-FA-P015094-U2OS-48h-P10-L1_F06_s2_w5DB66A0B8-1DCA-4F9D-A213-6DB27989B082.npy,PARP inhibitor
P015094,F06,s3,CBK290205,/mnt/micro-images-pvc/specs935-v1/specs935-v1-FA-P015094-U2OS-48h-P10-L1/2021-12-19/856/specs935-v1-FA-P015094-U2OS-48h-P10-L1_F06_s3_w503F5D360-CAE5-4299-854C-05115130B97A.npy,PARP inhibitor
P015094,F06,s4,CBK290205,/mnt/micro-images-pvc/specs935-v1/specs935-v1-FA-P015094-U2OS-48h-P10-L1/2021-12-19/856/specs935-v1-FA-P015094-U2OS-48h-P10-L1_F06_s4_w572D58094-D241-4574-9264-002807ACBE38.npy,PARP inhibitor
P015094,F06,s5,CBK290205,/mnt/micro-images-pvc/specs935-v1/specs935-v1-FA-P015094-U2OS-48h-P10-L1/2021-12-19/856/specs935-v1-FA-P015094-U2OS-48h-P10-L1_F06_s5_w55C24FD6C-FFC6-40CD-827E-05DD6F443875.npy,PARP inhibitor
P015094,F06,s6,CBK290205,/mnt/micro-images-pvc/specs935-v1/specs935-v1-FA-P015094-U2OS-48h-P10-L1/2021-12-19/856/specs935-v1-FA-P015094-U2OS-48h-P10-L1_F06_s6_w539BE50E1-C1B8-4912-AA13-3AC2DCBDB708.npy,PARP inhibitor
P015094,F06,s7,CBK290205,/mnt/micro-images-pvc/specs935-v1/specs935-v1-FA-P015094-U2OS-48h-P10-L1/2021-12-19/856/specs935-v1-FA-P015094-U2OS-48h-P10-L1_F06_s7_w5977301F8-140F-44BB-B6E5-2CA8C4CB4081.npy,PARP inhibitor
P015094,F06,s8,CBK290205,/mnt/micro-images-pvc/specs935-v1/specs935-v1-FA-P015094-U2OS-48h-P10-L1/2021-12-19/856/specs935-v1-FA-P015094-U2OS-48h-P10-L1_F06_s8_w5DB36248D-564B-40D0-ADA7-BE62463B3B2F.npy,PARP inhibitor
P015094,F06,s9,CBK290205,/mnt/micro-images-pvc/specs935-v1/specs935-v1-FA-P015094-U2OS-48h-P10-L1/2021-12-19/856/specs935-v1-FA-P015094-U2OS-48h-P10-L1_F06_s9_w54F8704FE-0560-490E-A7AC-E1505AA70F34.npy,PARP inhibitor
P015094,F10,s1,CBK308723,/mnt/micro-images-pvc/specs935-v1/specs935-v1-FA-P015094-U2OS-48h-P10-L1/2021-12-19/856/specs935-v1-FA-P015094-U2OS-48h-P10-L1_F10_s1_w55C68470E-9BBD-47FE-930A-F6B33A2BAB8B.npy,PARP inhibitor
P015094,F10,s2,CBK308723,/mnt/micro-images-pvc/specs935-v1/specs935-v1-FA-P015094-U2OS-48h-P10-L1/2021-12-19/856/specs935-v1-FA-P015094-U2OS-48h-P10-L1_F10_s2_w577DE62A2-F8DF-4984-833A-16E684D5369E.npy,PARP inhibitor
P015094,F10,s3,CBK308723,/mnt/micro-images-pvc/specs935-v1/specs935-v1-FA-P015094-U2OS-48h-P10-L1/2021-12-19/856/specs935-v1-FA-P015094-U2OS-48h-P10-L1_F10_s3_w5AC814FEC-BFD4-42EF-A6A8-BB3870F3ADB6.npy,PARP inhibitor
P015094,F10,s4,CBK308723,/mnt/micro-images-pvc/specs935-v1/specs935-v1-FA-P015094-U2OS-48h-P10-L1/2021-12-19/856/specs935-v1-FA-P015094-U2OS-48h-P10-L1_F10_s4_w5737A41B6-DDF2-42DF-9977-E0B519134456.npy,PARP inhibitor
P015094,F10,s5,CBK308723,/mnt/micro-images-pvc/specs935-v1/specs935-v1-FA-P015094-U2OS-48h-P10-L1/2021-12-19/856/specs935-v1-FA-P015094-U2OS-48h-P10-L1_F10_s5_w516CABEEE-90F9-4F31-B3EB-FA16CA5CFF3F.npy,PARP inhibitor
P015094,F10,s6,CBK308723,/mnt/micro-images-pvc/specs935-v1/specs935-v1-FA-P015094-U2OS-48h-P10-L1/2021-12-19/856/specs935-v1-FA-P015094-U2OS-48h-P10-L1_F10_s6_w5109373D0-2725-4575-A23B-0BD687B35252.npy,PARP inhibitor
P015094,F10,s7,CBK308723,/mnt/micro-images-pvc/specs935-v1/specs935-v1-FA-P015094-U2OS-48h-P10-L1/2021-12-19/856/specs935-v1-FA-P015094-U2OS-48h-P10-L1_F10_s7_w5F575DF5E-96F6-42E8-8F57-9E3386B4F5F7.npy,PARP inhibitor
P015094,F10,s8,CBK308723,/mnt/micro-images-pvc/specs935-v1/specs935-v1-FA-P015094-U2OS-48h-P10-L1/2021-12-19/856/specs935-v1-FA-P015094-U2OS-48h-P10-L1_F10_s8_w503F98F56-CEEB-4644-AFA7-6A05CA0B57B1.npy,PARP inhibitor
P015094,F10,s9,CBK308723,/mnt/micro-images-pvc/specs935-v1/specs935-v1-FA-P015094-U2OS-48h-P10-L1/2021-12-19/856/specs935-v1-FA-P015094-U2OS-48h-P10-L1_F10_s9_w53DECCC30-6249-4548-B402-9D8C3A19F501.npy,PARP inhibitor
P015094,F14,s1,CBK277970,/mnt/micro-images-pvc/specs935-v1/specs935-v1-FA-P015094-U2OS-48h-P10-L1/2021-12-19/856/specs935-v1-FA-P015094-U2OS-48h-P10-L1_F14_s1_w52935AE58-355A-4747-9231-B5487A8D68FE.npy,PARP inhibitor
P015094,F14,s2,CBK277970,/mnt/micro-images-pvc/specs935-v1/specs935-v1-FA-P015094-U2OS-48h-P10-L1/2021-12-19/856/specs935-v1-FA-P015094-U2OS-48h-P10-L1_F14_s2_w539D4E527-E514-40A3-ADF0-1D5B415044A7.npy,PARP inhibitor
P015094,F14,s3,CBK277970,/mnt/micro-images-pvc/specs935-v1/specs935-v1-FA-P015094-U2OS-48h-P10-L1/2021-12-19/856/specs935-v1-FA-P015094-U2OS-48h-P10-L1_F14_s3_w57877D974-272C-422A-9D1E-CAC8F199386A.npy,PARP inhibitor
P015094,F14,s4,CBK277970,/mnt/micro-images-pvc/specs935-v1/specs935-v1-FA-P015094-U2OS-48h-P10-L1/2021-12-19/856/specs935-v1-FA-P015094-U2OS-48h-P10-L1_F14_s4_w5BEBB67F8-46B9-4770-87FC-28DA8DABB499.npy,PARP inhibitor
P015094,F14,s5,CBK277970,/mnt/micro-images-pvc/specs935-v1/specs935-v1-FA-P015094-U2OS-48h-P10-L1/2021-12-19/856/specs935-v1-FA-P015094-U2OS-48h-P10-L1_F14_s5_w51B225C16-B961-45C0-BCCB-236A8415C4B2.npy,PARP inhibitor
P015094,F14,s6,CBK277970,/mnt/micro-images-pvc/specs935-v1/specs935-v1-FA-P015094-U2OS-48h-P10-L1/2021-12-19/856/specs935-v1-FA-P015094-U2OS-48h-P10-L1_F14_s6_w50AAE3805-C0DA-47BC-A765-14DB038BCFEA.npy,PARP inhibitor
P015094,F14,s7,CBK277970,/mnt/micro-images-pvc/specs935-v1/specs935-v1-FA-P015094-U2OS-48h-P10-L1/2021-12-19/856/specs935-v1-FA-P015094-U2OS-48h-P10-L1_F14_s7_w58AA00123-6FB4-44D9-825A-947B58E47A1E.npy,PARP inhibitor
P015094,F14,s8,CBK277970,/mnt/micro-images-pvc/specs935-v1/specs935-v1-FA-P015094-U2OS-48h-P10-L1/2021-12-19/856/specs935-v1-FA-P015094-U2OS-48h-P10-L1_F14_s8_w5062774D3-024E-44CC-AC4E-514E707AAED5.npy,PARP inhibitor
P015094,F14,s9,CBK277970,/mnt/micro-images-pvc/specs935-v1/specs935-v1-FA-P015094-U2OS-48h-P10-L1/2021-12-19/856/specs935-v1-FA-P015094-U2OS-48h-P10-L1_F14_s9_w59AACFB00-2496-4C5F-A822-FFD13DD7B666.npy,PARP inhibitor
P015094,F22,s1,CBK308811,/mnt/micro-images-pvc/specs935-v1/specs935-v1-FA-P015094-U2OS-48h-P10-L1/2021-12-19/856/specs935-v1-FA-P015094-U2OS-48h-P10-L1_F22_s1_w5F95F2CD2-4A7E-4526-9104-BE21703C549C.npy,PARP inhibitor
P015094,F22,s2,CBK308811,/mnt/micro-images-pvc/specs935-v1/specs935-v1-FA-P015094-U2OS-48h-P10-L1/2021-12-19/856/specs935-v1-FA-P015094-U2OS-48h-P10-L1_F22_s2_w5949F9198-6ABA-4295-9D13-D4EEE871E61A.npy,PARP inhibitor
P015094,F22,s3,CBK308811,/mnt/micro-images-pvc/specs935-v1/specs935-v1-FA-P015094-U2OS-48h-P10-L1/2021-12-19/856/specs935-v1-FA-P015094-U2OS-48h-P10-L1_F22_s3_w55D1C1EB4-1994-4A69-9E9F-682CF024C624.npy,PARP inhibitor
P015094,F22,s4,CBK308811,/mnt/micro-images-pvc/specs935-v1/specs935-v1-FA-P015094-U2OS-48h-P10-L1/2021-12-19/856/specs935-v1-FA-P015094-U2OS-48h-P10-L1_F22_s4_w55C210863-3674-4C7D-B29F-C7DB33070CA6.npy,PARP inhibitor
P015094,F22,s5,CBK308811,/mnt/micro-images-pvc/specs935-v1/specs935-v1-FA-P015094-U2OS-48h-P10-L1/2021-12-19/856/specs935-v1-FA-P015094-U2OS-48h-P10-L1_F22_s5_w541470DA6-7D98-4274-8E12-A5C4DA180869.npy,PARP inhibitor
P015094,F22,s6,CBK308811,/mnt/micro-images-pvc/specs935-v1/specs935-v1-FA-P015094-U2OS-48h-P10-L1/2021-12-19/856/specs935-v1-FA-P015094-U2OS-48h-P10-L1_F22_s6_w595296B57-5B64-4CE8-90D0-46C4B80223EE.npy,PARP inhibitor
P015094,F22,s7,CBK308811,/mnt/micro-images-pvc/specs935-v1/specs935-v1-FA-P015094-U2OS-48h-P10-L1/2021-12-19/856/specs935-v1-FA-P015094-U2OS-48h-P10-L1_F22_s7_w5BE5991EE-F791-465D-98A2-3345C120176D.npy,PARP inhibitor
P015094,F22,s8,CBK308811,/mnt/micro-images-pvc/specs935-v1/specs935-v1-FA-P015094-U2OS-48h-P10-L1/2021-12-19/856/specs935-v1-FA-P015094-U2OS-48h-P10-L1_F22_s8_w5F20B0CCF-D9D6-41E7-BDC6-7A5504C051EF.npy,PARP inhibitor
P015094,F22,s9,CBK308811,/mnt/micro-images-pvc/specs935-v1/specs935-v1-FA-P015094-U2OS-48h-P10-L1/2021-12-19/856/specs935-v1-FA-P015094-U2OS-48h-P10-L1_F22_s9_w5CAA2072E-BED4-4D8B-AF1F-D6B87EFF17F6.npy,PARP inhibitor
P015094,G06,s1,CBK041804,/mnt/micro-images-pvc/specs935-v1/specs935-v1-FA-P015094-U2OS-48h-P10-L1/2021-12-19/856/specs935-v1-FA-P015094-U2OS-48h-P10-L1_G06_s1_w5491E9C86-0D9D-4233-BB81-8B3B795B3728.npy,PARP inhibitor
P015094,G06,s2,CBK041804,/mnt/micro-images-pvc/specs935-v1/specs935-v1-FA-P015094-U2OS-48h-P10-L1/2021-12-19/856/specs935-v1-FA-P015094-U2OS-48h-P10-L1_G06_s2_w552F5FF05-DB2C-4964-A05E-4B66EF058F55.npy,PARP inhibitor
P015094,G06,s3,CBK041804,/mnt/micro-images-pvc/specs935-v1/specs935-v1-FA-P015094-U2OS-48h-P10-L1/2021-12-19/856/specs935-v1-FA-P015094-U2OS-48h-P10-L1_G06_s3_w575D206A7-1360-4501-B4D5-DC0EB6F1D0EC.npy,PARP inhibitor
P015094,G06,s4,CBK041804,/mnt/micro-images-pvc/specs935-v1/specs935-v1-FA-P015094-U2OS-48h-P10-L1/2021-12-19/856/specs935-v1-FA-P015094-U2OS-48h-P10-L1_G06_s4_w52902FDB3-A4C1-4A25-B863-181A9EAE7780.npy,PARP inhibitor
P015094,G06,s5,CBK041804,/mnt/micro-images-pvc/specs935-v1/specs935-v1-FA-P015094-U2OS-48h-P10-L1/2021-12-19/856/specs935-v1-FA-P015094-U2OS-48h-P10-L1_G06_s5_w527B7854E-381A-41B7-8F52-8DB4ACC3E72A.npy,PARP inhibitor
P015094,G06,s6,CBK041804,/mnt/micro-images-pvc/specs935-v1/specs935-v1-FA-P015094-U2OS-48h-P10-L1/2021-12-19/856/specs935-v1-FA-P015094-U2OS-48h-P10-L1_G06_s6_w5B816FB4A-7357-4D92-9E39-9F35A200333C.npy,PARP inhibitor
P015094,G06,s7,CBK041804,/mnt/micro-images-pvc/specs935-v1/specs935-v1-FA-P015094-U2OS-48h-P10-L1/2021-12-19/856/specs935-v1-FA-P015094-U2OS-48h-P10-L1_G06_s7_w558173D8A-ECFB-4331-BD72-38E655935C3E.npy,PARP inhibitor
P015094,G06,s8,CBK041804,/mnt/micro-images-pvc/specs935-v1/specs935-v1-FA-P015094-U2OS-48h-P10-L1/2021-12-19/856/specs935-v1-FA-P015094-U2OS-48h-P10-L1_G06_s8_w592B75BDD-6BD2-4E00-8A08-8AFAF211C3EE.npy,PARP inhibitor
P015094,G06,s9,CBK041804,/mnt/micro-images-pvc/specs935-v1/specs935-v1-FA-P015094-U2OS-48h-P10-L1/2021-12-19/856/specs935-v1-FA-P015094-U2OS-48h-P10-L1_G06_s9_w5B7B6244C-3F3C-445E-BF30-7A3B00887D2B.npy,PARP inhibitor
P015094,G08,s1,CBK278729,/mnt/micro-images-pvc/specs935-v1/specs935-v1-FA-P015094-U2OS-48h-P10-L1/2021-12-19/856/specs935-v1-FA-P015094-U2OS-48h-P10-L1_G08_s1_w50BE54233-9871-442B-8241-0172B2EC9F7C.npy,PARP inhibitor
P015094,G08,s2,CBK278729,/mnt/micro-images-pvc/specs935-v1/specs935-v1-FA-P015094-U2OS-48h-P10-L1/2021-12-19/856/specs935-v1-FA-P015094-U2OS-48h-P10-L1_G08_s2_w533440F95-98D9-45CD-94D9-B63C1F664767.npy,PARP inhibitor
P015094,G08,s3,CBK278729,/mnt/micro-images-pvc/specs935-v1/specs935-v1-FA-P015094-U2OS-48h-P10-L1/2021-12-19/856/specs935-v1-FA-P015094-U2OS-48h-P10-L1_G08_s3_w547A14C84-701A-4F18-988D-05D6A4B62C88.npy,PARP inhibitor
P015094,G08,s4,CBK278729,/mnt/micro-images-pvc/specs935-v1/specs935-v1-FA-P015094-U2OS-48h-P10-L1/2021-12-19/856/specs935-v1-FA-P015094-U2OS-48h-P10-L1_G08_s4_w54959E886-594C-4CE2-8F73-8EB735F4659D.npy,PARP inhibitor
P015094,G08,s5,CBK278729,/mnt/micro-images-pvc/specs935-v1/specs935-v1-FA-P015094-U2OS-48h-P10-L1/2021-12-19/856/specs935-v1-FA-P015094-U2OS-48h-P10-L1_G08_s5_w5876107E0-9060-4C11-A08E-CD2B6EB2114F.npy,PARP inhibitor
P015094,G08,s6,CBK278729,/mnt/micro-images-pvc/specs935-v1/specs935-v1-FA-P015094-U2OS-48h-P10-L1/2021-12-19/856/specs935-v1-FA-P015094-U2OS-48h-P10-L1_G08_s6_w59536A5A3-7B49-473F-B666-729BED852149.npy,PARP inhibitor
P015094,G08,s7,CBK278729,/mnt/micro-images-pvc/specs935-v1/specs935-v1-FA-P015094-U2OS-48h-P10-L1/2021-12-19/856/specs935-v1-FA-P015094-U2OS-48h-P10-L1_G08_s7_w50E455EC0-C143-4BB5-84DD-48599B6A8EA9.npy,PARP inhibitor
P015094,G08,s8,CBK278729,/mnt/micro-images-pvc/specs935-v1/specs935-v1-FA-P015094-U2OS-48h-P10-L1/2021-12-19/856/specs935-v1-FA-P015094-U2OS-48h-P10-L1_G08_s8_w5F108B2A1-D626-4CBF-AD12-9130A53D3B08.npy,PARP inhibitor
P015094,G08,s9,CBK278729,/mnt/micro-images-pvc/specs935-v1/specs935-v1-FA-P015094-U2OS-48h-P10-L1/2021-12-19/856/specs935-v1-FA-P015094-U2OS-48h-P10-L1_G08_s9_w5A0FA9692-01E4-4A74-BDA5-83AC8CD7E2BF.npy,PARP inhibitor
P015094,G14,s1,CBK278031,/mnt/micro-images-pvc/specs935-v1/specs935-v1-FA-P015094-U2OS-48h-P10-L1/2021-12-19/856/specs935-v1-FA-P015094-U2OS-48h-P10-L1_G14_s1_w58102660A-605A-45D3-A72E-55045A5F3C05.npy,PARP inhibitor
P015094,G14,s2,CBK278031,/mnt/micro-images-pvc/specs935-v1/specs935-v1-FA-P015094-U2OS-48h-P10-L1/2021-12-19/856/specs935-v1-FA-P015094-U2OS-48h-P10-L1_G14_s2_w56AE85693-7331-48B3-9294-3BFC8E85624E.npy,PARP inhibitor
P015094,G14,s3,CBK278031,/mnt/micro-images-pvc/specs935-v1/specs935-v1-FA-P015094-U2OS-48h-P10-L1/2021-12-19/856/specs935-v1-FA-P015094-U2OS-48h-P10-L1_G14_s3_w592675731-6782-43D0-AE8A-415487E030A7.npy,PARP inhibitor
P015094,G14,s4,CBK278031,/mnt/micro-images-pvc/specs935-v1/specs935-v1-FA-P015094-U2OS-48h-P10-L1/2021-12-19/856/specs935-v1-FA-P015094-U2OS-48h-P10-L1_G14_s4_w55D7B0BFC-20AB-4A09-BACF-3BA1046DDF16.npy,PARP inhibitor
P015094,G14,s5,CBK278031,/mnt/micro-images-pvc/specs935-v1/specs935-v1-FA-P015094-U2OS-48h-P10-L1/2021-12-19/856/specs935-v1-FA-P015094-U2OS-48h-P10-L1_G14_s5_w5E872CBD6-ADDB-4DBC-8A3E-C0CB61860876.npy,PARP inhibitor
P015094,G14,s6,CBK278031,/mnt/micro-images-pvc/specs935-v1/specs935-v1-FA-P015094-U2OS-48h-P10-L1/2021-12-19/856/specs935-v1-FA-P015094-U2OS-48h-P10-L1_G14_s6_w5F4B61680-8DE1-447D-827E-1F5D5FB40397.npy,PARP inhibitor
P015094,G14,s7,CBK278031,/mnt/micro-images-pvc/specs935-v1/specs935-v1-FA-P015094-U2OS-48h-P10-L1/2021-12-19/856/specs935-v1-FA-P015094-U2OS-48h-P10-L1_G14_s7_w5F3A98416-67D2-450A-B260-36EFEA3F4504.npy,PARP inhibitor
P015094,G14,s8,CBK278031,/mnt/micro-images-pvc/specs935-v1/specs935-v1-FA-P015094-U2OS-48h-P10-L1/2021-12-19/856/specs935-v1-FA-P015094-U2OS-48h-P10-L1_G14_s8_w5D579593E-179C-4325-9364-41734E027460.npy,PARP inhibitor
P015094,G14,s9,CBK278031,/mnt/micro-images-pvc/specs935-v1/specs935-v1-FA-P015094-U2OS-48h-P10-L1/2021-12-19/856/specs935-v1-FA-P015094-U2OS-48h-P10-L1_G14_s9_w5E1D37D4D-98EE-4199-A1F2-283E55E3E729.npy,PARP inhibitor
P015094,H17,s1,CBK278729,/mnt/micro-images-pvc/specs935-v1/specs935-v1-FA-P015094-U2OS-48h-P10-L1/2021-12-19/856/specs935-v1-FA-P015094-U2OS-48h-P10-L1_H17_s1_w5F3C09B21-0AAD-441D-A1C3-3767219DE7CB.npy,PARP inhibitor
P015094,H17,s2,CBK278729,/mnt/micro-images-pvc/specs935-v1/specs935-v1-FA-P015094-U2OS-48h-P10-L1/2021-12-19/856/specs935-v1-FA-P015094-U2OS-48h-P10-L1_H17_s2_w544D3AFC4-6939-4A3F-A54E-B45EA524CE38.npy,PARP inhibitor
P015094,H17,s3,CBK278729,/mnt/micro-images-pvc/specs935-v1/specs935-v1-FA-P015094-U2OS-48h-P10-L1/2021-12-19/856/specs935-v1-FA-P015094-U2OS-48h-P10-L1_H17_s3_w5B9B96A53-F491-4804-B4B4-BF898040610F.npy,PARP inhibitor
P015094,H17,s4,CBK278729,/mnt/micro-images-pvc/specs935-v1/specs935-v1-FA-P015094-U2OS-48h-P10-L1/2021-12-19/856/specs935-v1-FA-P015094-U2OS-48h-P10-L1_H17_s4_w568CB19CD-5A9D-4E9F-A96A-E312040EC22F.npy,PARP inhibitor
P015094,H17,s5,CBK278729,/mnt/micro-images-pvc/specs935-v1/specs935-v1-FA-P015094-U2OS-48h-P10-L1/2021-12-19/856/specs935-v1-FA-P015094-U2OS-48h-P10-L1_H17_s5_w5D7B8D25B-46CC-4AD7-8571-FE6C868DBB00.npy,PARP inhibitor
P015094,H17,s6,CBK278729,/mnt/micro-images-pvc/specs935-v1/specs935-v1-FA-P015094-U2OS-48h-P10-L1/2021-12-19/856/specs935-v1-FA-P015094-U2OS-48h-P10-L1_H17_s6_w5975D9E12-1226-4879-AD3F-961221D4600E.npy,PARP inhibitor
P015094,H17,s7,CBK278729,/mnt/micro-images-pvc/specs935-v1/specs935-v1-FA-P015094-U2OS-48h-P10-L1/2021-12-19/856/specs935-v1-FA-P015094-U2OS-48h-P10-L1_H17_s7_w537D437B2-6743-4E96-9FE7-C705516F741F.npy,PARP inhibitor
P015094,H17,s8,CBK278729,/mnt/micro-images-pvc/specs935-v1/specs935-v1-FA-P015094-U2OS-48h-P10-L1/2021-12-19/856/specs935-v1-FA-P015094-U2OS-48h-P10-L1_H17_s8_w595910565-2196-4EA9-8D0E-E6707FEFD9AB.npy,PARP inhibitor
P015094,H17,s9,CBK278729,/mnt/micro-images-pvc/specs935-v1/specs935-v1-FA-P015094-U2OS-48h-P10-L1/2021-12-19/856/specs935-v1-FA-P015094-U2OS-48h-P10-L1_H17_s9_w5784C052E-3332-4E8A-BF77-A4C16B1662A7.npy,PARP inhibitor
P015094,H21,s1,CBK278031,/mnt/micro-images-pvc/specs935-v1/specs935-v1-FA-P015094-U2OS-48h-P10-L1/2021-12-19/856/specs935-v1-FA-P015094-U2OS-48h-P10-L1_H21_s1_w54E042CF1-2262-484E-BA75-C4869B60CC0A.npy,PARP inhibitor
P015094,H21,s2,CBK278031,/mnt/micro-images-pvc/specs935-v1/specs935-v1-FA-P015094-U2OS-48h-P10-L1/2021-12-19/856/specs935-v1-FA-P015094-U2OS-48h-P10-L1_H21_s2_w54DDA5B1A-9BCA-420D-AAB6-D49983B3C176.npy,PARP inhibitor
P015094,H21,s3,CBK278031,/mnt/micro-images-pvc/specs935-v1/specs935-v1-FA-P015094-U2OS-48h-P10-L1/2021-12-19/856/specs935-v1-FA-P015094-U2OS-48h-P10-L1_H21_s3_w5F09884B0-8B28-4429-9422-56081B202F4F.npy,PARP inhibitor
P015094,H21,s4,CBK278031,/mnt/micro-images-pvc/specs935-v1/specs935-v1-FA-P015094-U2OS-48h-P10-L1/2021-12-19/856/specs935-v1-FA-P015094-U2OS-48h-P10-L1_H21_s4_w5AFB829F5-4D6F-4BB5-9BB5-34BC989E359E.npy,PARP inhibitor
P015094,H21,s5,CBK278031,/mnt/micro-images-pvc/specs935-v1/specs935-v1-FA-P015094-U2OS-48h-P10-L1/2021-12-19/856/specs935-v1-FA-P015094-U2OS-48h-P10-L1_H21_s5_w559185140-AD29-4981-9352-A450AF3E3154.npy,PARP inhibitor
P015094,H21,s6,CBK278031,/mnt/micro-images-pvc/specs935-v1/specs935-v1-FA-P015094-U2OS-48h-P10-L1/2021-12-19/856/specs935-v1-FA-P015094-U2OS-48h-P10-L1_H21_s6_w5D524C1B1-8C7D-415E-888E-FD80A89DF77D.npy,PARP inhibitor
P015094,H21,s7,CBK278031,/mnt/micro-images-pvc/specs935-v1/specs935-v1-FA-P015094-U2OS-48h-P10-L1/2021-12-19/856/specs935-v1-FA-P015094-U2OS-48h-P10-L1_H21_s7_w50B6B9F20-0E42-421F-B505-2A20BF675CA6.npy,PARP inhibitor
P015094,H21,s8,CBK278031,/mnt/micro-images-pvc/specs935-v1/specs935-v1-FA-P015094-U2OS-48h-P10-L1/2021-12-19/856/specs935-v1-FA-P015094-U2OS-48h-P10-L1_H21_s8_w5994CADF3-50DA-47E0-B193-8A933BEB1418.npy,PARP inhibitor
P015094,H21,s9,CBK278031,/mnt/micro-images-pvc/specs935-v1/specs935-v1-FA-P015094-U2OS-48h-P10-L1/2021-12-19/856/specs935-v1-FA-P015094-U2OS-48h-P10-L1_H21_s9_w5B7943706-6E4F-409A-8680-0B753A214679.npy,PARP inhibitor
P015094,I14,s1,CBK290993,/mnt/micro-images-pvc/specs935-v1/specs935-v1-FA-P015094-U2OS-48h-P10-L1/2021-12-19/856/specs935-v1-FA-P015094-U2OS-48h-P10-L1_I14_s1_w5E832DAC4-F0A2-42CF-A14A-FD87D6E782BD.npy,PARP inhibitor
P015094,I14,s2,CBK290993,/mnt/micro-images-pvc/specs935-v1/specs935-v1-FA-P015094-U2OS-48h-P10-L1/2021-12-19/856/specs935-v1-FA-P015094-U2OS-48h-P10-L1_I14_s2_w5BEB8C4C6-8C03-49AC-B7CA-A8A894750DBC.npy,PARP inhibitor
P015094,I14,s3,CBK290993,/mnt/micro-images-pvc/specs935-v1/specs935-v1-FA-P015094-U2OS-48h-P10-L1/2021-12-19/856/specs935-v1-FA-P015094-U2OS-48h-P10-L1_I14_s3_w500294236-EC68-4C80-8AFF-C4041E084199.npy,PARP inhibitor
P015094,I14,s4,CBK290993,/mnt/micro-images-pvc/specs935-v1/specs935-v1-FA-P015094-U2OS-48h-P10-L1/2021-12-19/856/specs935-v1-FA-P015094-U2OS-48h-P10-L1_I14_s4_w52EE9A3C5-345C-42F4-8B14-BDFD27AD1388.npy,PARP inhibitor
P015094,I14,s5,CBK290993,/mnt/micro-images-pvc/specs935-v1/specs935-v1-FA-P015094-U2OS-48h-P10-L1/2021-12-19/856/specs935-v1-FA-P015094-U2OS-48h-P10-L1_I14_s5_w52BADD564-D90F-4E92-9978-F86304A4B4A9.npy,PARP inhibitor
P015094,I14,s6,CBK290993,/mnt/micro-images-pvc/specs935-v1/specs935-v1-FA-P015094-U2OS-48h-P10-L1/2021-12-19/856/specs935-v1-FA-P015094-U2OS-48h-P10-L1_I14_s6_w527BC04CF-15D6-4FC1-82B8-840419AB14CA.npy,PARP inhibitor
P015094,I14,s7,CBK290993,/mnt/micro-images-pvc/specs935-v1/specs935-v1-FA-P015094-U2OS-48h-P10-L1/2021-12-19/856/specs935-v1-FA-P015094-U2OS-48h-P10-L1_I14_s7_w563959F3A-D674-448C-B320-3E6CCA3492EC.npy,PARP inhibitor
P015094,I14,s8,CBK290993,/mnt/micro-images-pvc/specs935-v1/specs935-v1-FA-P015094-U2OS-48h-P10-L1/2021-12-19/856/specs935-v1-FA-P015094-U2OS-48h-P10-L1_I14_s8_w5F71A6FCA-7E4F-4A9F-B09A-9739CECDB302.npy,PARP inhibitor
P015094,I14,s9,CBK290993,/mnt/micro-images-pvc/specs935-v1/specs935-v1-FA-P015094-U2OS-48h-P10-L1/2021-12-19/856/specs935-v1-FA-P015094-U2OS-48h-P10-L1_I14_s9_w5E247E127-0B15-4929-B709-BAAAB25C3C0C.npy,PARP inhibitor
P015094,I17,s1,CBK277950,/mnt/micro-images-pvc/specs935-v1/specs935-v1-FA-P015094-U2OS-48h-P10-L1/2021-12-19/856/specs935-v1-FA-P015094-U2OS-48h-P10-L1_I17_s1_w532B7C609-3B6A-431E-AB79-828E64121C0E.npy,PARP inhibitor
P015094,I17,s2,CBK277950,/mnt/micro-images-pvc/specs935-v1/specs935-v1-FA-P015094-U2OS-48h-P10-L1/2021-12-19/856/specs935-v1-FA-P015094-U2OS-48h-P10-L1_I17_s2_w575F20DCB-4E4E-4653-9BA4-DFF2D1365A1D.npy,PARP inhibitor
P015094,I17,s3,CBK277950,/mnt/micro-images-pvc/specs935-v1/specs935-v1-FA-P015094-U2OS-48h-P10-L1/2021-12-19/856/specs935-v1-FA-P015094-U2OS-48h-P10-L1_I17_s3_w5EE40A6E0-14F7-404D-8B38-61272302415F.npy,PARP inhibitor
P015094,I17,s4,CBK277950,/mnt/micro-images-pvc/specs935-v1/specs935-v1-FA-P015094-U2OS-48h-P10-L1/2021-12-19/856/specs935-v1-FA-P015094-U2OS-48h-P10-L1_I17_s4_w5877A5FA6-2025-49C8-9818-A5CE2494E8EE.npy,PARP inhibitor
P015094,I17,s5,CBK277950,/mnt/micro-images-pvc/specs935-v1/specs935-v1-FA-P015094-U2OS-48h-P10-L1/2021-12-19/856/specs935-v1-FA-P015094-U2OS-48h-P10-L1_I17_s5_w59F841846-17E8-4163-8EAC-F7B0601F2B7B.npy,PARP inhibitor
P015094,I17,s6,CBK277950,/mnt/micro-images-pvc/specs935-v1/specs935-v1-FA-P015094-U2OS-48h-P10-L1/2021-12-19/856/specs935-v1-FA-P015094-U2OS-48h-P10-L1_I17_s6_w56562F18B-A8D8-4295-A4EA-5F3168C23EDE.npy,PARP inhibitor
P015094,I17,s7,CBK277950,/mnt/micro-images-pvc/specs935-v1/specs935-v1-FA-P015094-U2OS-48h-P10-L1/2021-12-19/856/specs935-v1-FA-P015094-U2OS-48h-P10-L1_I17_s7_w57D43C251-0942-40CE-A35B-A1F630E73B11.npy,PARP inhibitor
P015094,I17,s8,CBK277950,/mnt/micro-images-pvc/specs935-v1/specs935-v1-FA-P015094-U2OS-48h-P10-L1/2021-12-19/856/specs935-v1-FA-P015094-U2OS-48h-P10-L1_I17_s8_w552C5ADEA-0A91-4CBC-A0DD-7CC0BD5391B5.npy,PARP inhibitor
P015094,I17,s9,CBK277950,/mnt/micro-images-pvc/specs935-v1/specs935-v1-FA-P015094-U2OS-48h-P10-L1/2021-12-19/856/specs935-v1-FA-P015094-U2OS-48h-P10-L1_I17_s9_w533A21127-FD8E-4551-8ADB-613B13765F91.npy,PARP inhibitor
P015094,J05,s1,CBK290883,/mnt/micro-images-pvc/specs935-v1/specs935-v1-FA-P015094-U2OS-48h-P10-L1/2021-12-19/856/specs935-v1-FA-P015094-U2OS-48h-P10-L1_J05_s1_w5D4F07BEF-68AD-4B76-9DEC-9E98017D0496.npy,PARP inhibitor
P015094,J05,s2,CBK290883,/mnt/micro-images-pvc/specs935-v1/specs935-v1-FA-P015094-U2OS-48h-P10-L1/2021-12-19/856/specs935-v1-FA-P015094-U2OS-48h-P10-L1_J05_s2_w57665CDC0-96D2-4398-90AE-E24AA4F64890.npy,PARP inhibitor
P015094,J05,s3,CBK290883,/mnt/micro-images-pvc/specs935-v1/specs935-v1-FA-P015094-U2OS-48h-P10-L1/2021-12-19/856/specs935-v1-FA-P015094-U2OS-48h-P10-L1_J05_s3_w52DD64F5D-BAF0-448A-92D9-E604EA17D99B.npy,PARP inhibitor
P015094,J05,s4,CBK290883,/mnt/micro-images-pvc/specs935-v1/specs935-v1-FA-P015094-U2OS-48h-P10-L1/2021-12-19/856/specs935-v1-FA-P015094-U2OS-48h-P10-L1_J05_s4_w5FBAB34B5-0644-4ECC-896F-41A77534E07D.npy,PARP inhibitor
P015094,J05,s5,CBK290883,/mnt/micro-images-pvc/specs935-v1/specs935-v1-FA-P015094-U2OS-48h-P10-L1/2021-12-19/856/specs935-v1-FA-P015094-U2OS-48h-P10-L1_J05_s5_w5219B3BF6-14DA-49D8-8545-2A39A2DF1F8D.npy,PARP inhibitor
P015094,J05,s6,CBK290883,/mnt/micro-images-pvc/specs935-v1/specs935-v1-FA-P015094-U2OS-48h-P10-L1/2021-12-19/856/specs935-v1-FA-P015094-U2OS-48h-P10-L1_J05_s6_w5BAFE5384-0DB8-4214-8439-78D9F34136B6.npy,PARP inhibitor
P015094,J05,s7,CBK290883,/mnt/micro-images-pvc/specs935-v1/specs935-v1-FA-P015094-U2OS-48h-P10-L1/2021-12-19/856/specs935-v1-FA-P015094-U2OS-48h-P10-L1_J05_s7_w5DB75AEFC-ABD1-420F-B5D1-8E341DB9B69D.npy,PARP inhibitor
P015094,J05,s8,CBK290883,/mnt/micro-images-pvc/specs935-v1/specs935-v1-FA-P015094-U2OS-48h-P10-L1/2021-12-19/856/specs935-v1-FA-P015094-U2OS-48h-P10-L1_J05_s8_w5107148C4-3806-4511-B54D-3242E8879453.npy,PARP inhibitor
P015094,J05,s9,CBK290883,/mnt/micro-images-pvc/specs935-v1/specs935-v1-FA-P015094-U2OS-48h-P10-L1/2021-12-19/856/specs935-v1-FA-P015094-U2OS-48h-P10-L1_J05_s9_w5942D37A3-4FD7-4B50-B7D8-AD5CFF2A8587.npy,PARP inhibitor
P015094,J06,s1,CBK309255,/mnt/micro-images-pvc/specs935-v1/specs935-v1-FA-P015094-U2OS-48h-P10-L1/2021-12-19/856/specs935-v1-FA-P015094-U2OS-48h-P10-L1_J06_s1_w54A941973-0199-47B4-81AF-C41A3FEDB51E.npy,PARP inhibitor
P015094,J06,s2,CBK309255,/mnt/micro-images-pvc/specs935-v1/specs935-v1-FA-P015094-U2OS-48h-P10-L1/2021-12-19/856/specs935-v1-FA-P015094-U2OS-48h-P10-L1_J06_s2_w581007E94-227D-497F-8BB9-A5A773FF543A.npy,PARP inhibitor
P015094,J06,s3,CBK309255,/mnt/micro-images-pvc/specs935-v1/specs935-v1-FA-P015094-U2OS-48h-P10-L1/2021-12-19/856/specs935-v1-FA-P015094-U2OS-48h-P10-L1_J06_s3_w52628D6BD-483A-440C-AFBE-206BE4F1C038.npy,PARP inhibitor
P015094,J06,s4,CBK309255,/mnt/micro-images-pvc/specs935-v1/specs935-v1-FA-P015094-U2OS-48h-P10-L1/2021-12-19/856/specs935-v1-FA-P015094-U2OS-48h-P10-L1_J06_s4_w56FA7B4CA-D2AE-45B5-AF1B-EC05F512B116.npy,PARP inhibitor
P015094,J06,s5,CBK309255,/mnt/micro-images-pvc/specs935-v1/specs935-v1-FA-P015094-U2OS-48h-P10-L1/2021-12-19/856/specs935-v1-FA-P015094-U2OS-48h-P10-L1_J06_s5_w52E6A4F76-FC4F-4A38-8C8A-95FC77D8CDD1.npy,PARP inhibitor
P015094,J06,s6,CBK309255,/mnt/micro-images-pvc/specs935-v1/specs935-v1-FA-P015094-U2OS-48h-P10-L1/2021-12-19/856/specs935-v1-FA-P015094-U2OS-48h-P10-L1_J06_s6_w5F75AC910-B372-4157-8103-6CB41FD025B0.npy,PARP inhibitor
P015094,J06,s7,CBK309255,/mnt/micro-images-pvc/specs935-v1/specs935-v1-FA-P015094-U2OS-48h-P10-L1/2021-12-19/856/specs935-v1-FA-P015094-U2OS-48h-P10-L1_J06_s7_w5C5E147A5-04D7-4EB1-AE2C-FA3F248B64FC.npy,PARP inhibitor
P015094,J06,s8,CBK309255,/mnt/micro-images-pvc/specs935-v1/specs935-v1-FA-P015094-U2OS-48h-P10-L1/2021-12-19/856/specs935-v1-FA-P015094-U2OS-48h-P10-L1_J06_s8_w57400AB0D-555D-445E-AD67-6E0E1D0FF11A.npy,PARP inhibitor
P015094,J06,s9,CBK309255,/mnt/micro-images-pvc/specs935-v1/specs935-v1-FA-P015094-U2OS-48h-P10-L1/2021-12-19/856/specs935-v1-FA-P015094-U2OS-48h-P10-L1_J06_s9_w5F9BF6597-9D96-41EF-B441-DAD7ABB0C59C.npy,PARP inhibitor
P015094,J09,s1,CBK278031,/mnt/micro-images-pvc/specs935-v1/specs935-v1-FA-P015094-U2OS-48h-P10-L1/2021-12-19/856/specs935-v1-FA-P015094-U2OS-48h-P10-L1_J09_s1_w593E8A55F-1250-4D5C-9007-E1B2A8E9B967.npy,PARP inhibitor
P015094,J09,s2,CBK278031,/mnt/micro-images-pvc/specs935-v1/specs935-v1-FA-P015094-U2OS-48h-P10-L1/2021-12-19/856/specs935-v1-FA-P015094-U2OS-48h-P10-L1_J09_s2_w57F0F12A3-C684-4C12-9918-7FED87FAE4D1.npy,PARP inhibitor
P015094,J09,s3,CBK278031,/mnt/micro-images-pvc/specs935-v1/specs935-v1-FA-P015094-U2OS-48h-P10-L1/2021-12-19/856/specs935-v1-FA-P015094-U2OS-48h-P10-L1_J09_s3_w557C380B1-0CCE-4974-8FDD-A11AC780D6DD.npy,PARP inhibitor
P015094,J09,s4,CBK278031,/mnt/micro-images-pvc/specs935-v1/specs935-v1-FA-P015094-U2OS-48h-P10-L1/2021-12-19/856/specs935-v1-FA-P015094-U2OS-48h-P10-L1_J09_s4_w5B73E9187-9841-4045-A121-828274EA93A9.npy,PARP inhibitor
P015094,J09,s5,CBK278031,/mnt/micro-images-pvc/specs935-v1/specs935-v1-FA-P015094-U2OS-48h-P10-L1/2021-12-19/856/specs935-v1-FA-P015094-U2OS-48h-P10-L1_J09_s5_w59F23A7CC-E148-49B4-AA4A-A0306A4E1587.npy,PARP inhibitor
P015094,J09,s6,CBK278031,/mnt/micro-images-pvc/specs935-v1/specs935-v1-FA-P015094-U2OS-48h-P10-L1/2021-12-19/856/specs935-v1-FA-P015094-U2OS-48h-P10-L1_J09_s6_w5F72B3371-B8A0-4CE8-9DD9-EC57678401FF.npy,PARP inhibitor
P015094,J09,s7,CBK278031,/mnt/micro-images-pvc/specs935-v1/specs935-v1-FA-P015094-U2OS-48h-P10-L1/2021-12-19/856/specs935-v1-FA-P015094-U2OS-48h-P10-L1_J09_s7_w5FAEAD772-51E1-4274-B340-40BB615F7CDB.npy,PARP inhibitor
P015094,J09,s8,CBK278031,/mnt/micro-images-pvc/specs935-v1/specs935-v1-FA-P015094-U2OS-48h-P10-L1/2021-12-19/856/specs935-v1-FA-P015094-U2OS-48h-P10-L1_J09_s8_w5A954C47D-31F4-4A99-B5C1-3897C99AB69D.npy,PARP inhibitor
P015094,J09,s9,CBK278031,/mnt/micro-images-pvc/specs935-v1/specs935-v1-FA-P015094-U2OS-48h-P10-L1/2021-12-19/856/specs935-v1-FA-P015094-U2OS-48h-P10-L1_J09_s9_w5061FC2E6-18D9-4B22-B463-19762CB3DBAE.npy,PARP inhibitor
P015094,J11,s1,CBK290205,/mnt/micro-images-pvc/specs935-v1/specs935-v1-FA-P015094-U2OS-48h-P10-L1/2021-12-19/856/specs935-v1-FA-P015094-U2OS-48h-P10-L1_J11_s1_w508B9CCAA-2B55-48F4-B6F4-495DBFED95CB.npy,PARP inhibitor
P015094,J11,s2,CBK290205,/mnt/micro-images-pvc/specs935-v1/specs935-v1-FA-P015094-U2OS-48h-P10-L1/2021-12-19/856/specs935-v1-FA-P015094-U2OS-48h-P10-L1_J11_s2_w5C8013674-652C-43C9-9C7D-989EEF65ADC7.npy,PARP inhibitor
P015094,J11,s3,CBK290205,/mnt/micro-images-pvc/specs935-v1/specs935-v1-FA-P015094-U2OS-48h-P10-L1/2021-12-19/856/specs935-v1-FA-P015094-U2OS-48h-P10-L1_J11_s3_w570FAE310-99C6-40F4-80D1-D1924CA796DE.npy,PARP inhibitor
P015094,J11,s4,CBK290205,/mnt/micro-images-pvc/specs935-v1/specs935-v1-FA-P015094-U2OS-48h-P10-L1/2021-12-19/856/specs935-v1-FA-P015094-U2OS-48h-P10-L1_J11_s4_w56855F5CF-D5AF-446D-B6F2-660C61C0F93F.npy,PARP inhibitor
P015094,J11,s5,CBK290205,/mnt/micro-images-pvc/specs935-v1/specs935-v1-FA-P015094-U2OS-48h-P10-L1/2021-12-19/856/specs935-v1-FA-P015094-U2OS-48h-P10-L1_J11_s5_w5BF3D9688-F141-49BB-9735-A760B9C05683.npy,PARP inhibitor
P015094,J11,s6,CBK290205,/mnt/micro-images-pvc/specs935-v1/specs935-v1-FA-P015094-U2OS-48h-P10-L1/2021-12-19/856/specs935-v1-FA-P015094-U2OS-48h-P10-L1_J11_s6_w53FD024B3-009A-4D98-B909-0C90C95F2BAC.npy,PARP inhibitor
P015094,J11,s7,CBK290205,/mnt/micro-images-pvc/specs935-v1/specs935-v1-FA-P015094-U2OS-48h-P10-L1/2021-12-19/856/specs935-v1-FA-P015094-U2OS-48h-P10-L1_J11_s7_w5443C95D1-8A48-4943-B1DF-5C9256382168.npy,PARP inhibitor
P015094,J11,s8,CBK290205,/mnt/micro-images-pvc/specs935-v1/specs935-v1-FA-P015094-U2OS-48h-P10-L1/2021-12-19/856/specs935-v1-FA-P015094-U2OS-48h-P10-L1_J11_s8_w50FD83E14-9E64-40E5-ACD5-91839FD45634.npy,PARP inhibitor
P015094,J11,s9,CBK290205,/mnt/micro-images-pvc/specs935-v1/specs935-v1-FA-P015094-U2OS-48h-P10-L1/2021-12-19/856/specs935-v1-FA-P015094-U2OS-48h-P10-L1_J11_s9_w50FA7BFAB-D748-49C7-B5BE-0BB63A310C0A.npy,PARP inhibitor
P015094,K09,s1,CBK308811,/mnt/micro-images-pvc/specs935-v1/specs935-v1-FA-P015094-U2OS-48h-P10-L1/2021-12-19/856/specs935-v1-FA-P015094-U2OS-48h-P10-L1_K09_s1_w5D04BB89B-387C-47C0-939A-7A41616422FA.npy,PARP inhibitor
P015094,K09,s2,CBK308811,/mnt/micro-images-pvc/specs935-v1/specs935-v1-FA-P015094-U2OS-48h-P10-L1/2021-12-19/856/specs935-v1-FA-P015094-U2OS-48h-P10-L1_K09_s2_w5A4A54EB9-E97F-4D3B-8C02-D1432CE32DC8.npy,PARP inhibitor
P015094,K09,s3,CBK308811,/mnt/micro-images-pvc/specs935-v1/specs935-v1-FA-P015094-U2OS-48h-P10-L1/2021-12-19/856/specs935-v1-FA-P015094-U2OS-48h-P10-L1_K09_s3_w54E59D0B4-9F53-4F0B-A495-4864116074F0.npy,PARP inhibitor
P015094,K09,s4,CBK308811,/mnt/micro-images-pvc/specs935-v1/specs935-v1-FA-P015094-U2OS-48h-P10-L1/2021-12-19/856/specs935-v1-FA-P015094-U2OS-48h-P10-L1_K09_s4_w542E2E668-9EB7-4E55-BB8E-E56E1E6966E3.npy,PARP inhibitor
P015094,K09,s5,CBK308811,/mnt/micro-images-pvc/specs935-v1/specs935-v1-FA-P015094-U2OS-48h-P10-L1/2021-12-19/856/specs935-v1-FA-P015094-U2OS-48h-P10-L1_K09_s5_w555C30F41-72EF-49C1-AC40-CE8E58789450.npy,PARP inhibitor
P015094,K09,s6,CBK308811,/mnt/micro-images-pvc/specs935-v1/specs935-v1-FA-P015094-U2OS-48h-P10-L1/2021-12-19/856/specs935-v1-FA-P015094-U2OS-48h-P10-L1_K09_s6_w5DC3288CF-89E9-4953-B182-21344F18DBA4.npy,PARP inhibitor
P015094,K09,s7,CBK308811,/mnt/micro-images-pvc/specs935-v1/specs935-v1-FA-P015094-U2OS-48h-P10-L1/2021-12-19/856/specs935-v1-FA-P015094-U2OS-48h-P10-L1_K09_s7_w56F825D6F-7E90-44BA-8BD1-3CD3CB4A3992.npy,PARP inhibitor
P015094,K09,s8,CBK308811,/mnt/micro-images-pvc/specs935-v1/specs935-v1-FA-P015094-U2OS-48h-P10-L1/2021-12-19/856/specs935-v1-FA-P015094-U2OS-48h-P10-L1_K09_s8_w56D2875A4-572D-451A-9A8F-C80EFD85EC23.npy,PARP inhibitor
P015094,K09,s9,CBK308811,/mnt/micro-images-pvc/specs935-v1/specs935-v1-FA-P015094-U2OS-48h-P10-L1/2021-12-19/856/specs935-v1-FA-P015094-U2OS-48h-P10-L1_K09_s9_w52A373E5F-5251-4218-B39B-5ECA7EF6A4F9.npy,PARP inhibitor
P015094,K11,s1,CBK308723,/mnt/micro-images-pvc/specs935-v1/specs935-v1-FA-P015094-U2OS-48h-P10-L1/2021-12-19/856/specs935-v1-FA-P015094-U2OS-48h-P10-L1_K11_s1_w512703C85-CE0F-42A0-9AA2-D68BACFEC6B4.npy,PARP inhibitor
P015094,K11,s2,CBK308723,/mnt/micro-images-pvc/specs935-v1/specs935-v1-FA-P015094-U2OS-48h-P10-L1/2021-12-19/856/specs935-v1-FA-P015094-U2OS-48h-P10-L1_K11_s2_w5B68F3186-C3E1-4137-8254-C785F94BDF32.npy,PARP inhibitor
P015094,K11,s3,CBK308723,/mnt/micro-images-pvc/specs935-v1/specs935-v1-FA-P015094-U2OS-48h-P10-L1/2021-12-19/856/specs935-v1-FA-P015094-U2OS-48h-P10-L1_K11_s3_w5EE65DD46-11D1-4783-B7F6-AC3D4AD4458B.npy,PARP inhibitor
P015094,K11,s4,CBK308723,/mnt/micro-images-pvc/specs935-v1/specs935-v1-FA-P015094-U2OS-48h-P10-L1/2021-12-19/856/specs935-v1-FA-P015094-U2OS-48h-P10-L1_K11_s4_w5CCF62AFB-D1A4-4521-9125-5FF8EA45A4C1.npy,PARP inhibitor
P015094,K11,s5,CBK308723,/mnt/micro-images-pvc/specs935-v1/specs935-v1-FA-P015094-U2OS-48h-P10-L1/2021-12-19/856/specs935-v1-FA-P015094-U2OS-48h-P10-L1_K11_s5_w536D0F782-699B-405E-AB48-D67830F90E05.npy,PARP inhibitor
P015094,K11,s6,CBK308723,/mnt/micro-images-pvc/specs935-v1/specs935-v1-FA-P015094-U2OS-48h-P10-L1/2021-12-19/856/specs935-v1-FA-P015094-U2OS-48h-P10-L1_K11_s6_w57FC5CEB8-519D-4A9F-849F-97FBFD6FA8AD.npy,PARP inhibitor
P015094,K11,s7,CBK308723,/mnt/micro-images-pvc/specs935-v1/specs935-v1-FA-P015094-U2OS-48h-P10-L1/2021-12-19/856/specs935-v1-FA-P015094-U2OS-48h-P10-L1_K11_s7_w599EC5EEE-D5ED-43AD-BCDC-9D999BB732A0.npy,PARP inhibitor
P015094,K11,s8,CBK308723,/mnt/micro-images-pvc/specs935-v1/specs935-v1-FA-P015094-U2OS-48h-P10-L1/2021-12-19/856/specs935-v1-FA-P015094-U2OS-48h-P10-L1_K11_s8_w5A3633FB4-DB39-4C54-8481-03E965F71369.npy,PARP inhibitor
P015094,K11,s9,CBK308723,/mnt/micro-images-pvc/specs935-v1/specs935-v1-FA-P015094-U2OS-48h-P10-L1/2021-12-19/856/specs935-v1-FA-P015094-U2OS-48h-P10-L1_K11_s9_w5AB896399-3A5C-4562-8E7F-E29E45CCB9FA.npy,PARP inhibitor
P015094,L14,s1,CBK308846,/mnt/micro-images-pvc/specs935-v1/specs935-v1-FA-P015094-U2OS-48h-P10-L1/2021-12-19/856/specs935-v1-FA-P015094-U2OS-48h-P10-L1_L14_s1_w5BBE74ED0-1082-49E5-A4D2-38FD7A43993A.npy,PARP inhibitor
P015094,L14,s2,CBK308846,/mnt/micro-images-pvc/specs935-v1/specs935-v1-FA-P015094-U2OS-48h-P10-L1/2021-12-19/856/specs935-v1-FA-P015094-U2OS-48h-P10-L1_L14_s2_w57EBBC8D1-F507-42A6-83BF-8EB002F7F6AE.npy,PARP inhibitor
P015094,L14,s3,CBK308846,/mnt/micro-images-pvc/specs935-v1/specs935-v1-FA-P015094-U2OS-48h-P10-L1/2021-12-19/856/specs935-v1-FA-P015094-U2OS-48h-P10-L1_L14_s3_w5B965710B-0A2B-4928-B8AE-000A998F57A9.npy,PARP inhibitor
P015094,L14,s4,CBK308846,/mnt/micro-images-pvc/specs935-v1/specs935-v1-FA-P015094-U2OS-48h-P10-L1/2021-12-19/856/specs935-v1-FA-P015094-U2OS-48h-P10-L1_L14_s4_w50682F9BF-70E8-4EC8-94CE-D33A040B6D42.npy,PARP inhibitor
P015094,L14,s5,CBK308846,/mnt/micro-images-pvc/specs935-v1/specs935-v1-FA-P015094-U2OS-48h-P10-L1/2021-12-19/856/specs935-v1-FA-P015094-U2OS-48h-P10-L1_L14_s5_w5D244F916-9BF5-4B24-BA19-43CA7622765D.npy,PARP inhibitor
P015094,L14,s6,CBK308846,/mnt/micro-images-pvc/specs935-v1/specs935-v1-FA-P015094-U2OS-48h-P10-L1/2021-12-19/856/specs935-v1-FA-P015094-U2OS-48h-P10-L1_L14_s6_w5595F354B-A974-434D-82BD-7653F24FC2C8.npy,PARP inhibitor
P015094,L14,s7,CBK308846,/mnt/micro-images-pvc/specs935-v1/specs935-v1-FA-P015094-U2OS-48h-P10-L1/2021-12-19/856/specs935-v1-FA-P015094-U2OS-48h-P10-L1_L14_s7_w5D4B143FC-0D10-461B-82BE-05E79E267306.npy,PARP inhibitor
P015094,L14,s8,CBK308846,/mnt/micro-images-pvc/specs935-v1/specs935-v1-FA-P015094-U2OS-48h-P10-L1/2021-12-19/856/specs935-v1-FA-P015094-U2OS-48h-P10-L1_L14_s8_w5B3F7E4FE-00AE-4B19-A2E8-B36EC6BAEEBD.npy,PARP inhibitor
P015094,L14,s9,CBK308846,/mnt/micro-images-pvc/specs935-v1/specs935-v1-FA-P015094-U2OS-48h-P10-L1/2021-12-19/856/specs935-v1-FA-P015094-U2OS-48h-P10-L1_L14_s9_w5ACC040E4-FA56-42E5-BC21-25D430CDA6A8.npy,PARP inhibitor
P015094,M08,s1,CBK309255,/mnt/micro-images-pvc/specs935-v1/specs935-v1-FA-P015094-U2OS-48h-P10-L1/2021-12-19/856/specs935-v1-FA-P015094-U2OS-48h-P10-L1_M08_s1_w58A140FFC-F614-48F7-A288-60AF72607E13.npy,PARP inhibitor
P015094,M08,s2,CBK309255,/mnt/micro-images-pvc/specs935-v1/specs935-v1-FA-P015094-U2OS-48h-P10-L1/2021-12-19/856/specs935-v1-FA-P015094-U2OS-48h-P10-L1_M08_s2_w566DD0F30-F9F9-45F1-BFA8-0508C867C238.npy,PARP inhibitor
P015094,M08,s3,CBK309255,/mnt/micro-images-pvc/specs935-v1/specs935-v1-FA-P015094-U2OS-48h-P10-L1/2021-12-19/856/specs935-v1-FA-P015094-U2OS-48h-P10-L1_M08_s3_w5055B9E2B-D2B1-4434-A64B-1337EC082F74.npy,PARP inhibitor
P015094,M08,s4,CBK309255,/mnt/micro-images-pvc/specs935-v1/specs935-v1-FA-P015094-U2OS-48h-P10-L1/2021-12-19/856/specs935-v1-FA-P015094-U2OS-48h-P10-L1_M08_s4_w5CDB236FF-A9EC-48EE-BD65-F283F880878E.npy,PARP inhibitor
P015094,M08,s5,CBK309255,/mnt/micro-images-pvc/specs935-v1/specs935-v1-FA-P015094-U2OS-48h-P10-L1/2021-12-19/856/specs935-v1-FA-P015094-U2OS-48h-P10-L1_M08_s5_w557406425-643E-402B-B743-02DC9BE37FF8.npy,PARP inhibitor
P015094,M08,s6,CBK309255,/mnt/micro-images-pvc/specs935-v1/specs935-v1-FA-P015094-U2OS-48h-P10-L1/2021-12-19/856/specs935-v1-FA-P015094-U2OS-48h-P10-L1_M08_s6_w5000CE273-1158-46EE-8A68-18C642BA750F.npy,PARP inhibitor
P015094,M08,s7,CBK309255,/mnt/micro-images-pvc/specs935-v1/specs935-v1-FA-P015094-U2OS-48h-P10-L1/2021-12-19/856/specs935-v1-FA-P015094-U2OS-48h-P10-L1_M08_s7_w529195BEC-5F22-463D-9FA2-0E3978882404.npy,PARP inhibitor
P015094,M08,s8,CBK309255,/mnt/micro-images-pvc/specs935-v1/specs935-v1-FA-P015094-U2OS-48h-P10-L1/2021-12-19/856/specs935-v1-FA-P015094-U2OS-48h-P10-L1_M08_s8_w5DC4E386D-6554-4A2E-B730-D16F896EEE2F.npy,PARP inhibitor
P015094,M08,s9,CBK309255,/mnt/micro-images-pvc/specs935-v1/specs935-v1-FA-P015094-U2OS-48h-P10-L1/2021-12-19/856/specs935-v1-FA-P015094-U2OS-48h-P10-L1_M08_s9_w5DDF6C1B0-6A0B-4E44-8C40-AD8A6D803F8B.npy,PARP inhibitor
P015094,M10,s1,CBK290993,/mnt/micro-images-pvc/specs935-v1/specs935-v1-FA-P015094-U2OS-48h-P10-L1/2021-12-19/856/specs935-v1-FA-P015094-U2OS-48h-P10-L1_M10_s1_w5478CDFB3-06E0-400F-B43F-962C86322ADA.npy,PARP inhibitor
P015094,M10,s2,CBK290993,/mnt/micro-images-pvc/specs935-v1/specs935-v1-FA-P015094-U2OS-48h-P10-L1/2021-12-19/856/specs935-v1-FA-P015094-U2OS-48h-P10-L1_M10_s2_w55E3B95DA-C3AA-494D-8F74-1BA4F2635C33.npy,PARP inhibitor
P015094,M10,s3,CBK290993,/mnt/micro-images-pvc/specs935-v1/specs935-v1-FA-P015094-U2OS-48h-P10-L1/2021-12-19/856/specs935-v1-FA-P015094-U2OS-48h-P10-L1_M10_s3_w56C5414A8-9032-4DA7-A5E2-3D1D87ABFCA7.npy,PARP inhibitor
P015094,M10,s4,CBK290993,/mnt/micro-images-pvc/specs935-v1/specs935-v1-FA-P015094-U2OS-48h-P10-L1/2021-12-19/856/specs935-v1-FA-P015094-U2OS-48h-P10-L1_M10_s4_w559818651-3144-4066-970B-EEA2E6DF5CA3.npy,PARP inhibitor
P015094,M10,s5,CBK290993,/mnt/micro-images-pvc/specs935-v1/specs935-v1-FA-P015094-U2OS-48h-P10-L1/2021-12-19/856/specs935-v1-FA-P015094-U2OS-48h-P10-L1_M10_s5_w52C116CFB-775E-41A2-9514-28580EC921D2.npy,PARP inhibitor
P015094,M10,s6,CBK290993,/mnt/micro-images-pvc/specs935-v1/specs935-v1-FA-P015094-U2OS-48h-P10-L1/2021-12-19/856/specs935-v1-FA-P015094-U2OS-48h-P10-L1_M10_s6_w56380910B-0B99-435D-A730-FDE34C18A0DA.npy,PARP inhibitor
P015094,M10,s7,CBK290993,/mnt/micro-images-pvc/specs935-v1/specs935-v1-FA-P015094-U2OS-48h-P10-L1/2021-12-19/856/specs935-v1-FA-P015094-U2OS-48h-P10-L1_M10_s7_w5A6D44968-28CF-400D-A010-C3E3E54535F1.npy,PARP inhibitor
P015094,M10,s8,CBK290993,/mnt/micro-images-pvc/specs935-v1/specs935-v1-FA-P015094-U2OS-48h-P10-L1/2021-12-19/856/specs935-v1-FA-P015094-U2OS-48h-P10-L1_M10_s8_w54EC33DF9-4AD6-45F1-B14B-D70DCE5D4E57.npy,PARP inhibitor
P015094,M10,s9,CBK290993,/mnt/micro-images-pvc/specs935-v1/specs935-v1-FA-P015094-U2OS-48h-P10-L1/2021-12-19/856/specs935-v1-FA-P015094-U2OS-48h-P10-L1_M10_s9_w5F129B9DC-E1A6-45FF-9104-B1F5F3083AC1.npy,PARP inhibitor
P015094,M13,s1,CBK277950,/mnt/micro-images-pvc/specs935-v1/specs935-v1-FA-P015094-U2OS-48h-P10-L1/2021-12-19/856/specs935-v1-FA-P015094-U2OS-48h-P10-L1_M13_s1_w5438B3FA1-6869-490D-B8FA-56D70631634E.npy,PARP inhibitor
P015094,M13,s2,CBK277950,/mnt/micro-images-pvc/specs935-v1/specs935-v1-FA-P015094-U2OS-48h-P10-L1/2021-12-19/856/specs935-v1-FA-P015094-U2OS-48h-P10-L1_M13_s2_w55EC58E3B-B220-416A-A558-A7C670E649B6.npy,PARP inhibitor
P015094,M13,s3,CBK277950,/mnt/micro-images-pvc/specs935-v1/specs935-v1-FA-P015094-U2OS-48h-P10-L1/2021-12-19/856/specs935-v1-FA-P015094-U2OS-48h-P10-L1_M13_s3_w50205874C-5FE2-497B-BE3B-24D6B3AD3A3A.npy,PARP inhibitor
P015094,M13,s4,CBK277950,/mnt/micro-images-pvc/specs935-v1/specs935-v1-FA-P015094-U2OS-48h-P10-L1/2021-12-19/856/specs935-v1-FA-P015094-U2OS-48h-P10-L1_M13_s4_w58AEFDE55-D629-41E7-8C31-980F849DB072.npy,PARP inhibitor
P015094,M13,s5,CBK277950,/mnt/micro-images-pvc/specs935-v1/specs935-v1-FA-P015094-U2OS-48h-P10-L1/2021-12-19/856/specs935-v1-FA-P015094-U2OS-48h-P10-L1_M13_s5_w58E653D98-2166-4665-9A95-AE30B2778C2C.npy,PARP inhibitor
P015094,M13,s6,CBK277950,/mnt/micro-images-pvc/specs935-v1/specs935-v1-FA-P015094-U2OS-48h-P10-L1/2021-12-19/856/specs935-v1-FA-P015094-U2OS-48h-P10-L1_M13_s6_w5CDEB34AC-1BE3-4431-A9D0-BAA2098B80D3.npy,PARP inhibitor
P015094,M13,s7,CBK277950,/mnt/micro-images-pvc/specs935-v1/specs935-v1-FA-P015094-U2OS-48h-P10-L1/2021-12-19/856/specs935-v1-FA-P015094-U2OS-48h-P10-L1_M13_s7_w5825313F8-FCE8-469E-A4D7-50296A09FAAA.npy,PARP inhibitor
P015094,M13,s8,CBK277950,/mnt/micro-images-pvc/specs935-v1/specs935-v1-FA-P015094-U2OS-48h-P10-L1/2021-12-19/856/specs935-v1-FA-P015094-U2OS-48h-P10-L1_M13_s8_w5E70CB44F-F8EC-44A4-A6FC-9891D50CF352.npy,PARP inhibitor
P015094,M13,s9,CBK277950,/mnt/micro-images-pvc/specs935-v1/specs935-v1-FA-P015094-U2OS-48h-P10-L1/2021-12-19/856/specs935-v1-FA-P015094-U2OS-48h-P10-L1_M13_s9_w5A30BA58F-55C5-49D3-9EB0-CC63FB2458BA.npy,PARP inhibitor
P015094,M21,s1,CBK277970,/mnt/micro-images-pvc/specs935-v1/specs935-v1-FA-P015094-U2OS-48h-P10-L1/2021-12-19/856/specs935-v1-FA-P015094-U2OS-48h-P10-L1_M21_s1_w5807E8D02-0791-4472-8E42-2AD4CE455135.npy,PARP inhibitor
P015094,M21,s2,CBK277970,/mnt/micro-images-pvc/specs935-v1/specs935-v1-FA-P015094-U2OS-48h-P10-L1/2021-12-19/856/specs935-v1-FA-P015094-U2OS-48h-P10-L1_M21_s2_w5B3D3FB49-FAE2-47FF-8827-9F0891290B87.npy,PARP inhibitor
P015094,M21,s3,CBK277970,/mnt/micro-images-pvc/specs935-v1/specs935-v1-FA-P015094-U2OS-48h-P10-L1/2021-12-19/856/specs935-v1-FA-P015094-U2OS-48h-P10-L1_M21_s3_w58724D722-AB5B-4C1F-8FD3-4D5C92F4E09F.npy,PARP inhibitor
P015094,M21,s4,CBK277970,/mnt/micro-images-pvc/specs935-v1/specs935-v1-FA-P015094-U2OS-48h-P10-L1/2021-12-19/856/specs935-v1-FA-P015094-U2OS-48h-P10-L1_M21_s4_w5858C4E5E-F20E-47CA-A3CE-4F7E0F17581A.npy,PARP inhibitor
P015094,M21,s5,CBK277970,/mnt/micro-images-pvc/specs935-v1/specs935-v1-FA-P015094-U2OS-48h-P10-L1/2021-12-19/856/specs935-v1-FA-P015094-U2OS-48h-P10-L1_M21_s5_w53C956A04-56F2-4FE2-960F-74970DAB732D.npy,PARP inhibitor
P015094,M21,s6,CBK277970,/mnt/micro-images-pvc/specs935-v1/specs935-v1-FA-P015094-U2OS-48h-P10-L1/2021-12-19/856/specs935-v1-FA-P015094-U2OS-48h-P10-L1_M21_s6_w5052E1C14-A563-4A88-87CD-60A81CC875A5.npy,PARP inhibitor
P015094,M21,s7,CBK277970,/mnt/micro-images-pvc/specs935-v1/specs935-v1-FA-P015094-U2OS-48h-P10-L1/2021-12-19/856/specs935-v1-FA-P015094-U2OS-48h-P10-L1_M21_s7_w5B4766CA2-2D94-4E62-AE68-61353D7C6391.npy,PARP inhibitor
P015094,M21,s8,CBK277970,/mnt/micro-images-pvc/specs935-v1/specs935-v1-FA-P015094-U2OS-48h-P10-L1/2021-12-19/856/specs935-v1-FA-P015094-U2OS-48h-P10-L1_M21_s8_w5B7456DF2-0648-4183-948D-3F05FCEDC8B5.npy,PARP inhibitor
P015094,M21,s9,CBK277970,/mnt/micro-images-pvc/specs935-v1/specs935-v1-FA-P015094-U2OS-48h-P10-L1/2021-12-19/856/specs935-v1-FA-P015094-U2OS-48h-P10-L1_M21_s9_w53E2A33F3-8EFE-4F0F-BC12-3712B47ED824.npy,PARP inhibitor
P015094,M23,s1,CBK308723,/mnt/micro-images-pvc/specs935-v1/specs935-v1-FA-P015094-U2OS-48h-P10-L1/2021-12-19/856/specs935-v1-FA-P015094-U2OS-48h-P10-L1_M23_s1_w55D686BB9-8AD0-490A-93C9-AA32EC0AEEA0.npy,PARP inhibitor
P015094,M23,s2,CBK308723,/mnt/micro-images-pvc/specs935-v1/specs935-v1-FA-P015094-U2OS-48h-P10-L1/2021-12-19/856/specs935-v1-FA-P015094-U2OS-48h-P10-L1_M23_s2_w570B5D239-2C6D-4741-A2CE-2CFFE5978857.npy,PARP inhibitor
P015094,M23,s3,CBK308723,/mnt/micro-images-pvc/specs935-v1/specs935-v1-FA-P015094-U2OS-48h-P10-L1/2021-12-19/856/specs935-v1-FA-P015094-U2OS-48h-P10-L1_M23_s3_w5BCC32719-D0E1-4EA5-BC6A-16426261A406.npy,PARP inhibitor
P015094,M23,s4,CBK308723,/mnt/micro-images-pvc/specs935-v1/specs935-v1-FA-P015094-U2OS-48h-P10-L1/2021-12-19/856/specs935-v1-FA-P015094-U2OS-48h-P10-L1_M23_s4_w59D2F9578-244C-4810-A9BA-C7453E8BBB51.npy,PARP inhibitor
P015094,M23,s5,CBK308723,/mnt/micro-images-pvc/specs935-v1/specs935-v1-FA-P015094-U2OS-48h-P10-L1/2021-12-19/856/specs935-v1-FA-P015094-U2OS-48h-P10-L1_M23_s5_w54363F97E-38A8-4B05-826C-7F961969E257.npy,PARP inhibitor
P015094,M23,s6,CBK308723,/mnt/micro-images-pvc/specs935-v1/specs935-v1-FA-P015094-U2OS-48h-P10-L1/2021-12-19/856/specs935-v1-FA-P015094-U2OS-48h-P10-L1_M23_s6_w5CDFFF280-E664-4D72-B081-D9BBFF047786.npy,PARP inhibitor
P015094,M23,s7,CBK308723,/mnt/micro-images-pvc/specs935-v1/specs935-v1-FA-P015094-U2OS-48h-P10-L1/2021-12-19/856/specs935-v1-FA-P015094-U2OS-48h-P10-L1_M23_s7_w598B23CF3-672C-4605-848B-D0D798AB9AEA.npy,PARP inhibitor
P015094,M23,s8,CBK308723,/mnt/micro-images-pvc/specs935-v1/specs935-v1-FA-P015094-U2OS-48h-P10-L1/2021-12-19/856/specs935-v1-FA-P015094-U2OS-48h-P10-L1_M23_s8_w57A11F0FE-836E-4A6F-A697-A5B13F2A87C2.npy,PARP inhibitor
P015094,M23,s9,CBK308723,/mnt/micro-images-pvc/specs935-v1/specs935-v1-FA-P015094-U2OS-48h-P10-L1/2021-12-19/856/specs935-v1-FA-P015094-U2OS-48h-P10-L1_M23_s9_w52FF4F8B7-BD0B-433E-B1C6-C68206ABB09A.npy,PARP inhibitor
P015094,N07,s1,CBK308811,/mnt/micro-images-pvc/specs935-v1/specs935-v1-FA-P015094-U2OS-48h-P10-L1/2021-12-19/856/specs935-v1-FA-P015094-U2OS-48h-P10-L1_N07_s1_w587D95CB4-A4B9-46F2-900B-A5221122A23B.npy,PARP inhibitor
P015094,N07,s2,CBK308811,/mnt/micro-images-pvc/specs935-v1/specs935-v1-FA-P015094-U2OS-48h-P10-L1/2021-12-19/856/specs935-v1-FA-P015094-U2OS-48h-P10-L1_N07_s2_w5857AF200-E16E-4982-893D-1C195D92BDFC.npy,PARP inhibitor
P015094,N07,s3,CBK308811,/mnt/micro-images-pvc/specs935-v1/specs935-v1-FA-P015094-U2OS-48h-P10-L1/2021-12-19/856/specs935-v1-FA-P015094-U2OS-48h-P10-L1_N07_s3_w5DA4A2A07-BD3F-440E-9C4F-68133E05BCFC.npy,PARP inhibitor
P015094,N07,s4,CBK308811,/mnt/micro-images-pvc/specs935-v1/specs935-v1-FA-P015094-U2OS-48h-P10-L1/2021-12-19/856/specs935-v1-FA-P015094-U2OS-48h-P10-L1_N07_s4_w5901C5DDB-44DF-46B6-AB96-CC6C51ED5933.npy,PARP inhibitor
P015094,N07,s5,CBK308811,/mnt/micro-images-pvc/specs935-v1/specs935-v1-FA-P015094-U2OS-48h-P10-L1/2021-12-19/856/specs935-v1-FA-P015094-U2OS-48h-P10-L1_N07_s5_w5167AF496-4B6B-4386-878D-0B3618BA874B.npy,PARP inhibitor
P015094,N07,s6,CBK308811,/mnt/micro-images-pvc/specs935-v1/specs935-v1-FA-P015094-U2OS-48h-P10-L1/2021-12-19/856/specs935-v1-FA-P015094-U2OS-48h-P10-L1_N07_s6_w56B24BC61-8029-4D4A-AA87-8871484AFCFC.npy,PARP inhibitor
P015094,N07,s7,CBK308811,/mnt/micro-images-pvc/specs935-v1/specs935-v1-FA-P015094-U2OS-48h-P10-L1/2021-12-19/856/specs935-v1-FA-P015094-U2OS-48h-P10-L1_N07_s7_w5FC041C8D-2274-48E8-A43F-F85C5CFCC6C3.npy,PARP inhibitor
P015094,N07,s8,CBK308811,/mnt/micro-images-pvc/specs935-v1/specs935-v1-FA-P015094-U2OS-48h-P10-L1/2021-12-19/856/specs935-v1-FA-P015094-U2OS-48h-P10-L1_N07_s8_w5BD0B7B88-462D-4D3C-AFCA-17D06713FBC1.npy,PARP inhibitor
P015094,N07,s9,CBK308811,/mnt/micro-images-pvc/specs935-v1/specs935-v1-FA-P015094-U2OS-48h-P10-L1/2021-12-19/856/specs935-v1-FA-P015094-U2OS-48h-P10-L1_N07_s9_w5FB0A1AF7-F4BC-48D4-A28F-93AAD5F53866.npy,PARP inhibitor
P015094,N15,s1,CBK041804,/mnt/micro-images-pvc/specs935-v1/specs935-v1-FA-P015094-U2OS-48h-P10-L1/2021-12-19/856/specs935-v1-FA-P015094-U2OS-48h-P10-L1_N15_s1_w57AD34AFF-B33C-44F1-9701-B0387C716AFE.npy,PARP inhibitor
P015094,N15,s2,CBK041804,/mnt/micro-images-pvc/specs935-v1/specs935-v1-FA-P015094-U2OS-48h-P10-L1/2021-12-19/856/specs935-v1-FA-P015094-U2OS-48h-P10-L1_N15_s2_w52B072D44-09B7-4B64-9245-B42F52541AE3.npy,PARP inhibitor
P015094,N15,s3,CBK041804,/mnt/micro-images-pvc/specs935-v1/specs935-v1-FA-P015094-U2OS-48h-P10-L1/2021-12-19/856/specs935-v1-FA-P015094-U2OS-48h-P10-L1_N15_s3_w5EF56EEE2-B8D3-45C9-95A0-D4F0926C13AB.npy,PARP inhibitor
P015094,N15,s4,CBK041804,/mnt/micro-images-pvc/specs935-v1/specs935-v1-FA-P015094-U2OS-48h-P10-L1/2021-12-19/856/specs935-v1-FA-P015094-U2OS-48h-P10-L1_N15_s4_w5DFBDF786-E315-4613-A2D8-8EEBB8A04CBB.npy,PARP inhibitor
P015094,N15,s5,CBK041804,/mnt/micro-images-pvc/specs935-v1/specs935-v1-FA-P015094-U2OS-48h-P10-L1/2021-12-19/856/specs935-v1-FA-P015094-U2OS-48h-P10-L1_N15_s5_w5E9D37D1C-7471-49B2-B834-5EBCFFA630BC.npy,PARP inhibitor
P015094,N15,s6,CBK041804,/mnt/micro-images-pvc/specs935-v1/specs935-v1-FA-P015094-U2OS-48h-P10-L1/2021-12-19/856/specs935-v1-FA-P015094-U2OS-48h-P10-L1_N15_s6_w583CEE87B-F1D6-440D-91E5-27C738CBF624.npy,PARP inhibitor
P015094,N15,s7,CBK041804,/mnt/micro-images-pvc/specs935-v1/specs935-v1-FA-P015094-U2OS-48h-P10-L1/2021-12-19/856/specs935-v1-FA-P015094-U2OS-48h-P10-L1_N15_s7_w54B6E7677-6A8A-4FE7-8BB8-0B3C73C05F81.npy,PARP inhibitor
P015094,N15,s8,CBK041804,/mnt/micro-images-pvc/specs935-v1/specs935-v1-FA-P015094-U2OS-48h-P10-L1/2021-12-19/856/specs935-v1-FA-P015094-U2OS-48h-P10-L1_N15_s8_w5BAD2F4E0-9703-44D6-B01A-923B430E95EA.npy,PARP inhibitor
P015094,N15,s9,CBK041804,/mnt/micro-images-pvc/specs935-v1/specs935-v1-FA-P015094-U2OS-48h-P10-L1/2021-12-19/856/specs935-v1-FA-P015094-U2OS-48h-P10-L1_N15_s9_w55270C017-2830-410C-885E-545C9E2CAC33.npy,PARP inhibitor
P015094,N18,s1,CBK277970,/mnt/micro-images-pvc/specs935-v1/specs935-v1-FA-P015094-U2OS-48h-P10-L1/2021-12-19/856/specs935-v1-FA-P015094-U2OS-48h-P10-L1_N18_s1_w580E0AF16-AAA3-4103-BF46-34E1A96C4D22.npy,PARP inhibitor
P015094,N18,s2,CBK277970,/mnt/micro-images-pvc/specs935-v1/specs935-v1-FA-P015094-U2OS-48h-P10-L1/2021-12-19/856/specs935-v1-FA-P015094-U2OS-48h-P10-L1_N18_s2_w56A7BBA29-7BA8-45DB-B33D-10FB11542CDC.npy,PARP inhibitor
P015094,N18,s3,CBK277970,/mnt/micro-images-pvc/specs935-v1/specs935-v1-FA-P015094-U2OS-48h-P10-L1/2021-12-19/856/specs935-v1-FA-P015094-U2OS-48h-P10-L1_N18_s3_w53E366226-2E59-4259-BD82-413C847B3034.npy,PARP inhibitor
P015094,N18,s4,CBK277970,/mnt/micro-images-pvc/specs935-v1/specs935-v1-FA-P015094-U2OS-48h-P10-L1/2021-12-19/856/specs935-v1-FA-P015094-U2OS-48h-P10-L1_N18_s4_w5058E30AC-1AE8-4E0D-AC6E-C675D9207307.npy,PARP inhibitor
P015094,N18,s5,CBK277970,/mnt/micro-images-pvc/specs935-v1/specs935-v1-FA-P015094-U2OS-48h-P10-L1/2021-12-19/856/specs935-v1-FA-P015094-U2OS-48h-P10-L1_N18_s5_w570D7BE5E-C347-4CEA-8C6C-17D70210C87A.npy,PARP inhibitor
P015094,N18,s6,CBK277970,/mnt/micro-images-pvc/specs935-v1/specs935-v1-FA-P015094-U2OS-48h-P10-L1/2021-12-19/856/specs935-v1-FA-P015094-U2OS-48h-P10-L1_N18_s6_w54722DA8C-810E-44EB-A13B-A462FEBFC3AA.npy,PARP inhibitor
P015094,N18,s7,CBK277970,/mnt/micro-images-pvc/specs935-v1/specs935-v1-FA-P015094-U2OS-48h-P10-L1/2021-12-19/856/specs935-v1-FA-P015094-U2OS-48h-P10-L1_N18_s7_w50AE850FF-4ED8-4FC4-B97A-A7DB23736F6D.npy,PARP inhibitor
P015094,N18,s8,CBK277970,/mnt/micro-images-pvc/specs935-v1/specs935-v1-FA-P015094-U2OS-48h-P10-L1/2021-12-19/856/specs935-v1-FA-P015094-U2OS-48h-P10-L1_N18_s8_w5B2D3F220-C199-4E40-9326-D8057D4352CF.npy,PARP inhibitor
P015094,N18,s9,CBK277970,/mnt/micro-images-pvc/specs935-v1/specs935-v1-FA-P015094-U2OS-48h-P10-L1/2021-12-19/856/specs935-v1-FA-P015094-U2OS-48h-P10-L1_N18_s9_w52D78E5F7-1349-49C8-81D5-7416E03FE7D9.npy,PARP inhibitor
P015094,N19,s1,CBK277926,/mnt/micro-images-pvc/specs935-v1/specs935-v1-FA-P015094-U2OS-48h-P10-L1/2021-12-19/856/specs935-v1-FA-P015094-U2OS-48h-P10-L1_N19_s1_w54976E717-5201-4E10-BA10-2661308298FC.npy,PARP inhibitor
P015094,N19,s2,CBK277926,/mnt/micro-images-pvc/specs935-v1/specs935-v1-FA-P015094-U2OS-48h-P10-L1/2021-12-19/856/specs935-v1-FA-P015094-U2OS-48h-P10-L1_N19_s2_w50B3BD6D5-19BC-414A-8F13-E3C0BEA68A20.npy,PARP inhibitor
P015094,N19,s3,CBK277926,/mnt/micro-images-pvc/specs935-v1/specs935-v1-FA-P015094-U2OS-48h-P10-L1/2021-12-19/856/specs935-v1-FA-P015094-U2OS-48h-P10-L1_N19_s3_w5A259C043-D648-4E24-B24D-6D7728E9271C.npy,PARP inhibitor
P015094,N19,s4,CBK277926,/mnt/micro-images-pvc/specs935-v1/specs935-v1-FA-P015094-U2OS-48h-P10-L1/2021-12-19/856/specs935-v1-FA-P015094-U2OS-48h-P10-L1_N19_s4_w59CFC6FE5-1214-4545-97A4-D621F20317B8.npy,PARP inhibitor
P015094,N19,s5,CBK277926,/mnt/micro-images-pvc/specs935-v1/specs935-v1-FA-P015094-U2OS-48h-P10-L1/2021-12-19/856/specs935-v1-FA-P015094-U2OS-48h-P10-L1_N19_s5_w59DAD55FD-D21F-4AE2-A03D-A214A5AC41C2.npy,PARP inhibitor
P015094,N19,s6,CBK277926,/mnt/micro-images-pvc/specs935-v1/specs935-v1-FA-P015094-U2OS-48h-P10-L1/2021-12-19/856/specs935-v1-FA-P015094-U2OS-48h-P10-L1_N19_s6_w5DE40C31E-A7F3-4503-9501-602830043EED.npy,PARP inhibitor
P015094,N19,s7,CBK277926,/mnt/micro-images-pvc/specs935-v1/specs935-v1-FA-P015094-U2OS-48h-P10-L1/2021-12-19/856/specs935-v1-FA-P015094-U2OS-48h-P10-L1_N19_s7_w514B1FA54-C48D-4392-AC37-28BD10E98834.npy,PARP inhibitor
P015094,N19,s8,CBK277926,/mnt/micro-images-pvc/specs935-v1/specs935-v1-FA-P015094-U2OS-48h-P10-L1/2021-12-19/856/specs935-v1-FA-P015094-U2OS-48h-P10-L1_N19_s8_w5DAB5EB8B-2705-4640-920F-0EDA7FE3E2FC.npy,PARP inhibitor
P015094,N19,s9,CBK277926,/mnt/micro-images-pvc/specs935-v1/specs935-v1-FA-P015094-U2OS-48h-P10-L1/2021-12-19/856/specs935-v1-FA-P015094-U2OS-48h-P10-L1_N19_s9_w5CC4B42F9-5BB7-440D-BC40-06D707075F9F.npy,PARP inhibitor
P015094,O02,s1,CBK290205,/mnt/micro-images-pvc/specs935-v1/specs935-v1-FA-P015094-U2OS-48h-P10-L1/2021-12-19/856/specs935-v1-FA-P015094-U2OS-48h-P10-L1_O02_s1_w599D7FF77-778F-4568-9842-93A21DF8AD4E.npy,PARP inhibitor
P015094,O02,s2,CBK290205,/mnt/micro-images-pvc/specs935-v1/specs935-v1-FA-P015094-U2OS-48h-P10-L1/2021-12-19/856/specs935-v1-FA-P015094-U2OS-48h-P10-L1_O02_s2_w54F78C219-0BF3-4988-9656-41A41C9787BB.npy,PARP inhibitor
P015094,O02,s3,CBK290205,/mnt/micro-images-pvc/specs935-v1/specs935-v1-FA-P015094-U2OS-48h-P10-L1/2021-12-19/856/specs935-v1-FA-P015094-U2OS-48h-P10-L1_O02_s3_w5E7368090-1A29-4EA0-8972-CD74B506CB40.npy,PARP inhibitor
P015094,O02,s4,CBK290205,/mnt/micro-images-pvc/specs935-v1/specs935-v1-FA-P015094-U2OS-48h-P10-L1/2021-12-19/856/specs935-v1-FA-P015094-U2OS-48h-P10-L1_O02_s4_w58AA995EB-D1EB-48B4-9427-18D4542A375F.npy,PARP inhibitor
P015094,O02,s5,CBK290205,/mnt/micro-images-pvc/specs935-v1/specs935-v1-FA-P015094-U2OS-48h-P10-L1/2021-12-19/856/specs935-v1-FA-P015094-U2OS-48h-P10-L1_O02_s5_w55EF551F3-34DB-4297-B849-0B24A396ACA9.npy,PARP inhibitor
P015094,O02,s6,CBK290205,/mnt/micro-images-pvc/specs935-v1/specs935-v1-FA-P015094-U2OS-48h-P10-L1/2021-12-19/856/specs935-v1-FA-P015094-U2OS-48h-P10-L1_O02_s6_w570AC39CC-872E-4BAB-B2E1-2394454446B7.npy,PARP inhibitor
P015094,O02,s7,CBK290205,/mnt/micro-images-pvc/specs935-v1/specs935-v1-FA-P015094-U2OS-48h-P10-L1/2021-12-19/856/specs935-v1-FA-P015094-U2OS-48h-P10-L1_O02_s7_w5D8F2A21D-6171-4EC3-9EBB-A2EA3E510F2B.npy,PARP inhibitor
P015094,O02,s8,CBK290205,/mnt/micro-images-pvc/specs935-v1/specs935-v1-FA-P015094-U2OS-48h-P10-L1/2021-12-19/856/specs935-v1-FA-P015094-U2OS-48h-P10-L1_O02_s8_w5A85B8224-F5B9-4EE2-9ED5-7B33D029108E.npy,PARP inhibitor
P015094,O02,s9,CBK290205,/mnt/micro-images-pvc/specs935-v1/specs935-v1-FA-P015094-U2OS-48h-P10-L1/2021-12-19/856/specs935-v1-FA-P015094-U2OS-48h-P10-L1_O02_s9_w5BDC60468-56BC-4536-BEBA-5D0381DDB4D8.npy,PARP inhibitor
P015094,O11,s1,CBK277926,/mnt/micro-images-pvc/specs935-v1/specs935-v1-FA-P015094-U2OS-48h-P10-L1/2021-12-19/856/specs935-v1-FA-P015094-U2OS-48h-P10-L1_O11_s1_w554901377-B61E-4511-8F70-3B2B36E56E43.npy,PARP inhibitor
P015094,O11,s2,CBK277926,/mnt/micro-images-pvc/specs935-v1/specs935-v1-FA-P015094-U2OS-48h-P10-L1/2021-12-19/856/specs935-v1-FA-P015094-U2OS-48h-P10-L1_O11_s2_w5245AAE4F-4ABC-4DE0-8B8D-77CA55E84F61.npy,PARP inhibitor
P015094,O11,s3,CBK277926,/mnt/micro-images-pvc/specs935-v1/specs935-v1-FA-P015094-U2OS-48h-P10-L1/2021-12-19/856/specs935-v1-FA-P015094-U2OS-48h-P10-L1_O11_s3_w55884F1D3-44FC-4A1F-BF2F-E3C40F231978.npy,PARP inhibitor
P015094,O11,s4,CBK277926,/mnt/micro-images-pvc/specs935-v1/specs935-v1-FA-P015094-U2OS-48h-P10-L1/2021-12-19/856/specs935-v1-FA-P015094-U2OS-48h-P10-L1_O11_s4_w5F9391E08-D6EC-455F-B6ED-BDF7AD2FC7A4.npy,PARP inhibitor
P015094,O11,s5,CBK277926,/mnt/micro-images-pvc/specs935-v1/specs935-v1-FA-P015094-U2OS-48h-P10-L1/2021-12-19/856/specs935-v1-FA-P015094-U2OS-48h-P10-L1_O11_s5_w5C69C278F-1A0A-4B80-AED0-8DBE974185E5.npy,PARP inhibitor
P015094,O11,s6,CBK277926,/mnt/micro-images-pvc/specs935-v1/specs935-v1-FA-P015094-U2OS-48h-P10-L1/2021-12-19/856/specs935-v1-FA-P015094-U2OS-48h-P10-L1_O11_s6_w539A5CD9F-9B6B-4827-800C-56F345AD4440.npy,PARP inhibitor
P015094,O11,s7,CBK277926,/mnt/micro-images-pvc/specs935-v1/specs935-v1-FA-P015094-U2OS-48h-P10-L1/2021-12-19/856/specs935-v1-FA-P015094-U2OS-48h-P10-L1_O11_s7_w525CF36D2-85D3-4B25-BE8F-C2B22BBBC725.npy,PARP inhibitor
P015094,O11,s8,CBK277926,/mnt/micro-images-pvc/specs935-v1/specs935-v1-FA-P015094-U2OS-48h-P10-L1/2021-12-19/856/specs935-v1-FA-P015094-U2OS-48h-P10-L1_O11_s8_w5B5E8D844-9F89-4C02-A99E-D80769505B6E.npy,PARP inhibitor
P015094,O11,s9,CBK277926,/mnt/micro-images-pvc/specs935-v1/specs935-v1-FA-P015094-U2OS-48h-P10-L1/2021-12-19/856/specs935-v1-FA-P015094-U2OS-48h-P10-L1_O11_s9_w588FC61D7-DC69-4DBC-99D3-B727A2D7EAA6.npy,PARP inhibitor
P015094,O14,s1,CBK308321,/mnt/micro-images-pvc/specs935-v1/specs935-v1-FA-P015094-U2OS-48h-P10-L1/2021-12-19/856/specs935-v1-FA-P015094-U2OS-48h-P10-L1_O14_s1_w53EBC1142-7B3A-4950-88D3-A8B83535C465.npy,PARP inhibitor
P015094,O14,s2,CBK308321,/mnt/micro-images-pvc/specs935-v1/specs935-v1-FA-P015094-U2OS-48h-P10-L1/2021-12-19/856/specs935-v1-FA-P015094-U2OS-48h-P10-L1_O14_s2_w5A32FB28D-0780-45AC-9F12-BBAD087A2DF0.npy,PARP inhibitor
P015094,O14,s3,CBK308321,/mnt/micro-images-pvc/specs935-v1/specs935-v1-FA-P015094-U2OS-48h-P10-L1/2021-12-19/856/specs935-v1-FA-P015094-U2OS-48h-P10-L1_O14_s3_w52F0429BA-9414-4DDA-ABE4-32C3104CC94D.npy,PARP inhibitor
P015094,O14,s4,CBK308321,/mnt/micro-images-pvc/specs935-v1/specs935-v1-FA-P015094-U2OS-48h-P10-L1/2021-12-19/856/specs935-v1-FA-P015094-U2OS-48h-P10-L1_O14_s4_w5748150E2-8C1A-4B21-B59D-F3B64BC681A9.npy,PARP inhibitor
P015094,O14,s5,CBK308321,/mnt/micro-images-pvc/specs935-v1/specs935-v1-FA-P015094-U2OS-48h-P10-L1/2021-12-19/856/specs935-v1-FA-P015094-U2OS-48h-P10-L1_O14_s5_w517F29E04-B74E-4F8A-BB5B-C68B36F7114D.npy,PARP inhibitor
P015094,O14,s6,CBK308321,/mnt/micro-images-pvc/specs935-v1/specs935-v1-FA-P015094-U2OS-48h-P10-L1/2021-12-19/856/specs935-v1-FA-P015094-U2OS-48h-P10-L1_O14_s6_w5832545CC-60FB-4A32-93CA-576E3F7198A1.npy,PARP inhibitor
P015094,O14,s7,CBK308321,/mnt/micro-images-pvc/specs935-v1/specs935-v1-FA-P015094-U2OS-48h-P10-L1/2021-12-19/856/specs935-v1-FA-P015094-U2OS-48h-P10-L1_O14_s7_w5608F32CF-21FC-490E-9600-2AABCE00E092.npy,PARP inhibitor
P015094,O14,s8,CBK308321,/mnt/micro-images-pvc/specs935-v1/specs935-v1-FA-P015094-U2OS-48h-P10-L1/2021-12-19/856/specs935-v1-FA-P015094-U2OS-48h-P10-L1_O14_s8_w5593AAEB0-4417-414C-BD80-149B41DBCB44.npy,PARP inhibitor
P015094,O14,s9,CBK308321,/mnt/micro-images-pvc/specs935-v1/specs935-v1-FA-P015094-U2OS-48h-P10-L1/2021-12-19/856/specs935-v1-FA-P015094-U2OS-48h-P10-L1_O14_s9_w5D1633111-E4F4-455F-9024-E1DB42C9A913.npy,PARP inhibitor
P015094,O22,s1,CBK308846,/mnt/micro-images-pvc/specs935-v1/specs935-v1-FA-P015094-U2OS-48h-P10-L1/2021-12-19/856/specs935-v1-FA-P015094-U2OS-48h-P10-L1_O22_s1_w58DBFEEC5-5013-463A-95C7-2F6D608C8C36.npy,PARP inhibitor
P015094,O22,s2,CBK308846,/mnt/micro-images-pvc/specs935-v1/specs935-v1-FA-P015094-U2OS-48h-P10-L1/2021-12-19/856/specs935-v1-FA-P015094-U2OS-48h-P10-L1_O22_s2_w57CBA2DB7-6989-46CE-92ED-5AC287AFC47C.npy,PARP inhibitor
P015094,O22,s3,CBK308846,/mnt/micro-images-pvc/specs935-v1/specs935-v1-FA-P015094-U2OS-48h-P10-L1/2021-12-19/856/specs935-v1-FA-P015094-U2OS-48h-P10-L1_O22_s3_w58E4ABF25-01B8-4353-84B7-8E7CE74E181B.npy,PARP inhibitor
P015094,O22,s4,CBK308846,/mnt/micro-images-pvc/specs935-v1/specs935-v1-FA-P015094-U2OS-48h-P10-L1/2021-12-19/856/specs935-v1-FA-P015094-U2OS-48h-P10-L1_O22_s4_w53C45CC28-4F3D-4162-B643-50E33B969028.npy,PARP inhibitor
P015094,O22,s5,CBK308846,/mnt/micro-images-pvc/specs935-v1/specs935-v1-FA-P015094-U2OS-48h-P10-L1/2021-12-19/856/specs935-v1-FA-P015094-U2OS-48h-P10-L1_O22_s5_w5F7066648-B48C-4CF3-80BA-5449F147F3BA.npy,PARP inhibitor
P015094,O22,s6,CBK308846,/mnt/micro-images-pvc/specs935-v1/specs935-v1-FA-P015094-U2OS-48h-P10-L1/2021-12-19/856/specs935-v1-FA-P015094-U2OS-48h-P10-L1_O22_s6_w5BDB4C0E3-BF01-461F-9654-0E81B80CB24B.npy,PARP inhibitor
P015094,O22,s7,CBK308846,/mnt/micro-images-pvc/specs935-v1/specs935-v1-FA-P015094-U2OS-48h-P10-L1/2021-12-19/856/specs935-v1-FA-P015094-U2OS-48h-P10-L1_O22_s7_w5D19D59EF-07BF-4E4C-85CF-C885AE736285.npy,PARP inhibitor
P015094,O22,s8,CBK308846,/mnt/micro-images-pvc/specs935-v1/specs935-v1-FA-P015094-U2OS-48h-P10-L1/2021-12-19/856/specs935-v1-FA-P015094-U2OS-48h-P10-L1_O22_s8_w5555B4BCE-1C65-46BF-8645-D1806F2D7D18.npy,PARP inhibitor
P015094,O22,s9,CBK308846,/mnt/micro-images-pvc/specs935-v1/specs935-v1-FA-P015094-U2OS-48h-P10-L1/2021-12-19/856/specs935-v1-FA-P015094-U2OS-48h-P10-L1_O22_s9_w595BA31A5-CB4F-4216-B5D7-A155212E4F0E.npy,PARP inhibitor
P015094,O23,s1,CBK041804,/mnt/micro-images-pvc/specs935-v1/specs935-v1-FA-P015094-U2OS-48h-P10-L1/2021-12-19/856/specs935-v1-FA-P015094-U2OS-48h-P10-L1_O23_s1_w51C43B368-8910-4A12-9ECC-3B936043E6FB.npy,PARP inhibitor
P015094,O23,s2,CBK041804,/mnt/micro-images-pvc/specs935-v1/specs935-v1-FA-P015094-U2OS-48h-P10-L1/2021-12-19/856/specs935-v1-FA-P015094-U2OS-48h-P10-L1_O23_s2_w55880270A-CB4E-4855-BD12-A397B43A0E40.npy,PARP inhibitor
P015094,O23,s3,CBK041804,/mnt/micro-images-pvc/specs935-v1/specs935-v1-FA-P015094-U2OS-48h-P10-L1/2021-12-19/856/specs935-v1-FA-P015094-U2OS-48h-P10-L1_O23_s3_w5ED5D99A5-BE14-4AAF-BF2D-5C1F0925925C.npy,PARP inhibitor
P015094,O23,s4,CBK041804,/mnt/micro-images-pvc/specs935-v1/specs935-v1-FA-P015094-U2OS-48h-P10-L1/2021-12-19/856/specs935-v1-FA-P015094-U2OS-48h-P10-L1_O23_s4_w5824BA11B-C9E3-4936-AAE7-A74F3F55FE52.npy,PARP inhibitor
P015094,O23,s5,CBK041804,/mnt/micro-images-pvc/specs935-v1/specs935-v1-FA-P015094-U2OS-48h-P10-L1/2021-12-19/856/specs935-v1-FA-P015094-U2OS-48h-P10-L1_O23_s5_w558F3C269-6FC4-48D8-A74D-557B2F599F39.npy,PARP inhibitor
P015094,O23,s6,CBK041804,/mnt/micro-images-pvc/specs935-v1/specs935-v1-FA-P015094-U2OS-48h-P10-L1/2021-12-19/856/specs935-v1-FA-P015094-U2OS-48h-P10-L1_O23_s6_w5761F09C7-C414-4B98-B1D9-3B57BA944669.npy,PARP inhibitor
P015094,O23,s7,CBK041804,/mnt/micro-images-pvc/specs935-v1/specs935-v1-FA-P015094-U2OS-48h-P10-L1/2021-12-19/856/specs935-v1-FA-P015094-U2OS-48h-P10-L1_O23_s7_w5E0C5A31A-B071-4549-B6EA-A699F894F27D.npy,PARP inhibitor
P015094,O23,s8,CBK041804,/mnt/micro-images-pvc/specs935-v1/specs935-v1-FA-P015094-U2OS-48h-P10-L1/2021-12-19/856/specs935-v1-FA-P015094-U2OS-48h-P10-L1_O23_s8_w5900F431C-FFDF-4AA9-8615-FBFAF4031B55.npy,PARP inhibitor
P015094,O23,s9,CBK041804,/mnt/micro-images-pvc/specs935-v1/specs935-v1-FA-P015094-U2OS-48h-P10-L1/2021-12-19/856/specs935-v1-FA-P015094-U2OS-48h-P10-L1_O23_s9_w59E9B9389-5E50-4BDD-B536-5A094716B06C.npy,PARP inhibitor
P015095,B10,s1,CBK308723,/mnt/micro-images-pvc/specs935-v1/specs935-v1-FA-P015095-U2OS-48h-P10-L2/2021-12-23/872/specs935-v1-FA-P015095-U2OS-48h-P10-L2_B10_s1_w5DECBF40C-8B02-4FF7-B495-04B7F2C2AB00.npy,PARP inhibitor
P015095,B10,s2,CBK308723,/mnt/micro-images-pvc/specs935-v1/specs935-v1-FA-P015095-U2OS-48h-P10-L2/2021-12-23/872/specs935-v1-FA-P015095-U2OS-48h-P10-L2_B10_s2_w5CB01CA3A-FE9A-434F-98B8-2EFB2CB9C874.npy,PARP inhibitor
P015095,B10,s3,CBK308723,/mnt/micro-images-pvc/specs935-v1/specs935-v1-FA-P015095-U2OS-48h-P10-L2/2021-12-23/872/specs935-v1-FA-P015095-U2OS-48h-P10-L2_B10_s3_w52614A9C5-5D63-4336-A27A-57508B3C5B63.npy,PARP inhibitor
P015095,B10,s4,CBK308723,/mnt/micro-images-pvc/specs935-v1/specs935-v1-FA-P015095-U2OS-48h-P10-L2/2021-12-23/872/specs935-v1-FA-P015095-U2OS-48h-P10-L2_B10_s4_w5E886B512-419B-45E3-8A37-F313F365873F.npy,PARP inhibitor
P015095,B10,s5,CBK308723,/mnt/micro-images-pvc/specs935-v1/specs935-v1-FA-P015095-U2OS-48h-P10-L2/2021-12-23/872/specs935-v1-FA-P015095-U2OS-48h-P10-L2_B10_s5_w5CE1B3879-CDFA-435D-99EC-65676834B4B4.npy,PARP inhibitor
P015095,B10,s6,CBK308723,/mnt/micro-images-pvc/specs935-v1/specs935-v1-FA-P015095-U2OS-48h-P10-L2/2021-12-23/872/specs935-v1-FA-P015095-U2OS-48h-P10-L2_B10_s6_w51CFA6377-CD7A-421E-90DE-E4F4BEF3E1AF.npy,PARP inhibitor
P015095,B10,s7,CBK308723,/mnt/micro-images-pvc/specs935-v1/specs935-v1-FA-P015095-U2OS-48h-P10-L2/2021-12-23/872/specs935-v1-FA-P015095-U2OS-48h-P10-L2_B10_s7_w500151E44-2913-4CA3-86FA-BA0D1BD36595.npy,PARP inhibitor
P015095,B10,s8,CBK308723,/mnt/micro-images-pvc/specs935-v1/specs935-v1-FA-P015095-U2OS-48h-P10-L2/2021-12-23/872/specs935-v1-FA-P015095-U2OS-48h-P10-L2_B10_s8_w53CAFD70B-32CB-429D-B221-E150085AE1E6.npy,PARP inhibitor
P015095,B10,s9,CBK308723,/mnt/micro-images-pvc/specs935-v1/specs935-v1-FA-P015095-U2OS-48h-P10-L2/2021-12-23/872/specs935-v1-FA-P015095-U2OS-48h-P10-L2_B10_s9_w51D696B89-7AF3-4CA2-AD68-440E0BDD6326.npy,PARP inhibitor
P015095,C11,s1,CBK308321,/mnt/micro-images-pvc/specs935-v1/specs935-v1-FA-P015095-U2OS-48h-P10-L2/2021-12-23/872/specs935-v1-FA-P015095-U2OS-48h-P10-L2_C11_s1_w53C21555B-9623-484E-8673-B47DF4E4CC58.npy,PARP inhibitor
P015095,C11,s2,CBK308321,/mnt/micro-images-pvc/specs935-v1/specs935-v1-FA-P015095-U2OS-48h-P10-L2/2021-12-23/872/specs935-v1-FA-P015095-U2OS-48h-P10-L2_C11_s2_w57B9F2F89-AE62-4D48-8B34-ADC33A186F09.npy,PARP inhibitor
P015095,C11,s3,CBK308321,/mnt/micro-images-pvc/specs935-v1/specs935-v1-FA-P015095-U2OS-48h-P10-L2/2021-12-23/872/specs935-v1-FA-P015095-U2OS-48h-P10-L2_C11_s3_w570267992-5E20-44C5-8C99-03F0A0ADAE6F.npy,PARP inhibitor
P015095,C11,s4,CBK308321,/mnt/micro-images-pvc/specs935-v1/specs935-v1-FA-P015095-U2OS-48h-P10-L2/2021-12-23/872/specs935-v1-FA-P015095-U2OS-48h-P10-L2_C11_s4_w5700343C7-CB92-4D56-9DE4-F8E7AA3B5370.npy,PARP inhibitor
P015095,C11,s5,CBK308321,/mnt/micro-images-pvc/specs935-v1/specs935-v1-FA-P015095-U2OS-48h-P10-L2/2021-12-23/872/specs935-v1-FA-P015095-U2OS-48h-P10-L2_C11_s5_w5D3426F88-ACA1-4A0B-A9D3-8F66AD852791.npy,PARP inhibitor
P015095,C11,s6,CBK308321,/mnt/micro-images-pvc/specs935-v1/specs935-v1-FA-P015095-U2OS-48h-P10-L2/2021-12-23/872/specs935-v1-FA-P015095-U2OS-48h-P10-L2_C11_s6_w54798D7E5-00D1-4C3E-AD29-FB8A7CF59D06.npy,PARP inhibitor
P015095,C11,s7,CBK308321,/mnt/micro-images-pvc/specs935-v1/specs935-v1-FA-P015095-U2OS-48h-P10-L2/2021-12-23/872/specs935-v1-FA-P015095-U2OS-48h-P10-L2_C11_s7_w5AE6ABE8A-CBBE-42FB-8909-BE9D95D77F6C.npy,PARP inhibitor
P015095,C11,s8,CBK308321,/mnt/micro-images-pvc/specs935-v1/specs935-v1-FA-P015095-U2OS-48h-P10-L2/2021-12-23/872/specs935-v1-FA-P015095-U2OS-48h-P10-L2_C11_s8_w5FEF26553-F12F-4D60-A20F-B23BC1B8DED3.npy,PARP inhibitor
P015095,C11,s9,CBK308321,/mnt/micro-images-pvc/specs935-v1/specs935-v1-FA-P015095-U2OS-48h-P10-L2/2021-12-23/872/specs935-v1-FA-P015095-U2OS-48h-P10-L2_C11_s9_w543D985E6-C95F-4FDB-BA4C-BCF9B50CE89C.npy,PARP inhibitor
P015095,C12,s1,CBK278729,/mnt/micro-images-pvc/specs935-v1/specs935-v1-FA-P015095-U2OS-48h-P10-L2/2021-12-23/872/specs935-v1-FA-P015095-U2OS-48h-P10-L2_C12_s1_w5D96D7C18-0007-4C3D-9F89-A31C8431C9DF.npy,PARP inhibitor
P015095,C12,s2,CBK278729,/mnt/micro-images-pvc/specs935-v1/specs935-v1-FA-P015095-U2OS-48h-P10-L2/2021-12-23/872/specs935-v1-FA-P015095-U2OS-48h-P10-L2_C12_s2_w5A04D3968-49C9-449C-83B4-5AB5ADF8B77C.npy,PARP inhibitor
P015095,C12,s3,CBK278729,/mnt/micro-images-pvc/specs935-v1/specs935-v1-FA-P015095-U2OS-48h-P10-L2/2021-12-23/872/specs935-v1-FA-P015095-U2OS-48h-P10-L2_C12_s3_w54472F057-9CC8-477C-96C0-2C2EC41B69B0.npy,PARP inhibitor
P015095,C12,s4,CBK278729,/mnt/micro-images-pvc/specs935-v1/specs935-v1-FA-P015095-U2OS-48h-P10-L2/2021-12-23/872/specs935-v1-FA-P015095-U2OS-48h-P10-L2_C12_s4_w54118CB62-F833-4A2F-A029-AEF6CC64A18E.npy,PARP inhibitor
P015095,C12,s5,CBK278729,/mnt/micro-images-pvc/specs935-v1/specs935-v1-FA-P015095-U2OS-48h-P10-L2/2021-12-23/872/specs935-v1-FA-P015095-U2OS-48h-P10-L2_C12_s5_w5CE99CE3B-33A8-4239-9AB2-1913455562CB.npy,PARP inhibitor
P015095,C12,s6,CBK278729,/mnt/micro-images-pvc/specs935-v1/specs935-v1-FA-P015095-U2OS-48h-P10-L2/2021-12-23/872/specs935-v1-FA-P015095-U2OS-48h-P10-L2_C12_s6_w5BD572841-FA4E-4840-B9EB-F01AE8399D4A.npy,PARP inhibitor
P015095,C12,s7,CBK278729,/mnt/micro-images-pvc/specs935-v1/specs935-v1-FA-P015095-U2OS-48h-P10-L2/2021-12-23/872/specs935-v1-FA-P015095-U2OS-48h-P10-L2_C12_s7_w52BA4F303-89EA-4A35-9C7A-7A84B87B4ECD.npy,PARP inhibitor
P015095,C12,s8,CBK278729,/mnt/micro-images-pvc/specs935-v1/specs935-v1-FA-P015095-U2OS-48h-P10-L2/2021-12-23/872/specs935-v1-FA-P015095-U2OS-48h-P10-L2_C12_s8_w5DFB4062D-16BD-4343-9C1D-EEF0ACE0AF48.npy,PARP inhibitor
P015095,C12,s9,CBK278729,/mnt/micro-images-pvc/specs935-v1/specs935-v1-FA-P015095-U2OS-48h-P10-L2/2021-12-23/872/specs935-v1-FA-P015095-U2OS-48h-P10-L2_C12_s9_w550918D6A-547E-44D4-87AB-5EC8327E6D2D.npy,PARP inhibitor
P015095,C14,s1,CBK278031,/mnt/micro-images-pvc/specs935-v1/specs935-v1-FA-P015095-U2OS-48h-P10-L2/2021-12-23/872/specs935-v1-FA-P015095-U2OS-48h-P10-L2_C14_s1_w5D2A9A8A9-C092-4D03-BB80-ECF2A0F5EEC6.npy,PARP inhibitor
P015095,C14,s2,CBK278031,/mnt/micro-images-pvc/specs935-v1/specs935-v1-FA-P015095-U2OS-48h-P10-L2/2021-12-23/872/specs935-v1-FA-P015095-U2OS-48h-P10-L2_C14_s2_w5CD8E0A1B-18FD-4949-98E9-1132448FC594.npy,PARP inhibitor
P015095,C14,s3,CBK278031,/mnt/micro-images-pvc/specs935-v1/specs935-v1-FA-P015095-U2OS-48h-P10-L2/2021-12-23/872/specs935-v1-FA-P015095-U2OS-48h-P10-L2_C14_s3_w5BF518360-FF3F-4FB6-954D-4F9FD5E00418.npy,PARP inhibitor
P015095,C14,s4,CBK278031,/mnt/micro-images-pvc/specs935-v1/specs935-v1-FA-P015095-U2OS-48h-P10-L2/2021-12-23/872/specs935-v1-FA-P015095-U2OS-48h-P10-L2_C14_s4_w5B8D23873-2A83-4A75-B55B-967077E9BA03.npy,PARP inhibitor
P015095,C14,s5,CBK278031,/mnt/micro-images-pvc/specs935-v1/specs935-v1-FA-P015095-U2OS-48h-P10-L2/2021-12-23/872/specs935-v1-FA-P015095-U2OS-48h-P10-L2_C14_s5_w5CBE94217-C9A9-4A0C-8A2C-82D02AF87CED.npy,PARP inhibitor
P015095,C14,s6,CBK278031,/mnt/micro-images-pvc/specs935-v1/specs935-v1-FA-P015095-U2OS-48h-P10-L2/2021-12-23/872/specs935-v1-FA-P015095-U2OS-48h-P10-L2_C14_s6_w555D46140-AE5B-47AB-AEB1-A62CFDA76455.npy,PARP inhibitor
P015095,C14,s7,CBK278031,/mnt/micro-images-pvc/specs935-v1/specs935-v1-FA-P015095-U2OS-48h-P10-L2/2021-12-23/872/specs935-v1-FA-P015095-U2OS-48h-P10-L2_C14_s7_w5095A74F6-22E4-422B-8EC0-977C187A8494.npy,PARP inhibitor
P015095,C14,s8,CBK278031,/mnt/micro-images-pvc/specs935-v1/specs935-v1-FA-P015095-U2OS-48h-P10-L2/2021-12-23/872/specs935-v1-FA-P015095-U2OS-48h-P10-L2_C14_s8_w53CD90867-A14D-44CD-881C-4DF477A01344.npy,PARP inhibitor
P015095,C14,s9,CBK278031,/mnt/micro-images-pvc/specs935-v1/specs935-v1-FA-P015095-U2OS-48h-P10-L2/2021-12-23/872/specs935-v1-FA-P015095-U2OS-48h-P10-L2_C14_s9_w570DBE5AE-1FCA-4968-BA50-DBC99E551426.npy,PARP inhibitor
P015095,C18,s1,CBK041804,/mnt/micro-images-pvc/specs935-v1/specs935-v1-FA-P015095-U2OS-48h-P10-L2/2021-12-23/872/specs935-v1-FA-P015095-U2OS-48h-P10-L2_C18_s1_w597B0619E-E209-49AE-84C0-409CCEAA1EDD.npy,PARP inhibitor
P015095,C18,s2,CBK041804,/mnt/micro-images-pvc/specs935-v1/specs935-v1-FA-P015095-U2OS-48h-P10-L2/2021-12-23/872/specs935-v1-FA-P015095-U2OS-48h-P10-L2_C18_s2_w5581B418F-A460-4F7C-B4C9-283175064C1E.npy,PARP inhibitor
P015095,C18,s3,CBK041804,/mnt/micro-images-pvc/specs935-v1/specs935-v1-FA-P015095-U2OS-48h-P10-L2/2021-12-23/872/specs935-v1-FA-P015095-U2OS-48h-P10-L2_C18_s3_w5C6F54C68-4E24-4F64-8574-845FA978AE4B.npy,PARP inhibitor
P015095,C18,s4,CBK041804,/mnt/micro-images-pvc/specs935-v1/specs935-v1-FA-P015095-U2OS-48h-P10-L2/2021-12-23/872/specs935-v1-FA-P015095-U2OS-48h-P10-L2_C18_s4_w5253C9EE6-1C2E-4A36-BCB5-9B8175ECE175.npy,PARP inhibitor
P015095,C18,s5,CBK041804,/mnt/micro-images-pvc/specs935-v1/specs935-v1-FA-P015095-U2OS-48h-P10-L2/2021-12-23/872/specs935-v1-FA-P015095-U2OS-48h-P10-L2_C18_s5_w573E474F0-6FCD-4C2C-8D01-139FD6FC81B1.npy,PARP inhibitor
P015095,C18,s6,CBK041804,/mnt/micro-images-pvc/specs935-v1/specs935-v1-FA-P015095-U2OS-48h-P10-L2/2021-12-23/872/specs935-v1-FA-P015095-U2OS-48h-P10-L2_C18_s6_w537FC8A2D-B1E4-4FF2-80C6-D266DEE13319.npy,PARP inhibitor
P015095,C18,s7,CBK041804,/mnt/micro-images-pvc/specs935-v1/specs935-v1-FA-P015095-U2OS-48h-P10-L2/2021-12-23/872/specs935-v1-FA-P015095-U2OS-48h-P10-L2_C18_s7_w5AB64726E-ABF8-42B0-92FF-554777D0C638.npy,PARP inhibitor
P015095,C18,s8,CBK041804,/mnt/micro-images-pvc/specs935-v1/specs935-v1-FA-P015095-U2OS-48h-P10-L2/2021-12-23/872/specs935-v1-FA-P015095-U2OS-48h-P10-L2_C18_s8_w500F9D0DD-6AE9-434D-9355-0F9FA8FF4F7E.npy,PARP inhibitor
P015095,C18,s9,CBK041804,/mnt/micro-images-pvc/specs935-v1/specs935-v1-FA-P015095-U2OS-48h-P10-L2/2021-12-23/872/specs935-v1-FA-P015095-U2OS-48h-P10-L2_C18_s9_w55CCDCB5A-FA20-4D1F-8BAC-DC3F7A05C878.npy,PARP inhibitor
P015095,C20,s1,CBK277950,/mnt/micro-images-pvc/specs935-v1/specs935-v1-FA-P015095-U2OS-48h-P10-L2/2021-12-23/872/specs935-v1-FA-P015095-U2OS-48h-P10-L2_C20_s1_w5F684AB48-DF49-4801-A3D7-61B633418D39.npy,PARP inhibitor
P015095,C20,s2,CBK277950,/mnt/micro-images-pvc/specs935-v1/specs935-v1-FA-P015095-U2OS-48h-P10-L2/2021-12-23/872/specs935-v1-FA-P015095-U2OS-48h-P10-L2_C20_s2_w5F0123A24-C275-4D2B-A842-C181424E2ECF.npy,PARP inhibitor
P015095,C20,s3,CBK277950,/mnt/micro-images-pvc/specs935-v1/specs935-v1-FA-P015095-U2OS-48h-P10-L2/2021-12-23/872/specs935-v1-FA-P015095-U2OS-48h-P10-L2_C20_s3_w5864D8EAF-F779-4392-BC6D-FF09A3726025.npy,PARP inhibitor
P015095,C20,s4,CBK277950,/mnt/micro-images-pvc/specs935-v1/specs935-v1-FA-P015095-U2OS-48h-P10-L2/2021-12-23/872/specs935-v1-FA-P015095-U2OS-48h-P10-L2_C20_s4_w5359DC7FA-F718-43DA-89E8-586444941AF6.npy,PARP inhibitor
P015095,C20,s5,CBK277950,/mnt/micro-images-pvc/specs935-v1/specs935-v1-FA-P015095-U2OS-48h-P10-L2/2021-12-23/872/specs935-v1-FA-P015095-U2OS-48h-P10-L2_C20_s5_w5447C0AEA-C0B0-4A05-A7C6-7D5638BEE348.npy,PARP inhibitor
P015095,C20,s6,CBK277950,/mnt/micro-images-pvc/specs935-v1/specs935-v1-FA-P015095-U2OS-48h-P10-L2/2021-12-23/872/specs935-v1-FA-P015095-U2OS-48h-P10-L2_C20_s6_w504016739-CC1F-48E4-A2CD-B88C0C7BAAA2.npy,PARP inhibitor
P015095,C20,s7,CBK277950,/mnt/micro-images-pvc/specs935-v1/specs935-v1-FA-P015095-U2OS-48h-P10-L2/2021-12-23/872/specs935-v1-FA-P015095-U2OS-48h-P10-L2_C20_s7_w55FABE5D3-CA9D-409D-A56A-B22D5311F21D.npy,PARP inhibitor
P015095,C20,s8,CBK277950,/mnt/micro-images-pvc/specs935-v1/specs935-v1-FA-P015095-U2OS-48h-P10-L2/2021-12-23/872/specs935-v1-FA-P015095-U2OS-48h-P10-L2_C20_s8_w5AF83EB57-79CB-4EEB-851A-C37A0AEC6E36.npy,PARP inhibitor
P015095,C20,s9,CBK277950,/mnt/micro-images-pvc/specs935-v1/specs935-v1-FA-P015095-U2OS-48h-P10-L2/2021-12-23/872/specs935-v1-FA-P015095-U2OS-48h-P10-L2_C20_s9_w547DD3BF0-7CFA-4EE1-85DE-EC96A705B27B.npy,PARP inhibitor
P015095,C22,s1,CBK290205,/mnt/micro-images-pvc/specs935-v1/specs935-v1-FA-P015095-U2OS-48h-P10-L2/2021-12-23/872/specs935-v1-FA-P015095-U2OS-48h-P10-L2_C22_s1_w55A5A1342-BAFE-4B63-A6A1-E6641603AC05.npy,PARP inhibitor
P015095,C22,s2,CBK290205,/mnt/micro-images-pvc/specs935-v1/specs935-v1-FA-P015095-U2OS-48h-P10-L2/2021-12-23/872/specs935-v1-FA-P015095-U2OS-48h-P10-L2_C22_s2_w576118D01-C8FA-4CB1-8FDB-DC04A0436C13.npy,PARP inhibitor
P015095,C22,s3,CBK290205,/mnt/micro-images-pvc/specs935-v1/specs935-v1-FA-P015095-U2OS-48h-P10-L2/2021-12-23/872/specs935-v1-FA-P015095-U2OS-48h-P10-L2_C22_s3_w5719A3655-93DB-4984-9718-1C73293D5571.npy,PARP inhibitor
P015095,C22,s4,CBK290205,/mnt/micro-images-pvc/specs935-v1/specs935-v1-FA-P015095-U2OS-48h-P10-L2/2021-12-23/872/specs935-v1-FA-P015095-U2OS-48h-P10-L2_C22_s4_w590EDD961-7BB2-43E7-8AC1-63463F1FED80.npy,PARP inhibitor
P015095,C22,s5,CBK290205,/mnt/micro-images-pvc/specs935-v1/specs935-v1-FA-P015095-U2OS-48h-P10-L2/2021-12-23/872/specs935-v1-FA-P015095-U2OS-48h-P10-L2_C22_s5_w52B586D78-0266-40EC-94BD-971DB8167E6F.npy,PARP inhibitor
P015095,C22,s6,CBK290205,/mnt/micro-images-pvc/specs935-v1/specs935-v1-FA-P015095-U2OS-48h-P10-L2/2021-12-23/872/specs935-v1-FA-P015095-U2OS-48h-P10-L2_C22_s6_w5372C97B0-BF50-4FA3-8D35-65FEA2DF2F1C.npy,PARP inhibitor
P015095,C22,s7,CBK290205,/mnt/micro-images-pvc/specs935-v1/specs935-v1-FA-P015095-U2OS-48h-P10-L2/2021-12-23/872/specs935-v1-FA-P015095-U2OS-48h-P10-L2_C22_s7_w53DFAD478-ACBC-4D19-8531-7208E10F5A30.npy,PARP inhibitor
P015095,C22,s8,CBK290205,/mnt/micro-images-pvc/specs935-v1/specs935-v1-FA-P015095-U2OS-48h-P10-L2/2021-12-23/872/specs935-v1-FA-P015095-U2OS-48h-P10-L2_C22_s8_w5E18B53C3-E191-4F92-8903-401BE0CC23C3.npy,PARP inhibitor
P015095,C22,s9,CBK290205,/mnt/micro-images-pvc/specs935-v1/specs935-v1-FA-P015095-U2OS-48h-P10-L2/2021-12-23/872/specs935-v1-FA-P015095-U2OS-48h-P10-L2_C22_s9_w54E572BD8-9618-47F1-8241-8E7B6B9E3DA7.npy,PARP inhibitor
P015095,C23,s1,CBK308846,/mnt/micro-images-pvc/specs935-v1/specs935-v1-FA-P015095-U2OS-48h-P10-L2/2021-12-23/872/specs935-v1-FA-P015095-U2OS-48h-P10-L2_C23_s1_w5B607833B-50FC-496A-B800-066100A58E21.npy,PARP inhibitor
P015095,C23,s2,CBK308846,/mnt/micro-images-pvc/specs935-v1/specs935-v1-FA-P015095-U2OS-48h-P10-L2/2021-12-23/872/specs935-v1-FA-P015095-U2OS-48h-P10-L2_C23_s2_w5AF412C58-3BBB-4874-A103-B210B3A9F1AD.npy,PARP inhibitor
P015095,C23,s3,CBK308846,/mnt/micro-images-pvc/specs935-v1/specs935-v1-FA-P015095-U2OS-48h-P10-L2/2021-12-23/872/specs935-v1-FA-P015095-U2OS-48h-P10-L2_C23_s3_w5FDAB63F8-400D-4127-AC7E-D3A0244B4169.npy,PARP inhibitor
P015095,C23,s4,CBK308846,/mnt/micro-images-pvc/specs935-v1/specs935-v1-FA-P015095-U2OS-48h-P10-L2/2021-12-23/872/specs935-v1-FA-P015095-U2OS-48h-P10-L2_C23_s4_w59CFF7305-539E-4EBE-86C6-DD44121D2A2E.npy,PARP inhibitor
P015095,C23,s5,CBK308846,/mnt/micro-images-pvc/specs935-v1/specs935-v1-FA-P015095-U2OS-48h-P10-L2/2021-12-23/872/specs935-v1-FA-P015095-U2OS-48h-P10-L2_C23_s5_w550F2DFC7-0F36-4233-AA74-531987C811CB.npy,PARP inhibitor
P015095,C23,s6,CBK308846,/mnt/micro-images-pvc/specs935-v1/specs935-v1-FA-P015095-U2OS-48h-P10-L2/2021-12-23/872/specs935-v1-FA-P015095-U2OS-48h-P10-L2_C23_s6_w5ABFFF4E8-D1BC-49AB-B6F5-B41D505F59BC.npy,PARP inhibitor
P015095,C23,s7,CBK308846,/mnt/micro-images-pvc/specs935-v1/specs935-v1-FA-P015095-U2OS-48h-P10-L2/2021-12-23/872/specs935-v1-FA-P015095-U2OS-48h-P10-L2_C23_s7_w552F2BFE7-097E-492D-8153-1DFCD9D66D25.npy,PARP inhibitor
P015095,C23,s8,CBK308846,/mnt/micro-images-pvc/specs935-v1/specs935-v1-FA-P015095-U2OS-48h-P10-L2/2021-12-23/872/specs935-v1-FA-P015095-U2OS-48h-P10-L2_C23_s8_w51D84BCCB-0E6F-4647-B423-BFA91A384ABB.npy,PARP inhibitor
P015095,C23,s9,CBK308846,/mnt/micro-images-pvc/specs935-v1/specs935-v1-FA-P015095-U2OS-48h-P10-L2/2021-12-23/872/specs935-v1-FA-P015095-U2OS-48h-P10-L2_C23_s9_w5DF49A588-7DC3-4808-8279-472711792237.npy,PARP inhibitor
P015095,D03,s1,CBK290993,/mnt/micro-images-pvc/specs935-v1/specs935-v1-FA-P015095-U2OS-48h-P10-L2/2021-12-23/872/specs935-v1-FA-P015095-U2OS-48h-P10-L2_D03_s1_w50A15C43A-3E1B-47CD-A553-403E3FECD47C.npy,PARP inhibitor
P015095,D03,s2,CBK290993,/mnt/micro-images-pvc/specs935-v1/specs935-v1-FA-P015095-U2OS-48h-P10-L2/2021-12-23/872/specs935-v1-FA-P015095-U2OS-48h-P10-L2_D03_s2_w564B5582C-D77F-4AF9-BA1D-B0DEB14860DE.npy,PARP inhibitor
P015095,D03,s3,CBK290993,/mnt/micro-images-pvc/specs935-v1/specs935-v1-FA-P015095-U2OS-48h-P10-L2/2021-12-23/872/specs935-v1-FA-P015095-U2OS-48h-P10-L2_D03_s3_w589B94C46-0DD3-4893-8762-26B6771B7425.npy,PARP inhibitor
P015095,D03,s4,CBK290993,/mnt/micro-images-pvc/specs935-v1/specs935-v1-FA-P015095-U2OS-48h-P10-L2/2021-12-23/872/specs935-v1-FA-P015095-U2OS-48h-P10-L2_D03_s4_w51C42F304-E8A9-4859-9517-7B9D83FB3A11.npy,PARP inhibitor
P015095,D03,s5,CBK290993,/mnt/micro-images-pvc/specs935-v1/specs935-v1-FA-P015095-U2OS-48h-P10-L2/2021-12-23/872/specs935-v1-FA-P015095-U2OS-48h-P10-L2_D03_s5_w578783CF4-2C05-499D-A45C-89E29BEA7863.npy,PARP inhibitor
P015095,D03,s6,CBK290993,/mnt/micro-images-pvc/specs935-v1/specs935-v1-FA-P015095-U2OS-48h-P10-L2/2021-12-23/872/specs935-v1-FA-P015095-U2OS-48h-P10-L2_D03_s6_w5AC736F67-BE3B-4243-81EA-3BFCA9A678D6.npy,PARP inhibitor
P015095,D03,s7,CBK290993,/mnt/micro-images-pvc/specs935-v1/specs935-v1-FA-P015095-U2OS-48h-P10-L2/2021-12-23/872/specs935-v1-FA-P015095-U2OS-48h-P10-L2_D03_s7_w5BABA9A13-49D8-4695-8E0A-9D5C3F99F78C.npy,PARP inhibitor
P015095,D03,s8,CBK290993,/mnt/micro-images-pvc/specs935-v1/specs935-v1-FA-P015095-U2OS-48h-P10-L2/2021-12-23/872/specs935-v1-FA-P015095-U2OS-48h-P10-L2_D03_s8_w59668297B-E0BE-49EE-AEB0-529B8741956C.npy,PARP inhibitor
P015095,D03,s9,CBK290993,/mnt/micro-images-pvc/specs935-v1/specs935-v1-FA-P015095-U2OS-48h-P10-L2/2021-12-23/872/specs935-v1-FA-P015095-U2OS-48h-P10-L2_D03_s9_w5ECD4CEDE-B1B4-4B42-9702-CEB12BEA6F25.npy,PARP inhibitor
P015095,D10,s1,CBK308846,/mnt/micro-images-pvc/specs935-v1/specs935-v1-FA-P015095-U2OS-48h-P10-L2/2021-12-23/872/specs935-v1-FA-P015095-U2OS-48h-P10-L2_D10_s1_w50E86173D-7366-4FA9-9A02-01BF296476BB.npy,PARP inhibitor
P015095,D10,s2,CBK308846,/mnt/micro-images-pvc/specs935-v1/specs935-v1-FA-P015095-U2OS-48h-P10-L2/2021-12-23/872/specs935-v1-FA-P015095-U2OS-48h-P10-L2_D10_s2_w5771E4EA8-903B-4682-A2AF-A91FA5C1A5A0.npy,PARP inhibitor
P015095,D10,s3,CBK308846,/mnt/micro-images-pvc/specs935-v1/specs935-v1-FA-P015095-U2OS-48h-P10-L2/2021-12-23/872/specs935-v1-FA-P015095-U2OS-48h-P10-L2_D10_s3_w5CD9BD254-B3FB-4B2D-8127-E2FF5C20C845.npy,PARP inhibitor
P015095,D10,s4,CBK308846,/mnt/micro-images-pvc/specs935-v1/specs935-v1-FA-P015095-U2OS-48h-P10-L2/2021-12-23/872/specs935-v1-FA-P015095-U2OS-48h-P10-L2_D10_s4_w5981BC1E7-154D-47D3-95E4-993E04B6FC95.npy,PARP inhibitor
P015095,D10,s5,CBK308846,/mnt/micro-images-pvc/specs935-v1/specs935-v1-FA-P015095-U2OS-48h-P10-L2/2021-12-23/872/specs935-v1-FA-P015095-U2OS-48h-P10-L2_D10_s5_w5AA6139C1-07D7-46A6-ADF8-624B00787AFC.npy,PARP inhibitor
P015095,D10,s6,CBK308846,/mnt/micro-images-pvc/specs935-v1/specs935-v1-FA-P015095-U2OS-48h-P10-L2/2021-12-23/872/specs935-v1-FA-P015095-U2OS-48h-P10-L2_D10_s6_w529F5165B-9917-4D99-B8BF-6C24F6AB5071.npy,PARP inhibitor
P015095,D10,s7,CBK308846,/mnt/micro-images-pvc/specs935-v1/specs935-v1-FA-P015095-U2OS-48h-P10-L2/2021-12-23/872/specs935-v1-FA-P015095-U2OS-48h-P10-L2_D10_s7_w54015F882-A81F-4F85-8230-FFDA2575D455.npy,PARP inhibitor
P015095,D10,s8,CBK308846,/mnt/micro-images-pvc/specs935-v1/specs935-v1-FA-P015095-U2OS-48h-P10-L2/2021-12-23/872/specs935-v1-FA-P015095-U2OS-48h-P10-L2_D10_s8_w52486B397-9F77-4ED8-B815-29B087469BBC.npy,PARP inhibitor
P015095,D10,s9,CBK308846,/mnt/micro-images-pvc/specs935-v1/specs935-v1-FA-P015095-U2OS-48h-P10-L2/2021-12-23/872/specs935-v1-FA-P015095-U2OS-48h-P10-L2_D10_s9_w55FBD0F92-8C71-4017-90DA-879C7FA54E73.npy,PARP inhibitor
P015095,D20,s1,CBK290205,/mnt/micro-images-pvc/specs935-v1/specs935-v1-FA-P015095-U2OS-48h-P10-L2/2021-12-23/872/specs935-v1-FA-P015095-U2OS-48h-P10-L2_D20_s1_w598792F1E-F1C8-4C6E-A950-C4B5C6404548.npy,PARP inhibitor
P015095,D20,s2,CBK290205,/mnt/micro-images-pvc/specs935-v1/specs935-v1-FA-P015095-U2OS-48h-P10-L2/2021-12-23/872/specs935-v1-FA-P015095-U2OS-48h-P10-L2_D20_s2_w5AFD9DB9C-4BA4-4B68-B178-05CF088E7995.npy,PARP inhibitor
P015095,D20,s3,CBK290205,/mnt/micro-images-pvc/specs935-v1/specs935-v1-FA-P015095-U2OS-48h-P10-L2/2021-12-23/872/specs935-v1-FA-P015095-U2OS-48h-P10-L2_D20_s3_w549CE4B50-03B3-4A43-A2D5-D92F59497B27.npy,PARP inhibitor
P015095,D20,s4,CBK290205,/mnt/micro-images-pvc/specs935-v1/specs935-v1-FA-P015095-U2OS-48h-P10-L2/2021-12-23/872/specs935-v1-FA-P015095-U2OS-48h-P10-L2_D20_s4_w5EFFEE504-5A10-4BCD-9865-59146CB76E49.npy,PARP inhibitor
P015095,D20,s5,CBK290205,/mnt/micro-images-pvc/specs935-v1/specs935-v1-FA-P015095-U2OS-48h-P10-L2/2021-12-23/872/specs935-v1-FA-P015095-U2OS-48h-P10-L2_D20_s5_w5F907CD91-6D5F-4AAF-953A-BE27C9E3F6F9.npy,PARP inhibitor
P015095,D20,s6,CBK290205,/mnt/micro-images-pvc/specs935-v1/specs935-v1-FA-P015095-U2OS-48h-P10-L2/2021-12-23/872/specs935-v1-FA-P015095-U2OS-48h-P10-L2_D20_s6_w5B5BF03A9-2069-468C-8896-FFE304A33724.npy,PARP inhibitor
P015095,D20,s7,CBK290205,/mnt/micro-images-pvc/specs935-v1/specs935-v1-FA-P015095-U2OS-48h-P10-L2/2021-12-23/872/specs935-v1-FA-P015095-U2OS-48h-P10-L2_D20_s7_w5BD057AFE-014A-4F46-A0CE-8F8FC1813747.npy,PARP inhibitor
P015095,D20,s8,CBK290205,/mnt/micro-images-pvc/specs935-v1/specs935-v1-FA-P015095-U2OS-48h-P10-L2/2021-12-23/872/specs935-v1-FA-P015095-U2OS-48h-P10-L2_D20_s8_w508652723-5600-4331-811C-35E8AA4CD7F9.npy,PARP inhibitor
P015095,D20,s9,CBK290205,/mnt/micro-images-pvc/specs935-v1/specs935-v1-FA-P015095-U2OS-48h-P10-L2/2021-12-23/872/specs935-v1-FA-P015095-U2OS-48h-P10-L2_D20_s9_w538580938-A0C0-4AE7-B2A4-D4DBB82BFEC4.npy,PARP inhibitor
P015095,E14,s1,CBK277970,/mnt/micro-images-pvc/specs935-v1/specs935-v1-FA-P015095-U2OS-48h-P10-L2/2021-12-23/872/specs935-v1-FA-P015095-U2OS-48h-P10-L2_E14_s1_w521D329AD-FA96-4505-86AA-E60CEE29E3B6.npy,PARP inhibitor
P015095,E14,s2,CBK277970,/mnt/micro-images-pvc/specs935-v1/specs935-v1-FA-P015095-U2OS-48h-P10-L2/2021-12-23/872/specs935-v1-FA-P015095-U2OS-48h-P10-L2_E14_s2_w5F560F4AB-A074-4CA3-8FD2-AC2069F072B9.npy,PARP inhibitor
P015095,E14,s3,CBK277970,/mnt/micro-images-pvc/specs935-v1/specs935-v1-FA-P015095-U2OS-48h-P10-L2/2021-12-23/872/specs935-v1-FA-P015095-U2OS-48h-P10-L2_E14_s3_w51D8198F6-07F7-4F01-A497-F50A27A6E12B.npy,PARP inhibitor
P015095,E14,s4,CBK277970,/mnt/micro-images-pvc/specs935-v1/specs935-v1-FA-P015095-U2OS-48h-P10-L2/2021-12-23/872/specs935-v1-FA-P015095-U2OS-48h-P10-L2_E14_s4_w54A21D750-67EE-4047-8818-8946D0372EE3.npy,PARP inhibitor
P015095,E14,s5,CBK277970,/mnt/micro-images-pvc/specs935-v1/specs935-v1-FA-P015095-U2OS-48h-P10-L2/2021-12-23/872/specs935-v1-FA-P015095-U2OS-48h-P10-L2_E14_s5_w5BFDDE5AB-BF4F-4360-9B10-B7539AB92093.npy,PARP inhibitor
P015095,E14,s6,CBK277970,/mnt/micro-images-pvc/specs935-v1/specs935-v1-FA-P015095-U2OS-48h-P10-L2/2021-12-23/872/specs935-v1-FA-P015095-U2OS-48h-P10-L2_E14_s6_w50441DEDD-4106-49D3-A2B9-A420E6990C4D.npy,PARP inhibitor
P015095,E14,s7,CBK277970,/mnt/micro-images-pvc/specs935-v1/specs935-v1-FA-P015095-U2OS-48h-P10-L2/2021-12-23/872/specs935-v1-FA-P015095-U2OS-48h-P10-L2_E14_s7_w51085B004-C80B-42AB-9616-0DB6914DD462.npy,PARP inhibitor
P015095,E14,s8,CBK277970,/mnt/micro-images-pvc/specs935-v1/specs935-v1-FA-P015095-U2OS-48h-P10-L2/2021-12-23/872/specs935-v1-FA-P015095-U2OS-48h-P10-L2_E14_s8_w5E480C0C4-9EDE-420D-B77B-56399F8C0D68.npy,PARP inhibitor
P015095,E14,s9,CBK277970,/mnt/micro-images-pvc/specs935-v1/specs935-v1-FA-P015095-U2OS-48h-P10-L2/2021-12-23/872/specs935-v1-FA-P015095-U2OS-48h-P10-L2_E14_s9_w5D9E69799-B099-45A8-A763-FDD71433AB81.npy,PARP inhibitor
P015095,E17,s1,CBK308811,/mnt/micro-images-pvc/specs935-v1/specs935-v1-FA-P015095-U2OS-48h-P10-L2/2021-12-23/872/specs935-v1-FA-P015095-U2OS-48h-P10-L2_E17_s1_w5ACDB73AE-BC37-4E51-B205-C66716C47FA7.npy,PARP inhibitor
P015095,E17,s2,CBK308811,/mnt/micro-images-pvc/specs935-v1/specs935-v1-FA-P015095-U2OS-48h-P10-L2/2021-12-23/872/specs935-v1-FA-P015095-U2OS-48h-P10-L2_E17_s2_w544BC85B9-FFA4-429E-A975-FB5E745BA472.npy,PARP inhibitor
P015095,E17,s3,CBK308811,/mnt/micro-images-pvc/specs935-v1/specs935-v1-FA-P015095-U2OS-48h-P10-L2/2021-12-23/872/specs935-v1-FA-P015095-U2OS-48h-P10-L2_E17_s3_w5D6BB2AF7-1427-4628-87E5-542DDC2E0841.npy,PARP inhibitor
P015095,E17,s4,CBK308811,/mnt/micro-images-pvc/specs935-v1/specs935-v1-FA-P015095-U2OS-48h-P10-L2/2021-12-23/872/specs935-v1-FA-P015095-U2OS-48h-P10-L2_E17_s4_w59DC56735-C09A-4994-B432-67C3EB07CC9F.npy,PARP inhibitor
P015095,E17,s5,CBK308811,/mnt/micro-images-pvc/specs935-v1/specs935-v1-FA-P015095-U2OS-48h-P10-L2/2021-12-23/872/specs935-v1-FA-P015095-U2OS-48h-P10-L2_E17_s5_w52698CCDD-9845-4820-9695-0BE3811DCE00.npy,PARP inhibitor
P015095,E17,s6,CBK308811,/mnt/micro-images-pvc/specs935-v1/specs935-v1-FA-P015095-U2OS-48h-P10-L2/2021-12-23/872/specs935-v1-FA-P015095-U2OS-48h-P10-L2_E17_s6_w551DD2F92-73FC-4D2E-8DC1-ED01DA136F79.npy,PARP inhibitor
P015095,E17,s7,CBK308811,/mnt/micro-images-pvc/specs935-v1/specs935-v1-FA-P015095-U2OS-48h-P10-L2/2021-12-23/872/specs935-v1-FA-P015095-U2OS-48h-P10-L2_E17_s7_w57B293617-2742-4045-998E-72E5D5A1FECD.npy,PARP inhibitor
P015095,E17,s8,CBK308811,/mnt/micro-images-pvc/specs935-v1/specs935-v1-FA-P015095-U2OS-48h-P10-L2/2021-12-23/872/specs935-v1-FA-P015095-U2OS-48h-P10-L2_E17_s8_w5BFC9F080-8392-4DED-8DAD-E498FC64E666.npy,PARP inhibitor
P015095,E17,s9,CBK308811,/mnt/micro-images-pvc/specs935-v1/specs935-v1-FA-P015095-U2OS-48h-P10-L2/2021-12-23/872/specs935-v1-FA-P015095-U2OS-48h-P10-L2_E17_s9_w535C17176-17C0-48BA-BBBA-11ACF2B27821.npy,PARP inhibitor
P015095,F03,s1,CBK278729,/mnt/micro-images-pvc/specs935-v1/specs935-v1-FA-P015095-U2OS-48h-P10-L2/2021-12-23/872/specs935-v1-FA-P015095-U2OS-48h-P10-L2_F03_s1_w57E03ABB4-2157-4E31-AF99-9DCBD23AA42A.npy,PARP inhibitor
P015095,F03,s2,CBK278729,/mnt/micro-images-pvc/specs935-v1/specs935-v1-FA-P015095-U2OS-48h-P10-L2/2021-12-23/872/specs935-v1-FA-P015095-U2OS-48h-P10-L2_F03_s2_w5A8BABEB7-C875-4B23-90AC-8F8EE4CB08B6.npy,PARP inhibitor
P015095,F03,s3,CBK278729,/mnt/micro-images-pvc/specs935-v1/specs935-v1-FA-P015095-U2OS-48h-P10-L2/2021-12-23/872/specs935-v1-FA-P015095-U2OS-48h-P10-L2_F03_s3_w55623E275-0CDA-4973-807B-AFC62DE7C6D0.npy,PARP inhibitor
P015095,F03,s4,CBK278729,/mnt/micro-images-pvc/specs935-v1/specs935-v1-FA-P015095-U2OS-48h-P10-L2/2021-12-23/872/specs935-v1-FA-P015095-U2OS-48h-P10-L2_F03_s4_w5DECB4446-F401-4727-8F0B-A0697B03D4B3.npy,PARP inhibitor
P015095,F03,s5,CBK278729,/mnt/micro-images-pvc/specs935-v1/specs935-v1-FA-P015095-U2OS-48h-P10-L2/2021-12-23/872/specs935-v1-FA-P015095-U2OS-48h-P10-L2_F03_s5_w500A642A2-9B57-44C1-BD10-131CF887EF50.npy,PARP inhibitor
P015095,F03,s6,CBK278729,/mnt/micro-images-pvc/specs935-v1/specs935-v1-FA-P015095-U2OS-48h-P10-L2/2021-12-23/872/specs935-v1-FA-P015095-U2OS-48h-P10-L2_F03_s6_w5AD9A3E12-C6D9-45E4-A702-7A1E3F612F16.npy,PARP inhibitor
P015095,F03,s7,CBK278729,/mnt/micro-images-pvc/specs935-v1/specs935-v1-FA-P015095-U2OS-48h-P10-L2/2021-12-23/872/specs935-v1-FA-P015095-U2OS-48h-P10-L2_F03_s7_w52BA80B5E-3093-4BCF-B04D-1727CDE38016.npy,PARP inhibitor
P015095,F03,s8,CBK278729,/mnt/micro-images-pvc/specs935-v1/specs935-v1-FA-P015095-U2OS-48h-P10-L2/2021-12-23/872/specs935-v1-FA-P015095-U2OS-48h-P10-L2_F03_s8_w56BAA4139-AE2D-4F07-B8B2-E52F8E69CAE0.npy,PARP inhibitor
P015095,F03,s9,CBK278729,/mnt/micro-images-pvc/specs935-v1/specs935-v1-FA-P015095-U2OS-48h-P10-L2/2021-12-23/872/specs935-v1-FA-P015095-U2OS-48h-P10-L2_F03_s9_w5E8F84A32-A065-4C19-8887-F23047AB1953.npy,PARP inhibitor
P015095,F12,s1,CBK277926,/mnt/micro-images-pvc/specs935-v1/specs935-v1-FA-P015095-U2OS-48h-P10-L2/2021-12-23/872/specs935-v1-FA-P015095-U2OS-48h-P10-L2_F12_s1_w51957EB29-23A4-4F20-A099-D0843C7F8016.npy,PARP inhibitor
P015095,F12,s2,CBK277926,/mnt/micro-images-pvc/specs935-v1/specs935-v1-FA-P015095-U2OS-48h-P10-L2/2021-12-23/872/specs935-v1-FA-P015095-U2OS-48h-P10-L2_F12_s2_w581D341AD-54C9-42A2-8B76-B60C7CFC8A00.npy,PARP inhibitor
P015095,F12,s3,CBK277926,/mnt/micro-images-pvc/specs935-v1/specs935-v1-FA-P015095-U2OS-48h-P10-L2/2021-12-23/872/specs935-v1-FA-P015095-U2OS-48h-P10-L2_F12_s3_w5568975C3-70BC-43C2-AD8B-43C857E4B249.npy,PARP inhibitor
P015095,F12,s4,CBK277926,/mnt/micro-images-pvc/specs935-v1/specs935-v1-FA-P015095-U2OS-48h-P10-L2/2021-12-23/872/specs935-v1-FA-P015095-U2OS-48h-P10-L2_F12_s4_w5B673D8DA-01DA-45BF-A835-7FFF48C69D2B.npy,PARP inhibitor
P015095,F12,s5,CBK277926,/mnt/micro-images-pvc/specs935-v1/specs935-v1-FA-P015095-U2OS-48h-P10-L2/2021-12-23/872/specs935-v1-FA-P015095-U2OS-48h-P10-L2_F12_s5_w5212DCC70-8FC1-423C-892B-A69BD3CB917B.npy,PARP inhibitor
P015095,F12,s6,CBK277926,/mnt/micro-images-pvc/specs935-v1/specs935-v1-FA-P015095-U2OS-48h-P10-L2/2021-12-23/872/specs935-v1-FA-P015095-U2OS-48h-P10-L2_F12_s6_w554A196A4-73F2-4818-AC8C-B9143ED0DBF2.npy,PARP inhibitor
P015095,F12,s7,CBK277926,/mnt/micro-images-pvc/specs935-v1/specs935-v1-FA-P015095-U2OS-48h-P10-L2/2021-12-23/872/specs935-v1-FA-P015095-U2OS-48h-P10-L2_F12_s7_w540D7E4FA-FE34-48E2-9683-53BF595FC83F.npy,PARP inhibitor
P015095,F12,s8,CBK277926,/mnt/micro-images-pvc/specs935-v1/specs935-v1-FA-P015095-U2OS-48h-P10-L2/2021-12-23/872/specs935-v1-FA-P015095-U2OS-48h-P10-L2_F12_s8_w5E61446DA-1763-4845-AB6F-C98DB8A447A3.npy,PARP inhibitor
P015095,F12,s9,CBK277926,/mnt/micro-images-pvc/specs935-v1/specs935-v1-FA-P015095-U2OS-48h-P10-L2/2021-12-23/872/specs935-v1-FA-P015095-U2OS-48h-P10-L2_F12_s9_w5CEAD1F76-4D76-40BA-8620-119B58C16120.npy,PARP inhibitor
P015095,F15,s1,CBK277950,/mnt/micro-images-pvc/specs935-v1/specs935-v1-FA-P015095-U2OS-48h-P10-L2/2021-12-23/872/specs935-v1-FA-P015095-U2OS-48h-P10-L2_F15_s1_w5F40E69A8-1597-48AE-A826-4406C2845528.npy,PARP inhibitor
P015095,F15,s2,CBK277950,/mnt/micro-images-pvc/specs935-v1/specs935-v1-FA-P015095-U2OS-48h-P10-L2/2021-12-23/872/specs935-v1-FA-P015095-U2OS-48h-P10-L2_F15_s2_w59558F3EE-20D9-4D3C-A2A6-620CE602B3E9.npy,PARP inhibitor
P015095,F15,s3,CBK277950,/mnt/micro-images-pvc/specs935-v1/specs935-v1-FA-P015095-U2OS-48h-P10-L2/2021-12-23/872/specs935-v1-FA-P015095-U2OS-48h-P10-L2_F15_s3_w51B8ADE43-1307-49C5-ABF6-7D66F82060D4.npy,PARP inhibitor
P015095,F15,s4,CBK277950,/mnt/micro-images-pvc/specs935-v1/specs935-v1-FA-P015095-U2OS-48h-P10-L2/2021-12-23/872/specs935-v1-FA-P015095-U2OS-48h-P10-L2_F15_s4_w5BE02EBD4-6B3A-482F-A0B8-8D821ABB8CC4.npy,PARP inhibitor
P015095,F15,s5,CBK277950,/mnt/micro-images-pvc/specs935-v1/specs935-v1-FA-P015095-U2OS-48h-P10-L2/2021-12-23/872/specs935-v1-FA-P015095-U2OS-48h-P10-L2_F15_s5_w59DE6184E-F0D7-406E-9B0A-DDA4AB12D62E.npy,PARP inhibitor
P015095,F15,s6,CBK277950,/mnt/micro-images-pvc/specs935-v1/specs935-v1-FA-P015095-U2OS-48h-P10-L2/2021-12-23/872/specs935-v1-FA-P015095-U2OS-48h-P10-L2_F15_s6_w589D84E97-1592-4612-81ED-FADD0992080D.npy,PARP inhibitor
P015095,F15,s7,CBK277950,/mnt/micro-images-pvc/specs935-v1/specs935-v1-FA-P015095-U2OS-48h-P10-L2/2021-12-23/872/specs935-v1-FA-P015095-U2OS-48h-P10-L2_F15_s7_w5568ACB28-23A4-4486-A60E-208D2657BF7E.npy,PARP inhibitor
P015095,F15,s8,CBK277950,/mnt/micro-images-pvc/specs935-v1/specs935-v1-FA-P015095-U2OS-48h-P10-L2/2021-12-23/872/specs935-v1-FA-P015095-U2OS-48h-P10-L2_F15_s8_w59BCB181E-F115-4B90-A29B-CCB4684E6E12.npy,PARP inhibitor
P015095,F15,s9,CBK277950,/mnt/micro-images-pvc/specs935-v1/specs935-v1-FA-P015095-U2OS-48h-P10-L2/2021-12-23/872/specs935-v1-FA-P015095-U2OS-48h-P10-L2_F15_s9_w58FDAA301-0457-4686-9874-EB2E0A94BC46.npy,PARP inhibitor
P015095,F23,s1,CBK290993,/mnt/micro-images-pvc/specs935-v1/specs935-v1-FA-P015095-U2OS-48h-P10-L2/2021-12-23/872/specs935-v1-FA-P015095-U2OS-48h-P10-L2_F23_s1_w51CF4A738-EEB1-4831-B595-F6DC30CE14FE.npy,PARP inhibitor
P015095,F23,s2,CBK290993,/mnt/micro-images-pvc/specs935-v1/specs935-v1-FA-P015095-U2OS-48h-P10-L2/2021-12-23/872/specs935-v1-FA-P015095-U2OS-48h-P10-L2_F23_s2_w5F52196A2-1DC2-4EFD-8260-D34E6E0DF559.npy,PARP inhibitor
P015095,F23,s3,CBK290993,/mnt/micro-images-pvc/specs935-v1/specs935-v1-FA-P015095-U2OS-48h-P10-L2/2021-12-23/872/specs935-v1-FA-P015095-U2OS-48h-P10-L2_F23_s3_w5AAC9B7F0-770C-400A-A73E-1C0CC8A2B75E.npy,PARP inhibitor
P015095,F23,s4,CBK290993,/mnt/micro-images-pvc/specs935-v1/specs935-v1-FA-P015095-U2OS-48h-P10-L2/2021-12-23/872/specs935-v1-FA-P015095-U2OS-48h-P10-L2_F23_s4_w555FCAEA3-3EC8-4C47-9131-E1F72E219CAB.npy,PARP inhibitor
P015095,F23,s5,CBK290993,/mnt/micro-images-pvc/specs935-v1/specs935-v1-FA-P015095-U2OS-48h-P10-L2/2021-12-23/872/specs935-v1-FA-P015095-U2OS-48h-P10-L2_F23_s5_w5F2BAB305-499A-411B-B893-2B6123C48CDB.npy,PARP inhibitor
P015095,F23,s6,CBK290993,/mnt/micro-images-pvc/specs935-v1/specs935-v1-FA-P015095-U2OS-48h-P10-L2/2021-12-23/872/specs935-v1-FA-P015095-U2OS-48h-P10-L2_F23_s6_w5A1768B4E-6177-4CDE-B213-8B62C7D59471.npy,PARP inhibitor
P015095,F23,s7,CBK290993,/mnt/micro-images-pvc/specs935-v1/specs935-v1-FA-P015095-U2OS-48h-P10-L2/2021-12-23/872/specs935-v1-FA-P015095-U2OS-48h-P10-L2_F23_s7_w5D8F4D85C-875D-4814-BA66-2F73263DED87.npy,PARP inhibitor
P015095,F23,s8,CBK290993,/mnt/micro-images-pvc/specs935-v1/specs935-v1-FA-P015095-U2OS-48h-P10-L2/2021-12-23/872/specs935-v1-FA-P015095-U2OS-48h-P10-L2_F23_s8_w55C9B485E-234C-4271-8454-D6D8CB663B65.npy,PARP inhibitor
P015095,F23,s9,CBK290993,/mnt/micro-images-pvc/specs935-v1/specs935-v1-FA-P015095-U2OS-48h-P10-L2/2021-12-23/872/specs935-v1-FA-P015095-U2OS-48h-P10-L2_F23_s9_w53D1A0ED8-48E7-4074-B681-C13235ED1AB5.npy,PARP inhibitor
P015095,G02,s1,CBK278729,/mnt/micro-images-pvc/specs935-v1/specs935-v1-FA-P015095-U2OS-48h-P10-L2/2021-12-23/872/specs935-v1-FA-P015095-U2OS-48h-P10-L2_G02_s1_w5AC659CBC-EBC8-4D07-99CD-6300BE26519A.npy,PARP inhibitor
P015095,G02,s2,CBK278729,/mnt/micro-images-pvc/specs935-v1/specs935-v1-FA-P015095-U2OS-48h-P10-L2/2021-12-23/872/specs935-v1-FA-P015095-U2OS-48h-P10-L2_G02_s2_w546EC9A94-3942-4E73-BE94-E3D325617537.npy,PARP inhibitor
P015095,G02,s3,CBK278729,/mnt/micro-images-pvc/specs935-v1/specs935-v1-FA-P015095-U2OS-48h-P10-L2/2021-12-23/872/specs935-v1-FA-P015095-U2OS-48h-P10-L2_G02_s3_w5A119C5DC-50D4-491A-AD86-715E51747B99.npy,PARP inhibitor
P015095,G02,s4,CBK278729,/mnt/micro-images-pvc/specs935-v1/specs935-v1-FA-P015095-U2OS-48h-P10-L2/2021-12-23/872/specs935-v1-FA-P015095-U2OS-48h-P10-L2_G02_s4_w5C449CA51-C05A-4143-9F88-CACC058F0359.npy,PARP inhibitor
P015095,G02,s5,CBK278729,/mnt/micro-images-pvc/specs935-v1/specs935-v1-FA-P015095-U2OS-48h-P10-L2/2021-12-23/872/specs935-v1-FA-P015095-U2OS-48h-P10-L2_G02_s5_w5AEEA876A-001A-45F1-8AB7-C0C25EED400E.npy,PARP inhibitor
P015095,G02,s6,CBK278729,/mnt/micro-images-pvc/specs935-v1/specs935-v1-FA-P015095-U2OS-48h-P10-L2/2021-12-23/872/specs935-v1-FA-P015095-U2OS-48h-P10-L2_G02_s6_w59D07498C-D3AA-4B00-99C9-2E9BBFFDDCA4.npy,PARP inhibitor
P015095,G02,s7,CBK278729,/mnt/micro-images-pvc/specs935-v1/specs935-v1-FA-P015095-U2OS-48h-P10-L2/2021-12-23/872/specs935-v1-FA-P015095-U2OS-48h-P10-L2_G02_s7_w5EF6BD540-857A-42A3-B22D-10A69DFDA887.npy,PARP inhibitor
P015095,G02,s8,CBK278729,/mnt/micro-images-pvc/specs935-v1/specs935-v1-FA-P015095-U2OS-48h-P10-L2/2021-12-23/872/specs935-v1-FA-P015095-U2OS-48h-P10-L2_G02_s8_w54D113CA9-80D9-4131-B6DA-B930FAEB1055.npy,PARP inhibitor
P015095,G02,s9,CBK278729,/mnt/micro-images-pvc/specs935-v1/specs935-v1-FA-P015095-U2OS-48h-P10-L2/2021-12-23/872/specs935-v1-FA-P015095-U2OS-48h-P10-L2_G02_s9_w55BB2F9DF-C740-4FDD-9A58-60512064928A.npy,PARP inhibitor
P015095,G03,s1,CBK309255,/mnt/micro-images-pvc/specs935-v1/specs935-v1-FA-P015095-U2OS-48h-P10-L2/2021-12-23/872/specs935-v1-FA-P015095-U2OS-48h-P10-L2_G03_s1_w5E72EDFB6-FB38-43E4-A8EE-5E21F8FF3DD2.npy,PARP inhibitor
P015095,G03,s2,CBK309255,/mnt/micro-images-pvc/specs935-v1/specs935-v1-FA-P015095-U2OS-48h-P10-L2/2021-12-23/872/specs935-v1-FA-P015095-U2OS-48h-P10-L2_G03_s2_w5330E09CD-E7D4-4059-845C-6A1FEB5FF807.npy,PARP inhibitor
P015095,G03,s3,CBK309255,/mnt/micro-images-pvc/specs935-v1/specs935-v1-FA-P015095-U2OS-48h-P10-L2/2021-12-23/872/specs935-v1-FA-P015095-U2OS-48h-P10-L2_G03_s3_w5521DB1B0-E898-471E-88B8-D703C78CF32E.npy,PARP inhibitor
P015095,G03,s4,CBK309255,/mnt/micro-images-pvc/specs935-v1/specs935-v1-FA-P015095-U2OS-48h-P10-L2/2021-12-23/872/specs935-v1-FA-P015095-U2OS-48h-P10-L2_G03_s4_w5DE8CE3ED-E2A6-441E-A418-A136B9DB74F6.npy,PARP inhibitor
P015095,G03,s5,CBK309255,/mnt/micro-images-pvc/specs935-v1/specs935-v1-FA-P015095-U2OS-48h-P10-L2/2021-12-23/872/specs935-v1-FA-P015095-U2OS-48h-P10-L2_G03_s5_w5F2CDB4A5-F57C-4BA2-AA2B-EC1BD3337BE4.npy,PARP inhibitor
P015095,G03,s6,CBK309255,/mnt/micro-images-pvc/specs935-v1/specs935-v1-FA-P015095-U2OS-48h-P10-L2/2021-12-23/872/specs935-v1-FA-P015095-U2OS-48h-P10-L2_G03_s6_w555A40136-DF6E-4DE2-9C16-F70730B23677.npy,PARP inhibitor
P015095,G03,s7,CBK309255,/mnt/micro-images-pvc/specs935-v1/specs935-v1-FA-P015095-U2OS-48h-P10-L2/2021-12-23/872/specs935-v1-FA-P015095-U2OS-48h-P10-L2_G03_s7_w5FCAF1D24-25AC-422B-BD32-D1202CD7D8D9.npy,PARP inhibitor
P015095,G03,s8,CBK309255,/mnt/micro-images-pvc/specs935-v1/specs935-v1-FA-P015095-U2OS-48h-P10-L2/2021-12-23/872/specs935-v1-FA-P015095-U2OS-48h-P10-L2_G03_s8_w51DCB92D1-11E0-4485-A9B0-13B6B8824C16.npy,PARP inhibitor
P015095,G03,s9,CBK309255,/mnt/micro-images-pvc/specs935-v1/specs935-v1-FA-P015095-U2OS-48h-P10-L2/2021-12-23/872/specs935-v1-FA-P015095-U2OS-48h-P10-L2_G03_s9_w591D543C4-030C-4795-8DC6-07CC800B56A8.npy,PARP inhibitor
P015095,G07,s1,CBK308321,/mnt/micro-images-pvc/specs935-v1/specs935-v1-FA-P015095-U2OS-48h-P10-L2/2021-12-23/872/specs935-v1-FA-P015095-U2OS-48h-P10-L2_G07_s1_w56701F871-0CDD-42FE-BAA2-70927F9EB4E5.npy,PARP inhibitor
P015095,G07,s2,CBK308321,/mnt/micro-images-pvc/specs935-v1/specs935-v1-FA-P015095-U2OS-48h-P10-L2/2021-12-23/872/specs935-v1-FA-P015095-U2OS-48h-P10-L2_G07_s2_w56CDF984E-77B4-4A12-886E-C2E167356C3D.npy,PARP inhibitor
P015095,G07,s3,CBK308321,/mnt/micro-images-pvc/specs935-v1/specs935-v1-FA-P015095-U2OS-48h-P10-L2/2021-12-23/872/specs935-v1-FA-P015095-U2OS-48h-P10-L2_G07_s3_w5E7D71210-22B5-4F2B-BA3B-094E168EDEC6.npy,PARP inhibitor
P015095,G07,s4,CBK308321,/mnt/micro-images-pvc/specs935-v1/specs935-v1-FA-P015095-U2OS-48h-P10-L2/2021-12-23/872/specs935-v1-FA-P015095-U2OS-48h-P10-L2_G07_s4_w557026ED9-F6BA-4FCC-9C9F-B36106CB0A48.npy,PARP inhibitor
P015095,G07,s5,CBK308321,/mnt/micro-images-pvc/specs935-v1/specs935-v1-FA-P015095-U2OS-48h-P10-L2/2021-12-23/872/specs935-v1-FA-P015095-U2OS-48h-P10-L2_G07_s5_w567C4A9BB-E03B-4E52-A9E0-7A71D56604EC.npy,PARP inhibitor
P015095,G07,s6,CBK308321,/mnt/micro-images-pvc/specs935-v1/specs935-v1-FA-P015095-U2OS-48h-P10-L2/2021-12-23/872/specs935-v1-FA-P015095-U2OS-48h-P10-L2_G07_s6_w5D1DABFF5-BFA0-42BA-BC98-0E3ACAA534D4.npy,PARP inhibitor
P015095,G07,s7,CBK308321,/mnt/micro-images-pvc/specs935-v1/specs935-v1-FA-P015095-U2OS-48h-P10-L2/2021-12-23/872/specs935-v1-FA-P015095-U2OS-48h-P10-L2_G07_s7_w5A75CCBEA-A8AC-4E4A-A29B-357D7E433D72.npy,PARP inhibitor
P015095,G07,s8,CBK308321,/mnt/micro-images-pvc/specs935-v1/specs935-v1-FA-P015095-U2OS-48h-P10-L2/2021-12-23/872/specs935-v1-FA-P015095-U2OS-48h-P10-L2_G07_s8_w59D22E58F-5F6F-42E0-81D9-D62B6DFF5E66.npy,PARP inhibitor
P015095,G07,s9,CBK308321,/mnt/micro-images-pvc/specs935-v1/specs935-v1-FA-P015095-U2OS-48h-P10-L2/2021-12-23/872/specs935-v1-FA-P015095-U2OS-48h-P10-L2_G07_s9_w52875A3B8-50E5-4A0F-8580-49E6F5231EDE.npy,PARP inhibitor
P015095,G08,s1,CBK041804,/mnt/micro-images-pvc/specs935-v1/specs935-v1-FA-P015095-U2OS-48h-P10-L2/2021-12-23/872/specs935-v1-FA-P015095-U2OS-48h-P10-L2_G08_s1_w5DAA94A5F-C47F-41F5-89B4-454F6E813647.npy,PARP inhibitor
P015095,G08,s2,CBK041804,/mnt/micro-images-pvc/specs935-v1/specs935-v1-FA-P015095-U2OS-48h-P10-L2/2021-12-23/872/specs935-v1-FA-P015095-U2OS-48h-P10-L2_G08_s2_w58098DC03-A573-4A33-8C67-9CFC4D347E4D.npy,PARP inhibitor
P015095,G08,s3,CBK041804,/mnt/micro-images-pvc/specs935-v1/specs935-v1-FA-P015095-U2OS-48h-P10-L2/2021-12-23/872/specs935-v1-FA-P015095-U2OS-48h-P10-L2_G08_s3_w5F01C1894-D09D-4EC9-910B-F1E9812ABA1E.npy,PARP inhibitor
P015095,G08,s4,CBK041804,/mnt/micro-images-pvc/specs935-v1/specs935-v1-FA-P015095-U2OS-48h-P10-L2/2021-12-23/872/specs935-v1-FA-P015095-U2OS-48h-P10-L2_G08_s4_w5015F526A-0245-4842-8201-67B9B8DE47A0.npy,PARP inhibitor
P015095,G08,s5,CBK041804,/mnt/micro-images-pvc/specs935-v1/specs935-v1-FA-P015095-U2OS-48h-P10-L2/2021-12-23/872/specs935-v1-FA-P015095-U2OS-48h-P10-L2_G08_s5_w5CFB258C8-DC3F-4282-83D4-01EE826973FC.npy,PARP inhibitor
P015095,G08,s6,CBK041804,/mnt/micro-images-pvc/specs935-v1/specs935-v1-FA-P015095-U2OS-48h-P10-L2/2021-12-23/872/specs935-v1-FA-P015095-U2OS-48h-P10-L2_G08_s6_w52D1252F8-C0E2-49AD-8BB0-DB6860981F9B.npy,PARP inhibitor
P015095,G08,s7,CBK041804,/mnt/micro-images-pvc/specs935-v1/specs935-v1-FA-P015095-U2OS-48h-P10-L2/2021-12-23/872/specs935-v1-FA-P015095-U2OS-48h-P10-L2_G08_s7_w53212F2FD-AC13-4C9E-8E91-C51AE2D3F605.npy,PARP inhibitor
P015095,G08,s8,CBK041804,/mnt/micro-images-pvc/specs935-v1/specs935-v1-FA-P015095-U2OS-48h-P10-L2/2021-12-23/872/specs935-v1-FA-P015095-U2OS-48h-P10-L2_G08_s8_w5BBEDA6D5-44CE-491E-986D-DCF7CFEEAE35.npy,PARP inhibitor
P015095,G08,s9,CBK041804,/mnt/micro-images-pvc/specs935-v1/specs935-v1-FA-P015095-U2OS-48h-P10-L2/2021-12-23/872/specs935-v1-FA-P015095-U2OS-48h-P10-L2_G08_s9_w573EA2D6D-657C-4FCB-B770-7AE3FA91B0A4.npy,PARP inhibitor
P015095,H03,s1,CBK277926,/mnt/micro-images-pvc/specs935-v1/specs935-v1-FA-P015095-U2OS-48h-P10-L2/2021-12-23/872/specs935-v1-FA-P015095-U2OS-48h-P10-L2_H03_s1_w5D056FAA1-F2F5-49D8-8F9B-A59D86CA53B8.npy,PARP inhibitor
P015095,H03,s2,CBK277926,/mnt/micro-images-pvc/specs935-v1/specs935-v1-FA-P015095-U2OS-48h-P10-L2/2021-12-23/872/specs935-v1-FA-P015095-U2OS-48h-P10-L2_H03_s2_w51A33EED3-D399-42F1-A2B2-6E6E18B07314.npy,PARP inhibitor
P015095,H03,s3,CBK277926,/mnt/micro-images-pvc/specs935-v1/specs935-v1-FA-P015095-U2OS-48h-P10-L2/2021-12-23/872/specs935-v1-FA-P015095-U2OS-48h-P10-L2_H03_s3_w5B588D170-5C0F-44B7-8F34-ECADD8EE29A5.npy,PARP inhibitor
P015095,H03,s4,CBK277926,/mnt/micro-images-pvc/specs935-v1/specs935-v1-FA-P015095-U2OS-48h-P10-L2/2021-12-23/872/specs935-v1-FA-P015095-U2OS-48h-P10-L2_H03_s4_w55D952D9D-FF8F-46F9-BD61-E3FE4FE27650.npy,PARP inhibitor
P015095,H03,s5,CBK277926,/mnt/micro-images-pvc/specs935-v1/specs935-v1-FA-P015095-U2OS-48h-P10-L2/2021-12-23/872/specs935-v1-FA-P015095-U2OS-48h-P10-L2_H03_s5_w5D235CBB4-5A2F-43B0-8F98-9CFEAFD49726.npy,PARP inhibitor
P015095,H03,s6,CBK277926,/mnt/micro-images-pvc/specs935-v1/specs935-v1-FA-P015095-U2OS-48h-P10-L2/2021-12-23/872/specs935-v1-FA-P015095-U2OS-48h-P10-L2_H03_s6_w5CA00ED36-F5A6-4B1B-B6E5-F61B1A3CFD3F.npy,PARP inhibitor
P015095,H03,s7,CBK277926,/mnt/micro-images-pvc/specs935-v1/specs935-v1-FA-P015095-U2OS-48h-P10-L2/2021-12-23/872/specs935-v1-FA-P015095-U2OS-48h-P10-L2_H03_s7_w5B3FD5C1E-BA98-4E1E-9BB3-DD5EC5D39C51.npy,PARP inhibitor
P015095,H03,s8,CBK277926,/mnt/micro-images-pvc/specs935-v1/specs935-v1-FA-P015095-U2OS-48h-P10-L2/2021-12-23/872/specs935-v1-FA-P015095-U2OS-48h-P10-L2_H03_s8_w5D42E768B-CE87-4B66-BAB2-E4E935A26467.npy,PARP inhibitor
P015095,H03,s9,CBK277926,/mnt/micro-images-pvc/specs935-v1/specs935-v1-FA-P015095-U2OS-48h-P10-L2/2021-12-23/872/specs935-v1-FA-P015095-U2OS-48h-P10-L2_H03_s9_w568DAD498-BFA5-47DA-8180-33093F1DF894.npy,PARP inhibitor
P015095,H04,s1,CBK277950,/mnt/micro-images-pvc/specs935-v1/specs935-v1-FA-P015095-U2OS-48h-P10-L2/2021-12-23/872/specs935-v1-FA-P015095-U2OS-48h-P10-L2_H04_s1_w53D19EBB1-4BF9-4FAA-95C5-291F0710B5EB.npy,PARP inhibitor
P015095,H04,s2,CBK277950,/mnt/micro-images-pvc/specs935-v1/specs935-v1-FA-P015095-U2OS-48h-P10-L2/2021-12-23/872/specs935-v1-FA-P015095-U2OS-48h-P10-L2_H04_s2_w5156A272F-58A9-40F7-988F-DF7BA3C8FADC.npy,PARP inhibitor
P015095,H04,s3,CBK277950,/mnt/micro-images-pvc/specs935-v1/specs935-v1-FA-P015095-U2OS-48h-P10-L2/2021-12-23/872/specs935-v1-FA-P015095-U2OS-48h-P10-L2_H04_s3_w5B3EE6350-71B1-4674-A942-C1A03A8EE5C8.npy,PARP inhibitor
P015095,H04,s4,CBK277950,/mnt/micro-images-pvc/specs935-v1/specs935-v1-FA-P015095-U2OS-48h-P10-L2/2021-12-23/872/specs935-v1-FA-P015095-U2OS-48h-P10-L2_H04_s4_w5DA3217D2-32AA-4887-AB33-7C46C0116368.npy,PARP inhibitor
P015095,H04,s5,CBK277950,/mnt/micro-images-pvc/specs935-v1/specs935-v1-FA-P015095-U2OS-48h-P10-L2/2021-12-23/872/specs935-v1-FA-P015095-U2OS-48h-P10-L2_H04_s5_w5964A4F63-3D4A-4BB2-9554-CA9482C001D7.npy,PARP inhibitor
P015095,H04,s6,CBK277950,/mnt/micro-images-pvc/specs935-v1/specs935-v1-FA-P015095-U2OS-48h-P10-L2/2021-12-23/872/specs935-v1-FA-P015095-U2OS-48h-P10-L2_H04_s6_w56908A54F-3D63-40C9-BA91-78A189A7ADF2.npy,PARP inhibitor
P015095,H04,s7,CBK277950,/mnt/micro-images-pvc/specs935-v1/specs935-v1-FA-P015095-U2OS-48h-P10-L2/2021-12-23/872/specs935-v1-FA-P015095-U2OS-48h-P10-L2_H04_s7_w5FF9B4603-987D-452E-A265-1EACD5ED090B.npy,PARP inhibitor
P015095,H04,s8,CBK277950,/mnt/micro-images-pvc/specs935-v1/specs935-v1-FA-P015095-U2OS-48h-P10-L2/2021-12-23/872/specs935-v1-FA-P015095-U2OS-48h-P10-L2_H04_s8_w551FDB349-9FDA-4EC1-BE14-090EC01F9172.npy,PARP inhibitor
P015095,H04,s9,CBK277950,/mnt/micro-images-pvc/specs935-v1/specs935-v1-FA-P015095-U2OS-48h-P10-L2/2021-12-23/872/specs935-v1-FA-P015095-U2OS-48h-P10-L2_H04_s9_w5262951D9-FD13-4C17-8626-BEFEFB649722.npy,PARP inhibitor
P015095,H14,s1,CBK290205,/mnt/micro-images-pvc/specs935-v1/specs935-v1-FA-P015095-U2OS-48h-P10-L2/2021-12-23/872/specs935-v1-FA-P015095-U2OS-48h-P10-L2_H14_s1_w58721B2E1-5846-4287-AF84-902F9F7047DE.npy,PARP inhibitor
P015095,H14,s2,CBK290205,/mnt/micro-images-pvc/specs935-v1/specs935-v1-FA-P015095-U2OS-48h-P10-L2/2021-12-23/872/specs935-v1-FA-P015095-U2OS-48h-P10-L2_H14_s2_w5D4C8246F-D95A-4B20-B64C-306635239ACF.npy,PARP inhibitor
P015095,H14,s3,CBK290205,/mnt/micro-images-pvc/specs935-v1/specs935-v1-FA-P015095-U2OS-48h-P10-L2/2021-12-23/872/specs935-v1-FA-P015095-U2OS-48h-P10-L2_H14_s3_w5F651BA52-5052-441D-AC30-F581CD0219C3.npy,PARP inhibitor
P015095,H14,s4,CBK290205,/mnt/micro-images-pvc/specs935-v1/specs935-v1-FA-P015095-U2OS-48h-P10-L2/2021-12-23/872/specs935-v1-FA-P015095-U2OS-48h-P10-L2_H14_s4_w52A645BEE-AA09-4C02-A49C-DCFCF9A9408F.npy,PARP inhibitor
P015095,H14,s5,CBK290205,/mnt/micro-images-pvc/specs935-v1/specs935-v1-FA-P015095-U2OS-48h-P10-L2/2021-12-23/872/specs935-v1-FA-P015095-U2OS-48h-P10-L2_H14_s5_w539A29FBC-847C-49D3-AB13-67529E834D0B.npy,PARP inhibitor
P015095,H14,s6,CBK290205,/mnt/micro-images-pvc/specs935-v1/specs935-v1-FA-P015095-U2OS-48h-P10-L2/2021-12-23/872/specs935-v1-FA-P015095-U2OS-48h-P10-L2_H14_s6_w5F92812F1-45C9-469C-91B7-1315A962680B.npy,PARP inhibitor
P015095,H14,s7,CBK290205,/mnt/micro-images-pvc/specs935-v1/specs935-v1-FA-P015095-U2OS-48h-P10-L2/2021-12-23/872/specs935-v1-FA-P015095-U2OS-48h-P10-L2_H14_s7_w56C28B2D2-CB1E-4ACE-AD48-07E5AE2C7965.npy,PARP inhibitor
P015095,H14,s8,CBK290205,/mnt/micro-images-pvc/specs935-v1/specs935-v1-FA-P015095-U2OS-48h-P10-L2/2021-12-23/872/specs935-v1-FA-P015095-U2OS-48h-P10-L2_H14_s8_w58EE32C38-1085-4497-8B19-74BDEDC0CE5D.npy,PARP inhibitor
P015095,H14,s9,CBK290205,/mnt/micro-images-pvc/specs935-v1/specs935-v1-FA-P015095-U2OS-48h-P10-L2/2021-12-23/872/specs935-v1-FA-P015095-U2OS-48h-P10-L2_H14_s9_w5C4273893-90CB-46DB-915A-5BD8EF84C31F.npy,PARP inhibitor
P015095,H15,s1,CBK278031,/mnt/micro-images-pvc/specs935-v1/specs935-v1-FA-P015095-U2OS-48h-P10-L2/2021-12-23/872/specs935-v1-FA-P015095-U2OS-48h-P10-L2_H15_s1_w5B11865B1-B53B-48AF-94E7-729DFE3FF6CE.npy,PARP inhibitor
P015095,H15,s2,CBK278031,/mnt/micro-images-pvc/specs935-v1/specs935-v1-FA-P015095-U2OS-48h-P10-L2/2021-12-23/872/specs935-v1-FA-P015095-U2OS-48h-P10-L2_H15_s2_w5530547E4-6758-46B0-A87B-69F2B3D58C0F.npy,PARP inhibitor
P015095,H15,s3,CBK278031,/mnt/micro-images-pvc/specs935-v1/specs935-v1-FA-P015095-U2OS-48h-P10-L2/2021-12-23/872/specs935-v1-FA-P015095-U2OS-48h-P10-L2_H15_s3_w53CEC7DDF-3D6B-4DBA-AB00-E8A7953039BD.npy,PARP inhibitor
P015095,H15,s4,CBK278031,/mnt/micro-images-pvc/specs935-v1/specs935-v1-FA-P015095-U2OS-48h-P10-L2/2021-12-23/872/specs935-v1-FA-P015095-U2OS-48h-P10-L2_H15_s4_w579906287-6E24-4075-802F-549BEB356C43.npy,PARP inhibitor
P015095,H15,s5,CBK278031,/mnt/micro-images-pvc/specs935-v1/specs935-v1-FA-P015095-U2OS-48h-P10-L2/2021-12-23/872/specs935-v1-FA-P015095-U2OS-48h-P10-L2_H15_s5_w5BE781A64-F35D-4F60-80E8-F244C6A78571.npy,PARP inhibitor
P015095,H15,s6,CBK278031,/mnt/micro-images-pvc/specs935-v1/specs935-v1-FA-P015095-U2OS-48h-P10-L2/2021-12-23/872/specs935-v1-FA-P015095-U2OS-48h-P10-L2_H15_s6_w5BB252245-BB0A-4765-A4CD-B8818A6DBD4E.npy,PARP inhibitor
P015095,H15,s7,CBK278031,/mnt/micro-images-pvc/specs935-v1/specs935-v1-FA-P015095-U2OS-48h-P10-L2/2021-12-23/872/specs935-v1-FA-P015095-U2OS-48h-P10-L2_H15_s7_w5DDF50468-FCCC-4CF7-8EF1-A1080C49FCC9.npy,PARP inhibitor
P015095,H15,s8,CBK278031,/mnt/micro-images-pvc/specs935-v1/specs935-v1-FA-P015095-U2OS-48h-P10-L2/2021-12-23/872/specs935-v1-FA-P015095-U2OS-48h-P10-L2_H15_s8_w5FE993D18-4EA3-46C0-A6D7-368BB60BFECC.npy,PARP inhibitor
P015095,H15,s9,CBK278031,/mnt/micro-images-pvc/specs935-v1/specs935-v1-FA-P015095-U2OS-48h-P10-L2/2021-12-23/872/specs935-v1-FA-P015095-U2OS-48h-P10-L2_H15_s9_w517329C3E-5DAE-4D2D-9BB0-FC318CE22F3A.npy,PARP inhibitor
P015095,I10,s1,CBK308811,/mnt/micro-images-pvc/specs935-v1/specs935-v1-FA-P015095-U2OS-48h-P10-L2/2021-12-23/872/specs935-v1-FA-P015095-U2OS-48h-P10-L2_I10_s1_w57F935B81-A7DB-4A7E-9F5F-DEDE0F90F0B1.npy,PARP inhibitor
P015095,I10,s2,CBK308811,/mnt/micro-images-pvc/specs935-v1/specs935-v1-FA-P015095-U2OS-48h-P10-L2/2021-12-23/872/specs935-v1-FA-P015095-U2OS-48h-P10-L2_I10_s2_w5171CD3EB-7C82-40C5-9D97-87F546E13B96.npy,PARP inhibitor
P015095,I10,s3,CBK308811,/mnt/micro-images-pvc/specs935-v1/specs935-v1-FA-P015095-U2OS-48h-P10-L2/2021-12-23/872/specs935-v1-FA-P015095-U2OS-48h-P10-L2_I10_s3_w52E3B7418-B51C-4940-B944-848E6A1790E3.npy,PARP inhibitor
P015095,I10,s4,CBK308811,/mnt/micro-images-pvc/specs935-v1/specs935-v1-FA-P015095-U2OS-48h-P10-L2/2021-12-23/872/specs935-v1-FA-P015095-U2OS-48h-P10-L2_I10_s4_w5C70A79E4-465A-40C8-92ED-909260D2AEA2.npy,PARP inhibitor
P015095,I10,s5,CBK308811,/mnt/micro-images-pvc/specs935-v1/specs935-v1-FA-P015095-U2OS-48h-P10-L2/2021-12-23/872/specs935-v1-FA-P015095-U2OS-48h-P10-L2_I10_s5_w565D36E04-8645-444B-A357-BB11D2CE4CE1.npy,PARP inhibitor
P015095,I10,s6,CBK308811,/mnt/micro-images-pvc/specs935-v1/specs935-v1-FA-P015095-U2OS-48h-P10-L2/2021-12-23/872/specs935-v1-FA-P015095-U2OS-48h-P10-L2_I10_s6_w588DCAF52-4A27-4EA2-B1B0-DEBF01800892.npy,PARP inhibitor
P015095,I10,s7,CBK308811,/mnt/micro-images-pvc/specs935-v1/specs935-v1-FA-P015095-U2OS-48h-P10-L2/2021-12-23/872/specs935-v1-FA-P015095-U2OS-48h-P10-L2_I10_s7_w511641D95-655E-4F06-A2F7-6F5EF0371B7F.npy,PARP inhibitor
P015095,I10,s8,CBK308811,/mnt/micro-images-pvc/specs935-v1/specs935-v1-FA-P015095-U2OS-48h-P10-L2/2021-12-23/872/specs935-v1-FA-P015095-U2OS-48h-P10-L2_I10_s8_w5FDE59774-92E7-48EC-8D97-8A385D9FDB99.npy,PARP inhibitor
P015095,I10,s9,CBK308811,/mnt/micro-images-pvc/specs935-v1/specs935-v1-FA-P015095-U2OS-48h-P10-L2/2021-12-23/872/specs935-v1-FA-P015095-U2OS-48h-P10-L2_I10_s9_w5354CF834-B411-4B44-A777-D0EFCDE5D760.npy,PARP inhibitor
P015095,J02,s1,CBK290883,/mnt/micro-images-pvc/specs935-v1/specs935-v1-FA-P015095-U2OS-48h-P10-L2/2021-12-23/872/specs935-v1-FA-P015095-U2OS-48h-P10-L2_J02_s1_w513601237-7664-4690-B1A3-1E3AF402AF0E.npy,PARP inhibitor
P015095,J02,s2,CBK290883,/mnt/micro-images-pvc/specs935-v1/specs935-v1-FA-P015095-U2OS-48h-P10-L2/2021-12-23/872/specs935-v1-FA-P015095-U2OS-48h-P10-L2_J02_s2_w5112548F7-72B8-4E2B-ACBE-44747E543DE8.npy,PARP inhibitor
P015095,J02,s3,CBK290883,/mnt/micro-images-pvc/specs935-v1/specs935-v1-FA-P015095-U2OS-48h-P10-L2/2021-12-23/872/specs935-v1-FA-P015095-U2OS-48h-P10-L2_J02_s3_w58E4CBE4B-1B5C-48ED-B9D6-7118EB679FEC.npy,PARP inhibitor
P015095,J02,s4,CBK290883,/mnt/micro-images-pvc/specs935-v1/specs935-v1-FA-P015095-U2OS-48h-P10-L2/2021-12-23/872/specs935-v1-FA-P015095-U2OS-48h-P10-L2_J02_s4_w56C87D77D-0613-4AB8-89D5-8E7537FBC58B.npy,PARP inhibitor
P015095,J02,s5,CBK290883,/mnt/micro-images-pvc/specs935-v1/specs935-v1-FA-P015095-U2OS-48h-P10-L2/2021-12-23/872/specs935-v1-FA-P015095-U2OS-48h-P10-L2_J02_s5_w5F58A5646-609B-461C-BE35-54BA7142DEDB.npy,PARP inhibitor
P015095,J02,s6,CBK290883,/mnt/micro-images-pvc/specs935-v1/specs935-v1-FA-P015095-U2OS-48h-P10-L2/2021-12-23/872/specs935-v1-FA-P015095-U2OS-48h-P10-L2_J02_s6_w5F2C24B57-97C7-45BB-BFEF-6334DB49DD1A.npy,PARP inhibitor
P015095,J02,s7,CBK290883,/mnt/micro-images-pvc/specs935-v1/specs935-v1-FA-P015095-U2OS-48h-P10-L2/2021-12-23/872/specs935-v1-FA-P015095-U2OS-48h-P10-L2_J02_s7_w53CAE4544-6596-4908-B518-DB910A51D434.npy,PARP inhibitor
P015095,J02,s8,CBK290883,/mnt/micro-images-pvc/specs935-v1/specs935-v1-FA-P015095-U2OS-48h-P10-L2/2021-12-23/872/specs935-v1-FA-P015095-U2OS-48h-P10-L2_J02_s8_w58C798204-E1EF-40B7-8579-24173FE31ED8.npy,PARP inhibitor
P015095,J02,s9,CBK290883,/mnt/micro-images-pvc/specs935-v1/specs935-v1-FA-P015095-U2OS-48h-P10-L2/2021-12-23/872/specs935-v1-FA-P015095-U2OS-48h-P10-L2_J02_s9_w5AF731776-9809-4EB3-9F05-93A7FB399372.npy,PARP inhibitor
P015095,J05,s1,CBK277970,/mnt/micro-images-pvc/specs935-v1/specs935-v1-FA-P015095-U2OS-48h-P10-L2/2021-12-23/872/specs935-v1-FA-P015095-U2OS-48h-P10-L2_J05_s1_w544B2E061-8CC0-4223-8D7D-9F903585603E.npy,PARP inhibitor
P015095,J05,s2,CBK277970,/mnt/micro-images-pvc/specs935-v1/specs935-v1-FA-P015095-U2OS-48h-P10-L2/2021-12-23/872/specs935-v1-FA-P015095-U2OS-48h-P10-L2_J05_s2_w51B5BCC20-80C6-4F04-B56F-474A639641D5.npy,PARP inhibitor
P015095,J05,s3,CBK277970,/mnt/micro-images-pvc/specs935-v1/specs935-v1-FA-P015095-U2OS-48h-P10-L2/2021-12-23/872/specs935-v1-FA-P015095-U2OS-48h-P10-L2_J05_s3_w5015811E8-1C6E-423D-ABC0-D2AC2FA3FC96.npy,PARP inhibitor
P015095,J05,s4,CBK277970,/mnt/micro-images-pvc/specs935-v1/specs935-v1-FA-P015095-U2OS-48h-P10-L2/2021-12-23/872/specs935-v1-FA-P015095-U2OS-48h-P10-L2_J05_s4_w577C82A24-887C-429A-8114-F77ABC93262A.npy,PARP inhibitor
P015095,J05,s5,CBK277970,/mnt/micro-images-pvc/specs935-v1/specs935-v1-FA-P015095-U2OS-48h-P10-L2/2021-12-23/872/specs935-v1-FA-P015095-U2OS-48h-P10-L2_J05_s5_w56EA5B9A3-561B-4268-847C-2D5004782E8E.npy,PARP inhibitor
P015095,J05,s6,CBK277970,/mnt/micro-images-pvc/specs935-v1/specs935-v1-FA-P015095-U2OS-48h-P10-L2/2021-12-23/872/specs935-v1-FA-P015095-U2OS-48h-P10-L2_J05_s6_w5CE6BE97F-01CE-4527-A2DF-9515846C76D7.npy,PARP inhibitor
P015095,J05,s7,CBK277970,/mnt/micro-images-pvc/specs935-v1/specs935-v1-FA-P015095-U2OS-48h-P10-L2/2021-12-23/872/specs935-v1-FA-P015095-U2OS-48h-P10-L2_J05_s7_w56005B266-B411-404F-934E-2F41C470275E.npy,PARP inhibitor
P015095,J05,s8,CBK277970,/mnt/micro-images-pvc/specs935-v1/specs935-v1-FA-P015095-U2OS-48h-P10-L2/2021-12-23/872/specs935-v1-FA-P015095-U2OS-48h-P10-L2_J05_s8_w5C6020F3F-A927-402F-AB87-B0D8975E3B2C.npy,PARP inhibitor
P015095,J05,s9,CBK277970,/mnt/micro-images-pvc/specs935-v1/specs935-v1-FA-P015095-U2OS-48h-P10-L2/2021-12-23/872/specs935-v1-FA-P015095-U2OS-48h-P10-L2_J05_s9_w5607818D3-B663-4555-805F-9C0AE921A4EB.npy,PARP inhibitor
P015095,J09,s1,CBK290993,/mnt/micro-images-pvc/specs935-v1/specs935-v1-FA-P015095-U2OS-48h-P10-L2/2021-12-23/872/specs935-v1-FA-P015095-U2OS-48h-P10-L2_J09_s1_w52DD57672-D3B4-4FE7-9AC8-9049ABD1574F.npy,PARP inhibitor
P015095,J09,s2,CBK290993,/mnt/micro-images-pvc/specs935-v1/specs935-v1-FA-P015095-U2OS-48h-P10-L2/2021-12-23/872/specs935-v1-FA-P015095-U2OS-48h-P10-L2_J09_s2_w534FA379B-192E-4D94-8C79-833CFAF06573.npy,PARP inhibitor
P015095,J09,s3,CBK290993,/mnt/micro-images-pvc/specs935-v1/specs935-v1-FA-P015095-U2OS-48h-P10-L2/2021-12-23/872/specs935-v1-FA-P015095-U2OS-48h-P10-L2_J09_s3_w58561D570-BD33-45A7-A1B8-ED4804BB5F75.npy,PARP inhibitor
P015095,J09,s4,CBK290993,/mnt/micro-images-pvc/specs935-v1/specs935-v1-FA-P015095-U2OS-48h-P10-L2/2021-12-23/872/specs935-v1-FA-P015095-U2OS-48h-P10-L2_J09_s4_w5D0B9292A-5E31-47A1-B51A-59EBE82384EE.npy,PARP inhibitor
P015095,J09,s5,CBK290993,/mnt/micro-images-pvc/specs935-v1/specs935-v1-FA-P015095-U2OS-48h-P10-L2/2021-12-23/872/specs935-v1-FA-P015095-U2OS-48h-P10-L2_J09_s5_w56D6D4CC2-E687-4032-8D7D-89C913E504A6.npy,PARP inhibitor
P015095,J09,s6,CBK290993,/mnt/micro-images-pvc/specs935-v1/specs935-v1-FA-P015095-U2OS-48h-P10-L2/2021-12-23/872/specs935-v1-FA-P015095-U2OS-48h-P10-L2_J09_s6_w5102AE704-257C-4C7E-B372-A5C4C5176926.npy,PARP inhibitor
P015095,J09,s7,CBK290993,/mnt/micro-images-pvc/specs935-v1/specs935-v1-FA-P015095-U2OS-48h-P10-L2/2021-12-23/872/specs935-v1-FA-P015095-U2OS-48h-P10-L2_J09_s7_w5E95FC65C-9A75-4959-92DC-0279326CBA3B.npy,PARP inhibitor
P015095,J09,s8,CBK290993,/mnt/micro-images-pvc/specs935-v1/specs935-v1-FA-P015095-U2OS-48h-P10-L2/2021-12-23/872/specs935-v1-FA-P015095-U2OS-48h-P10-L2_J09_s8_w582BAAD2E-9ADD-4A41-A714-7D1F8FB3E8B7.npy,PARP inhibitor
P015095,J09,s9,CBK290993,/mnt/micro-images-pvc/specs935-v1/specs935-v1-FA-P015095-U2OS-48h-P10-L2/2021-12-23/872/specs935-v1-FA-P015095-U2OS-48h-P10-L2_J09_s9_w5517FDD04-A032-4C8C-9388-377A34607655.npy,PARP inhibitor
P015095,J15,s1,CBK308811,/mnt/micro-images-pvc/specs935-v1/specs935-v1-FA-P015095-U2OS-48h-P10-L2/2021-12-23/872/specs935-v1-FA-P015095-U2OS-48h-P10-L2_J15_s1_w5C77E3A43-0925-4166-9798-827F74EDF425.npy,PARP inhibitor
P015095,J15,s2,CBK308811,/mnt/micro-images-pvc/specs935-v1/specs935-v1-FA-P015095-U2OS-48h-P10-L2/2021-12-23/872/specs935-v1-FA-P015095-U2OS-48h-P10-L2_J15_s2_w57AF15DFF-C7C4-4DBE-8379-968ABFF2DC55.npy,PARP inhibitor
P015095,J15,s3,CBK308811,/mnt/micro-images-pvc/specs935-v1/specs935-v1-FA-P015095-U2OS-48h-P10-L2/2021-12-23/872/specs935-v1-FA-P015095-U2OS-48h-P10-L2_J15_s3_w5DBA21458-1C83-414D-8E28-1902A17176BB.npy,PARP inhibitor
P015095,J15,s4,CBK308811,/mnt/micro-images-pvc/specs935-v1/specs935-v1-FA-P015095-U2OS-48h-P10-L2/2021-12-23/872/specs935-v1-FA-P015095-U2OS-48h-P10-L2_J15_s4_w5163E9264-21E8-4394-9544-008F99BC3126.npy,PARP inhibitor
P015095,J15,s5,CBK308811,/mnt/micro-images-pvc/specs935-v1/specs935-v1-FA-P015095-U2OS-48h-P10-L2/2021-12-23/872/specs935-v1-FA-P015095-U2OS-48h-P10-L2_J15_s5_w5DCE89100-D880-4AEC-91F3-ABFAC6C187EA.npy,PARP inhibitor
P015095,J15,s6,CBK308811,/mnt/micro-images-pvc/specs935-v1/specs935-v1-FA-P015095-U2OS-48h-P10-L2/2021-12-23/872/specs935-v1-FA-P015095-U2OS-48h-P10-L2_J15_s6_w57EE3BA14-4C2F-42D4-8707-C5FC511D0CC6.npy,PARP inhibitor
P015095,J15,s7,CBK308811,/mnt/micro-images-pvc/specs935-v1/specs935-v1-FA-P015095-U2OS-48h-P10-L2/2021-12-23/872/specs935-v1-FA-P015095-U2OS-48h-P10-L2_J15_s7_w5B083B463-7EA2-4BAE-B0B2-FF825A03180D.npy,PARP inhibitor
P015095,J15,s8,CBK308811,/mnt/micro-images-pvc/specs935-v1/specs935-v1-FA-P015095-U2OS-48h-P10-L2/2021-12-23/872/specs935-v1-FA-P015095-U2OS-48h-P10-L2_J15_s8_w51F77070E-2C33-48B1-82F8-18CB04A4FF84.npy,PARP inhibitor
P015095,J15,s9,CBK308811,/mnt/micro-images-pvc/specs935-v1/specs935-v1-FA-P015095-U2OS-48h-P10-L2/2021-12-23/872/specs935-v1-FA-P015095-U2OS-48h-P10-L2_J15_s9_w5832EE4F6-7ADD-4564-B7C9-BF1C3790C6D5.npy,PARP inhibitor
P015095,K08,s1,CBK309255,/mnt/micro-images-pvc/specs935-v1/specs935-v1-FA-P015095-U2OS-48h-P10-L2/2021-12-23/872/specs935-v1-FA-P015095-U2OS-48h-P10-L2_K08_s1_w516AC4EDD-4060-4F36-B4D0-983090D022CF.npy,PARP inhibitor
P015095,K08,s2,CBK309255,/mnt/micro-images-pvc/specs935-v1/specs935-v1-FA-P015095-U2OS-48h-P10-L2/2021-12-23/872/specs935-v1-FA-P015095-U2OS-48h-P10-L2_K08_s2_w5D2877953-877D-4C35-BA84-1CB033339F41.npy,PARP inhibitor
P015095,K08,s3,CBK309255,/mnt/micro-images-pvc/specs935-v1/specs935-v1-FA-P015095-U2OS-48h-P10-L2/2021-12-23/872/specs935-v1-FA-P015095-U2OS-48h-P10-L2_K08_s3_w58C0FBD25-BEF0-4711-B930-9FFD662463BA.npy,PARP inhibitor
P015095,K08,s4,CBK309255,/mnt/micro-images-pvc/specs935-v1/specs935-v1-FA-P015095-U2OS-48h-P10-L2/2021-12-23/872/specs935-v1-FA-P015095-U2OS-48h-P10-L2_K08_s4_w57FCEB22A-47C5-4488-B3B8-B3E99606E03C.npy,PARP inhibitor
P015095,K08,s5,CBK309255,/mnt/micro-images-pvc/specs935-v1/specs935-v1-FA-P015095-U2OS-48h-P10-L2/2021-12-23/872/specs935-v1-FA-P015095-U2OS-48h-P10-L2_K08_s5_w5F864F016-143F-42EA-AFEF-6FCB925F26DB.npy,PARP inhibitor
P015095,K08,s6,CBK309255,/mnt/micro-images-pvc/specs935-v1/specs935-v1-FA-P015095-U2OS-48h-P10-L2/2021-12-23/872/specs935-v1-FA-P015095-U2OS-48h-P10-L2_K08_s6_w5D7F1CC6C-C1CC-4696-9B10-CCD1EA75D78F.npy,PARP inhibitor
P015095,K08,s7,CBK309255,/mnt/micro-images-pvc/specs935-v1/specs935-v1-FA-P015095-U2OS-48h-P10-L2/2021-12-23/872/specs935-v1-FA-P015095-U2OS-48h-P10-L2_K08_s7_w599140816-8F1A-4AA2-9790-231C2817C017.npy,PARP inhibitor
P015095,K08,s8,CBK309255,/mnt/micro-images-pvc/specs935-v1/specs935-v1-FA-P015095-U2OS-48h-P10-L2/2021-12-23/872/specs935-v1-FA-P015095-U2OS-48h-P10-L2_K08_s8_w5660B7F12-C377-4212-8E65-444EC90E160E.npy,PARP inhibitor
P015095,K08,s9,CBK309255,/mnt/micro-images-pvc/specs935-v1/specs935-v1-FA-P015095-U2OS-48h-P10-L2/2021-12-23/872/specs935-v1-FA-P015095-U2OS-48h-P10-L2_K08_s9_w5FF7019D4-D282-436F-8530-EF0D0EB38BB2.npy,PARP inhibitor
P015095,K11,s1,CBK308723,/mnt/micro-images-pvc/specs935-v1/specs935-v1-FA-P015095-U2OS-48h-P10-L2/2021-12-23/872/specs935-v1-FA-P015095-U2OS-48h-P10-L2_K11_s1_w57C571413-B516-4CB2-BF95-9298684866A6.npy,PARP inhibitor
P015095,K11,s2,CBK308723,/mnt/micro-images-pvc/specs935-v1/specs935-v1-FA-P015095-U2OS-48h-P10-L2/2021-12-23/872/specs935-v1-FA-P015095-U2OS-48h-P10-L2_K11_s2_w5D9982B3E-002F-4E83-B945-CE88138ABAD9.npy,PARP inhibitor
P015095,K11,s3,CBK308723,/mnt/micro-images-pvc/specs935-v1/specs935-v1-FA-P015095-U2OS-48h-P10-L2/2021-12-23/872/specs935-v1-FA-P015095-U2OS-48h-P10-L2_K11_s3_w506A62197-92E3-40EB-91BD-20FBB697D82F.npy,PARP inhibitor
P015095,K11,s4,CBK308723,/mnt/micro-images-pvc/specs935-v1/specs935-v1-FA-P015095-U2OS-48h-P10-L2/2021-12-23/872/specs935-v1-FA-P015095-U2OS-48h-P10-L2_K11_s4_w5036D65D2-7D03-4DA0-AC64-88DE83FF95E7.npy,PARP inhibitor
P015095,K11,s5,CBK308723,/mnt/micro-images-pvc/specs935-v1/specs935-v1-FA-P015095-U2OS-48h-P10-L2/2021-12-23/872/specs935-v1-FA-P015095-U2OS-48h-P10-L2_K11_s5_w56734C150-61B7-4069-9A14-CD1947D1309E.npy,PARP inhibitor
P015095,K11,s6,CBK308723,/mnt/micro-images-pvc/specs935-v1/specs935-v1-FA-P015095-U2OS-48h-P10-L2/2021-12-23/872/specs935-v1-FA-P015095-U2OS-48h-P10-L2_K11_s6_w5CCDE0B7B-364B-4B34-9842-A218EE54A073.npy,PARP inhibitor
P015095,K11,s7,CBK308723,/mnt/micro-images-pvc/specs935-v1/specs935-v1-FA-P015095-U2OS-48h-P10-L2/2021-12-23/872/specs935-v1-FA-P015095-U2OS-48h-P10-L2_K11_s7_w5C69A1854-B1AE-4AFE-9AA9-06066F11C150.npy,PARP inhibitor
P015095,K11,s8,CBK308723,/mnt/micro-images-pvc/specs935-v1/specs935-v1-FA-P015095-U2OS-48h-P10-L2/2021-12-23/872/specs935-v1-FA-P015095-U2OS-48h-P10-L2_K11_s8_w55710D9F0-D3E6-4894-BF82-8334CB523420.npy,PARP inhibitor
P015095,K11,s9,CBK308723,/mnt/micro-images-pvc/specs935-v1/specs935-v1-FA-P015095-U2OS-48h-P10-L2/2021-12-23/872/specs935-v1-FA-P015095-U2OS-48h-P10-L2_K11_s9_w5BB897F39-F5F8-491B-8D02-6B9E1F4A55FB.npy,PARP inhibitor
P015095,K13,s1,CBK308321,/mnt/micro-images-pvc/specs935-v1/specs935-v1-FA-P015095-U2OS-48h-P10-L2/2021-12-23/872/specs935-v1-FA-P015095-U2OS-48h-P10-L2_K13_s1_w5B7A9B98D-89EE-4E96-8FC4-AE603492593A.npy,PARP inhibitor
P015095,K13,s2,CBK308321,/mnt/micro-images-pvc/specs935-v1/specs935-v1-FA-P015095-U2OS-48h-P10-L2/2021-12-23/872/specs935-v1-FA-P015095-U2OS-48h-P10-L2_K13_s2_w502954882-7295-486B-B42A-D66DDF7885BA.npy,PARP inhibitor
P015095,K13,s3,CBK308321,/mnt/micro-images-pvc/specs935-v1/specs935-v1-FA-P015095-U2OS-48h-P10-L2/2021-12-23/872/specs935-v1-FA-P015095-U2OS-48h-P10-L2_K13_s3_w52B051359-C28B-4F26-8AB3-29A6056B715A.npy,PARP inhibitor
P015095,K13,s4,CBK308321,/mnt/micro-images-pvc/specs935-v1/specs935-v1-FA-P015095-U2OS-48h-P10-L2/2021-12-23/872/specs935-v1-FA-P015095-U2OS-48h-P10-L2_K13_s4_w590D70F5D-D61C-4CEC-9429-A37209837F6D.npy,PARP inhibitor
P015095,K13,s5,CBK308321,/mnt/micro-images-pvc/specs935-v1/specs935-v1-FA-P015095-U2OS-48h-P10-L2/2021-12-23/872/specs935-v1-FA-P015095-U2OS-48h-P10-L2_K13_s5_w523AA96DF-C79C-4380-ABBB-EB7D6EE37A75.npy,PARP inhibitor
P015095,K13,s6,CBK308321,/mnt/micro-images-pvc/specs935-v1/specs935-v1-FA-P015095-U2OS-48h-P10-L2/2021-12-23/872/specs935-v1-FA-P015095-U2OS-48h-P10-L2_K13_s6_w520F0E5E3-3D59-46D6-9204-445AA3418B14.npy,PARP inhibitor
P015095,K13,s7,CBK308321,/mnt/micro-images-pvc/specs935-v1/specs935-v1-FA-P015095-U2OS-48h-P10-L2/2021-12-23/872/specs935-v1-FA-P015095-U2OS-48h-P10-L2_K13_s7_w565CB81A1-7455-49AF-B95A-9862DE0FB74F.npy,PARP inhibitor
P015095,K13,s8,CBK308321,/mnt/micro-images-pvc/specs935-v1/specs935-v1-FA-P015095-U2OS-48h-P10-L2/2021-12-23/872/specs935-v1-FA-P015095-U2OS-48h-P10-L2_K13_s8_w5D88F7E66-14CE-460B-A1CE-C59F00C4F196.npy,PARP inhibitor
P015095,K13,s9,CBK308321,/mnt/micro-images-pvc/specs935-v1/specs935-v1-FA-P015095-U2OS-48h-P10-L2/2021-12-23/872/specs935-v1-FA-P015095-U2OS-48h-P10-L2_K13_s9_w5E96A21CD-1C01-447B-97E9-604E084B4D96.npy,PARP inhibitor
P015095,K16,s1,CBK277926,/mnt/micro-images-pvc/specs935-v1/specs935-v1-FA-P015095-U2OS-48h-P10-L2/2021-12-23/872/specs935-v1-FA-P015095-U2OS-48h-P10-L2_K16_s1_w5EEB71C02-A213-4D95-BC5B-9F1B343A8CAE.npy,PARP inhibitor
P015095,K16,s2,CBK277926,/mnt/micro-images-pvc/specs935-v1/specs935-v1-FA-P015095-U2OS-48h-P10-L2/2021-12-23/872/specs935-v1-FA-P015095-U2OS-48h-P10-L2_K16_s2_w56CF03244-1FE6-4FB8-9B12-09A4CFE7C514.npy,PARP inhibitor
P015095,K16,s3,CBK277926,/mnt/micro-images-pvc/specs935-v1/specs935-v1-FA-P015095-U2OS-48h-P10-L2/2021-12-23/872/specs935-v1-FA-P015095-U2OS-48h-P10-L2_K16_s3_w58C06BD25-A2F6-4FC3-A286-93EAA26DD893.npy,PARP inhibitor
P015095,K16,s4,CBK277926,/mnt/micro-images-pvc/specs935-v1/specs935-v1-FA-P015095-U2OS-48h-P10-L2/2021-12-23/872/specs935-v1-FA-P015095-U2OS-48h-P10-L2_K16_s4_w5C035860D-AEE7-4BC4-8835-D2B7E479D7A6.npy,PARP inhibitor
P015095,K16,s5,CBK277926,/mnt/micro-images-pvc/specs935-v1/specs935-v1-FA-P015095-U2OS-48h-P10-L2/2021-12-23/872/specs935-v1-FA-P015095-U2OS-48h-P10-L2_K16_s5_w5E4DD8BF0-B142-40AC-A309-98CB490D0C16.npy,PARP inhibitor
P015095,K16,s6,CBK277926,/mnt/micro-images-pvc/specs935-v1/specs935-v1-FA-P015095-U2OS-48h-P10-L2/2021-12-23/872/specs935-v1-FA-P015095-U2OS-48h-P10-L2_K16_s6_w5E513638F-4EC0-4E0C-A0F0-9A29567B9285.npy,PARP inhibitor
P015095,K16,s7,CBK277926,/mnt/micro-images-pvc/specs935-v1/specs935-v1-FA-P015095-U2OS-48h-P10-L2/2021-12-23/872/specs935-v1-FA-P015095-U2OS-48h-P10-L2_K16_s7_w5E6666372-F343-4C94-B125-DF56CA70C6F0.npy,PARP inhibitor
P015095,K16,s8,CBK277926,/mnt/micro-images-pvc/specs935-v1/specs935-v1-FA-P015095-U2OS-48h-P10-L2/2021-12-23/872/specs935-v1-FA-P015095-U2OS-48h-P10-L2_K16_s8_w5A458B0B9-8CFD-4F51-A31C-CF21357515CF.npy,PARP inhibitor
P015095,K16,s9,CBK277926,/mnt/micro-images-pvc/specs935-v1/specs935-v1-FA-P015095-U2OS-48h-P10-L2/2021-12-23/872/specs935-v1-FA-P015095-U2OS-48h-P10-L2_K16_s9_w5BF065E4B-8490-4D9A-8B4B-55DEF0C5BD86.npy,PARP inhibitor
P015095,L05,s1,CBK290883,/mnt/micro-images-pvc/specs935-v1/specs935-v1-FA-P015095-U2OS-48h-P10-L2/2021-12-23/872/specs935-v1-FA-P015095-U2OS-48h-P10-L2_L05_s1_w583D31E31-43EC-47F6-B2DA-0098007BD01D.npy,PARP inhibitor
P015095,L05,s2,CBK290883,/mnt/micro-images-pvc/specs935-v1/specs935-v1-FA-P015095-U2OS-48h-P10-L2/2021-12-23/872/specs935-v1-FA-P015095-U2OS-48h-P10-L2_L05_s2_w5C90F451D-1108-450E-AC5F-68AA06E0C7B8.npy,PARP inhibitor
P015095,L05,s3,CBK290883,/mnt/micro-images-pvc/specs935-v1/specs935-v1-FA-P015095-U2OS-48h-P10-L2/2021-12-23/872/specs935-v1-FA-P015095-U2OS-48h-P10-L2_L05_s3_w588D25068-C527-4CB5-A71C-750A9AC6AB35.npy,PARP inhibitor
P015095,L05,s4,CBK290883,/mnt/micro-images-pvc/specs935-v1/specs935-v1-FA-P015095-U2OS-48h-P10-L2/2021-12-23/872/specs935-v1-FA-P015095-U2OS-48h-P10-L2_L05_s4_w5459B5037-595F-4D6B-80D3-C7F96A3D8BDA.npy,PARP inhibitor
P015095,L05,s5,CBK290883,/mnt/micro-images-pvc/specs935-v1/specs935-v1-FA-P015095-U2OS-48h-P10-L2/2021-12-23/872/specs935-v1-FA-P015095-U2OS-48h-P10-L2_L05_s5_w53C912C6C-39FE-4289-9CCE-C3C46F4EB50D.npy,PARP inhibitor
P015095,L05,s6,CBK290883,/mnt/micro-images-pvc/specs935-v1/specs935-v1-FA-P015095-U2OS-48h-P10-L2/2021-12-23/872/specs935-v1-FA-P015095-U2OS-48h-P10-L2_L05_s6_w5F654B0FB-7321-4554-A0B1-281A35BE8E99.npy,PARP inhibitor
P015095,L05,s7,CBK290883,/mnt/micro-images-pvc/specs935-v1/specs935-v1-FA-P015095-U2OS-48h-P10-L2/2021-12-23/872/specs935-v1-FA-P015095-U2OS-48h-P10-L2_L05_s7_w57DE55524-EA50-4C9B-B49F-F554A608E755.npy,PARP inhibitor
P015095,L05,s8,CBK290883,/mnt/micro-images-pvc/specs935-v1/specs935-v1-FA-P015095-U2OS-48h-P10-L2/2021-12-23/872/specs935-v1-FA-P015095-U2OS-48h-P10-L2_L05_s8_w511BA4A67-5A43-463B-893D-1FFCF73049C0.npy,PARP inhibitor
P015095,L05,s9,CBK290883,/mnt/micro-images-pvc/specs935-v1/specs935-v1-FA-P015095-U2OS-48h-P10-L2/2021-12-23/872/specs935-v1-FA-P015095-U2OS-48h-P10-L2_L05_s9_w512B29F26-5F9F-45E4-8555-17D521F6BC27.npy,PARP inhibitor
P015095,M02,s1,CBK041804,/mnt/micro-images-pvc/specs935-v1/specs935-v1-FA-P015095-U2OS-48h-P10-L2/2021-12-23/872/specs935-v1-FA-P015095-U2OS-48h-P10-L2_M02_s1_w5F9AFA5B3-BC35-43BC-98E8-C521F4214948.npy,PARP inhibitor
P015095,M02,s2,CBK041804,/mnt/micro-images-pvc/specs935-v1/specs935-v1-FA-P015095-U2OS-48h-P10-L2/2021-12-23/872/specs935-v1-FA-P015095-U2OS-48h-P10-L2_M02_s2_w5781A8C92-9150-415D-A62F-BAC4F9AC892B.npy,PARP inhibitor
P015095,M02,s3,CBK041804,/mnt/micro-images-pvc/specs935-v1/specs935-v1-FA-P015095-U2OS-48h-P10-L2/2021-12-23/872/specs935-v1-FA-P015095-U2OS-48h-P10-L2_M02_s3_w51FA7C3E0-2AC5-4292-BFAB-0764F84DDFF1.npy,PARP inhibitor
P015095,M02,s4,CBK041804,/mnt/micro-images-pvc/specs935-v1/specs935-v1-FA-P015095-U2OS-48h-P10-L2/2021-12-23/872/specs935-v1-FA-P015095-U2OS-48h-P10-L2_M02_s4_w5B6354F7C-2A15-4B7A-BFAD-66D848332AAD.npy,PARP inhibitor
P015095,M02,s5,CBK041804,/mnt/micro-images-pvc/specs935-v1/specs935-v1-FA-P015095-U2OS-48h-P10-L2/2021-12-23/872/specs935-v1-FA-P015095-U2OS-48h-P10-L2_M02_s5_w54527B8D0-DEF5-4C3B-ACB9-CA93BBCB64EF.npy,PARP inhibitor
P015095,M02,s6,CBK041804,/mnt/micro-images-pvc/specs935-v1/specs935-v1-FA-P015095-U2OS-48h-P10-L2/2021-12-23/872/specs935-v1-FA-P015095-U2OS-48h-P10-L2_M02_s6_w547A332AF-3831-407C-A6F0-40AF870F9CDA.npy,PARP inhibitor
P015095,M02,s7,CBK041804,/mnt/micro-images-pvc/specs935-v1/specs935-v1-FA-P015095-U2OS-48h-P10-L2/2021-12-23/872/specs935-v1-FA-P015095-U2OS-48h-P10-L2_M02_s7_w508FFC12A-292E-4C7E-B505-55489A914BCD.npy,PARP inhibitor
P015095,M02,s8,CBK041804,/mnt/micro-images-pvc/specs935-v1/specs935-v1-FA-P015095-U2OS-48h-P10-L2/2021-12-23/872/specs935-v1-FA-P015095-U2OS-48h-P10-L2_M02_s8_w5AF5B84A4-FDA9-4595-97DF-BC4895EACAE3.npy,PARP inhibitor
P015095,M02,s9,CBK041804,/mnt/micro-images-pvc/specs935-v1/specs935-v1-FA-P015095-U2OS-48h-P10-L2/2021-12-23/872/specs935-v1-FA-P015095-U2OS-48h-P10-L2_M02_s9_w55AEF98CF-3BFB-4E4B-A45E-90A962739754.npy,PARP inhibitor
P015095,M12,s1,CBK309255,/mnt/micro-images-pvc/specs935-v1/specs935-v1-FA-P015095-U2OS-48h-P10-L2/2021-12-23/872/specs935-v1-FA-P015095-U2OS-48h-P10-L2_M12_s1_w54590EAEE-9836-43FF-906C-B0AEE7DF4BA0.npy,PARP inhibitor
P015095,M12,s2,CBK309255,/mnt/micro-images-pvc/specs935-v1/specs935-v1-FA-P015095-U2OS-48h-P10-L2/2021-12-23/872/specs935-v1-FA-P015095-U2OS-48h-P10-L2_M12_s2_w5827A97F1-13A1-49CD-8315-D8D9A9B2CF5F.npy,PARP inhibitor
P015095,M12,s3,CBK309255,/mnt/micro-images-pvc/specs935-v1/specs935-v1-FA-P015095-U2OS-48h-P10-L2/2021-12-23/872/specs935-v1-FA-P015095-U2OS-48h-P10-L2_M12_s3_w5DBEBD02E-F702-4C28-98E3-F2F8781A0DE9.npy,PARP inhibitor
P015095,M12,s4,CBK309255,/mnt/micro-images-pvc/specs935-v1/specs935-v1-FA-P015095-U2OS-48h-P10-L2/2021-12-23/872/specs935-v1-FA-P015095-U2OS-48h-P10-L2_M12_s4_w5478FF097-7C35-4F6F-B18A-4778BC3436F7.npy,PARP inhibitor
P015095,M12,s5,CBK309255,/mnt/micro-images-pvc/specs935-v1/specs935-v1-FA-P015095-U2OS-48h-P10-L2/2021-12-23/872/specs935-v1-FA-P015095-U2OS-48h-P10-L2_M12_s5_w5138BDCD1-6C88-4DCA-AADD-ED12AB5132A1.npy,PARP inhibitor
P015095,M12,s6,CBK309255,/mnt/micro-images-pvc/specs935-v1/specs935-v1-FA-P015095-U2OS-48h-P10-L2/2021-12-23/872/specs935-v1-FA-P015095-U2OS-48h-P10-L2_M12_s6_w5272D5711-C354-434A-A015-6712C9DC13D6.npy,PARP inhibitor
P015095,M12,s7,CBK309255,/mnt/micro-images-pvc/specs935-v1/specs935-v1-FA-P015095-U2OS-48h-P10-L2/2021-12-23/872/specs935-v1-FA-P015095-U2OS-48h-P10-L2_M12_s7_w5588E77BA-6A38-4141-901D-7C5B4894B6F9.npy,PARP inhibitor
P015095,M12,s8,CBK309255,/mnt/micro-images-pvc/specs935-v1/specs935-v1-FA-P015095-U2OS-48h-P10-L2/2021-12-23/872/specs935-v1-FA-P015095-U2OS-48h-P10-L2_M12_s8_w542FDDA84-27DC-40A0-9E98-7A0B4DF37EF4.npy,PARP inhibitor
P015095,M12,s9,CBK309255,/mnt/micro-images-pvc/specs935-v1/specs935-v1-FA-P015095-U2OS-48h-P10-L2/2021-12-23/872/specs935-v1-FA-P015095-U2OS-48h-P10-L2_M12_s9_w5A8BCC9FF-A832-4830-98A2-04F929BF049E.npy,PARP inhibitor
P015095,M22,s1,CBK277970,/mnt/micro-images-pvc/specs935-v1/specs935-v1-FA-P015095-U2OS-48h-P10-L2/2021-12-23/872/specs935-v1-FA-P015095-U2OS-48h-P10-L2_M22_s1_w5AE71C45E-145B-4FE2-B373-3AFD24FD1FB2.npy,PARP inhibitor
P015095,M22,s2,CBK277970,/mnt/micro-images-pvc/specs935-v1/specs935-v1-FA-P015095-U2OS-48h-P10-L2/2021-12-23/872/specs935-v1-FA-P015095-U2OS-48h-P10-L2_M22_s2_w5B81FB030-615A-4C3B-B04A-2C11C355140E.npy,PARP inhibitor
P015095,M22,s3,CBK277970,/mnt/micro-images-pvc/specs935-v1/specs935-v1-FA-P015095-U2OS-48h-P10-L2/2021-12-23/872/specs935-v1-FA-P015095-U2OS-48h-P10-L2_M22_s3_w5D4913810-5F71-4A7A-888A-BE62DC999B75.npy,PARP inhibitor
P015095,M22,s4,CBK277970,/mnt/micro-images-pvc/specs935-v1/specs935-v1-FA-P015095-U2OS-48h-P10-L2/2021-12-23/872/specs935-v1-FA-P015095-U2OS-48h-P10-L2_M22_s4_w540309D8C-E7C6-4185-B783-5560E30F12B6.npy,PARP inhibitor
P015095,M22,s5,CBK277970,/mnt/micro-images-pvc/specs935-v1/specs935-v1-FA-P015095-U2OS-48h-P10-L2/2021-12-23/872/specs935-v1-FA-P015095-U2OS-48h-P10-L2_M22_s5_w557FB8006-2302-4E30-B47E-FFB9A562379D.npy,PARP inhibitor
P015095,M22,s6,CBK277970,/mnt/micro-images-pvc/specs935-v1/specs935-v1-FA-P015095-U2OS-48h-P10-L2/2021-12-23/872/specs935-v1-FA-P015095-U2OS-48h-P10-L2_M22_s6_w55E8F6F8D-9C4C-4FF6-AA41-71AB65D8A905.npy,PARP inhibitor
P015095,M22,s7,CBK277970,/mnt/micro-images-pvc/specs935-v1/specs935-v1-FA-P015095-U2OS-48h-P10-L2/2021-12-23/872/specs935-v1-FA-P015095-U2OS-48h-P10-L2_M22_s7_w532B50913-5090-4DFB-BC07-E9C8E73D0579.npy,PARP inhibitor
P015095,M22,s8,CBK277970,/mnt/micro-images-pvc/specs935-v1/specs935-v1-FA-P015095-U2OS-48h-P10-L2/2021-12-23/872/specs935-v1-FA-P015095-U2OS-48h-P10-L2_M22_s8_w586706523-9ADF-457C-9C01-FA1C11DCCABF.npy,PARP inhibitor
P015095,M22,s9,CBK277970,/mnt/micro-images-pvc/specs935-v1/specs935-v1-FA-P015095-U2OS-48h-P10-L2/2021-12-23/872/specs935-v1-FA-P015095-U2OS-48h-P10-L2_M22_s9_w5D680AECB-5656-427F-B7F8-E0A168524744.npy,PARP inhibitor
P015095,N13,s1,CBK308846,/mnt/micro-images-pvc/specs935-v1/specs935-v1-FA-P015095-U2OS-48h-P10-L2/2021-12-23/872/specs935-v1-FA-P015095-U2OS-48h-P10-L2_N13_s1_w52C8DC051-EA7A-40FF-9B2A-FC85A605CBAD.npy,PARP inhibitor
P015095,N13,s2,CBK308846,/mnt/micro-images-pvc/specs935-v1/specs935-v1-FA-P015095-U2OS-48h-P10-L2/2021-12-23/872/specs935-v1-FA-P015095-U2OS-48h-P10-L2_N13_s2_w55257FAE5-2A0B-4D47-A749-26D85F407C89.npy,PARP inhibitor
P015095,N13,s3,CBK308846,/mnt/micro-images-pvc/specs935-v1/specs935-v1-FA-P015095-U2OS-48h-P10-L2/2021-12-23/872/specs935-v1-FA-P015095-U2OS-48h-P10-L2_N13_s3_w5A5522EAB-E23E-4E11-BE04-3B18F3B78334.npy,PARP inhibitor
P015095,N13,s4,CBK308846,/mnt/micro-images-pvc/specs935-v1/specs935-v1-FA-P015095-U2OS-48h-P10-L2/2021-12-23/872/specs935-v1-FA-P015095-U2OS-48h-P10-L2_N13_s4_w5C40C87EC-F72F-4B04-84B4-8612B1CA99D2.npy,PARP inhibitor
P015095,N13,s5,CBK308846,/mnt/micro-images-pvc/specs935-v1/specs935-v1-FA-P015095-U2OS-48h-P10-L2/2021-12-23/872/specs935-v1-FA-P015095-U2OS-48h-P10-L2_N13_s5_w590770AEF-8D0B-4807-A5D3-49F6CB1C2674.npy,PARP inhibitor
P015095,N13,s6,CBK308846,/mnt/micro-images-pvc/specs935-v1/specs935-v1-FA-P015095-U2OS-48h-P10-L2/2021-12-23/872/specs935-v1-FA-P015095-U2OS-48h-P10-L2_N13_s6_w5157CB0EC-A2DD-46B8-A6E1-665B0B2B5369.npy,PARP inhibitor
P015095,N13,s7,CBK308846,/mnt/micro-images-pvc/specs935-v1/specs935-v1-FA-P015095-U2OS-48h-P10-L2/2021-12-23/872/specs935-v1-FA-P015095-U2OS-48h-P10-L2_N13_s7_w5AC4F5103-B482-4E7E-A1A4-0FC88E0BFA37.npy,PARP inhibitor
P015095,N13,s8,CBK308846,/mnt/micro-images-pvc/specs935-v1/specs935-v1-FA-P015095-U2OS-48h-P10-L2/2021-12-23/872/specs935-v1-FA-P015095-U2OS-48h-P10-L2_N13_s8_w52E2A4376-9A45-4F4C-9360-554EDAC5563E.npy,PARP inhibitor
P015095,N13,s9,CBK308846,/mnt/micro-images-pvc/specs935-v1/specs935-v1-FA-P015095-U2OS-48h-P10-L2/2021-12-23/872/specs935-v1-FA-P015095-U2OS-48h-P10-L2_N13_s9_w53579C173-7ACF-4626-A1B0-67851DFB2E59.npy,PARP inhibitor
P015095,N19,s1,CBK290883,/mnt/micro-images-pvc/specs935-v1/specs935-v1-FA-P015095-U2OS-48h-P10-L2/2021-12-23/872/specs935-v1-FA-P015095-U2OS-48h-P10-L2_N19_s1_w5AA86C1BA-2834-40FF-BE8E-98D6917DBFCB.npy,PARP inhibitor
P015095,N19,s2,CBK290883,/mnt/micro-images-pvc/specs935-v1/specs935-v1-FA-P015095-U2OS-48h-P10-L2/2021-12-23/872/specs935-v1-FA-P015095-U2OS-48h-P10-L2_N19_s2_w51FAF1C25-C208-4E31-9364-38973AFACEA9.npy,PARP inhibitor
P015095,N19,s3,CBK290883,/mnt/micro-images-pvc/specs935-v1/specs935-v1-FA-P015095-U2OS-48h-P10-L2/2021-12-23/872/specs935-v1-FA-P015095-U2OS-48h-P10-L2_N19_s3_w5D672E480-7B60-4FD1-9B62-BA5820E09534.npy,PARP inhibitor
P015095,N19,s4,CBK290883,/mnt/micro-images-pvc/specs935-v1/specs935-v1-FA-P015095-U2OS-48h-P10-L2/2021-12-23/872/specs935-v1-FA-P015095-U2OS-48h-P10-L2_N19_s4_w59953D18A-FEAA-4085-AB1A-6AA00361592C.npy,PARP inhibitor
P015095,N19,s5,CBK290883,/mnt/micro-images-pvc/specs935-v1/specs935-v1-FA-P015095-U2OS-48h-P10-L2/2021-12-23/872/specs935-v1-FA-P015095-U2OS-48h-P10-L2_N19_s5_w5B9170724-6A36-473C-9A95-E6ECF0D43CD0.npy,PARP inhibitor
P015095,N19,s6,CBK290883,/mnt/micro-images-pvc/specs935-v1/specs935-v1-FA-P015095-U2OS-48h-P10-L2/2021-12-23/872/specs935-v1-FA-P015095-U2OS-48h-P10-L2_N19_s6_w5401A3AEF-B6E3-402C-8DF7-ED47634E749B.npy,PARP inhibitor
P015095,N19,s7,CBK290883,/mnt/micro-images-pvc/specs935-v1/specs935-v1-FA-P015095-U2OS-48h-P10-L2/2021-12-23/872/specs935-v1-FA-P015095-U2OS-48h-P10-L2_N19_s7_w511342C0C-398E-44E8-9C48-62CE67123D71.npy,PARP inhibitor
P015095,N19,s8,CBK290883,/mnt/micro-images-pvc/specs935-v1/specs935-v1-FA-P015095-U2OS-48h-P10-L2/2021-12-23/872/specs935-v1-FA-P015095-U2OS-48h-P10-L2_N19_s8_w58C1F279A-4B9E-4712-B067-CDDC3947CD09.npy,PARP inhibitor
P015095,N19,s9,CBK290883,/mnt/micro-images-pvc/specs935-v1/specs935-v1-FA-P015095-U2OS-48h-P10-L2/2021-12-23/872/specs935-v1-FA-P015095-U2OS-48h-P10-L2_N19_s9_w527A1C830-661F-4E58-AC05-8BEE7F781A45.npy,PARP inhibitor
P015095,N21,s1,CBK278031,/mnt/micro-images-pvc/specs935-v1/specs935-v1-FA-P015095-U2OS-48h-P10-L2/2021-12-23/872/specs935-v1-FA-P015095-U2OS-48h-P10-L2_N21_s1_w5225AB504-1A26-4258-9DAF-F86DC2F8D751.npy,PARP inhibitor
P015095,N21,s2,CBK278031,/mnt/micro-images-pvc/specs935-v1/specs935-v1-FA-P015095-U2OS-48h-P10-L2/2021-12-23/872/specs935-v1-FA-P015095-U2OS-48h-P10-L2_N21_s2_w57F4F30CB-63FE-4A96-A493-8B0EAE989BA6.npy,PARP inhibitor
P015095,N21,s3,CBK278031,/mnt/micro-images-pvc/specs935-v1/specs935-v1-FA-P015095-U2OS-48h-P10-L2/2021-12-23/872/specs935-v1-FA-P015095-U2OS-48h-P10-L2_N21_s3_w55C48B2BC-C379-48D8-9458-8123545745DB.npy,PARP inhibitor
P015095,N21,s4,CBK278031,/mnt/micro-images-pvc/specs935-v1/specs935-v1-FA-P015095-U2OS-48h-P10-L2/2021-12-23/872/specs935-v1-FA-P015095-U2OS-48h-P10-L2_N21_s4_w593176AEC-F496-4769-A9FB-D01D72B51F07.npy,PARP inhibitor
P015095,N21,s5,CBK278031,/mnt/micro-images-pvc/specs935-v1/specs935-v1-FA-P015095-U2OS-48h-P10-L2/2021-12-23/872/specs935-v1-FA-P015095-U2OS-48h-P10-L2_N21_s5_w52E46A974-206C-4E4F-96EC-EB001F36E734.npy,PARP inhibitor
P015095,N21,s6,CBK278031,/mnt/micro-images-pvc/specs935-v1/specs935-v1-FA-P015095-U2OS-48h-P10-L2/2021-12-23/872/specs935-v1-FA-P015095-U2OS-48h-P10-L2_N21_s6_w5370AF329-6ECA-4A7B-B30B-886BF60C25DC.npy,PARP inhibitor
P015095,N21,s7,CBK278031,/mnt/micro-images-pvc/specs935-v1/specs935-v1-FA-P015095-U2OS-48h-P10-L2/2021-12-23/872/specs935-v1-FA-P015095-U2OS-48h-P10-L2_N21_s7_w58BDE2BD6-6201-46DA-A56C-BFDEC633EC06.npy,PARP inhibitor
P015095,N21,s8,CBK278031,/mnt/micro-images-pvc/specs935-v1/specs935-v1-FA-P015095-U2OS-48h-P10-L2/2021-12-23/872/specs935-v1-FA-P015095-U2OS-48h-P10-L2_N21_s8_w52C4D4546-051F-488D-A87B-8EAF830EA830.npy,PARP inhibitor
P015095,N21,s9,CBK278031,/mnt/micro-images-pvc/specs935-v1/specs935-v1-FA-P015095-U2OS-48h-P10-L2/2021-12-23/872/specs935-v1-FA-P015095-U2OS-48h-P10-L2_N21_s9_w55752CB67-0EF4-4363-9B11-2C829D542EEC.npy,PARP inhibitor
P015095,O13,s1,CBK308723,/mnt/micro-images-pvc/specs935-v1/specs935-v1-FA-P015095-U2OS-48h-P10-L2/2021-12-23/872/specs935-v1-FA-P015095-U2OS-48h-P10-L2_O13_s1_w5F1D88871-8BA4-46FF-B132-CD9679FD519F.npy,PARP inhibitor
P015095,O13,s2,CBK308723,/mnt/micro-images-pvc/specs935-v1/specs935-v1-FA-P015095-U2OS-48h-P10-L2/2021-12-23/872/specs935-v1-FA-P015095-U2OS-48h-P10-L2_O13_s2_w5D58E8CA7-14AE-4F6F-8D3B-7F34FD1D7284.npy,PARP inhibitor
P015095,O13,s3,CBK308723,/mnt/micro-images-pvc/specs935-v1/specs935-v1-FA-P015095-U2OS-48h-P10-L2/2021-12-23/872/specs935-v1-FA-P015095-U2OS-48h-P10-L2_O13_s3_w572EB27DE-EBA8-40EE-84A3-673D9768119F.npy,PARP inhibitor
P015095,O13,s4,CBK308723,/mnt/micro-images-pvc/specs935-v1/specs935-v1-FA-P015095-U2OS-48h-P10-L2/2021-12-23/872/specs935-v1-FA-P015095-U2OS-48h-P10-L2_O13_s4_w58768B70F-3AC8-4461-87BD-1FF416F17FDB.npy,PARP inhibitor
P015095,O13,s5,CBK308723,/mnt/micro-images-pvc/specs935-v1/specs935-v1-FA-P015095-U2OS-48h-P10-L2/2021-12-23/872/specs935-v1-FA-P015095-U2OS-48h-P10-L2_O13_s5_w53C8EF4DF-5188-4E00-B692-057C4A68BDC8.npy,PARP inhibitor
P015095,O13,s6,CBK308723,/mnt/micro-images-pvc/specs935-v1/specs935-v1-FA-P015095-U2OS-48h-P10-L2/2021-12-23/872/specs935-v1-FA-P015095-U2OS-48h-P10-L2_O13_s6_w58250B6A4-70F4-463E-894C-9888567CC9DB.npy,PARP inhibitor
P015095,O13,s7,CBK308723,/mnt/micro-images-pvc/specs935-v1/specs935-v1-FA-P015095-U2OS-48h-P10-L2/2021-12-23/872/specs935-v1-FA-P015095-U2OS-48h-P10-L2_O13_s7_w5053462AB-A085-4560-98AB-6708EAA657EE.npy,PARP inhibitor
P015095,O13,s8,CBK308723,/mnt/micro-images-pvc/specs935-v1/specs935-v1-FA-P015095-U2OS-48h-P10-L2/2021-12-23/872/specs935-v1-FA-P015095-U2OS-48h-P10-L2_O13_s8_w589B6EEC3-052A-444C-AE87-A60FB599ADE2.npy,PARP inhibitor
P015095,O13,s9,CBK308723,/mnt/micro-images-pvc/specs935-v1/specs935-v1-FA-P015095-U2OS-48h-P10-L2/2021-12-23/872/specs935-v1-FA-P015095-U2OS-48h-P10-L2_O13_s9_w5119A68BE-1A57-45A4-B290-FABD39AA3C43.npy,PARP inhibitor
P015096,B17,s1,CBK200838,/mnt/micro-images-pvc/specs935-v1/specs935-v1-FA-P015096-U2OS-48h-P11-L1/2021-12-19/857/specs935-v1-FA-P015096-U2OS-48h-P11-L1_B17_s1_w5975AE4FD-D8D7-47F8-A63B-F7A4C47ACB2C.npy,protein synthesis inhibitor
P015096,B17,s2,CBK200838,/mnt/micro-images-pvc/specs935-v1/specs935-v1-FA-P015096-U2OS-48h-P11-L1/2021-12-19/857/specs935-v1-FA-P015096-U2OS-48h-P11-L1_B17_s2_w560CE9BB5-17E3-414F-8A76-80E61C998B78.npy,protein synthesis inhibitor
P015096,B17,s3,CBK200838,/mnt/micro-images-pvc/specs935-v1/specs935-v1-FA-P015096-U2OS-48h-P11-L1/2021-12-19/857/specs935-v1-FA-P015096-U2OS-48h-P11-L1_B17_s3_w51F5BBA6E-1A3B-4082-88B2-4FC420276341.npy,protein synthesis inhibitor
P015096,B17,s4,CBK200838,/mnt/micro-images-pvc/specs935-v1/specs935-v1-FA-P015096-U2OS-48h-P11-L1/2021-12-19/857/specs935-v1-FA-P015096-U2OS-48h-P11-L1_B17_s4_w5A2C6083D-7679-4FD8-AC3D-BF2AAAB464BB.npy,protein synthesis inhibitor
P015096,B17,s5,CBK200838,/mnt/micro-images-pvc/specs935-v1/specs935-v1-FA-P015096-U2OS-48h-P11-L1/2021-12-19/857/specs935-v1-FA-P015096-U2OS-48h-P11-L1_B17_s5_w57473247C-D7DA-48F5-A2E0-E4FB7D581BD4.npy,protein synthesis inhibitor
P015096,B17,s6,CBK200838,/mnt/micro-images-pvc/specs935-v1/specs935-v1-FA-P015096-U2OS-48h-P11-L1/2021-12-19/857/specs935-v1-FA-P015096-U2OS-48h-P11-L1_B17_s6_w56860CC3D-0C21-4F1F-A411-2BAC2E5B9F2C.npy,protein synthesis inhibitor
P015096,B17,s7,CBK200838,/mnt/micro-images-pvc/specs935-v1/specs935-v1-FA-P015096-U2OS-48h-P11-L1/2021-12-19/857/specs935-v1-FA-P015096-U2OS-48h-P11-L1_B17_s7_w5A07E2E43-795A-415A-A6D9-52E50A45F55B.npy,protein synthesis inhibitor
P015096,B17,s8,CBK200838,/mnt/micro-images-pvc/specs935-v1/specs935-v1-FA-P015096-U2OS-48h-P11-L1/2021-12-19/857/specs935-v1-FA-P015096-U2OS-48h-P11-L1_B17_s8_w5C141E56B-0086-42D7-8534-94FEFBD7651F.npy,protein synthesis inhibitor
P015096,B17,s9,CBK200838,/mnt/micro-images-pvc/specs935-v1/specs935-v1-FA-P015096-U2OS-48h-P11-L1/2021-12-19/857/specs935-v1-FA-P015096-U2OS-48h-P11-L1_B17_s9_w57BD17D53-BCB6-4C55-9EFE-75B3EB5FD619.npy,protein synthesis inhibitor
P015096,C04,s1,CBK041256,/mnt/micro-images-pvc/specs935-v1/specs935-v1-FA-P015096-U2OS-48h-P11-L1/2021-12-19/857/specs935-v1-FA-P015096-U2OS-48h-P11-L1_C04_s1_w584A7860A-E597-4E27-A3AC-435980FDA96D.npy,protein synthesis inhibitor
P015096,C04,s2,CBK041256,/mnt/micro-images-pvc/specs935-v1/specs935-v1-FA-P015096-U2OS-48h-P11-L1/2021-12-19/857/specs935-v1-FA-P015096-U2OS-48h-P11-L1_C04_s2_w59336AF63-367D-4D21-83D2-9F90B33E5593.npy,protein synthesis inhibitor
P015096,C04,s3,CBK041256,/mnt/micro-images-pvc/specs935-v1/specs935-v1-FA-P015096-U2OS-48h-P11-L1/2021-12-19/857/specs935-v1-FA-P015096-U2OS-48h-P11-L1_C04_s3_w5E4121B7F-112B-40C7-9764-8FFA673C83B3.npy,protein synthesis inhibitor
P015096,C04,s4,CBK041256,/mnt/micro-images-pvc/specs935-v1/specs935-v1-FA-P015096-U2OS-48h-P11-L1/2021-12-19/857/specs935-v1-FA-P015096-U2OS-48h-P11-L1_C04_s4_w5AFE6A666-F134-4130-AC7C-B47D8BB694E4.npy,protein synthesis inhibitor
P015096,C04,s5,CBK041256,/mnt/micro-images-pvc/specs935-v1/specs935-v1-FA-P015096-U2OS-48h-P11-L1/2021-12-19/857/specs935-v1-FA-P015096-U2OS-48h-P11-L1_C04_s5_w591D5B821-82CC-44D9-8096-47F0E8684087.npy,protein synthesis inhibitor
P015096,C04,s6,CBK041256,/mnt/micro-images-pvc/specs935-v1/specs935-v1-FA-P015096-U2OS-48h-P11-L1/2021-12-19/857/specs935-v1-FA-P015096-U2OS-48h-P11-L1_C04_s6_w57010FF44-5AB8-4CB1-98EB-99AF363700C9.npy,protein synthesis inhibitor
P015096,C04,s7,CBK041256,/mnt/micro-images-pvc/specs935-v1/specs935-v1-FA-P015096-U2OS-48h-P11-L1/2021-12-19/857/specs935-v1-FA-P015096-U2OS-48h-P11-L1_C04_s7_w5990208A7-9846-4718-84AA-441A9C4FE863.npy,protein synthesis inhibitor
P015096,C04,s8,CBK041256,/mnt/micro-images-pvc/specs935-v1/specs935-v1-FA-P015096-U2OS-48h-P11-L1/2021-12-19/857/specs935-v1-FA-P015096-U2OS-48h-P11-L1_C04_s8_w5179A9835-48A8-48E1-A43C-D7488A27F238.npy,protein synthesis inhibitor
P015096,C04,s9,CBK041256,/mnt/micro-images-pvc/specs935-v1/specs935-v1-FA-P015096-U2OS-48h-P11-L1/2021-12-19/857/specs935-v1-FA-P015096-U2OS-48h-P11-L1_C04_s9_w548177290-CC03-4BAD-84AE-5263265B66BB.npy,protein synthesis inhibitor
P015096,C16,s1,CBK308608,/mnt/micro-images-pvc/specs935-v1/specs935-v1-FA-P015096-U2OS-48h-P11-L1/2021-12-19/857/specs935-v1-FA-P015096-U2OS-48h-P11-L1_C16_s1_w5E413A119-F11C-4A90-A873-5E4B5F17A0AD.npy,protein synthesis inhibitor
P015096,C16,s2,CBK308608,/mnt/micro-images-pvc/specs935-v1/specs935-v1-FA-P015096-U2OS-48h-P11-L1/2021-12-19/857/specs935-v1-FA-P015096-U2OS-48h-P11-L1_C16_s2_w519DA0213-AAAD-42AD-9B09-D4D0044CA4C1.npy,protein synthesis inhibitor
P015096,C16,s3,CBK308608,/mnt/micro-images-pvc/specs935-v1/specs935-v1-FA-P015096-U2OS-48h-P11-L1/2021-12-19/857/specs935-v1-FA-P015096-U2OS-48h-P11-L1_C16_s3_w55B5DF205-06FD-4902-A9A8-255D26F436A1.npy,protein synthesis inhibitor
P015096,C16,s4,CBK308608,/mnt/micro-images-pvc/specs935-v1/specs935-v1-FA-P015096-U2OS-48h-P11-L1/2021-12-19/857/specs935-v1-FA-P015096-U2OS-48h-P11-L1_C16_s4_w55836FB79-74D9-4975-9F84-2A1A7E408910.npy,protein synthesis inhibitor
P015096,C16,s5,CBK308608,/mnt/micro-images-pvc/specs935-v1/specs935-v1-FA-P015096-U2OS-48h-P11-L1/2021-12-19/857/specs935-v1-FA-P015096-U2OS-48h-P11-L1_C16_s5_w521DBC376-7836-4784-88D1-8B361E9E7149.npy,protein synthesis inhibitor
P015096,C16,s6,CBK308608,/mnt/micro-images-pvc/specs935-v1/specs935-v1-FA-P015096-U2OS-48h-P11-L1/2021-12-19/857/specs935-v1-FA-P015096-U2OS-48h-P11-L1_C16_s6_w51BBBE73D-64B3-445B-B38A-FD01429215D5.npy,protein synthesis inhibitor
P015096,C16,s7,CBK308608,/mnt/micro-images-pvc/specs935-v1/specs935-v1-FA-P015096-U2OS-48h-P11-L1/2021-12-19/857/specs935-v1-FA-P015096-U2OS-48h-P11-L1_C16_s7_w5117F8335-08FE-40EB-ACA5-7443D5D254FA.npy,protein synthesis inhibitor
P015096,C16,s8,CBK308608,/mnt/micro-images-pvc/specs935-v1/specs935-v1-FA-P015096-U2OS-48h-P11-L1/2021-12-19/857/specs935-v1-FA-P015096-U2OS-48h-P11-L1_C16_s8_w5EF603D16-3E23-45AB-A489-A400344A469F.npy,protein synthesis inhibitor
P015096,C16,s9,CBK308608,/mnt/micro-images-pvc/specs935-v1/specs935-v1-FA-P015096-U2OS-48h-P11-L1/2021-12-19/857/specs935-v1-FA-P015096-U2OS-48h-P11-L1_C16_s9_w548E7C4E4-747C-4D76-B268-9DF18E42B2CF.npy,protein synthesis inhibitor
P015096,C23,s1,CBK290848,/mnt/micro-images-pvc/specs935-v1/specs935-v1-FA-P015096-U2OS-48h-P11-L1/2021-12-19/857/specs935-v1-FA-P015096-U2OS-48h-P11-L1_C23_s1_w5C857679B-D1D6-45C9-9326-2748414F48F4.npy,protein synthesis inhibitor
P015096,C23,s2,CBK290848,/mnt/micro-images-pvc/specs935-v1/specs935-v1-FA-P015096-U2OS-48h-P11-L1/2021-12-19/857/specs935-v1-FA-P015096-U2OS-48h-P11-L1_C23_s2_w58B34B90E-A4E6-4C0D-B2A1-47AB97CA3387.npy,protein synthesis inhibitor
P015096,C23,s3,CBK290848,/mnt/micro-images-pvc/specs935-v1/specs935-v1-FA-P015096-U2OS-48h-P11-L1/2021-12-19/857/specs935-v1-FA-P015096-U2OS-48h-P11-L1_C23_s3_w5201A4B41-4F77-4E9E-A664-14F43CFE0D54.npy,protein synthesis inhibitor
P015096,C23,s4,CBK290848,/mnt/micro-images-pvc/specs935-v1/specs935-v1-FA-P015096-U2OS-48h-P11-L1/2021-12-19/857/specs935-v1-FA-P015096-U2OS-48h-P11-L1_C23_s4_w50A6F8FDF-0EAA-48CD-9F07-CEA413FDF512.npy,protein synthesis inhibitor
P015096,C23,s5,CBK290848,/mnt/micro-images-pvc/specs935-v1/specs935-v1-FA-P015096-U2OS-48h-P11-L1/2021-12-19/857/specs935-v1-FA-P015096-U2OS-48h-P11-L1_C23_s5_w573113D1E-141E-475B-8077-3845720A6789.npy,protein synthesis inhibitor
P015096,C23,s6,CBK290848,/mnt/micro-images-pvc/specs935-v1/specs935-v1-FA-P015096-U2OS-48h-P11-L1/2021-12-19/857/specs935-v1-FA-P015096-U2OS-48h-P11-L1_C23_s6_w5097636E0-1C80-4BD6-ACDA-0E6540C61470.npy,protein synthesis inhibitor
P015096,C23,s7,CBK290848,/mnt/micro-images-pvc/specs935-v1/specs935-v1-FA-P015096-U2OS-48h-P11-L1/2021-12-19/857/specs935-v1-FA-P015096-U2OS-48h-P11-L1_C23_s7_w5CBE2E65C-4512-4C16-9FC7-14A262ECC583.npy,protein synthesis inhibitor
P015096,C23,s8,CBK290848,/mnt/micro-images-pvc/specs935-v1/specs935-v1-FA-P015096-U2OS-48h-P11-L1/2021-12-19/857/specs935-v1-FA-P015096-U2OS-48h-P11-L1_C23_s8_w53B0A424D-CB7F-4468-BA14-FEEC272327FE.npy,protein synthesis inhibitor
P015096,C23,s9,CBK290848,/mnt/micro-images-pvc/specs935-v1/specs935-v1-FA-P015096-U2OS-48h-P11-L1/2021-12-19/857/specs935-v1-FA-P015096-U2OS-48h-P11-L1_C23_s9_w50DDBBB27-1166-4904-86F7-67D395F5214C.npy,protein synthesis inhibitor
P015096,D05,s1,CBK309258,/mnt/micro-images-pvc/specs935-v1/specs935-v1-FA-P015096-U2OS-48h-P11-L1/2021-12-19/857/specs935-v1-FA-P015096-U2OS-48h-P11-L1_D05_s1_w59DC1EEAC-F741-40B1-B422-7F607E6F5015.npy,protein synthesis inhibitor
P015096,D05,s2,CBK309258,/mnt/micro-images-pvc/specs935-v1/specs935-v1-FA-P015096-U2OS-48h-P11-L1/2021-12-19/857/specs935-v1-FA-P015096-U2OS-48h-P11-L1_D05_s2_w5F48453B3-7170-40BC-B89A-D96746DE411D.npy,protein synthesis inhibitor
P015096,D05,s3,CBK309258,/mnt/micro-images-pvc/specs935-v1/specs935-v1-FA-P015096-U2OS-48h-P11-L1/2021-12-19/857/specs935-v1-FA-P015096-U2OS-48h-P11-L1_D05_s3_w51B200CB3-6AD2-454D-BDF5-19E701722287.npy,protein synthesis inhibitor
P015096,D05,s4,CBK309258,/mnt/micro-images-pvc/specs935-v1/specs935-v1-FA-P015096-U2OS-48h-P11-L1/2021-12-19/857/specs935-v1-FA-P015096-U2OS-48h-P11-L1_D05_s4_w5EBD08742-7EF4-4527-AAF1-8E65C334A6C1.npy,protein synthesis inhibitor
P015096,D05,s5,CBK309258,/mnt/micro-images-pvc/specs935-v1/specs935-v1-FA-P015096-U2OS-48h-P11-L1/2021-12-19/857/specs935-v1-FA-P015096-U2OS-48h-P11-L1_D05_s5_w554CB661B-EB84-4B5E-895A-98C5FCC1AB5A.npy,protein synthesis inhibitor
P015096,D05,s6,CBK309258,/mnt/micro-images-pvc/specs935-v1/specs935-v1-FA-P015096-U2OS-48h-P11-L1/2021-12-19/857/specs935-v1-FA-P015096-U2OS-48h-P11-L1_D05_s6_w59BA11E49-776F-4B87-B48A-42464E7AEF7A.npy,protein synthesis inhibitor
P015096,D05,s7,CBK309258,/mnt/micro-images-pvc/specs935-v1/specs935-v1-FA-P015096-U2OS-48h-P11-L1/2021-12-19/857/specs935-v1-FA-P015096-U2OS-48h-P11-L1_D05_s7_w54CED29A1-E17E-4FC3-939A-AA57389B749B.npy,protein synthesis inhibitor
P015096,D05,s8,CBK309258,/mnt/micro-images-pvc/specs935-v1/specs935-v1-FA-P015096-U2OS-48h-P11-L1/2021-12-19/857/specs935-v1-FA-P015096-U2OS-48h-P11-L1_D05_s8_w5A2E1980E-F9C0-4377-9C6E-4201895468D3.npy,protein synthesis inhibitor
P015096,D05,s9,CBK309258,/mnt/micro-images-pvc/specs935-v1/specs935-v1-FA-P015096-U2OS-48h-P11-L1/2021-12-19/857/specs935-v1-FA-P015096-U2OS-48h-P11-L1_D05_s9_w55936530D-A611-4371-9C9B-807CFA1BFDC4.npy,protein synthesis inhibitor
P015096,D07,s1,CBK307773,/mnt/micro-images-pvc/specs935-v1/specs935-v1-FA-P015096-U2OS-48h-P11-L1/2021-12-19/857/specs935-v1-FA-P015096-U2OS-48h-P11-L1_D07_s1_w5FF2CA8AB-F081-4B1F-981B-34654D7E09F3.npy,protein synthesis inhibitor
P015096,D07,s2,CBK307773,/mnt/micro-images-pvc/specs935-v1/specs935-v1-FA-P015096-U2OS-48h-P11-L1/2021-12-19/857/specs935-v1-FA-P015096-U2OS-48h-P11-L1_D07_s2_w568026EA4-AB42-4D73-AC2F-4E1408F61F70.npy,protein synthesis inhibitor
P015096,D07,s3,CBK307773,/mnt/micro-images-pvc/specs935-v1/specs935-v1-FA-P015096-U2OS-48h-P11-L1/2021-12-19/857/specs935-v1-FA-P015096-U2OS-48h-P11-L1_D07_s3_w5F367AD8C-E3E5-48C5-8A3C-1E8351C87EBD.npy,protein synthesis inhibitor
P015096,D07,s4,CBK307773,/mnt/micro-images-pvc/specs935-v1/specs935-v1-FA-P015096-U2OS-48h-P11-L1/2021-12-19/857/specs935-v1-FA-P015096-U2OS-48h-P11-L1_D07_s4_w545094840-BBD7-4B94-91AA-33C070E51547.npy,protein synthesis inhibitor
P015096,D07,s5,CBK307773,/mnt/micro-images-pvc/specs935-v1/specs935-v1-FA-P015096-U2OS-48h-P11-L1/2021-12-19/857/specs935-v1-FA-P015096-U2OS-48h-P11-L1_D07_s5_w5DDA34DB7-0B08-408C-8672-9D3BB1F3A878.npy,protein synthesis inhibitor
P015096,D07,s6,CBK307773,/mnt/micro-images-pvc/specs935-v1/specs935-v1-FA-P015096-U2OS-48h-P11-L1/2021-12-19/857/specs935-v1-FA-P015096-U2OS-48h-P11-L1_D07_s6_w5A3F20996-4884-405D-AA48-65ADFF361250.npy,protein synthesis inhibitor
P015096,D07,s7,CBK307773,/mnt/micro-images-pvc/specs935-v1/specs935-v1-FA-P015096-U2OS-48h-P11-L1/2021-12-19/857/specs935-v1-FA-P015096-U2OS-48h-P11-L1_D07_s7_w5E1DED536-98E0-4B89-B8CC-574E2DE6C8F2.npy,protein synthesis inhibitor
P015096,D07,s8,CBK307773,/mnt/micro-images-pvc/specs935-v1/specs935-v1-FA-P015096-U2OS-48h-P11-L1/2021-12-19/857/specs935-v1-FA-P015096-U2OS-48h-P11-L1_D07_s8_w574CD2ED0-6EDA-47B4-9B5B-C48FBFB1FE8C.npy,protein synthesis inhibitor
P015096,D07,s9,CBK307773,/mnt/micro-images-pvc/specs935-v1/specs935-v1-FA-P015096-U2OS-48h-P11-L1/2021-12-19/857/specs935-v1-FA-P015096-U2OS-48h-P11-L1_D07_s9_w50D9B3D89-A05E-47F6-8A71-9DEECC4C0088.npy,protein synthesis inhibitor
P015096,D08,s1,CBK041675,/mnt/micro-images-pvc/specs935-v1/specs935-v1-FA-P015096-U2OS-48h-P11-L1/2021-12-19/857/specs935-v1-FA-P015096-U2OS-48h-P11-L1_D08_s1_w50E02CB9E-76B0-4C64-955E-0DC87927150C.npy,protein synthesis inhibitor
P015096,D08,s2,CBK041675,/mnt/micro-images-pvc/specs935-v1/specs935-v1-FA-P015096-U2OS-48h-P11-L1/2021-12-19/857/specs935-v1-FA-P015096-U2OS-48h-P11-L1_D08_s2_w563D2F040-1EBD-42D9-9F78-515C55A091D4.npy,protein synthesis inhibitor
P015096,D08,s3,CBK041675,/mnt/micro-images-pvc/specs935-v1/specs935-v1-FA-P015096-U2OS-48h-P11-L1/2021-12-19/857/specs935-v1-FA-P015096-U2OS-48h-P11-L1_D08_s3_w56827AAFE-236D-4D30-BFB4-A55243D19A4A.npy,protein synthesis inhibitor
P015096,D08,s4,CBK041675,/mnt/micro-images-pvc/specs935-v1/specs935-v1-FA-P015096-U2OS-48h-P11-L1/2021-12-19/857/specs935-v1-FA-P015096-U2OS-48h-P11-L1_D08_s4_w5C15A77C1-EC9A-433E-9FE6-156B4FE4967C.npy,protein synthesis inhibitor
P015096,D08,s5,CBK041675,/mnt/micro-images-pvc/specs935-v1/specs935-v1-FA-P015096-U2OS-48h-P11-L1/2021-12-19/857/specs935-v1-FA-P015096-U2OS-48h-P11-L1_D08_s5_w54B339EA6-9040-487D-8703-8318B8FCFCF0.npy,protein synthesis inhibitor
P015096,D08,s6,CBK041675,/mnt/micro-images-pvc/specs935-v1/specs935-v1-FA-P015096-U2OS-48h-P11-L1/2021-12-19/857/specs935-v1-FA-P015096-U2OS-48h-P11-L1_D08_s6_w56C0A0517-BE06-43E4-823C-79538A95D395.npy,protein synthesis inhibitor
P015096,D08,s7,CBK041675,/mnt/micro-images-pvc/specs935-v1/specs935-v1-FA-P015096-U2OS-48h-P11-L1/2021-12-19/857/specs935-v1-FA-P015096-U2OS-48h-P11-L1_D08_s7_w5FA248581-668F-46A3-BAC3-44522191DE93.npy,protein synthesis inhibitor
P015096,D08,s8,CBK041675,/mnt/micro-images-pvc/specs935-v1/specs935-v1-FA-P015096-U2OS-48h-P11-L1/2021-12-19/857/specs935-v1-FA-P015096-U2OS-48h-P11-L1_D08_s8_w5950D004F-EF30-4E15-8A2B-9F43DD68E59D.npy,protein synthesis inhibitor
P015096,D08,s9,CBK041675,/mnt/micro-images-pvc/specs935-v1/specs935-v1-FA-P015096-U2OS-48h-P11-L1/2021-12-19/857/specs935-v1-FA-P015096-U2OS-48h-P11-L1_D08_s9_w5AF4CBE16-8FE3-4DEB-BC79-60029E3847EE.npy,protein synthesis inhibitor
P015096,D13,s1,CBK200860,/mnt/micro-images-pvc/specs935-v1/specs935-v1-FA-P015096-U2OS-48h-P11-L1/2021-12-19/857/specs935-v1-FA-P015096-U2OS-48h-P11-L1_D13_s1_w54C399AD9-A921-4961-9712-1E372EFA652C.npy,protein synthesis inhibitor
P015096,D13,s2,CBK200860,/mnt/micro-images-pvc/specs935-v1/specs935-v1-FA-P015096-U2OS-48h-P11-L1/2021-12-19/857/specs935-v1-FA-P015096-U2OS-48h-P11-L1_D13_s2_w53F1E2AF7-3AD8-41CD-8374-054465DE6FA8.npy,protein synthesis inhibitor
P015096,D13,s3,CBK200860,/mnt/micro-images-pvc/specs935-v1/specs935-v1-FA-P015096-U2OS-48h-P11-L1/2021-12-19/857/specs935-v1-FA-P015096-U2OS-48h-P11-L1_D13_s3_w5A9542EFA-8E8E-4596-87CD-171DF0A982EE.npy,protein synthesis inhibitor
P015096,D13,s4,CBK200860,/mnt/micro-images-pvc/specs935-v1/specs935-v1-FA-P015096-U2OS-48h-P11-L1/2021-12-19/857/specs935-v1-FA-P015096-U2OS-48h-P11-L1_D13_s4_w532A4FD2C-4C97-448E-B239-D4364A1B0DCE.npy,protein synthesis inhibitor
P015096,D13,s5,CBK200860,/mnt/micro-images-pvc/specs935-v1/specs935-v1-FA-P015096-U2OS-48h-P11-L1/2021-12-19/857/specs935-v1-FA-P015096-U2OS-48h-P11-L1_D13_s5_w5C5FDA455-B423-4600-A321-E1EDB4B32314.npy,protein synthesis inhibitor
P015096,D13,s6,CBK200860,/mnt/micro-images-pvc/specs935-v1/specs935-v1-FA-P015096-U2OS-48h-P11-L1/2021-12-19/857/specs935-v1-FA-P015096-U2OS-48h-P11-L1_D13_s6_w50E24DF2F-BD26-43E1-BA2E-D4C55FBC05D4.npy,protein synthesis inhibitor
P015096,D13,s7,CBK200860,/mnt/micro-images-pvc/specs935-v1/specs935-v1-FA-P015096-U2OS-48h-P11-L1/2021-12-19/857/specs935-v1-FA-P015096-U2OS-48h-P11-L1_D13_s7_w583087EAE-6730-41BE-815E-F449A5104C05.npy,protein synthesis inhibitor
P015096,D13,s8,CBK200860,/mnt/micro-images-pvc/specs935-v1/specs935-v1-FA-P015096-U2OS-48h-P11-L1/2021-12-19/857/specs935-v1-FA-P015096-U2OS-48h-P11-L1_D13_s8_w51909E86A-7045-4DA6-98DE-FED5F7CDAFAE.npy,protein synthesis inhibitor
P015096,D13,s9,CBK200860,/mnt/micro-images-pvc/specs935-v1/specs935-v1-FA-P015096-U2OS-48h-P11-L1/2021-12-19/857/specs935-v1-FA-P015096-U2OS-48h-P11-L1_D13_s9_w58F921D54-93F8-4085-B4FD-BF112F05CF14.npy,protein synthesis inhibitor
P015096,D23,s1,CBK308887,/mnt/micro-images-pvc/specs935-v1/specs935-v1-FA-P015096-U2OS-48h-P11-L1/2021-12-19/857/specs935-v1-FA-P015096-U2OS-48h-P11-L1_D23_s1_w5E993E4D0-595F-446B-A776-AFC91510150E.npy,protein synthesis inhibitor
P015096,D23,s2,CBK308887,/mnt/micro-images-pvc/specs935-v1/specs935-v1-FA-P015096-U2OS-48h-P11-L1/2021-12-19/857/specs935-v1-FA-P015096-U2OS-48h-P11-L1_D23_s2_w5343AE7F2-19F0-4696-8958-C84FD56803BC.npy,protein synthesis inhibitor
P015096,D23,s3,CBK308887,/mnt/micro-images-pvc/specs935-v1/specs935-v1-FA-P015096-U2OS-48h-P11-L1/2021-12-19/857/specs935-v1-FA-P015096-U2OS-48h-P11-L1_D23_s3_w5FFD423E6-EBA1-406A-A00C-5F70BD779DDA.npy,protein synthesis inhibitor
P015096,D23,s4,CBK308887,/mnt/micro-images-pvc/specs935-v1/specs935-v1-FA-P015096-U2OS-48h-P11-L1/2021-12-19/857/specs935-v1-FA-P015096-U2OS-48h-P11-L1_D23_s4_w580B3D0A5-10EA-4DA2-9049-1F4B33DA24E4.npy,protein synthesis inhibitor
P015096,D23,s5,CBK308887,/mnt/micro-images-pvc/specs935-v1/specs935-v1-FA-P015096-U2OS-48h-P11-L1/2021-12-19/857/specs935-v1-FA-P015096-U2OS-48h-P11-L1_D23_s5_w5E5B444C8-C6A8-4435-AC1C-21E4CF4826E3.npy,protein synthesis inhibitor
P015096,D23,s6,CBK308887,/mnt/micro-images-pvc/specs935-v1/specs935-v1-FA-P015096-U2OS-48h-P11-L1/2021-12-19/857/specs935-v1-FA-P015096-U2OS-48h-P11-L1_D23_s6_w5A0CA10AB-31D5-43C6-8B15-E0E67DF3E833.npy,protein synthesis inhibitor
P015096,D23,s7,CBK308887,/mnt/micro-images-pvc/specs935-v1/specs935-v1-FA-P015096-U2OS-48h-P11-L1/2021-12-19/857/specs935-v1-FA-P015096-U2OS-48h-P11-L1_D23_s7_w53FD91482-1C54-4DBF-8F07-FC71ACB779F5.npy,protein synthesis inhibitor
P015096,D23,s8,CBK308887,/mnt/micro-images-pvc/specs935-v1/specs935-v1-FA-P015096-U2OS-48h-P11-L1/2021-12-19/857/specs935-v1-FA-P015096-U2OS-48h-P11-L1_D23_s8_w5BB528885-F607-4CE6-9695-2A02621B10BA.npy,protein synthesis inhibitor
P015096,D23,s9,CBK308887,/mnt/micro-images-pvc/specs935-v1/specs935-v1-FA-P015096-U2OS-48h-P11-L1/2021-12-19/857/specs935-v1-FA-P015096-U2OS-48h-P11-L1_D23_s9_w50A1AB600-268B-4DFF-9CB5-47BCE9A88FFF.npy,protein synthesis inhibitor
P015096,E06,s1,CBK200838,/mnt/micro-images-pvc/specs935-v1/specs935-v1-FA-P015096-U2OS-48h-P11-L1/2021-12-19/857/specs935-v1-FA-P015096-U2OS-48h-P11-L1_E06_s1_w596491B99-5FED-412D-A12B-8960163A1F93.npy,protein synthesis inhibitor
P015096,E06,s2,CBK200838,/mnt/micro-images-pvc/specs935-v1/specs935-v1-FA-P015096-U2OS-48h-P11-L1/2021-12-19/857/specs935-v1-FA-P015096-U2OS-48h-P11-L1_E06_s2_w5C1397E44-7419-43A2-B605-B71682BCD135.npy,protein synthesis inhibitor
P015096,E06,s3,CBK200838,/mnt/micro-images-pvc/specs935-v1/specs935-v1-FA-P015096-U2OS-48h-P11-L1/2021-12-19/857/specs935-v1-FA-P015096-U2OS-48h-P11-L1_E06_s3_w531E251DC-41CD-46C1-A7CB-1C18F5B0B93C.npy,protein synthesis inhibitor
P015096,E06,s4,CBK200838,/mnt/micro-images-pvc/specs935-v1/specs935-v1-FA-P015096-U2OS-48h-P11-L1/2021-12-19/857/specs935-v1-FA-P015096-U2OS-48h-P11-L1_E06_s4_w556F49885-3399-4EE1-A549-C5540CDC1AAC.npy,protein synthesis inhibitor
P015096,E06,s5,CBK200838,/mnt/micro-images-pvc/specs935-v1/specs935-v1-FA-P015096-U2OS-48h-P11-L1/2021-12-19/857/specs935-v1-FA-P015096-U2OS-48h-P11-L1_E06_s5_w50B236E2E-8EFD-40C4-8116-AA5B91DB31AF.npy,protein synthesis inhibitor
P015096,E06,s6,CBK200838,/mnt/micro-images-pvc/specs935-v1/specs935-v1-FA-P015096-U2OS-48h-P11-L1/2021-12-19/857/specs935-v1-FA-P015096-U2OS-48h-P11-L1_E06_s6_w5364AA9B7-00C7-4F01-B5BA-C493CD3EB17A.npy,protein synthesis inhibitor
P015096,E06,s7,CBK200838,/mnt/micro-images-pvc/specs935-v1/specs935-v1-FA-P015096-U2OS-48h-P11-L1/2021-12-19/857/specs935-v1-FA-P015096-U2OS-48h-P11-L1_E06_s7_w5463BB45C-124C-487E-B29E-033DBA83D40E.npy,protein synthesis inhibitor
P015096,E06,s8,CBK200838,/mnt/micro-images-pvc/specs935-v1/specs935-v1-FA-P015096-U2OS-48h-P11-L1/2021-12-19/857/specs935-v1-FA-P015096-U2OS-48h-P11-L1_E06_s8_w5101CB2FA-F119-401F-8B44-F08B863FFF5E.npy,protein synthesis inhibitor
P015096,E06,s9,CBK200838,/mnt/micro-images-pvc/specs935-v1/specs935-v1-FA-P015096-U2OS-48h-P11-L1/2021-12-19/857/specs935-v1-FA-P015096-U2OS-48h-P11-L1_E06_s9_w556B0298A-6374-4D34-99F7-DABF35F1D504.npy,protein synthesis inhibitor
P015096,F04,s1,CBK309098,/mnt/micro-images-pvc/specs935-v1/specs935-v1-FA-P015096-U2OS-48h-P11-L1/2021-12-19/857/specs935-v1-FA-P015096-U2OS-48h-P11-L1_F04_s1_w50F4DBA4E-ACD2-46C9-856B-5DD950DFF681.npy,protein synthesis inhibitor
P015096,F04,s2,CBK309098,/mnt/micro-images-pvc/specs935-v1/specs935-v1-FA-P015096-U2OS-48h-P11-L1/2021-12-19/857/specs935-v1-FA-P015096-U2OS-48h-P11-L1_F04_s2_w52DECB19E-BD07-4475-8657-B8C2A52A15A9.npy,protein synthesis inhibitor
P015096,F04,s3,CBK309098,/mnt/micro-images-pvc/specs935-v1/specs935-v1-FA-P015096-U2OS-48h-P11-L1/2021-12-19/857/specs935-v1-FA-P015096-U2OS-48h-P11-L1_F04_s3_w5F4B641C0-D2BC-4CEB-91DC-31A5EB5FE69A.npy,protein synthesis inhibitor
P015096,F04,s4,CBK309098,/mnt/micro-images-pvc/specs935-v1/specs935-v1-FA-P015096-U2OS-48h-P11-L1/2021-12-19/857/specs935-v1-FA-P015096-U2OS-48h-P11-L1_F04_s4_w514377636-6C8D-4C8C-8463-C7EE3DC374D2.npy,protein synthesis inhibitor
P015096,F04,s5,CBK309098,/mnt/micro-images-pvc/specs935-v1/specs935-v1-FA-P015096-U2OS-48h-P11-L1/2021-12-19/857/specs935-v1-FA-P015096-U2OS-48h-P11-L1_F04_s5_w58D8BFF78-FC83-4066-9169-4BC6A6D9652D.npy,protein synthesis inhibitor
P015096,F04,s6,CBK309098,/mnt/micro-images-pvc/specs935-v1/specs935-v1-FA-P015096-U2OS-48h-P11-L1/2021-12-19/857/specs935-v1-FA-P015096-U2OS-48h-P11-L1_F04_s6_w5179CF187-BD17-4B43-8923-B99682E8E6F5.npy,protein synthesis inhibitor
P015096,F04,s7,CBK309098,/mnt/micro-images-pvc/specs935-v1/specs935-v1-FA-P015096-U2OS-48h-P11-L1/2021-12-19/857/specs935-v1-FA-P015096-U2OS-48h-P11-L1_F04_s7_w5FD69F39E-EC49-442E-B584-834118E06C12.npy,protein synthesis inhibitor
P015096,F04,s8,CBK309098,/mnt/micro-images-pvc/specs935-v1/specs935-v1-FA-P015096-U2OS-48h-P11-L1/2021-12-19/857/specs935-v1-FA-P015096-U2OS-48h-P11-L1_F04_s8_w5993A6C42-E2C2-4772-851E-811F32FFE60C.npy,protein synthesis inhibitor
P015096,F04,s9,CBK309098,/mnt/micro-images-pvc/specs935-v1/specs935-v1-FA-P015096-U2OS-48h-P11-L1/2021-12-19/857/specs935-v1-FA-P015096-U2OS-48h-P11-L1_F04_s9_w5B16B55CB-5404-44A6-B298-D274A9CF3449.npy,protein synthesis inhibitor
P015096,F18,s1,CBK290848,/mnt/micro-images-pvc/specs935-v1/specs935-v1-FA-P015096-U2OS-48h-P11-L1/2021-12-19/857/specs935-v1-FA-P015096-U2OS-48h-P11-L1_F18_s1_w5845B7981-966C-4DC6-89B3-4D65097E7BF2.npy,protein synthesis inhibitor
P015096,F18,s2,CBK290848,/mnt/micro-images-pvc/specs935-v1/specs935-v1-FA-P015096-U2OS-48h-P11-L1/2021-12-19/857/specs935-v1-FA-P015096-U2OS-48h-P11-L1_F18_s2_w5F00DD919-049E-449B-9F30-D1899F6AEF17.npy,protein synthesis inhibitor
P015096,F18,s3,CBK290848,/mnt/micro-images-pvc/specs935-v1/specs935-v1-FA-P015096-U2OS-48h-P11-L1/2021-12-19/857/specs935-v1-FA-P015096-U2OS-48h-P11-L1_F18_s3_w578C3FFCD-3842-41CA-89C2-B02B24D4C0B2.npy,protein synthesis inhibitor
P015096,F18,s4,CBK290848,/mnt/micro-images-pvc/specs935-v1/specs935-v1-FA-P015096-U2OS-48h-P11-L1/2021-12-19/857/specs935-v1-FA-P015096-U2OS-48h-P11-L1_F18_s4_w52EF13236-7EC5-46E2-9E6D-9FBCD9EBE054.npy,protein synthesis inhibitor
P015096,F18,s5,CBK290848,/mnt/micro-images-pvc/specs935-v1/specs935-v1-FA-P015096-U2OS-48h-P11-L1/2021-12-19/857/specs935-v1-FA-P015096-U2OS-48h-P11-L1_F18_s5_w5280CB4AB-F562-4B3D-8767-181628604B72.npy,protein synthesis inhibitor
P015096,F18,s6,CBK290848,/mnt/micro-images-pvc/specs935-v1/specs935-v1-FA-P015096-U2OS-48h-P11-L1/2021-12-19/857/specs935-v1-FA-P015096-U2OS-48h-P11-L1_F18_s6_w5B5D1B728-59EC-4A2A-999D-1DA76813A833.npy,protein synthesis inhibitor
P015096,F18,s7,CBK290848,/mnt/micro-images-pvc/specs935-v1/specs935-v1-FA-P015096-U2OS-48h-P11-L1/2021-12-19/857/specs935-v1-FA-P015096-U2OS-48h-P11-L1_F18_s7_w5D17531CF-2607-4303-8068-DE10BD32073F.npy,protein synthesis inhibitor
P015096,F18,s8,CBK290848,/mnt/micro-images-pvc/specs935-v1/specs935-v1-FA-P015096-U2OS-48h-P11-L1/2021-12-19/857/specs935-v1-FA-P015096-U2OS-48h-P11-L1_F18_s8_w5949CD9BF-1110-4B20-A227-FDD0B2EF2588.npy,protein synthesis inhibitor
P015096,F18,s9,CBK290848,/mnt/micro-images-pvc/specs935-v1/specs935-v1-FA-P015096-U2OS-48h-P11-L1/2021-12-19/857/specs935-v1-FA-P015096-U2OS-48h-P11-L1_F18_s9_w5B46FCE55-7923-491F-BC44-464A9980AFDD.npy,protein synthesis inhibitor
P015096,G03,s1,CBK200860,/mnt/micro-images-pvc/specs935-v1/specs935-v1-FA-P015096-U2OS-48h-P11-L1/2021-12-19/857/specs935-v1-FA-P015096-U2OS-48h-P11-L1_G03_s1_w5F350FFCF-C31F-4870-8E4F-7CD9794AC774.npy,protein synthesis inhibitor
P015096,G03,s2,CBK200860,/mnt/micro-images-pvc/specs935-v1/specs935-v1-FA-P015096-U2OS-48h-P11-L1/2021-12-19/857/specs935-v1-FA-P015096-U2OS-48h-P11-L1_G03_s2_w53A79DCA1-D0CD-48D3-B3B5-113D688DD4A0.npy,protein synthesis inhibitor
P015096,G03,s3,CBK200860,/mnt/micro-images-pvc/specs935-v1/specs935-v1-FA-P015096-U2OS-48h-P11-L1/2021-12-19/857/specs935-v1-FA-P015096-U2OS-48h-P11-L1_G03_s3_w58BD429A1-42BA-4B1E-B07B-C8F48B1E6327.npy,protein synthesis inhibitor
P015096,G03,s4,CBK200860,/mnt/micro-images-pvc/specs935-v1/specs935-v1-FA-P015096-U2OS-48h-P11-L1/2021-12-19/857/specs935-v1-FA-P015096-U2OS-48h-P11-L1_G03_s4_w5A4BC2F10-1A4D-4974-80AF-47D5BE523EC6.npy,protein synthesis inhibitor
P015096,G03,s5,CBK200860,/mnt/micro-images-pvc/specs935-v1/specs935-v1-FA-P015096-U2OS-48h-P11-L1/2021-12-19/857/specs935-v1-FA-P015096-U2OS-48h-P11-L1_G03_s5_w5DA194713-0E4D-414F-B51F-5CE54AFEF5E8.npy,protein synthesis inhibitor
P015096,G03,s6,CBK200860,/mnt/micro-images-pvc/specs935-v1/specs935-v1-FA-P015096-U2OS-48h-P11-L1/2021-12-19/857/specs935-v1-FA-P015096-U2OS-48h-P11-L1_G03_s6_w5ECE26212-8F51-4FD5-BFE8-BF5FA47B0128.npy,protein synthesis inhibitor
P015096,G03,s7,CBK200860,/mnt/micro-images-pvc/specs935-v1/specs935-v1-FA-P015096-U2OS-48h-P11-L1/2021-12-19/857/specs935-v1-FA-P015096-U2OS-48h-P11-L1_G03_s7_w5E5D16D8A-F4FE-4B82-94D0-9252053D81DC.npy,protein synthesis inhibitor
P015096,G03,s8,CBK200860,/mnt/micro-images-pvc/specs935-v1/specs935-v1-FA-P015096-U2OS-48h-P11-L1/2021-12-19/857/specs935-v1-FA-P015096-U2OS-48h-P11-L1_G03_s8_w59BE0C8B9-7976-4A6C-8639-AD64BA0F7880.npy,protein synthesis inhibitor
P015096,G03,s9,CBK200860,/mnt/micro-images-pvc/specs935-v1/specs935-v1-FA-P015096-U2OS-48h-P11-L1/2021-12-19/857/specs935-v1-FA-P015096-U2OS-48h-P11-L1_G03_s9_w544CDD456-3604-4A6D-AA4E-82D1BDA3041C.npy,protein synthesis inhibitor
P015096,G08,s1,CBK308519,/mnt/micro-images-pvc/specs935-v1/specs935-v1-FA-P015096-U2OS-48h-P11-L1/2021-12-19/857/specs935-v1-FA-P015096-U2OS-48h-P11-L1_G08_s1_w5725363CE-53D4-4F06-9D6F-038E93258215.npy,protein synthesis inhibitor
P015096,G08,s2,CBK308519,/mnt/micro-images-pvc/specs935-v1/specs935-v1-FA-P015096-U2OS-48h-P11-L1/2021-12-19/857/specs935-v1-FA-P015096-U2OS-48h-P11-L1_G08_s2_w5CD90BD74-01BE-4CB1-89E4-36A70B6A4FEF.npy,protein synthesis inhibitor
P015096,G08,s3,CBK308519,/mnt/micro-images-pvc/specs935-v1/specs935-v1-FA-P015096-U2OS-48h-P11-L1/2021-12-19/857/specs935-v1-FA-P015096-U2OS-48h-P11-L1_G08_s3_w581903AB0-44E5-4067-BBFA-0622D6617817.npy,protein synthesis inhibitor
P015096,G08,s4,CBK308519,/mnt/micro-images-pvc/specs935-v1/specs935-v1-FA-P015096-U2OS-48h-P11-L1/2021-12-19/857/specs935-v1-FA-P015096-U2OS-48h-P11-L1_G08_s4_w5CE74B19B-E440-4A31-9663-95A30C4D7E4A.npy,protein synthesis inhibitor
P015096,G08,s5,CBK308519,/mnt/micro-images-pvc/specs935-v1/specs935-v1-FA-P015096-U2OS-48h-P11-L1/2021-12-19/857/specs935-v1-FA-P015096-U2OS-48h-P11-L1_G08_s5_w5E232BC10-F1F0-4EFA-98B6-C1A4B87B44C3.npy,protein synthesis inhibitor
P015096,G08,s6,CBK308519,/mnt/micro-images-pvc/specs935-v1/specs935-v1-FA-P015096-U2OS-48h-P11-L1/2021-12-19/857/specs935-v1-FA-P015096-U2OS-48h-P11-L1_G08_s6_w55D4C3C61-E739-4AF1-9C58-DE02B4E638C7.npy,protein synthesis inhibitor
P015096,G08,s7,CBK308519,/mnt/micro-images-pvc/specs935-v1/specs935-v1-FA-P015096-U2OS-48h-P11-L1/2021-12-19/857/specs935-v1-FA-P015096-U2OS-48h-P11-L1_G08_s7_w5A383B4F2-D287-4029-9779-0931954DF25C.npy,protein synthesis inhibitor
P015096,G08,s8,CBK308519,/mnt/micro-images-pvc/specs935-v1/specs935-v1-FA-P015096-U2OS-48h-P11-L1/2021-12-19/857/specs935-v1-FA-P015096-U2OS-48h-P11-L1_G08_s8_w582B2F495-3B92-4E1D-AF53-F75B78965685.npy,protein synthesis inhibitor
P015096,G08,s9,CBK308519,/mnt/micro-images-pvc/specs935-v1/specs935-v1-FA-P015096-U2OS-48h-P11-L1/2021-12-19/857/specs935-v1-FA-P015096-U2OS-48h-P11-L1_G08_s9_w577168806-2AAF-4BD7-82A7-54852C8CF85B.npy,protein synthesis inhibitor
P015096,G13,s1,CBK307956,/mnt/micro-images-pvc/specs935-v1/specs935-v1-FA-P015096-U2OS-48h-P11-L1/2021-12-19/857/specs935-v1-FA-P015096-U2OS-48h-P11-L1_G13_s1_w592E1EC67-0F91-4058-B3DE-FFE69330EEE9.npy,protein synthesis inhibitor
P015096,G13,s2,CBK307956,/mnt/micro-images-pvc/specs935-v1/specs935-v1-FA-P015096-U2OS-48h-P11-L1/2021-12-19/857/specs935-v1-FA-P015096-U2OS-48h-P11-L1_G13_s2_w53B0B719E-AED7-4198-984B-9B15162C17D7.npy,protein synthesis inhibitor
P015096,G13,s3,CBK307956,/mnt/micro-images-pvc/specs935-v1/specs935-v1-FA-P015096-U2OS-48h-P11-L1/2021-12-19/857/specs935-v1-FA-P015096-U2OS-48h-P11-L1_G13_s3_w516B8BA0E-B871-4A31-B9CB-F83BBEA56A87.npy,protein synthesis inhibitor
P015096,G13,s4,CBK307956,/mnt/micro-images-pvc/specs935-v1/specs935-v1-FA-P015096-U2OS-48h-P11-L1/2021-12-19/857/specs935-v1-FA-P015096-U2OS-48h-P11-L1_G13_s4_w529EB63AF-1E06-4724-91C3-F35574EA7F23.npy,protein synthesis inhibitor
P015096,G13,s5,CBK307956,/mnt/micro-images-pvc/specs935-v1/specs935-v1-FA-P015096-U2OS-48h-P11-L1/2021-12-19/857/specs935-v1-FA-P015096-U2OS-48h-P11-L1_G13_s5_w50543BC83-E8F8-4441-8002-E7A13ECC15B8.npy,protein synthesis inhibitor
P015096,G13,s6,CBK307956,/mnt/micro-images-pvc/specs935-v1/specs935-v1-FA-P015096-U2OS-48h-P11-L1/2021-12-19/857/specs935-v1-FA-P015096-U2OS-48h-P11-L1_G13_s6_w533439D09-D159-4106-95CE-DE6554FB2524.npy,protein synthesis inhibitor
P015096,G13,s7,CBK307956,/mnt/micro-images-pvc/specs935-v1/specs935-v1-FA-P015096-U2OS-48h-P11-L1/2021-12-19/857/specs935-v1-FA-P015096-U2OS-48h-P11-L1_G13_s7_w52DF69407-15C8-4F6E-9CA1-92D86E577E30.npy,protein synthesis inhibitor
P015096,G13,s8,CBK307956,/mnt/micro-images-pvc/specs935-v1/specs935-v1-FA-P015096-U2OS-48h-P11-L1/2021-12-19/857/specs935-v1-FA-P015096-U2OS-48h-P11-L1_G13_s8_w5406C2979-8C2E-4EED-A6DE-1E316D6B55BD.npy,protein synthesis inhibitor
P015096,G13,s9,CBK307956,/mnt/micro-images-pvc/specs935-v1/specs935-v1-FA-P015096-U2OS-48h-P11-L1/2021-12-19/857/specs935-v1-FA-P015096-U2OS-48h-P11-L1_G13_s9_w50517F4D1-4CF2-4496-A71A-571B75ABB47E.npy,protein synthesis inhibitor
P015096,G18,s1,CBK041256,/mnt/micro-images-pvc/specs935-v1/specs935-v1-FA-P015096-U2OS-48h-P11-L1/2021-12-19/857/specs935-v1-FA-P015096-U2OS-48h-P11-L1_G18_s1_w5966A80F7-712A-4BF9-BC58-C27F3D572EB3.npy,protein synthesis inhibitor
P015096,G18,s2,CBK041256,/mnt/micro-images-pvc/specs935-v1/specs935-v1-FA-P015096-U2OS-48h-P11-L1/2021-12-19/857/specs935-v1-FA-P015096-U2OS-48h-P11-L1_G18_s2_w51E8E4F8F-82F4-4645-AC4E-6CAD1470418F.npy,protein synthesis inhibitor
P015096,G18,s3,CBK041256,/mnt/micro-images-pvc/specs935-v1/specs935-v1-FA-P015096-U2OS-48h-P11-L1/2021-12-19/857/specs935-v1-FA-P015096-U2OS-48h-P11-L1_G18_s3_w5C9EC5A0D-9780-4BFE-BCBA-EE313D739A45.npy,protein synthesis inhibitor
P015096,G18,s4,CBK041256,/mnt/micro-images-pvc/specs935-v1/specs935-v1-FA-P015096-U2OS-48h-P11-L1/2021-12-19/857/specs935-v1-FA-P015096-U2OS-48h-P11-L1_G18_s4_w545C28F26-B20B-4FF3-99C9-566EE17CBABE.npy,protein synthesis inhibitor
P015096,G18,s5,CBK041256,/mnt/micro-images-pvc/specs935-v1/specs935-v1-FA-P015096-U2OS-48h-P11-L1/2021-12-19/857/specs935-v1-FA-P015096-U2OS-48h-P11-L1_G18_s5_w513024EAA-53F9-4480-9DBF-EC426B1EF180.npy,protein synthesis inhibitor
P015096,G18,s6,CBK041256,/mnt/micro-images-pvc/specs935-v1/specs935-v1-FA-P015096-U2OS-48h-P11-L1/2021-12-19/857/specs935-v1-FA-P015096-U2OS-48h-P11-L1_G18_s6_w5888E4842-1B87-46DB-9F04-0C0F07FA37CC.npy,protein synthesis inhibitor
P015096,G18,s7,CBK041256,/mnt/micro-images-pvc/specs935-v1/specs935-v1-FA-P015096-U2OS-48h-P11-L1/2021-12-19/857/specs935-v1-FA-P015096-U2OS-48h-P11-L1_G18_s7_w5A23A8A67-6227-4E43-8CBA-901FA44099E1.npy,protein synthesis inhibitor
P015096,G18,s8,CBK041256,/mnt/micro-images-pvc/specs935-v1/specs935-v1-FA-P015096-U2OS-48h-P11-L1/2021-12-19/857/specs935-v1-FA-P015096-U2OS-48h-P11-L1_G18_s8_w50EB6D33E-C9E5-4A44-9FC6-96AE9E95BC04.npy,protein synthesis inhibitor
P015096,G18,s9,CBK041256,/mnt/micro-images-pvc/specs935-v1/specs935-v1-FA-P015096-U2OS-48h-P11-L1/2021-12-19/857/specs935-v1-FA-P015096-U2OS-48h-P11-L1_G18_s9_w56F7426A7-98D5-4073-8AFB-1880018019FA.npy,protein synthesis inhibitor
P015096,G22,s1,CBK200838,/mnt/micro-images-pvc/specs935-v1/specs935-v1-FA-P015096-U2OS-48h-P11-L1/2021-12-19/857/specs935-v1-FA-P015096-U2OS-48h-P11-L1_G22_s1_w59F878DEF-447A-455B-B7DB-9FE866CF2F46.npy,protein synthesis inhibitor
P015096,G22,s2,CBK200838,/mnt/micro-images-pvc/specs935-v1/specs935-v1-FA-P015096-U2OS-48h-P11-L1/2021-12-19/857/specs935-v1-FA-P015096-U2OS-48h-P11-L1_G22_s2_w500FF4742-0D76-4916-9729-6B9341801B2D.npy,protein synthesis inhibitor
P015096,G22,s3,CBK200838,/mnt/micro-images-pvc/specs935-v1/specs935-v1-FA-P015096-U2OS-48h-P11-L1/2021-12-19/857/specs935-v1-FA-P015096-U2OS-48h-P11-L1_G22_s3_w5B271FE00-6564-4C5B-A718-A28931D35B26.npy,protein synthesis inhibitor
P015096,G22,s4,CBK200838,/mnt/micro-images-pvc/specs935-v1/specs935-v1-FA-P015096-U2OS-48h-P11-L1/2021-12-19/857/specs935-v1-FA-P015096-U2OS-48h-P11-L1_G22_s4_w5D5A75C8E-DDF9-4134-A3B8-D008DDFDB50F.npy,protein synthesis inhibitor
P015096,G22,s5,CBK200838,/mnt/micro-images-pvc/specs935-v1/specs935-v1-FA-P015096-U2OS-48h-P11-L1/2021-12-19/857/specs935-v1-FA-P015096-U2OS-48h-P11-L1_G22_s5_w53D5127DC-C7BD-439F-868B-13314F38D9AB.npy,protein synthesis inhibitor
P015096,G22,s6,CBK200838,/mnt/micro-images-pvc/specs935-v1/specs935-v1-FA-P015096-U2OS-48h-P11-L1/2021-12-19/857/specs935-v1-FA-P015096-U2OS-48h-P11-L1_G22_s6_w524919AC1-B253-40E1-BD6C-2070E4E2C53F.npy,protein synthesis inhibitor
P015096,G22,s7,CBK200838,/mnt/micro-images-pvc/specs935-v1/specs935-v1-FA-P015096-U2OS-48h-P11-L1/2021-12-19/857/specs935-v1-FA-P015096-U2OS-48h-P11-L1_G22_s7_w519F67C29-926C-4BAB-BA7E-79F0E7EF5A4E.npy,protein synthesis inhibitor
P015096,G22,s8,CBK200838,/mnt/micro-images-pvc/specs935-v1/specs935-v1-FA-P015096-U2OS-48h-P11-L1/2021-12-19/857/specs935-v1-FA-P015096-U2OS-48h-P11-L1_G22_s8_w51810D69C-62BF-4BC6-9497-8102EC60129C.npy,protein synthesis inhibitor
P015096,G22,s9,CBK200838,/mnt/micro-images-pvc/specs935-v1/specs935-v1-FA-P015096-U2OS-48h-P11-L1/2021-12-19/857/specs935-v1-FA-P015096-U2OS-48h-P11-L1_G22_s9_w59772C2C8-10DF-4634-9EBE-303C9F80ED30.npy,protein synthesis inhibitor
P015096,H02,s1,CBK308887,/mnt/micro-images-pvc/specs935-v1/specs935-v1-FA-P015096-U2OS-48h-P11-L1/2021-12-19/857/specs935-v1-FA-P015096-U2OS-48h-P11-L1_H02_s1_w5FE1466F6-CC64-45F1-B98C-3B0E41A20BF1.npy,protein synthesis inhibitor
P015096,H02,s2,CBK308887,/mnt/micro-images-pvc/specs935-v1/specs935-v1-FA-P015096-U2OS-48h-P11-L1/2021-12-19/857/specs935-v1-FA-P015096-U2OS-48h-P11-L1_H02_s2_w52FA0AEBD-737C-42E5-B90F-A195B93DB3F1.npy,protein synthesis inhibitor
P015096,H02,s3,CBK308887,/mnt/micro-images-pvc/specs935-v1/specs935-v1-FA-P015096-U2OS-48h-P11-L1/2021-12-19/857/specs935-v1-FA-P015096-U2OS-48h-P11-L1_H02_s3_w5B31739EE-01DD-466F-896C-5BF051BFAFD3.npy,protein synthesis inhibitor
P015096,H02,s4,CBK308887,/mnt/micro-images-pvc/specs935-v1/specs935-v1-FA-P015096-U2OS-48h-P11-L1/2021-12-19/857/specs935-v1-FA-P015096-U2OS-48h-P11-L1_H02_s4_w50820BCDA-3752-4B1F-ABF8-635CE0B3DDD4.npy,protein synthesis inhibitor
P015096,H02,s5,CBK308887,/mnt/micro-images-pvc/specs935-v1/specs935-v1-FA-P015096-U2OS-48h-P11-L1/2021-12-19/857/specs935-v1-FA-P015096-U2OS-48h-P11-L1_H02_s5_w580424E1D-E6E7-4944-B68E-F5CED65318D3.npy,protein synthesis inhibitor
P015096,H02,s6,CBK308887,/mnt/micro-images-pvc/specs935-v1/specs935-v1-FA-P015096-U2OS-48h-P11-L1/2021-12-19/857/specs935-v1-FA-P015096-U2OS-48h-P11-L1_H02_s6_w5DE70E3A6-CFB6-44A8-83FC-A1A8C36217AF.npy,protein synthesis inhibitor
P015096,H02,s7,CBK308887,/mnt/micro-images-pvc/specs935-v1/specs935-v1-FA-P015096-U2OS-48h-P11-L1/2021-12-19/857/specs935-v1-FA-P015096-U2OS-48h-P11-L1_H02_s7_w5E1A40960-B6DE-4305-B492-E33DCE0708FC.npy,protein synthesis inhibitor
P015096,H02,s8,CBK308887,/mnt/micro-images-pvc/specs935-v1/specs935-v1-FA-P015096-U2OS-48h-P11-L1/2021-12-19/857/specs935-v1-FA-P015096-U2OS-48h-P11-L1_H02_s8_w5ACAA7642-799D-43B9-BA3A-6D381B2AA647.npy,protein synthesis inhibitor
P015096,H02,s9,CBK308887,/mnt/micro-images-pvc/specs935-v1/specs935-v1-FA-P015096-U2OS-48h-P11-L1/2021-12-19/857/specs935-v1-FA-P015096-U2OS-48h-P11-L1_H02_s9_w523708EB9-DD71-4FE0-AB1D-70CB93822E16.npy,protein synthesis inhibitor
P015096,H06,s1,CBK309258,/mnt/micro-images-pvc/specs935-v1/specs935-v1-FA-P015096-U2OS-48h-P11-L1/2021-12-19/857/specs935-v1-FA-P015096-U2OS-48h-P11-L1_H06_s1_w5C063F705-E178-40CB-89D2-F3FC3936D99C.npy,protein synthesis inhibitor
P015096,H06,s2,CBK309258,/mnt/micro-images-pvc/specs935-v1/specs935-v1-FA-P015096-U2OS-48h-P11-L1/2021-12-19/857/specs935-v1-FA-P015096-U2OS-48h-P11-L1_H06_s2_w506D73884-7049-486C-A935-81C12B3C5C4A.npy,protein synthesis inhibitor
P015096,H06,s3,CBK309258,/mnt/micro-images-pvc/specs935-v1/specs935-v1-FA-P015096-U2OS-48h-P11-L1/2021-12-19/857/specs935-v1-FA-P015096-U2OS-48h-P11-L1_H06_s3_w5FF801EFA-F608-4544-8439-23FD13391599.npy,protein synthesis inhibitor
P015096,H06,s4,CBK309258,/mnt/micro-images-pvc/specs935-v1/specs935-v1-FA-P015096-U2OS-48h-P11-L1/2021-12-19/857/specs935-v1-FA-P015096-U2OS-48h-P11-L1_H06_s4_w50E99AABE-E378-47D0-AF21-54632BCD319E.npy,protein synthesis inhibitor
P015096,H06,s5,CBK309258,/mnt/micro-images-pvc/specs935-v1/specs935-v1-FA-P015096-U2OS-48h-P11-L1/2021-12-19/857/specs935-v1-FA-P015096-U2OS-48h-P11-L1_H06_s5_w50D35FD35-EF5D-4BF6-AB1D-A8FBEF7810E2.npy,protein synthesis inhibitor
P015096,H06,s6,CBK309258,/mnt/micro-images-pvc/specs935-v1/specs935-v1-FA-P015096-U2OS-48h-P11-L1/2021-12-19/857/specs935-v1-FA-P015096-U2OS-48h-P11-L1_H06_s6_w5367177BB-A4C6-449F-B20E-83860D38D5A9.npy,protein synthesis inhibitor
P015096,H06,s7,CBK309258,/mnt/micro-images-pvc/specs935-v1/specs935-v1-FA-P015096-U2OS-48h-P11-L1/2021-12-19/857/specs935-v1-FA-P015096-U2OS-48h-P11-L1_H06_s7_w578B79880-7566-4C05-8B84-CAF1D3213D2B.npy,protein synthesis inhibitor
P015096,H06,s8,CBK309258,/mnt/micro-images-pvc/specs935-v1/specs935-v1-FA-P015096-U2OS-48h-P11-L1/2021-12-19/857/specs935-v1-FA-P015096-U2OS-48h-P11-L1_H06_s8_w5D19DA56F-198A-4C3D-988E-5F7BE59B97F0.npy,protein synthesis inhibitor
P015096,H06,s9,CBK309258,/mnt/micro-images-pvc/specs935-v1/specs935-v1-FA-P015096-U2OS-48h-P11-L1/2021-12-19/857/specs935-v1-FA-P015096-U2OS-48h-P11-L1_H06_s9_w59E9FE183-1FA0-4CA1-B8DA-FFE07E3D4F51.npy,protein synthesis inhibitor
P015096,H18,s1,CBK041619,/mnt/micro-images-pvc/specs935-v1/specs935-v1-FA-P015096-U2OS-48h-P11-L1/2021-12-19/857/specs935-v1-FA-P015096-U2OS-48h-P11-L1_H18_s1_w5EC0D17F9-5818-4B04-92DF-7F5773C4970B.npy,protein synthesis inhibitor
P015096,H18,s2,CBK041619,/mnt/micro-images-pvc/specs935-v1/specs935-v1-FA-P015096-U2OS-48h-P11-L1/2021-12-19/857/specs935-v1-FA-P015096-U2OS-48h-P11-L1_H18_s2_w57CB2ADAA-C235-4164-954D-60BC0AA56116.npy,protein synthesis inhibitor
P015096,H18,s3,CBK041619,/mnt/micro-images-pvc/specs935-v1/specs935-v1-FA-P015096-U2OS-48h-P11-L1/2021-12-19/857/specs935-v1-FA-P015096-U2OS-48h-P11-L1_H18_s3_w5024072EE-2A84-4521-B0C1-62B5F89F2AE5.npy,protein synthesis inhibitor
P015096,H18,s4,CBK041619,/mnt/micro-images-pvc/specs935-v1/specs935-v1-FA-P015096-U2OS-48h-P11-L1/2021-12-19/857/specs935-v1-FA-P015096-U2OS-48h-P11-L1_H18_s4_w59B56CF8E-3A03-49B8-98F5-6AC8026AF4DA.npy,protein synthesis inhibitor
P015096,H18,s5,CBK041619,/mnt/micro-images-pvc/specs935-v1/specs935-v1-FA-P015096-U2OS-48h-P11-L1/2021-12-19/857/specs935-v1-FA-P015096-U2OS-48h-P11-L1_H18_s5_w52119EEC2-B47E-45E5-A42F-9A3DF56F7B78.npy,protein synthesis inhibitor
P015096,H18,s6,CBK041619,/mnt/micro-images-pvc/specs935-v1/specs935-v1-FA-P015096-U2OS-48h-P11-L1/2021-12-19/857/specs935-v1-FA-P015096-U2OS-48h-P11-L1_H18_s6_w5CB774DA5-1428-49DD-AA6E-0A5BD540835B.npy,protein synthesis inhibitor
P015096,H18,s7,CBK041619,/mnt/micro-images-pvc/specs935-v1/specs935-v1-FA-P015096-U2OS-48h-P11-L1/2021-12-19/857/specs935-v1-FA-P015096-U2OS-48h-P11-L1_H18_s7_w5D06CE8CE-6AA2-4CD5-B0BE-45BF500D0361.npy,protein synthesis inhibitor
P015096,H18,s8,CBK041619,/mnt/micro-images-pvc/specs935-v1/specs935-v1-FA-P015096-U2OS-48h-P11-L1/2021-12-19/857/specs935-v1-FA-P015096-U2OS-48h-P11-L1_H18_s8_w5E0A16F29-59E5-48BF-9972-68ABE4596175.npy,protein synthesis inhibitor
P015096,H18,s9,CBK041619,/mnt/micro-images-pvc/specs935-v1/specs935-v1-FA-P015096-U2OS-48h-P11-L1/2021-12-19/857/specs935-v1-FA-P015096-U2OS-48h-P11-L1_H18_s9_w5E99C92A0-1405-40E9-9EE7-5FB1EB73173C.npy,protein synthesis inhibitor
P015096,H19,s1,CBK308519,/mnt/micro-images-pvc/specs935-v1/specs935-v1-FA-P015096-U2OS-48h-P11-L1/2021-12-19/857/specs935-v1-FA-P015096-U2OS-48h-P11-L1_H19_s1_w5D5F3B24B-35CB-4122-A541-E1DD0996FC47.npy,protein synthesis inhibitor
P015096,H19,s2,CBK308519,/mnt/micro-images-pvc/specs935-v1/specs935-v1-FA-P015096-U2OS-48h-P11-L1/2021-12-19/857/specs935-v1-FA-P015096-U2OS-48h-P11-L1_H19_s2_w55C8F451B-7116-4C9F-B99E-1461AB12FA47.npy,protein synthesis inhibitor
P015096,H19,s3,CBK308519,/mnt/micro-images-pvc/specs935-v1/specs935-v1-FA-P015096-U2OS-48h-P11-L1/2021-12-19/857/specs935-v1-FA-P015096-U2OS-48h-P11-L1_H19_s3_w50171CFCC-3354-481F-9777-F714BF4A1634.npy,protein synthesis inhibitor
P015096,H19,s4,CBK308519,/mnt/micro-images-pvc/specs935-v1/specs935-v1-FA-P015096-U2OS-48h-P11-L1/2021-12-19/857/specs935-v1-FA-P015096-U2OS-48h-P11-L1_H19_s4_w53F25A51C-292F-4046-864F-FAC6AAE2C04E.npy,protein synthesis inhibitor
P015096,H19,s5,CBK308519,/mnt/micro-images-pvc/specs935-v1/specs935-v1-FA-P015096-U2OS-48h-P11-L1/2021-12-19/857/specs935-v1-FA-P015096-U2OS-48h-P11-L1_H19_s5_w57525A5D9-7861-4BB6-9E11-DB6111F8C558.npy,protein synthesis inhibitor
P015096,H19,s6,CBK308519,/mnt/micro-images-pvc/specs935-v1/specs935-v1-FA-P015096-U2OS-48h-P11-L1/2021-12-19/857/specs935-v1-FA-P015096-U2OS-48h-P11-L1_H19_s6_w5E1A33DDC-B3F2-40E6-B226-B7F76CEAFC0E.npy,protein synthesis inhibitor
P015096,H19,s7,CBK308519,/mnt/micro-images-pvc/specs935-v1/specs935-v1-FA-P015096-U2OS-48h-P11-L1/2021-12-19/857/specs935-v1-FA-P015096-U2OS-48h-P11-L1_H19_s7_w5DC44DD9D-478A-4564-97D2-91256D5DC89F.npy,protein synthesis inhibitor
P015096,H19,s8,CBK308519,/mnt/micro-images-pvc/specs935-v1/specs935-v1-FA-P015096-U2OS-48h-P11-L1/2021-12-19/857/specs935-v1-FA-P015096-U2OS-48h-P11-L1_H19_s8_w5F823B9E0-1206-4869-8C55-03122C98AE38.npy,protein synthesis inhibitor
P015096,H19,s9,CBK308519,/mnt/micro-images-pvc/specs935-v1/specs935-v1-FA-P015096-U2OS-48h-P11-L1/2021-12-19/857/specs935-v1-FA-P015096-U2OS-48h-P11-L1_H19_s9_w57E573407-AAF1-45B3-8B9E-BA01F4D5181D.npy,protein synthesis inhibitor
P015096,H21,s1,CBK307956,/mnt/micro-images-pvc/specs935-v1/specs935-v1-FA-P015096-U2OS-48h-P11-L1/2021-12-19/857/specs935-v1-FA-P015096-U2OS-48h-P11-L1_H21_s1_w566698465-E786-46D6-9EA3-6DFEA42DA901.npy,protein synthesis inhibitor
P015096,H21,s2,CBK307956,/mnt/micro-images-pvc/specs935-v1/specs935-v1-FA-P015096-U2OS-48h-P11-L1/2021-12-19/857/specs935-v1-FA-P015096-U2OS-48h-P11-L1_H21_s2_w5119D5AF9-76E7-4D39-9220-000BA8184D11.npy,protein synthesis inhibitor
P015096,H21,s3,CBK307956,/mnt/micro-images-pvc/specs935-v1/specs935-v1-FA-P015096-U2OS-48h-P11-L1/2021-12-19/857/specs935-v1-FA-P015096-U2OS-48h-P11-L1_H21_s3_w5C38DE84B-3579-4733-B7A4-B4A975FF8F70.npy,protein synthesis inhibitor
P015096,H21,s4,CBK307956,/mnt/micro-images-pvc/specs935-v1/specs935-v1-FA-P015096-U2OS-48h-P11-L1/2021-12-19/857/specs935-v1-FA-P015096-U2OS-48h-P11-L1_H21_s4_w53F7833EF-5D40-4937-991E-84C62956073F.npy,protein synthesis inhibitor
P015096,H21,s5,CBK307956,/mnt/micro-images-pvc/specs935-v1/specs935-v1-FA-P015096-U2OS-48h-P11-L1/2021-12-19/857/specs935-v1-FA-P015096-U2OS-48h-P11-L1_H21_s5_w5E1AB741A-927B-4CB5-9794-A89EF0CAF85A.npy,protein synthesis inhibitor
P015096,H21,s6,CBK307956,/mnt/micro-images-pvc/specs935-v1/specs935-v1-FA-P015096-U2OS-48h-P11-L1/2021-12-19/857/specs935-v1-FA-P015096-U2OS-48h-P11-L1_H21_s6_w59F9B9776-702C-4D5F-B064-9035EFB33D06.npy,protein synthesis inhibitor
P015096,H21,s7,CBK307956,/mnt/micro-images-pvc/specs935-v1/specs935-v1-FA-P015096-U2OS-48h-P11-L1/2021-12-19/857/specs935-v1-FA-P015096-U2OS-48h-P11-L1_H21_s7_w535D80147-E68B-45D2-8E89-D72A7DBBCAE5.npy,protein synthesis inhibitor
P015096,H21,s8,CBK307956,/mnt/micro-images-pvc/specs935-v1/specs935-v1-FA-P015096-U2OS-48h-P11-L1/2021-12-19/857/specs935-v1-FA-P015096-U2OS-48h-P11-L1_H21_s8_w533B0E71E-E5DC-449E-809F-CEA3ED65FBD2.npy,protein synthesis inhibitor
P015096,H21,s9,CBK307956,/mnt/micro-images-pvc/specs935-v1/specs935-v1-FA-P015096-U2OS-48h-P11-L1/2021-12-19/857/specs935-v1-FA-P015096-U2OS-48h-P11-L1_H21_s9_w571E66333-791B-49D6-971B-39A52C9BEAD6.npy,protein synthesis inhibitor
P015096,I19,s1,CBK041675,/mnt/micro-images-pvc/specs935-v1/specs935-v1-FA-P015096-U2OS-48h-P11-L1/2021-12-19/857/specs935-v1-FA-P015096-U2OS-48h-P11-L1_I19_s1_w59C4220B6-1E89-48F6-BEF6-0D3731716247.npy,protein synthesis inhibitor
P015096,I19,s2,CBK041675,/mnt/micro-images-pvc/specs935-v1/specs935-v1-FA-P015096-U2OS-48h-P11-L1/2021-12-19/857/specs935-v1-FA-P015096-U2OS-48h-P11-L1_I19_s2_w58ACFF07D-E799-43D2-B1A0-7370CD6AF09E.npy,protein synthesis inhibitor
P015096,I19,s3,CBK041675,/mnt/micro-images-pvc/specs935-v1/specs935-v1-FA-P015096-U2OS-48h-P11-L1/2021-12-19/857/specs935-v1-FA-P015096-U2OS-48h-P11-L1_I19_s3_w5EDFCC8DC-CBF1-43E1-ADF5-F158F1FACFDC.npy,protein synthesis inhibitor
P015096,I19,s4,CBK041675,/mnt/micro-images-pvc/specs935-v1/specs935-v1-FA-P015096-U2OS-48h-P11-L1/2021-12-19/857/specs935-v1-FA-P015096-U2OS-48h-P11-L1_I19_s4_w55D0E1E09-CC93-4315-B4EE-EDD3411E4D51.npy,protein synthesis inhibitor
P015096,I19,s5,CBK041675,/mnt/micro-images-pvc/specs935-v1/specs935-v1-FA-P015096-U2OS-48h-P11-L1/2021-12-19/857/specs935-v1-FA-P015096-U2OS-48h-P11-L1_I19_s5_w5BA71F6D8-6046-42DF-8087-8ED2BFC0F270.npy,protein synthesis inhibitor
P015096,I19,s6,CBK041675,/mnt/micro-images-pvc/specs935-v1/specs935-v1-FA-P015096-U2OS-48h-P11-L1/2021-12-19/857/specs935-v1-FA-P015096-U2OS-48h-P11-L1_I19_s6_w501636316-8C3E-4932-8AE7-F5D24EBAE13A.npy,protein synthesis inhibitor
P015096,I19,s7,CBK041675,/mnt/micro-images-pvc/specs935-v1/specs935-v1-FA-P015096-U2OS-48h-P11-L1/2021-12-19/857/specs935-v1-FA-P015096-U2OS-48h-P11-L1_I19_s7_w5AFEBA46C-61D4-4890-ACDB-36F414E87806.npy,protein synthesis inhibitor
P015096,I19,s8,CBK041675,/mnt/micro-images-pvc/specs935-v1/specs935-v1-FA-P015096-U2OS-48h-P11-L1/2021-12-19/857/specs935-v1-FA-P015096-U2OS-48h-P11-L1_I19_s8_w51E010C38-D5CC-4596-8F5D-0212D3EC849E.npy,protein synthesis inhibitor
P015096,I19,s9,CBK041675,/mnt/micro-images-pvc/specs935-v1/specs935-v1-FA-P015096-U2OS-48h-P11-L1/2021-12-19/857/specs935-v1-FA-P015096-U2OS-48h-P11-L1_I19_s9_w595B0C7D0-2F0F-4E8A-B55E-EF196A2A8BF6.npy,protein synthesis inhibitor
P015096,J11,s1,CBK308887,/mnt/micro-images-pvc/specs935-v1/specs935-v1-FA-P015096-U2OS-48h-P11-L1/2021-12-19/857/specs935-v1-FA-P015096-U2OS-48h-P11-L1_J11_s1_w52548016C-475B-4004-B9C2-4BB453A355E0.npy,protein synthesis inhibitor
P015096,J11,s2,CBK308887,/mnt/micro-images-pvc/specs935-v1/specs935-v1-FA-P015096-U2OS-48h-P11-L1/2021-12-19/857/specs935-v1-FA-P015096-U2OS-48h-P11-L1_J11_s2_w5A337A748-D1E8-44C5-8258-526C06D6C367.npy,protein synthesis inhibitor
P015096,J11,s3,CBK308887,/mnt/micro-images-pvc/specs935-v1/specs935-v1-FA-P015096-U2OS-48h-P11-L1/2021-12-19/857/specs935-v1-FA-P015096-U2OS-48h-P11-L1_J11_s3_w57E7BC664-11E2-4B85-9049-8A59295047F9.npy,protein synthesis inhibitor
P015096,J11,s4,CBK308887,/mnt/micro-images-pvc/specs935-v1/specs935-v1-FA-P015096-U2OS-48h-P11-L1/2021-12-19/857/specs935-v1-FA-P015096-U2OS-48h-P11-L1_J11_s4_w539CB237C-B021-4D70-B506-A33A50CCD63E.npy,protein synthesis inhibitor
P015096,J11,s5,CBK308887,/mnt/micro-images-pvc/specs935-v1/specs935-v1-FA-P015096-U2OS-48h-P11-L1/2021-12-19/857/specs935-v1-FA-P015096-U2OS-48h-P11-L1_J11_s5_w5A3A80694-90B7-4BA8-B1C0-74B834C1CD74.npy,protein synthesis inhibitor
P015096,J11,s6,CBK308887,/mnt/micro-images-pvc/specs935-v1/specs935-v1-FA-P015096-U2OS-48h-P11-L1/2021-12-19/857/specs935-v1-FA-P015096-U2OS-48h-P11-L1_J11_s6_w5444489F4-4377-4FCD-BCAA-162102E235EA.npy,protein synthesis inhibitor
P015096,J11,s7,CBK308887,/mnt/micro-images-pvc/specs935-v1/specs935-v1-FA-P015096-U2OS-48h-P11-L1/2021-12-19/857/specs935-v1-FA-P015096-U2OS-48h-P11-L1_J11_s7_w5A5D3AC4B-49F7-4C35-8FDF-AB82E145B5A7.npy,protein synthesis inhibitor
P015096,J11,s8,CBK308887,/mnt/micro-images-pvc/specs935-v1/specs935-v1-FA-P015096-U2OS-48h-P11-L1/2021-12-19/857/specs935-v1-FA-P015096-U2OS-48h-P11-L1_J11_s8_w56D1E3463-C701-4C19-9179-E0D156162BEF.npy,protein synthesis inhibitor
P015096,J11,s9,CBK308887,/mnt/micro-images-pvc/specs935-v1/specs935-v1-FA-P015096-U2OS-48h-P11-L1/2021-12-19/857/specs935-v1-FA-P015096-U2OS-48h-P11-L1_J11_s9_w587692C16-D170-4D5F-9F77-B7A328E28CEF.npy,protein synthesis inhibitor
P015096,K06,s1,CBK041619,/mnt/micro-images-pvc/specs935-v1/specs935-v1-FA-P015096-U2OS-48h-P11-L1/2021-12-19/857/specs935-v1-FA-P015096-U2OS-48h-P11-L1_K06_s1_w529F32C37-60CA-4841-8FF3-763E40DDF4D2.npy,protein synthesis inhibitor
P015096,K06,s2,CBK041619,/mnt/micro-images-pvc/specs935-v1/specs935-v1-FA-P015096-U2OS-48h-P11-L1/2021-12-19/857/specs935-v1-FA-P015096-U2OS-48h-P11-L1_K06_s2_w53D2EBC7A-AA5A-4B54-8265-27461AAA58E4.npy,protein synthesis inhibitor
P015096,K06,s3,CBK041619,/mnt/micro-images-pvc/specs935-v1/specs935-v1-FA-P015096-U2OS-48h-P11-L1/2021-12-19/857/specs935-v1-FA-P015096-U2OS-48h-P11-L1_K06_s3_w54A164EFC-8EE8-4F3C-8E87-A792B12AF99B.npy,protein synthesis inhibitor
P015096,K06,s4,CBK041619,/mnt/micro-images-pvc/specs935-v1/specs935-v1-FA-P015096-U2OS-48h-P11-L1/2021-12-19/857/specs935-v1-FA-P015096-U2OS-48h-P11-L1_K06_s4_w5749542E2-E4E8-4C7B-B8F1-00E7DDD5087E.npy,protein synthesis inhibitor
P015096,K06,s5,CBK041619,/mnt/micro-images-pvc/specs935-v1/specs935-v1-FA-P015096-U2OS-48h-P11-L1/2021-12-19/857/specs935-v1-FA-P015096-U2OS-48h-P11-L1_K06_s5_w571E04046-9636-444D-A62F-C1C5D6D3F2B4.npy,protein synthesis inhibitor
P015096,K06,s6,CBK041619,/mnt/micro-images-pvc/specs935-v1/specs935-v1-FA-P015096-U2OS-48h-P11-L1/2021-12-19/857/specs935-v1-FA-P015096-U2OS-48h-P11-L1_K06_s6_w5FC5EA235-8525-4D72-9AB7-83069CC4FEB4.npy,protein synthesis inhibitor
P015096,K06,s7,CBK041619,/mnt/micro-images-pvc/specs935-v1/specs935-v1-FA-P015096-U2OS-48h-P11-L1/2021-12-19/857/specs935-v1-FA-P015096-U2OS-48h-P11-L1_K06_s7_w5435A074F-18B9-4239-B742-B0B9D4E82C4F.npy,protein synthesis inhibitor
P015096,K06,s8,CBK041619,/mnt/micro-images-pvc/specs935-v1/specs935-v1-FA-P015096-U2OS-48h-P11-L1/2021-12-19/857/specs935-v1-FA-P015096-U2OS-48h-P11-L1_K06_s8_w59172515F-2A61-47A4-BF17-10B6E59AE474.npy,protein synthesis inhibitor
P015096,K06,s9,CBK041619,/mnt/micro-images-pvc/specs935-v1/specs935-v1-FA-P015096-U2OS-48h-P11-L1/2021-12-19/857/specs935-v1-FA-P015096-U2OS-48h-P11-L1_K06_s9_w564392A79-69B3-4BE8-B6CB-D8F1106CA54C.npy,protein synthesis inhibitor
P015096,K08,s1,CBK290848,/mnt/micro-images-pvc/specs935-v1/specs935-v1-FA-P015096-U2OS-48h-P11-L1/2021-12-19/857/specs935-v1-FA-P015096-U2OS-48h-P11-L1_K08_s1_w5196985FE-8087-4574-8A48-CD858AC0933E.npy,protein synthesis inhibitor
P015096,K08,s2,CBK290848,/mnt/micro-images-pvc/specs935-v1/specs935-v1-FA-P015096-U2OS-48h-P11-L1/2021-12-19/857/specs935-v1-FA-P015096-U2OS-48h-P11-L1_K08_s2_w54B928594-35EF-4B42-A764-452A9E6A5165.npy,protein synthesis inhibitor
P015096,K08,s3,CBK290848,/mnt/micro-images-pvc/specs935-v1/specs935-v1-FA-P015096-U2OS-48h-P11-L1/2021-12-19/857/specs935-v1-FA-P015096-U2OS-48h-P11-L1_K08_s3_w5ED2666A3-322E-490C-8F05-366DB5255187.npy,protein synthesis inhibitor
P015096,K08,s4,CBK290848,/mnt/micro-images-pvc/specs935-v1/specs935-v1-FA-P015096-U2OS-48h-P11-L1/2021-12-19/857/specs935-v1-FA-P015096-U2OS-48h-P11-L1_K08_s4_w56F40DC56-DC07-429A-9C5A-0BB393A9F999.npy,protein synthesis inhibitor
P015096,K08,s5,CBK290848,/mnt/micro-images-pvc/specs935-v1/specs935-v1-FA-P015096-U2OS-48h-P11-L1/2021-12-19/857/specs935-v1-FA-P015096-U2OS-48h-P11-L1_K08_s5_w58DF1657D-9976-46B2-9E9F-17875850D5E1.npy,protein synthesis inhibitor
P015096,K08,s6,CBK290848,/mnt/micro-images-pvc/specs935-v1/specs935-v1-FA-P015096-U2OS-48h-P11-L1/2021-12-19/857/specs935-v1-FA-P015096-U2OS-48h-P11-L1_K08_s6_w54B4B29A1-9002-4AB1-B2BF-9563BA7ACD78.npy,protein synthesis inhibitor
P015096,K08,s7,CBK290848,/mnt/micro-images-pvc/specs935-v1/specs935-v1-FA-P015096-U2OS-48h-P11-L1/2021-12-19/857/specs935-v1-FA-P015096-U2OS-48h-P11-L1_K08_s7_w5890A7B65-DAB4-41F8-81E6-14A854E85E1A.npy,protein synthesis inhibitor
P015096,K08,s8,CBK290848,/mnt/micro-images-pvc/specs935-v1/specs935-v1-FA-P015096-U2OS-48h-P11-L1/2021-12-19/857/specs935-v1-FA-P015096-U2OS-48h-P11-L1_K08_s8_w5955F356A-E170-4D61-9D20-345FEC090DD2.npy,protein synthesis inhibitor
P015096,K08,s9,CBK290848,/mnt/micro-images-pvc/specs935-v1/specs935-v1-FA-P015096-U2OS-48h-P11-L1/2021-12-19/857/specs935-v1-FA-P015096-U2OS-48h-P11-L1_K08_s9_w52B5B835D-8E06-4B91-A7A8-E2C78B5C4F4E.npy,protein synthesis inhibitor
P015096,K19,s1,CBK307773,/mnt/micro-images-pvc/specs935-v1/specs935-v1-FA-P015096-U2OS-48h-P11-L1/2021-12-19/857/specs935-v1-FA-P015096-U2OS-48h-P11-L1_K19_s1_w56A889269-CE82-4139-AA2F-90362F07D8E1.npy,protein synthesis inhibitor
P015096,K19,s2,CBK307773,/mnt/micro-images-pvc/specs935-v1/specs935-v1-FA-P015096-U2OS-48h-P11-L1/2021-12-19/857/specs935-v1-FA-P015096-U2OS-48h-P11-L1_K19_s2_w56A91C7FC-8B42-4023-B135-8C7B853B3CA5.npy,protein synthesis inhibitor
P015096,K19,s3,CBK307773,/mnt/micro-images-pvc/specs935-v1/specs935-v1-FA-P015096-U2OS-48h-P11-L1/2021-12-19/857/specs935-v1-FA-P015096-U2OS-48h-P11-L1_K19_s3_w55622F419-7EE1-43F0-9160-64BEC647FD9C.npy,protein synthesis inhibitor
P015096,K19,s4,CBK307773,/mnt/micro-images-pvc/specs935-v1/specs935-v1-FA-P015096-U2OS-48h-P11-L1/2021-12-19/857/specs935-v1-FA-P015096-U2OS-48h-P11-L1_K19_s4_w5BDE30347-6AAA-4EEA-A748-1502E40B9E53.npy,protein synthesis inhibitor
P015096,K19,s5,CBK307773,/mnt/micro-images-pvc/specs935-v1/specs935-v1-FA-P015096-U2OS-48h-P11-L1/2021-12-19/857/specs935-v1-FA-P015096-U2OS-48h-P11-L1_K19_s5_w557F70305-2513-469D-94F4-EE5707A7BD45.npy,protein synthesis inhibitor
P015096,K19,s6,CBK307773,/mnt/micro-images-pvc/specs935-v1/specs935-v1-FA-P015096-U2OS-48h-P11-L1/2021-12-19/857/specs935-v1-FA-P015096-U2OS-48h-P11-L1_K19_s6_w5356A9392-0B9B-4B64-995F-434643F27E29.npy,protein synthesis inhibitor
P015096,K19,s7,CBK307773,/mnt/micro-images-pvc/specs935-v1/specs935-v1-FA-P015096-U2OS-48h-P11-L1/2021-12-19/857/specs935-v1-FA-P015096-U2OS-48h-P11-L1_K19_s7_w534EA5ED8-E44D-41CC-93DC-A6BDAC549526.npy,protein synthesis inhibitor
P015096,K19,s8,CBK307773,/mnt/micro-images-pvc/specs935-v1/specs935-v1-FA-P015096-U2OS-48h-P11-L1/2021-12-19/857/specs935-v1-FA-P015096-U2OS-48h-P11-L1_K19_s8_w5AD41D5AC-883F-4E87-B426-0ED765A96434.npy,protein synthesis inhibitor
P015096,K19,s9,CBK307773,/mnt/micro-images-pvc/specs935-v1/specs935-v1-FA-P015096-U2OS-48h-P11-L1/2021-12-19/857/specs935-v1-FA-P015096-U2OS-48h-P11-L1_K19_s9_w5015CE384-66A1-4BDB-9F05-4CD73623EE70.npy,protein synthesis inhibitor
P015096,L05,s1,CBK200860,/mnt/micro-images-pvc/specs935-v1/specs935-v1-FA-P015096-U2OS-48h-P11-L1/2021-12-19/857/specs935-v1-FA-P015096-U2OS-48h-P11-L1_L05_s1_w50CA815AE-A361-427F-AE85-B1DFF4B3D229.npy,protein synthesis inhibitor
P015096,L05,s2,CBK200860,/mnt/micro-images-pvc/specs935-v1/specs935-v1-FA-P015096-U2OS-48h-P11-L1/2021-12-19/857/specs935-v1-FA-P015096-U2OS-48h-P11-L1_L05_s2_w5FB5561A3-346D-4C19-AF77-5EB4EFC69F08.npy,protein synthesis inhibitor
P015096,L05,s3,CBK200860,/mnt/micro-images-pvc/specs935-v1/specs935-v1-FA-P015096-U2OS-48h-P11-L1/2021-12-19/857/specs935-v1-FA-P015096-U2OS-48h-P11-L1_L05_s3_w5E9FDA642-F31F-4690-BE8A-1C3958DD8A27.npy,protein synthesis inhibitor
P015096,L05,s4,CBK200860,/mnt/micro-images-pvc/specs935-v1/specs935-v1-FA-P015096-U2OS-48h-P11-L1/2021-12-19/857/specs935-v1-FA-P015096-U2OS-48h-P11-L1_L05_s4_w5E597053A-6BE9-481D-846E-C711E63851D9.npy,protein synthesis inhibitor
P015096,L05,s5,CBK200860,/mnt/micro-images-pvc/specs935-v1/specs935-v1-FA-P015096-U2OS-48h-P11-L1/2021-12-19/857/specs935-v1-FA-P015096-U2OS-48h-P11-L1_L05_s5_w57A1A494A-2807-458B-AE8A-203B383C369B.npy,protein synthesis inhibitor
P015096,L05,s6,CBK200860,/mnt/micro-images-pvc/specs935-v1/specs935-v1-FA-P015096-U2OS-48h-P11-L1/2021-12-19/857/specs935-v1-FA-P015096-U2OS-48h-P11-L1_L05_s6_w59BE7A5E5-7D7C-4928-99FC-3A8619A7038E.npy,protein synthesis inhibitor
P015096,L05,s7,CBK200860,/mnt/micro-images-pvc/specs935-v1/specs935-v1-FA-P015096-U2OS-48h-P11-L1/2021-12-19/857/specs935-v1-FA-P015096-U2OS-48h-P11-L1_L05_s7_w58088573C-4E86-47C1-AFE6-687AFDAB686E.npy,protein synthesis inhibitor
P015096,L05,s8,CBK200860,/mnt/micro-images-pvc/specs935-v1/specs935-v1-FA-P015096-U2OS-48h-P11-L1/2021-12-19/857/specs935-v1-FA-P015096-U2OS-48h-P11-L1_L05_s8_w5F782C486-BEED-4AAC-A501-9A6DFA2580F1.npy,protein synthesis inhibitor
P015096,L05,s9,CBK200860,/mnt/micro-images-pvc/specs935-v1/specs935-v1-FA-P015096-U2OS-48h-P11-L1/2021-12-19/857/specs935-v1-FA-P015096-U2OS-48h-P11-L1_L05_s9_w5DB4596E8-FAED-4737-9F27-E5E5F92E8549.npy,protein synthesis inhibitor
P015096,L06,s1,CBK041256,/mnt/micro-images-pvc/specs935-v1/specs935-v1-FA-P015096-U2OS-48h-P11-L1/2021-12-19/857/specs935-v1-FA-P015096-U2OS-48h-P11-L1_L06_s1_w59536CA86-80D4-42A0-96A4-9A6EF28B65E2.npy,protein synthesis inhibitor
P015096,L06,s2,CBK041256,/mnt/micro-images-pvc/specs935-v1/specs935-v1-FA-P015096-U2OS-48h-P11-L1/2021-12-19/857/specs935-v1-FA-P015096-U2OS-48h-P11-L1_L06_s2_w5C406D184-B8DA-4D20-A3B4-47DE3F8294A6.npy,protein synthesis inhibitor
P015096,L06,s3,CBK041256,/mnt/micro-images-pvc/specs935-v1/specs935-v1-FA-P015096-U2OS-48h-P11-L1/2021-12-19/857/specs935-v1-FA-P015096-U2OS-48h-P11-L1_L06_s3_w56FCD35CC-B329-401F-A9E0-409406489845.npy,protein synthesis inhibitor
P015096,L06,s4,CBK041256,/mnt/micro-images-pvc/specs935-v1/specs935-v1-FA-P015096-U2OS-48h-P11-L1/2021-12-19/857/specs935-v1-FA-P015096-U2OS-48h-P11-L1_L06_s4_w5EB5AA2D4-BBA1-41BD-B202-80B6544BC9A9.npy,protein synthesis inhibitor
P015096,L06,s5,CBK041256,/mnt/micro-images-pvc/specs935-v1/specs935-v1-FA-P015096-U2OS-48h-P11-L1/2021-12-19/857/specs935-v1-FA-P015096-U2OS-48h-P11-L1_L06_s5_w507CA3812-41C8-48F4-925E-8FA02142FE7A.npy,protein synthesis inhibitor
P015096,L06,s6,CBK041256,/mnt/micro-images-pvc/specs935-v1/specs935-v1-FA-P015096-U2OS-48h-P11-L1/2021-12-19/857/specs935-v1-FA-P015096-U2OS-48h-P11-L1_L06_s6_w57811CB14-F994-4582-9FD5-813390689EFD.npy,protein synthesis inhibitor
P015096,L06,s7,CBK041256,/mnt/micro-images-pvc/specs935-v1/specs935-v1-FA-P015096-U2OS-48h-P11-L1/2021-12-19/857/specs935-v1-FA-P015096-U2OS-48h-P11-L1_L06_s7_w5F8445924-1CBB-4FBF-A00C-5241A1EB4E4B.npy,protein synthesis inhibitor
P015096,L06,s8,CBK041256,/mnt/micro-images-pvc/specs935-v1/specs935-v1-FA-P015096-U2OS-48h-P11-L1/2021-12-19/857/specs935-v1-FA-P015096-U2OS-48h-P11-L1_L06_s8_w5C9862C4C-B010-431D-92C1-592F8D629CF5.npy,protein synthesis inhibitor
P015096,L06,s9,CBK041256,/mnt/micro-images-pvc/specs935-v1/specs935-v1-FA-P015096-U2OS-48h-P11-L1/2021-12-19/857/specs935-v1-FA-P015096-U2OS-48h-P11-L1_L06_s9_w59B21FBD2-33A3-4DF9-BD28-213989F9EFA7.npy,protein synthesis inhibitor
P015096,L11,s1,CBK041619,/mnt/micro-images-pvc/specs935-v1/specs935-v1-FA-P015096-U2OS-48h-P11-L1/2021-12-19/857/specs935-v1-FA-P015096-U2OS-48h-P11-L1_L11_s1_w55A845232-A30F-4E5E-A6CA-6D5C8C28253C.npy,protein synthesis inhibitor
P015096,L11,s2,CBK041619,/mnt/micro-images-pvc/specs935-v1/specs935-v1-FA-P015096-U2OS-48h-P11-L1/2021-12-19/857/specs935-v1-FA-P015096-U2OS-48h-P11-L1_L11_s2_w50AC1ED1C-D09C-4F50-BD29-7C8A8EB674FE.npy,protein synthesis inhibitor
P015096,L11,s3,CBK041619,/mnt/micro-images-pvc/specs935-v1/specs935-v1-FA-P015096-U2OS-48h-P11-L1/2021-12-19/857/specs935-v1-FA-P015096-U2OS-48h-P11-L1_L11_s3_w57FCEF6A2-DFEF-413F-B58E-130595858024.npy,protein synthesis inhibitor
P015096,L11,s4,CBK041619,/mnt/micro-images-pvc/specs935-v1/specs935-v1-FA-P015096-U2OS-48h-P11-L1/2021-12-19/857/specs935-v1-FA-P015096-U2OS-48h-P11-L1_L11_s4_w5A4FB435D-3873-48A3-A26A-E07596DEB630.npy,protein synthesis inhibitor
P015096,L11,s5,CBK041619,/mnt/micro-images-pvc/specs935-v1/specs935-v1-FA-P015096-U2OS-48h-P11-L1/2021-12-19/857/specs935-v1-FA-P015096-U2OS-48h-P11-L1_L11_s5_w5F5320EA3-C21C-4F4E-982E-9109DFD4E94F.npy,protein synthesis inhibitor
P015096,L11,s6,CBK041619,/mnt/micro-images-pvc/specs935-v1/specs935-v1-FA-P015096-U2OS-48h-P11-L1/2021-12-19/857/specs935-v1-FA-P015096-U2OS-48h-P11-L1_L11_s6_w50E4817CC-F14B-479D-A633-8F7367F3661A.npy,protein synthesis inhibitor
P015096,L11,s7,CBK041619,/mnt/micro-images-pvc/specs935-v1/specs935-v1-FA-P015096-U2OS-48h-P11-L1/2021-12-19/857/specs935-v1-FA-P015096-U2OS-48h-P11-L1_L11_s7_w5F162BA62-3EB0-4DAA-B533-F8AB46F95073.npy,protein synthesis inhibitor
P015096,L11,s8,CBK041619,/mnt/micro-images-pvc/specs935-v1/specs935-v1-FA-P015096-U2OS-48h-P11-L1/2021-12-19/857/specs935-v1-FA-P015096-U2OS-48h-P11-L1_L11_s8_w586E4C4EA-7124-4C0D-A29F-6F147A14C239.npy,protein synthesis inhibitor
P015096,L11,s9,CBK041619,/mnt/micro-images-pvc/specs935-v1/specs935-v1-FA-P015096-U2OS-48h-P11-L1/2021-12-19/857/specs935-v1-FA-P015096-U2OS-48h-P11-L1_L11_s9_w58B102B05-4935-4D05-A845-1A7AD64FBC05.npy,protein synthesis inhibitor
P015096,M08,s1,CBK308608,/mnt/micro-images-pvc/specs935-v1/specs935-v1-FA-P015096-U2OS-48h-P11-L1/2021-12-19/857/specs935-v1-FA-P015096-U2OS-48h-P11-L1_M08_s1_w5B99CA07D-6B67-43BD-9F05-DEFBFB5BA0C3.npy,protein synthesis inhibitor
P015096,M08,s2,CBK308608,/mnt/micro-images-pvc/specs935-v1/specs935-v1-FA-P015096-U2OS-48h-P11-L1/2021-12-19/857/specs935-v1-FA-P015096-U2OS-48h-P11-L1_M08_s2_w5E05B9348-23CB-4510-81C6-DBA2ABCAB491.npy,protein synthesis inhibitor
P015096,M08,s3,CBK308608,/mnt/micro-images-pvc/specs935-v1/specs935-v1-FA-P015096-U2OS-48h-P11-L1/2021-12-19/857/specs935-v1-FA-P015096-U2OS-48h-P11-L1_M08_s3_w58E583C19-57B8-48E0-8A22-27230F74613F.npy,protein synthesis inhibitor
P015096,M08,s4,CBK308608,/mnt/micro-images-pvc/specs935-v1/specs935-v1-FA-P015096-U2OS-48h-P11-L1/2021-12-19/857/specs935-v1-FA-P015096-U2OS-48h-P11-L1_M08_s4_w53C5001CF-BA4B-4977-8076-1C03B5C15FBF.npy,protein synthesis inhibitor
P015096,M08,s5,CBK308608,/mnt/micro-images-pvc/specs935-v1/specs935-v1-FA-P015096-U2OS-48h-P11-L1/2021-12-19/857/specs935-v1-FA-P015096-U2OS-48h-P11-L1_M08_s5_w5A1AEFA49-93B8-4E05-8207-AA73715AFDD3.npy,protein synthesis inhibitor
P015096,M08,s6,CBK308608,/mnt/micro-images-pvc/specs935-v1/specs935-v1-FA-P015096-U2OS-48h-P11-L1/2021-12-19/857/specs935-v1-FA-P015096-U2OS-48h-P11-L1_M08_s6_w5DB086998-415F-4994-936F-A425FC110EE7.npy,protein synthesis inhibitor
P015096,M08,s7,CBK308608,/mnt/micro-images-pvc/specs935-v1/specs935-v1-FA-P015096-U2OS-48h-P11-L1/2021-12-19/857/specs935-v1-FA-P015096-U2OS-48h-P11-L1_M08_s7_w547C092DC-B8CC-4422-974F-DCEBE137ADAA.npy,protein synthesis inhibitor
P015096,M08,s8,CBK308608,/mnt/micro-images-pvc/specs935-v1/specs935-v1-FA-P015096-U2OS-48h-P11-L1/2021-12-19/857/specs935-v1-FA-P015096-U2OS-48h-P11-L1_M08_s8_w5D6F9B184-1256-46EA-BB46-667816D411F9.npy,protein synthesis inhibitor
P015096,M08,s9,CBK308608,/mnt/micro-images-pvc/specs935-v1/specs935-v1-FA-P015096-U2OS-48h-P11-L1/2021-12-19/857/specs935-v1-FA-P015096-U2OS-48h-P11-L1_M08_s9_w5A90AE474-6734-49F9-B7B9-3C72D0C0DFFE.npy,protein synthesis inhibitor
P015096,M18,s1,CBK308519,/mnt/micro-images-pvc/specs935-v1/specs935-v1-FA-P015096-U2OS-48h-P11-L1/2021-12-19/857/specs935-v1-FA-P015096-U2OS-48h-P11-L1_M18_s1_w546A290BA-F449-4428-8FA7-DA2D0EA1BEF8.npy,protein synthesis inhibitor
P015096,M18,s2,CBK308519,/mnt/micro-images-pvc/specs935-v1/specs935-v1-FA-P015096-U2OS-48h-P11-L1/2021-12-19/857/specs935-v1-FA-P015096-U2OS-48h-P11-L1_M18_s2_w570C4C939-B1AC-4226-8172-0827AC551973.npy,protein synthesis inhibitor
P015096,M18,s3,CBK308519,/mnt/micro-images-pvc/specs935-v1/specs935-v1-FA-P015096-U2OS-48h-P11-L1/2021-12-19/857/specs935-v1-FA-P015096-U2OS-48h-P11-L1_M18_s3_w5B46C4057-829B-429F-A727-A252257F8152.npy,protein synthesis inhibitor
P015096,M18,s4,CBK308519,/mnt/micro-images-pvc/specs935-v1/specs935-v1-FA-P015096-U2OS-48h-P11-L1/2021-12-19/857/specs935-v1-FA-P015096-U2OS-48h-P11-L1_M18_s4_w5E536119D-39CF-40E3-A088-BFD33381D536.npy,protein synthesis inhibitor
P015096,M18,s5,CBK308519,/mnt/micro-images-pvc/specs935-v1/specs935-v1-FA-P015096-U2OS-48h-P11-L1/2021-12-19/857/specs935-v1-FA-P015096-U2OS-48h-P11-L1_M18_s5_w53EAAB392-9A43-40EC-9A3D-4F677C47E107.npy,protein synthesis inhibitor
P015096,M18,s6,CBK308519,/mnt/micro-images-pvc/specs935-v1/specs935-v1-FA-P015096-U2OS-48h-P11-L1/2021-12-19/857/specs935-v1-FA-P015096-U2OS-48h-P11-L1_M18_s6_w5E3EC2FFB-BC36-4AF7-9B29-3FCF4C2A4AA4.npy,protein synthesis inhibitor
P015096,M18,s7,CBK308519,/mnt/micro-images-pvc/specs935-v1/specs935-v1-FA-P015096-U2OS-48h-P11-L1/2021-12-19/857/specs935-v1-FA-P015096-U2OS-48h-P11-L1_M18_s7_w54925E76C-3959-4012-973B-94B8DB20A1FE.npy,protein synthesis inhibitor
P015096,M18,s8,CBK308519,/mnt/micro-images-pvc/specs935-v1/specs935-v1-FA-P015096-U2OS-48h-P11-L1/2021-12-19/857/specs935-v1-FA-P015096-U2OS-48h-P11-L1_M18_s8_w5C51F087A-8663-46A3-9EA9-19262D36A588.npy,protein synthesis inhibitor
P015096,M18,s9,CBK308519,/mnt/micro-images-pvc/specs935-v1/specs935-v1-FA-P015096-U2OS-48h-P11-L1/2021-12-19/857/specs935-v1-FA-P015096-U2OS-48h-P11-L1_M18_s9_w51B7081B6-8384-42D3-8030-9CA2F5556772.npy,protein synthesis inhibitor
P015096,N02,s1,CBK309258,/mnt/micro-images-pvc/specs935-v1/specs935-v1-FA-P015096-U2OS-48h-P11-L1/2021-12-19/857/specs935-v1-FA-P015096-U2OS-48h-P11-L1_N02_s1_w52F7CF2F2-789D-4A03-9269-5E8C13A3AF67.npy,protein synthesis inhibitor
P015096,N02,s2,CBK309258,/mnt/micro-images-pvc/specs935-v1/specs935-v1-FA-P015096-U2OS-48h-P11-L1/2021-12-19/857/specs935-v1-FA-P015096-U2OS-48h-P11-L1_N02_s2_w567C714A4-8004-48CF-944E-D9F5B795D896.npy,protein synthesis inhibitor
P015096,N02,s3,CBK309258,/mnt/micro-images-pvc/specs935-v1/specs935-v1-FA-P015096-U2OS-48h-P11-L1/2021-12-19/857/specs935-v1-FA-P015096-U2OS-48h-P11-L1_N02_s3_w5464AF26C-F03A-44E8-9740-D0A0AF23CF4E.npy,protein synthesis inhibitor
P015096,N02,s4,CBK309258,/mnt/micro-images-pvc/specs935-v1/specs935-v1-FA-P015096-U2OS-48h-P11-L1/2021-12-19/857/specs935-v1-FA-P015096-U2OS-48h-P11-L1_N02_s4_w55AED532D-22D8-4BF0-8999-557E263C5642.npy,protein synthesis inhibitor
P015096,N02,s5,CBK309258,/mnt/micro-images-pvc/specs935-v1/specs935-v1-FA-P015096-U2OS-48h-P11-L1/2021-12-19/857/specs935-v1-FA-P015096-U2OS-48h-P11-L1_N02_s5_w55257FCFC-C852-41C6-BFA8-367BEF1A6578.npy,protein synthesis inhibitor
P015096,N02,s6,CBK309258,/mnt/micro-images-pvc/specs935-v1/specs935-v1-FA-P015096-U2OS-48h-P11-L1/2021-12-19/857/specs935-v1-FA-P015096-U2OS-48h-P11-L1_N02_s6_w5194A0706-CB71-4086-9614-B8A5264BFF6C.npy,protein synthesis inhibitor
P015096,N02,s7,CBK309258,/mnt/micro-images-pvc/specs935-v1/specs935-v1-FA-P015096-U2OS-48h-P11-L1/2021-12-19/857/specs935-v1-FA-P015096-U2OS-48h-P11-L1_N02_s7_w5CB373528-DA21-405D-9973-67815E269573.npy,protein synthesis inhibitor
P015096,N02,s8,CBK309258,/mnt/micro-images-pvc/specs935-v1/specs935-v1-FA-P015096-U2OS-48h-P11-L1/2021-12-19/857/specs935-v1-FA-P015096-U2OS-48h-P11-L1_N02_s8_w52BE4746C-F895-400F-84BA-C5EB7396F01C.npy,protein synthesis inhibitor
P015096,N02,s9,CBK309258,/mnt/micro-images-pvc/specs935-v1/specs935-v1-FA-P015096-U2OS-48h-P11-L1/2021-12-19/857/specs935-v1-FA-P015096-U2OS-48h-P11-L1_N02_s9_w55FC1365D-AE53-44D7-8E7E-E35181902FE9.npy,protein synthesis inhibitor
P015096,N03,s1,CBK309098,/mnt/micro-images-pvc/specs935-v1/specs935-v1-FA-P015096-U2OS-48h-P11-L1/2021-12-19/857/specs935-v1-FA-P015096-U2OS-48h-P11-L1_N03_s1_w500F0333E-1F6D-457E-A894-3873EB8978EF.npy,protein synthesis inhibitor
P015096,N03,s2,CBK309098,/mnt/micro-images-pvc/specs935-v1/specs935-v1-FA-P015096-U2OS-48h-P11-L1/2021-12-19/857/specs935-v1-FA-P015096-U2OS-48h-P11-L1_N03_s2_w5E96497C3-8DFA-46FB-8362-106693A1DC8D.npy,protein synthesis inhibitor
P015096,N03,s3,CBK309098,/mnt/micro-images-pvc/specs935-v1/specs935-v1-FA-P015096-U2OS-48h-P11-L1/2021-12-19/857/specs935-v1-FA-P015096-U2OS-48h-P11-L1_N03_s3_w5853190F0-D05E-44D2-B90B-F1A6404ABC24.npy,protein synthesis inhibitor
P015096,N03,s4,CBK309098,/mnt/micro-images-pvc/specs935-v1/specs935-v1-FA-P015096-U2OS-48h-P11-L1/2021-12-19/857/specs935-v1-FA-P015096-U2OS-48h-P11-L1_N03_s4_w56174FB83-90E6-4D4F-8BD6-D09B127FAB39.npy,protein synthesis inhibitor
P015096,N03,s5,CBK309098,/mnt/micro-images-pvc/specs935-v1/specs935-v1-FA-P015096-U2OS-48h-P11-L1/2021-12-19/857/specs935-v1-FA-P015096-U2OS-48h-P11-L1_N03_s5_w50B6EF21E-A388-4328-A5D1-2D808B2B6186.npy,protein synthesis inhibitor
P015096,N03,s6,CBK309098,/mnt/micro-images-pvc/specs935-v1/specs935-v1-FA-P015096-U2OS-48h-P11-L1/2021-12-19/857/specs935-v1-FA-P015096-U2OS-48h-P11-L1_N03_s6_w5E232C00C-5FAB-4903-8F32-5D2BE95ECE24.npy,protein synthesis inhibitor
P015096,N03,s7,CBK309098,/mnt/micro-images-pvc/specs935-v1/specs935-v1-FA-P015096-U2OS-48h-P11-L1/2021-12-19/857/specs935-v1-FA-P015096-U2OS-48h-P11-L1_N03_s7_w502C8BAAB-FABB-4BE7-9826-2DE5E8A00F9F.npy,protein synthesis inhibitor
P015096,N03,s8,CBK309098,/mnt/micro-images-pvc/specs935-v1/specs935-v1-FA-P015096-U2OS-48h-P11-L1/2021-12-19/857/specs935-v1-FA-P015096-U2OS-48h-P11-L1_N03_s8_w5C6B9F76F-08DE-46AB-AD1B-3A2E8CED0982.npy,protein synthesis inhibitor
P015096,N03,s9,CBK309098,/mnt/micro-images-pvc/specs935-v1/specs935-v1-FA-P015096-U2OS-48h-P11-L1/2021-12-19/857/specs935-v1-FA-P015096-U2OS-48h-P11-L1_N03_s9_w5B27D4844-27B8-4358-A046-64D8B086DFE4.npy,protein synthesis inhibitor
P015096,N05,s1,CBK308608,/mnt/micro-images-pvc/specs935-v1/specs935-v1-FA-P015096-U2OS-48h-P11-L1/2021-12-19/857/specs935-v1-FA-P015096-U2OS-48h-P11-L1_N05_s1_w513870F93-0236-4C29-9629-788ABBA8509A.npy,protein synthesis inhibitor
P015096,N05,s2,CBK308608,/mnt/micro-images-pvc/specs935-v1/specs935-v1-FA-P015096-U2OS-48h-P11-L1/2021-12-19/857/specs935-v1-FA-P015096-U2OS-48h-P11-L1_N05_s2_w5F02329B2-7B70-4365-B41D-1F2958ED8664.npy,protein synthesis inhibitor
P015096,N05,s3,CBK308608,/mnt/micro-images-pvc/specs935-v1/specs935-v1-FA-P015096-U2OS-48h-P11-L1/2021-12-19/857/specs935-v1-FA-P015096-U2OS-48h-P11-L1_N05_s3_w50A54A2BD-19E7-4E92-96C3-D75CE61F549C.npy,protein synthesis inhibitor
P015096,N05,s4,CBK308608,/mnt/micro-images-pvc/specs935-v1/specs935-v1-FA-P015096-U2OS-48h-P11-L1/2021-12-19/857/specs935-v1-FA-P015096-U2OS-48h-P11-L1_N05_s4_w549A8EE5C-689F-45A1-9134-4A65DAB1E601.npy,protein synthesis inhibitor
P015096,N05,s5,CBK308608,/mnt/micro-images-pvc/specs935-v1/specs935-v1-FA-P015096-U2OS-48h-P11-L1/2021-12-19/857/specs935-v1-FA-P015096-U2OS-48h-P11-L1_N05_s5_w561821A2B-4597-43AC-A102-0964DFF8F257.npy,protein synthesis inhibitor
P015096,N05,s6,CBK308608,/mnt/micro-images-pvc/specs935-v1/specs935-v1-FA-P015096-U2OS-48h-P11-L1/2021-12-19/857/specs935-v1-FA-P015096-U2OS-48h-P11-L1_N05_s6_w5196029C7-DDEA-430D-A3AC-D9F7DCFC625A.npy,protein synthesis inhibitor
P015096,N05,s7,CBK308608,/mnt/micro-images-pvc/specs935-v1/specs935-v1-FA-P015096-U2OS-48h-P11-L1/2021-12-19/857/specs935-v1-FA-P015096-U2OS-48h-P11-L1_N05_s7_w577082745-FB06-4B80-9720-D6D492CBE797.npy,protein synthesis inhibitor
P015096,N05,s8,CBK308608,/mnt/micro-images-pvc/specs935-v1/specs935-v1-FA-P015096-U2OS-48h-P11-L1/2021-12-19/857/specs935-v1-FA-P015096-U2OS-48h-P11-L1_N05_s8_w554963DB2-8773-4F94-99D6-38E27240E436.npy,protein synthesis inhibitor
P015096,N05,s9,CBK308608,/mnt/micro-images-pvc/specs935-v1/specs935-v1-FA-P015096-U2OS-48h-P11-L1/2021-12-19/857/specs935-v1-FA-P015096-U2OS-48h-P11-L1_N05_s9_w5854FEC7A-A560-495F-AC0F-118292F63860.npy,protein synthesis inhibitor
P015096,N06,s1,CBK307956,/mnt/micro-images-pvc/specs935-v1/specs935-v1-FA-P015096-U2OS-48h-P11-L1/2021-12-19/857/specs935-v1-FA-P015096-U2OS-48h-P11-L1_N06_s1_w53A47D755-A104-40A4-B9D3-A04A62D3B127.npy,protein synthesis inhibitor
P015096,N06,s2,CBK307956,/mnt/micro-images-pvc/specs935-v1/specs935-v1-FA-P015096-U2OS-48h-P11-L1/2021-12-19/857/specs935-v1-FA-P015096-U2OS-48h-P11-L1_N06_s2_w5F04C562B-1F17-43E0-8B5D-8226E3A532A8.npy,protein synthesis inhibitor
P015096,N06,s3,CBK307956,/mnt/micro-images-pvc/specs935-v1/specs935-v1-FA-P015096-U2OS-48h-P11-L1/2021-12-19/857/specs935-v1-FA-P015096-U2OS-48h-P11-L1_N06_s3_w5937C2F84-6FB4-444F-850E-707FB40B6B41.npy,protein synthesis inhibitor
P015096,N06,s4,CBK307956,/mnt/micro-images-pvc/specs935-v1/specs935-v1-FA-P015096-U2OS-48h-P11-L1/2021-12-19/857/specs935-v1-FA-P015096-U2OS-48h-P11-L1_N06_s4_w57EF3BD23-2973-42E2-A1FC-38671600FFBF.npy,protein synthesis inhibitor
P015096,N06,s5,CBK307956,/mnt/micro-images-pvc/specs935-v1/specs935-v1-FA-P015096-U2OS-48h-P11-L1/2021-12-19/857/specs935-v1-FA-P015096-U2OS-48h-P11-L1_N06_s5_w53EA3C9AA-C825-42CC-A01D-81CEA82AACC3.npy,protein synthesis inhibitor
P015096,N06,s6,CBK307956,/mnt/micro-images-pvc/specs935-v1/specs935-v1-FA-P015096-U2OS-48h-P11-L1/2021-12-19/857/specs935-v1-FA-P015096-U2OS-48h-P11-L1_N06_s6_w5D38F2F49-21D0-454E-A687-6491001A2FF7.npy,protein synthesis inhibitor
P015096,N06,s7,CBK307956,/mnt/micro-images-pvc/specs935-v1/specs935-v1-FA-P015096-U2OS-48h-P11-L1/2021-12-19/857/specs935-v1-FA-P015096-U2OS-48h-P11-L1_N06_s7_w55B0F6FAE-079A-42B2-8C99-80AE640F444C.npy,protein synthesis inhibitor
P015096,N06,s8,CBK307956,/mnt/micro-images-pvc/specs935-v1/specs935-v1-FA-P015096-U2OS-48h-P11-L1/2021-12-19/857/specs935-v1-FA-P015096-U2OS-48h-P11-L1_N06_s8_w5D760DB30-D95E-4787-BCB2-E1FBBFA2452D.npy,protein synthesis inhibitor
P015096,N06,s9,CBK307956,/mnt/micro-images-pvc/specs935-v1/specs935-v1-FA-P015096-U2OS-48h-P11-L1/2021-12-19/857/specs935-v1-FA-P015096-U2OS-48h-P11-L1_N06_s9_w5A152237B-04BA-41D2-A3D4-B48A56942D2B.npy,protein synthesis inhibitor
P015096,N09,s1,CBK307773,/mnt/micro-images-pvc/specs935-v1/specs935-v1-FA-P015096-U2OS-48h-P11-L1/2021-12-19/857/specs935-v1-FA-P015096-U2OS-48h-P11-L1_N09_s1_w565F88D18-1FDF-46BB-B015-9CD927379E6E.npy,protein synthesis inhibitor
P015096,N09,s2,CBK307773,/mnt/micro-images-pvc/specs935-v1/specs935-v1-FA-P015096-U2OS-48h-P11-L1/2021-12-19/857/specs935-v1-FA-P015096-U2OS-48h-P11-L1_N09_s2_w5FA605D15-07AE-4D7F-971E-EE958CA92C9D.npy,protein synthesis inhibitor
P015096,N09,s3,CBK307773,/mnt/micro-images-pvc/specs935-v1/specs935-v1-FA-P015096-U2OS-48h-P11-L1/2021-12-19/857/specs935-v1-FA-P015096-U2OS-48h-P11-L1_N09_s3_w5DA8C15F5-58DD-4FE0-9A37-2AF289D5629C.npy,protein synthesis inhibitor
P015096,N09,s4,CBK307773,/mnt/micro-images-pvc/specs935-v1/specs935-v1-FA-P015096-U2OS-48h-P11-L1/2021-12-19/857/specs935-v1-FA-P015096-U2OS-48h-P11-L1_N09_s4_w530BFEA9C-CC6C-4CEC-BB50-58F87DA67568.npy,protein synthesis inhibitor
P015096,N09,s5,CBK307773,/mnt/micro-images-pvc/specs935-v1/specs935-v1-FA-P015096-U2OS-48h-P11-L1/2021-12-19/857/specs935-v1-FA-P015096-U2OS-48h-P11-L1_N09_s5_w5D34776CF-0EC0-418E-A0AF-B12810E3B646.npy,protein synthesis inhibitor
P015096,N09,s6,CBK307773,/mnt/micro-images-pvc/specs935-v1/specs935-v1-FA-P015096-U2OS-48h-P11-L1/2021-12-19/857/specs935-v1-FA-P015096-U2OS-48h-P11-L1_N09_s6_w5E28B8300-A643-40C5-8E7A-22F6265986BE.npy,protein synthesis inhibitor
P015096,N09,s7,CBK307773,/mnt/micro-images-pvc/specs935-v1/specs935-v1-FA-P015096-U2OS-48h-P11-L1/2021-12-19/857/specs935-v1-FA-P015096-U2OS-48h-P11-L1_N09_s7_w55A489F1B-9F65-41BC-962A-9A499F1C28C8.npy,protein synthesis inhibitor
P015096,N09,s8,CBK307773,/mnt/micro-images-pvc/specs935-v1/specs935-v1-FA-P015096-U2OS-48h-P11-L1/2021-12-19/857/specs935-v1-FA-P015096-U2OS-48h-P11-L1_N09_s8_w54D2043CF-F9F5-4B37-902D-99EFB1A19B1B.npy,protein synthesis inhibitor
P015096,N09,s9,CBK307773,/mnt/micro-images-pvc/specs935-v1/specs935-v1-FA-P015096-U2OS-48h-P11-L1/2021-12-19/857/specs935-v1-FA-P015096-U2OS-48h-P11-L1_N09_s9_w54CA56B8A-5277-49C8-99A7-D09332D33FEB.npy,protein synthesis inhibitor
P015096,N20,s1,CBK041675,/mnt/micro-images-pvc/specs935-v1/specs935-v1-FA-P015096-U2OS-48h-P11-L1/2021-12-19/857/specs935-v1-FA-P015096-U2OS-48h-P11-L1_N20_s1_w53BE7D41A-B454-4B18-8462-1DB8F32F9CC6.npy,protein synthesis inhibitor
P015096,N20,s2,CBK041675,/mnt/micro-images-pvc/specs935-v1/specs935-v1-FA-P015096-U2OS-48h-P11-L1/2021-12-19/857/specs935-v1-FA-P015096-U2OS-48h-P11-L1_N20_s2_w5A1E27E40-CD1C-45AA-8A02-9902B441656F.npy,protein synthesis inhibitor
P015096,N20,s3,CBK041675,/mnt/micro-images-pvc/specs935-v1/specs935-v1-FA-P015096-U2OS-48h-P11-L1/2021-12-19/857/specs935-v1-FA-P015096-U2OS-48h-P11-L1_N20_s3_w533E63D56-1E86-450E-A4A0-5955E8094897.npy,protein synthesis inhibitor
P015096,N20,s4,CBK041675,/mnt/micro-images-pvc/specs935-v1/specs935-v1-FA-P015096-U2OS-48h-P11-L1/2021-12-19/857/specs935-v1-FA-P015096-U2OS-48h-P11-L1_N20_s4_w58293F107-8ED2-44EF-9085-0C40262531B1.npy,protein synthesis inhibitor
P015096,N20,s5,CBK041675,/mnt/micro-images-pvc/specs935-v1/specs935-v1-FA-P015096-U2OS-48h-P11-L1/2021-12-19/857/specs935-v1-FA-P015096-U2OS-48h-P11-L1_N20_s5_w531290A58-95F1-4E94-8DAD-2BB3A38BBF7F.npy,protein synthesis inhibitor
P015096,N20,s6,CBK041675,/mnt/micro-images-pvc/specs935-v1/specs935-v1-FA-P015096-U2OS-48h-P11-L1/2021-12-19/857/specs935-v1-FA-P015096-U2OS-48h-P11-L1_N20_s6_w594526F08-D8D7-4D7A-A1CC-1A469884367B.npy,protein synthesis inhibitor
P015096,N20,s7,CBK041675,/mnt/micro-images-pvc/specs935-v1/specs935-v1-FA-P015096-U2OS-48h-P11-L1/2021-12-19/857/specs935-v1-FA-P015096-U2OS-48h-P11-L1_N20_s7_w5539C4CC8-993D-4E01-8607-6C8B9809177C.npy,protein synthesis inhibitor
P015096,N20,s8,CBK041675,/mnt/micro-images-pvc/specs935-v1/specs935-v1-FA-P015096-U2OS-48h-P11-L1/2021-12-19/857/specs935-v1-FA-P015096-U2OS-48h-P11-L1_N20_s8_w566166E89-ABA8-40E3-9A29-8C8C9AE8A5BC.npy,protein synthesis inhibitor
P015096,N20,s9,CBK041675,/mnt/micro-images-pvc/specs935-v1/specs935-v1-FA-P015096-U2OS-48h-P11-L1/2021-12-19/857/specs935-v1-FA-P015096-U2OS-48h-P11-L1_N20_s9_w516575E34-217A-4F61-AFEC-7534FC63385D.npy,protein synthesis inhibitor
P015096,O11,s1,CBK309098,/mnt/micro-images-pvc/specs935-v1/specs935-v1-FA-P015096-U2OS-48h-P11-L1/2021-12-19/857/specs935-v1-FA-P015096-U2OS-48h-P11-L1_O11_s1_w5F4F316F3-21E4-44CC-98D3-92F38AAF0FAB.npy,protein synthesis inhibitor
P015096,O11,s2,CBK309098,/mnt/micro-images-pvc/specs935-v1/specs935-v1-FA-P015096-U2OS-48h-P11-L1/2021-12-19/857/specs935-v1-FA-P015096-U2OS-48h-P11-L1_O11_s2_w51B2E66ED-CC8E-475E-8261-0E7982348E8E.npy,protein synthesis inhibitor
P015096,O11,s3,CBK309098,/mnt/micro-images-pvc/specs935-v1/specs935-v1-FA-P015096-U2OS-48h-P11-L1/2021-12-19/857/specs935-v1-FA-P015096-U2OS-48h-P11-L1_O11_s3_w5043F7D1E-2574-4311-A457-297ED5D77E03.npy,protein synthesis inhibitor
P015096,O11,s4,CBK309098,/mnt/micro-images-pvc/specs935-v1/specs935-v1-FA-P015096-U2OS-48h-P11-L1/2021-12-19/857/specs935-v1-FA-P015096-U2OS-48h-P11-L1_O11_s4_w58F3CB209-779A-485F-8885-2820C8C121C2.npy,protein synthesis inhibitor
P015096,O11,s5,CBK309098,/mnt/micro-images-pvc/specs935-v1/specs935-v1-FA-P015096-U2OS-48h-P11-L1/2021-12-19/857/specs935-v1-FA-P015096-U2OS-48h-P11-L1_O11_s5_w577669A10-B382-4A1B-A30B-C38B30ABFD4A.npy,protein synthesis inhibitor
P015096,O11,s6,CBK309098,/mnt/micro-images-pvc/specs935-v1/specs935-v1-FA-P015096-U2OS-48h-P11-L1/2021-12-19/857/specs935-v1-FA-P015096-U2OS-48h-P11-L1_O11_s6_w5A0AA1EEE-D479-4F84-B49A-16F78AA5AE37.npy,protein synthesis inhibitor
P015096,O11,s7,CBK309098,/mnt/micro-images-pvc/specs935-v1/specs935-v1-FA-P015096-U2OS-48h-P11-L1/2021-12-19/857/specs935-v1-FA-P015096-U2OS-48h-P11-L1_O11_s7_w58525B748-09E3-42AD-AE8E-3DC3541D3AF3.npy,protein synthesis inhibitor
P015096,O11,s8,CBK309098,/mnt/micro-images-pvc/specs935-v1/specs935-v1-FA-P015096-U2OS-48h-P11-L1/2021-12-19/857/specs935-v1-FA-P015096-U2OS-48h-P11-L1_O11_s8_w5E5CDE58B-CBAD-4547-9CCC-81ED0CAA96F1.npy,protein synthesis inhibitor
P015096,O11,s9,CBK309098,/mnt/micro-images-pvc/specs935-v1/specs935-v1-FA-P015096-U2OS-48h-P11-L1/2021-12-19/857/specs935-v1-FA-P015096-U2OS-48h-P11-L1_O11_s9_w529B7C7CD-20EA-4A3B-9835-1C25A2ED2006.npy,protein synthesis inhibitor
P015097,B08,s1,CBK200860,/mnt/micro-images-pvc/specs935-v1/specs935-v1-FA-P015097-U2OS-48h-P11-L2/2021-12-23/873/specs935-v1-FA-P015097-U2OS-48h-P11-L2_B08_s1_w5C5206AB5-4ADD-43E5-851C-9F48AC1590FF.npy,protein synthesis inhibitor
P015097,B08,s2,CBK200860,/mnt/micro-images-pvc/specs935-v1/specs935-v1-FA-P015097-U2OS-48h-P11-L2/2021-12-23/873/specs935-v1-FA-P015097-U2OS-48h-P11-L2_B08_s2_w5FA0ABDA3-4ECF-4884-8B6F-C4EE2A57A1CB.npy,protein synthesis inhibitor
P015097,B08,s3,CBK200860,/mnt/micro-images-pvc/specs935-v1/specs935-v1-FA-P015097-U2OS-48h-P11-L2/2021-12-23/873/specs935-v1-FA-P015097-U2OS-48h-P11-L2_B08_s3_w5F8C51BC8-11AA-4104-B762-1999CBB61708.npy,protein synthesis inhibitor
P015097,B08,s4,CBK200860,/mnt/micro-images-pvc/specs935-v1/specs935-v1-FA-P015097-U2OS-48h-P11-L2/2021-12-23/873/specs935-v1-FA-P015097-U2OS-48h-P11-L2_B08_s4_w55F122D1A-8CE0-4066-8BE9-C92DA3C39020.npy,protein synthesis inhibitor
P015097,B08,s5,CBK200860,/mnt/micro-images-pvc/specs935-v1/specs935-v1-FA-P015097-U2OS-48h-P11-L2/2021-12-23/873/specs935-v1-FA-P015097-U2OS-48h-P11-L2_B08_s5_w5EDC2FE21-BDC7-4A1B-819A-30437FE3D261.npy,protein synthesis inhibitor
P015097,B08,s6,CBK200860,/mnt/micro-images-pvc/specs935-v1/specs935-v1-FA-P015097-U2OS-48h-P11-L2/2021-12-23/873/specs935-v1-FA-P015097-U2OS-48h-P11-L2_B08_s6_w5C45C4F28-502F-4600-A10E-861C10E568CC.npy,protein synthesis inhibitor
P015097,B08,s7,CBK200860,/mnt/micro-images-pvc/specs935-v1/specs935-v1-FA-P015097-U2OS-48h-P11-L2/2021-12-23/873/specs935-v1-FA-P015097-U2OS-48h-P11-L2_B08_s7_w5064E6C06-4A72-439F-A857-6C37A70BF8A9.npy,protein synthesis inhibitor
P015097,B08,s8,CBK200860,/mnt/micro-images-pvc/specs935-v1/specs935-v1-FA-P015097-U2OS-48h-P11-L2/2021-12-23/873/specs935-v1-FA-P015097-U2OS-48h-P11-L2_B08_s8_w515943E39-215D-48FC-867A-A573752A502C.npy,protein synthesis inhibitor
P015097,B08,s9,CBK200860,/mnt/micro-images-pvc/specs935-v1/specs935-v1-FA-P015097-U2OS-48h-P11-L2/2021-12-23/873/specs935-v1-FA-P015097-U2OS-48h-P11-L2_B08_s9_w59166405B-59B0-4B30-BD43-A314BC33307E.npy,protein synthesis inhibitor
P015097,C06,s1,CBK307956,/mnt/micro-images-pvc/specs935-v1/specs935-v1-FA-P015097-U2OS-48h-P11-L2/2021-12-23/873/specs935-v1-FA-P015097-U2OS-48h-P11-L2_C06_s1_w520F76157-7EB2-416E-9F38-658E09D231E6.npy,protein synthesis inhibitor
P015097,C06,s2,CBK307956,/mnt/micro-images-pvc/specs935-v1/specs935-v1-FA-P015097-U2OS-48h-P11-L2/2021-12-23/873/specs935-v1-FA-P015097-U2OS-48h-P11-L2_C06_s2_w55C28E999-C077-4CEA-ACB6-DF741E59F0D7.npy,protein synthesis inhibitor
P015097,C06,s3,CBK307956,/mnt/micro-images-pvc/specs935-v1/specs935-v1-FA-P015097-U2OS-48h-P11-L2/2021-12-23/873/specs935-v1-FA-P015097-U2OS-48h-P11-L2_C06_s3_w5D40C4846-6C8F-4F2E-BB9F-E68584C59B01.npy,protein synthesis inhibitor
P015097,C06,s4,CBK307956,/mnt/micro-images-pvc/specs935-v1/specs935-v1-FA-P015097-U2OS-48h-P11-L2/2021-12-23/873/specs935-v1-FA-P015097-U2OS-48h-P11-L2_C06_s4_w5CEE63A41-B398-4407-B988-77597E006939.npy,protein synthesis inhibitor
P015097,C06,s5,CBK307956,/mnt/micro-images-pvc/specs935-v1/specs935-v1-FA-P015097-U2OS-48h-P11-L2/2021-12-23/873/specs935-v1-FA-P015097-U2OS-48h-P11-L2_C06_s5_w59D02F24F-3D03-45EF-AF4A-641AD1929991.npy,protein synthesis inhibitor
P015097,C06,s6,CBK307956,/mnt/micro-images-pvc/specs935-v1/specs935-v1-FA-P015097-U2OS-48h-P11-L2/2021-12-23/873/specs935-v1-FA-P015097-U2OS-48h-P11-L2_C06_s6_w5A19E03BA-A8C1-401E-B9D4-8A1879C4ECC5.npy,protein synthesis inhibitor
P015097,C06,s7,CBK307956,/mnt/micro-images-pvc/specs935-v1/specs935-v1-FA-P015097-U2OS-48h-P11-L2/2021-12-23/873/specs935-v1-FA-P015097-U2OS-48h-P11-L2_C06_s7_w5E738B298-52EB-471A-8771-F2E60046E73C.npy,protein synthesis inhibitor
P015097,C06,s8,CBK307956,/mnt/micro-images-pvc/specs935-v1/specs935-v1-FA-P015097-U2OS-48h-P11-L2/2021-12-23/873/specs935-v1-FA-P015097-U2OS-48h-P11-L2_C06_s8_w5E9A947BD-67F2-4078-A6EF-4D7EE3CCEBDD.npy,protein synthesis inhibitor
P015097,C06,s9,CBK307956,/mnt/micro-images-pvc/specs935-v1/specs935-v1-FA-P015097-U2OS-48h-P11-L2/2021-12-23/873/specs935-v1-FA-P015097-U2OS-48h-P11-L2_C06_s9_w518DB8BF3-36EF-443A-826D-B4B3F8B836DF.npy,protein synthesis inhibitor
P015097,D04,s1,CBK290848,/mnt/micro-images-pvc/specs935-v1/specs935-v1-FA-P015097-U2OS-48h-P11-L2/2021-12-23/873/specs935-v1-FA-P015097-U2OS-48h-P11-L2_D04_s1_w5261ED42D-82E0-4EE8-B225-A099ECD26DEF.npy,protein synthesis inhibitor
P015097,D04,s2,CBK290848,/mnt/micro-images-pvc/specs935-v1/specs935-v1-FA-P015097-U2OS-48h-P11-L2/2021-12-23/873/specs935-v1-FA-P015097-U2OS-48h-P11-L2_D04_s2_w56CA3534A-076F-42C9-963C-12CB7799ECBF.npy,protein synthesis inhibitor
P015097,D04,s3,CBK290848,/mnt/micro-images-pvc/specs935-v1/specs935-v1-FA-P015097-U2OS-48h-P11-L2/2021-12-23/873/specs935-v1-FA-P015097-U2OS-48h-P11-L2_D04_s3_w5F362FE2A-9428-4B2E-899B-A706B4960EF3.npy,protein synthesis inhibitor
P015097,D04,s4,CBK290848,/mnt/micro-images-pvc/specs935-v1/specs935-v1-FA-P015097-U2OS-48h-P11-L2/2021-12-23/873/specs935-v1-FA-P015097-U2OS-48h-P11-L2_D04_s4_w588E9D2F3-3412-4732-8BA6-E9DA3BE5F890.npy,protein synthesis inhibitor
P015097,D04,s5,CBK290848,/mnt/micro-images-pvc/specs935-v1/specs935-v1-FA-P015097-U2OS-48h-P11-L2/2021-12-23/873/specs935-v1-FA-P015097-U2OS-48h-P11-L2_D04_s5_w527399319-B04D-43A4-819E-864E698B7A0F.npy,protein synthesis inhibitor
P015097,D04,s6,CBK290848,/mnt/micro-images-pvc/specs935-v1/specs935-v1-FA-P015097-U2OS-48h-P11-L2/2021-12-23/873/specs935-v1-FA-P015097-U2OS-48h-P11-L2_D04_s6_w59486E410-3911-4BD4-98B1-E56FAD855C12.npy,protein synthesis inhibitor
P015097,D04,s7,CBK290848,/mnt/micro-images-pvc/specs935-v1/specs935-v1-FA-P015097-U2OS-48h-P11-L2/2021-12-23/873/specs935-v1-FA-P015097-U2OS-48h-P11-L2_D04_s7_w5D63F3278-C3FA-4199-8489-142F6E037298.npy,protein synthesis inhibitor
P015097,D04,s8,CBK290848,/mnt/micro-images-pvc/specs935-v1/specs935-v1-FA-P015097-U2OS-48h-P11-L2/2021-12-23/873/specs935-v1-FA-P015097-U2OS-48h-P11-L2_D04_s8_w5785FE600-4B45-49A2-89E4-79D3E0676A9D.npy,protein synthesis inhibitor
P015097,D04,s9,CBK290848,/mnt/micro-images-pvc/specs935-v1/specs935-v1-FA-P015097-U2OS-48h-P11-L2/2021-12-23/873/specs935-v1-FA-P015097-U2OS-48h-P11-L2_D04_s9_w5A1F989BE-9911-4900-8823-B9852DB028A2.npy,protein synthesis inhibitor
P015097,D06,s1,CBK041256,/mnt/micro-images-pvc/specs935-v1/specs935-v1-FA-P015097-U2OS-48h-P11-L2/2021-12-23/873/specs935-v1-FA-P015097-U2OS-48h-P11-L2_D06_s1_w589D8952A-3BF6-421E-814D-5FECA5D85968.npy,protein synthesis inhibitor
P015097,D06,s2,CBK041256,/mnt/micro-images-pvc/specs935-v1/specs935-v1-FA-P015097-U2OS-48h-P11-L2/2021-12-23/873/specs935-v1-FA-P015097-U2OS-48h-P11-L2_D06_s2_w5ED7E7098-A9D5-4372-9FC8-0E9D242838A8.npy,protein synthesis inhibitor
P015097,D06,s3,CBK041256,/mnt/micro-images-pvc/specs935-v1/specs935-v1-FA-P015097-U2OS-48h-P11-L2/2021-12-23/873/specs935-v1-FA-P015097-U2OS-48h-P11-L2_D06_s3_w5D1869025-09BB-4B23-A9F0-4A2A30E2EAFF.npy,protein synthesis inhibitor
P015097,D06,s4,CBK041256,/mnt/micro-images-pvc/specs935-v1/specs935-v1-FA-P015097-U2OS-48h-P11-L2/2021-12-23/873/specs935-v1-FA-P015097-U2OS-48h-P11-L2_D06_s4_w5F89F9BD0-F2BC-4AB5-B6FE-8104B5333EE1.npy,protein synthesis inhibitor
P015097,D06,s5,CBK041256,/mnt/micro-images-pvc/specs935-v1/specs935-v1-FA-P015097-U2OS-48h-P11-L2/2021-12-23/873/specs935-v1-FA-P015097-U2OS-48h-P11-L2_D06_s5_w54169502F-B14C-4160-BD7C-40EC0489C5B6.npy,protein synthesis inhibitor
P015097,D06,s6,CBK041256,/mnt/micro-images-pvc/specs935-v1/specs935-v1-FA-P015097-U2OS-48h-P11-L2/2021-12-23/873/specs935-v1-FA-P015097-U2OS-48h-P11-L2_D06_s6_w584358FA8-66BF-426E-8A04-82C6646ADEAB.npy,protein synthesis inhibitor
P015097,D06,s7,CBK041256,/mnt/micro-images-pvc/specs935-v1/specs935-v1-FA-P015097-U2OS-48h-P11-L2/2021-12-23/873/specs935-v1-FA-P015097-U2OS-48h-P11-L2_D06_s7_w56F6F29A9-C054-4896-958C-28F35F1367C6.npy,protein synthesis inhibitor
P015097,D06,s8,CBK041256,/mnt/micro-images-pvc/specs935-v1/specs935-v1-FA-P015097-U2OS-48h-P11-L2/2021-12-23/873/specs935-v1-FA-P015097-U2OS-48h-P11-L2_D06_s8_w5B26DE8B8-7592-4B14-99A2-6594CB73D9B9.npy,protein synthesis inhibitor
P015097,D06,s9,CBK041256,/mnt/micro-images-pvc/specs935-v1/specs935-v1-FA-P015097-U2OS-48h-P11-L2/2021-12-23/873/specs935-v1-FA-P015097-U2OS-48h-P11-L2_D06_s9_w56846549E-E116-4A59-9991-0B08BFFAA969.npy,protein synthesis inhibitor
P015097,D07,s1,CBK308519,/mnt/micro-images-pvc/specs935-v1/specs935-v1-FA-P015097-U2OS-48h-P11-L2/2021-12-23/873/specs935-v1-FA-P015097-U2OS-48h-P11-L2_D07_s1_w58AA87005-9930-4DA3-88A5-FA6F70DF65B8.npy,protein synthesis inhibitor
P015097,D07,s2,CBK308519,/mnt/micro-images-pvc/specs935-v1/specs935-v1-FA-P015097-U2OS-48h-P11-L2/2021-12-23/873/specs935-v1-FA-P015097-U2OS-48h-P11-L2_D07_s2_w54706A0B8-6C13-4E34-B47A-95A8621C1898.npy,protein synthesis inhibitor
P015097,D07,s3,CBK308519,/mnt/micro-images-pvc/specs935-v1/specs935-v1-FA-P015097-U2OS-48h-P11-L2/2021-12-23/873/specs935-v1-FA-P015097-U2OS-48h-P11-L2_D07_s3_w52A33BBE3-596E-4742-8427-E649C5BFB0E5.npy,protein synthesis inhibitor
P015097,D07,s4,CBK308519,/mnt/micro-images-pvc/specs935-v1/specs935-v1-FA-P015097-U2OS-48h-P11-L2/2021-12-23/873/specs935-v1-FA-P015097-U2OS-48h-P11-L2_D07_s4_w5E5087880-A823-4560-B624-2373ECCDD225.npy,protein synthesis inhibitor
P015097,D07,s5,CBK308519,/mnt/micro-images-pvc/specs935-v1/specs935-v1-FA-P015097-U2OS-48h-P11-L2/2021-12-23/873/specs935-v1-FA-P015097-U2OS-48h-P11-L2_D07_s5_w5F42FD4EE-48BC-4C3B-B6C1-7FB5DF8FBEE8.npy,protein synthesis inhibitor
P015097,D07,s6,CBK308519,/mnt/micro-images-pvc/specs935-v1/specs935-v1-FA-P015097-U2OS-48h-P11-L2/2021-12-23/873/specs935-v1-FA-P015097-U2OS-48h-P11-L2_D07_s6_w553417377-F63A-4A9D-B3DA-2F934FC54156.npy,protein synthesis inhibitor
P015097,D07,s7,CBK308519,/mnt/micro-images-pvc/specs935-v1/specs935-v1-FA-P015097-U2OS-48h-P11-L2/2021-12-23/873/specs935-v1-FA-P015097-U2OS-48h-P11-L2_D07_s7_w5A5D9BBC9-2992-4042-8C98-A05058AC2C46.npy,protein synthesis inhibitor
P015097,D07,s8,CBK308519,/mnt/micro-images-pvc/specs935-v1/specs935-v1-FA-P015097-U2OS-48h-P11-L2/2021-12-23/873/specs935-v1-FA-P015097-U2OS-48h-P11-L2_D07_s8_w5E4DA8234-677E-4E52-82EE-4A66A8678818.npy,protein synthesis inhibitor
P015097,D07,s9,CBK308519,/mnt/micro-images-pvc/specs935-v1/specs935-v1-FA-P015097-U2OS-48h-P11-L2/2021-12-23/873/specs935-v1-FA-P015097-U2OS-48h-P11-L2_D07_s9_w552505988-B278-4EE0-9A73-C2C6A4ABE218.npy,protein synthesis inhibitor
P015097,D13,s1,CBK041675,/mnt/micro-images-pvc/specs935-v1/specs935-v1-FA-P015097-U2OS-48h-P11-L2/2021-12-23/873/specs935-v1-FA-P015097-U2OS-48h-P11-L2_D13_s1_w563756DDC-0044-4017-B7B1-A56E9247FBE4.npy,protein synthesis inhibitor
P015097,D13,s2,CBK041675,/mnt/micro-images-pvc/specs935-v1/specs935-v1-FA-P015097-U2OS-48h-P11-L2/2021-12-23/873/specs935-v1-FA-P015097-U2OS-48h-P11-L2_D13_s2_w58443886A-239B-4E62-BB77-00BEB0A32E74.npy,protein synthesis inhibitor
P015097,D13,s3,CBK041675,/mnt/micro-images-pvc/specs935-v1/specs935-v1-FA-P015097-U2OS-48h-P11-L2/2021-12-23/873/specs935-v1-FA-P015097-U2OS-48h-P11-L2_D13_s3_w525E4D185-33BB-466C-BDAA-B94645AABDC1.npy,protein synthesis inhibitor
P015097,D13,s4,CBK041675,/mnt/micro-images-pvc/specs935-v1/specs935-v1-FA-P015097-U2OS-48h-P11-L2/2021-12-23/873/specs935-v1-FA-P015097-U2OS-48h-P11-L2_D13_s4_w5F8A4AE9D-7AE5-4CED-B3F4-905BED67C28A.npy,protein synthesis inhibitor
P015097,D13,s5,CBK041675,/mnt/micro-images-pvc/specs935-v1/specs935-v1-FA-P015097-U2OS-48h-P11-L2/2021-12-23/873/specs935-v1-FA-P015097-U2OS-48h-P11-L2_D13_s5_w51A400041-AB19-4B12-8D82-F76E9EABBFC6.npy,protein synthesis inhibitor
P015097,D13,s6,CBK041675,/mnt/micro-images-pvc/specs935-v1/specs935-v1-FA-P015097-U2OS-48h-P11-L2/2021-12-23/873/specs935-v1-FA-P015097-U2OS-48h-P11-L2_D13_s6_w5FE1E864E-DCDC-4ADF-AAD2-91F7D12BC75D.npy,protein synthesis inhibitor
P015097,D13,s7,CBK041675,/mnt/micro-images-pvc/specs935-v1/specs935-v1-FA-P015097-U2OS-48h-P11-L2/2021-12-23/873/specs935-v1-FA-P015097-U2OS-48h-P11-L2_D13_s7_w5D6DC2D37-44FF-4106-B973-8C8075A49656.npy,protein synthesis inhibitor
P015097,D13,s8,CBK041675,/mnt/micro-images-pvc/specs935-v1/specs935-v1-FA-P015097-U2OS-48h-P11-L2/2021-12-23/873/specs935-v1-FA-P015097-U2OS-48h-P11-L2_D13_s8_w5A8BC58C1-3197-442B-832A-D8895F1C9A3F.npy,protein synthesis inhibitor
P015097,D13,s9,CBK041675,/mnt/micro-images-pvc/specs935-v1/specs935-v1-FA-P015097-U2OS-48h-P11-L2/2021-12-23/873/specs935-v1-FA-P015097-U2OS-48h-P11-L2_D13_s9_w533AFACF1-8614-421A-A3E6-CD4EA247F258.npy,protein synthesis inhibitor
P015097,E02,s1,CBK307956,/mnt/micro-images-pvc/specs935-v1/specs935-v1-FA-P015097-U2OS-48h-P11-L2/2021-12-23/873/specs935-v1-FA-P015097-U2OS-48h-P11-L2_E02_s1_w5BA702635-15E1-4C8E-9573-DCD3E2787B58.npy,protein synthesis inhibitor
P015097,E02,s2,CBK307956,/mnt/micro-images-pvc/specs935-v1/specs935-v1-FA-P015097-U2OS-48h-P11-L2/2021-12-23/873/specs935-v1-FA-P015097-U2OS-48h-P11-L2_E02_s2_w509786D6C-0357-425F-8CD8-3633EC0E0697.npy,protein synthesis inhibitor
P015097,E02,s3,CBK307956,/mnt/micro-images-pvc/specs935-v1/specs935-v1-FA-P015097-U2OS-48h-P11-L2/2021-12-23/873/specs935-v1-FA-P015097-U2OS-48h-P11-L2_E02_s3_w5FD76BE9D-E49B-46E7-818F-3AB2CA0F8B31.npy,protein synthesis inhibitor
P015097,E02,s4,CBK307956,/mnt/micro-images-pvc/specs935-v1/specs935-v1-FA-P015097-U2OS-48h-P11-L2/2021-12-23/873/specs935-v1-FA-P015097-U2OS-48h-P11-L2_E02_s4_w516556044-044B-4EE5-9E00-2061544FFC35.npy,protein synthesis inhibitor
P015097,E02,s5,CBK307956,/mnt/micro-images-pvc/specs935-v1/specs935-v1-FA-P015097-U2OS-48h-P11-L2/2021-12-23/873/specs935-v1-FA-P015097-U2OS-48h-P11-L2_E02_s5_w5B13A2365-65B2-4CA0-8679-1BE0CF2FAB4A.npy,protein synthesis inhibitor
P015097,E02,s6,CBK307956,/mnt/micro-images-pvc/specs935-v1/specs935-v1-FA-P015097-U2OS-48h-P11-L2/2021-12-23/873/specs935-v1-FA-P015097-U2OS-48h-P11-L2_E02_s6_w5E9887C70-FD53-42C0-AF82-7889E4CAB5A1.npy,protein synthesis inhibitor
P015097,E02,s7,CBK307956,/mnt/micro-images-pvc/specs935-v1/specs935-v1-FA-P015097-U2OS-48h-P11-L2/2021-12-23/873/specs935-v1-FA-P015097-U2OS-48h-P11-L2_E02_s7_w5FC8A7ED5-CB38-490D-AC2B-9A3C80E9C1B2.npy,protein synthesis inhibitor
P015097,E02,s8,CBK307956,/mnt/micro-images-pvc/specs935-v1/specs935-v1-FA-P015097-U2OS-48h-P11-L2/2021-12-23/873/specs935-v1-FA-P015097-U2OS-48h-P11-L2_E02_s8_w542D81BEC-59C0-4F56-99A6-637DDB94BC8F.npy,protein synthesis inhibitor
P015097,E02,s9,CBK307956,/mnt/micro-images-pvc/specs935-v1/specs935-v1-FA-P015097-U2OS-48h-P11-L2/2021-12-23/873/specs935-v1-FA-P015097-U2OS-48h-P11-L2_E02_s9_w5DF465274-AB4E-4AA5-A5B2-0A46F32D58CB.npy,protein synthesis inhibitor
P015097,E05,s1,CBK309258,/mnt/micro-images-pvc/specs935-v1/specs935-v1-FA-P015097-U2OS-48h-P11-L2/2021-12-23/873/specs935-v1-FA-P015097-U2OS-48h-P11-L2_E05_s1_w5030FFF18-AAA6-4859-BDC9-772F1D6750AD.npy,protein synthesis inhibitor
P015097,E05,s2,CBK309258,/mnt/micro-images-pvc/specs935-v1/specs935-v1-FA-P015097-U2OS-48h-P11-L2/2021-12-23/873/specs935-v1-FA-P015097-U2OS-48h-P11-L2_E05_s2_w5D38E3824-B5BE-40E3-9142-A396596F0B08.npy,protein synthesis inhibitor
P015097,E05,s3,CBK309258,/mnt/micro-images-pvc/specs935-v1/specs935-v1-FA-P015097-U2OS-48h-P11-L2/2021-12-23/873/specs935-v1-FA-P015097-U2OS-48h-P11-L2_E05_s3_w51F9DDA39-79F2-4C31-8029-B504F8CBA4F8.npy,protein synthesis inhibitor
P015097,E05,s4,CBK309258,/mnt/micro-images-pvc/specs935-v1/specs935-v1-FA-P015097-U2OS-48h-P11-L2/2021-12-23/873/specs935-v1-FA-P015097-U2OS-48h-P11-L2_E05_s4_w55CFBF609-8394-4092-85BD-5278B525C18A.npy,protein synthesis inhibitor
P015097,E05,s5,CBK309258,/mnt/micro-images-pvc/specs935-v1/specs935-v1-FA-P015097-U2OS-48h-P11-L2/2021-12-23/873/specs935-v1-FA-P015097-U2OS-48h-P11-L2_E05_s5_w50A0AB662-8040-4E11-8D17-9518D05AAB2B.npy,protein synthesis inhibitor
P015097,E05,s6,CBK309258,/mnt/micro-images-pvc/specs935-v1/specs935-v1-FA-P015097-U2OS-48h-P11-L2/2021-12-23/873/specs935-v1-FA-P015097-U2OS-48h-P11-L2_E05_s6_w5CDFF29D2-6894-4D14-9D1C-CE30274BFDC0.npy,protein synthesis inhibitor
P015097,E05,s7,CBK309258,/mnt/micro-images-pvc/specs935-v1/specs935-v1-FA-P015097-U2OS-48h-P11-L2/2021-12-23/873/specs935-v1-FA-P015097-U2OS-48h-P11-L2_E05_s7_w59BBC8BB3-1AAC-47CD-931F-D297FEE3C0ED.npy,protein synthesis inhibitor
P015097,E05,s8,CBK309258,/mnt/micro-images-pvc/specs935-v1/specs935-v1-FA-P015097-U2OS-48h-P11-L2/2021-12-23/873/specs935-v1-FA-P015097-U2OS-48h-P11-L2_E05_s8_w5CB65F370-4FBB-4717-AE2D-FB666F71E4D4.npy,protein synthesis inhibitor
P015097,E05,s9,CBK309258,/mnt/micro-images-pvc/specs935-v1/specs935-v1-FA-P015097-U2OS-48h-P11-L2/2021-12-23/873/specs935-v1-FA-P015097-U2OS-48h-P11-L2_E05_s9_w5B6126614-1C3E-40F9-BB90-7B31139EC9BA.npy,protein synthesis inhibitor
P015097,E09,s1,CBK308608,/mnt/micro-images-pvc/specs935-v1/specs935-v1-FA-P015097-U2OS-48h-P11-L2/2021-12-23/873/specs935-v1-FA-P015097-U2OS-48h-P11-L2_E09_s1_w5096779C3-AA4D-4076-813D-7215F9DEAFB7.npy,protein synthesis inhibitor
P015097,E09,s2,CBK308608,/mnt/micro-images-pvc/specs935-v1/specs935-v1-FA-P015097-U2OS-48h-P11-L2/2021-12-23/873/specs935-v1-FA-P015097-U2OS-48h-P11-L2_E09_s2_w56618D9DA-4B7C-44C1-9CD4-A7C8E6EDC5AD.npy,protein synthesis inhibitor
P015097,E09,s3,CBK308608,/mnt/micro-images-pvc/specs935-v1/specs935-v1-FA-P015097-U2OS-48h-P11-L2/2021-12-23/873/specs935-v1-FA-P015097-U2OS-48h-P11-L2_E09_s3_w56149D2F6-E9D4-40CD-989A-53C18BF1AC01.npy,protein synthesis inhibitor
P015097,E09,s4,CBK308608,/mnt/micro-images-pvc/specs935-v1/specs935-v1-FA-P015097-U2OS-48h-P11-L2/2021-12-23/873/specs935-v1-FA-P015097-U2OS-48h-P11-L2_E09_s4_w5A0E91F71-4155-4CC0-9923-86725A0A0DBB.npy,protein synthesis inhibitor
P015097,E09,s5,CBK308608,/mnt/micro-images-pvc/specs935-v1/specs935-v1-FA-P015097-U2OS-48h-P11-L2/2021-12-23/873/specs935-v1-FA-P015097-U2OS-48h-P11-L2_E09_s5_w50D2080F6-A2C0-461A-B5B0-A560F3B828C7.npy,protein synthesis inhibitor
P015097,E09,s6,CBK308608,/mnt/micro-images-pvc/specs935-v1/specs935-v1-FA-P015097-U2OS-48h-P11-L2/2021-12-23/873/specs935-v1-FA-P015097-U2OS-48h-P11-L2_E09_s6_w57D2D0814-1256-4867-8C44-D1CA59BA48C6.npy,protein synthesis inhibitor
P015097,E09,s7,CBK308608,/mnt/micro-images-pvc/specs935-v1/specs935-v1-FA-P015097-U2OS-48h-P11-L2/2021-12-23/873/specs935-v1-FA-P015097-U2OS-48h-P11-L2_E09_s7_w513445564-0087-4CEB-8F9E-67BC40B4FEE4.npy,protein synthesis inhibitor
P015097,E09,s8,CBK308608,/mnt/micro-images-pvc/specs935-v1/specs935-v1-FA-P015097-U2OS-48h-P11-L2/2021-12-23/873/specs935-v1-FA-P015097-U2OS-48h-P11-L2_E09_s8_w549E1F308-39AC-4E1B-83A2-C8EF2E1F968D.npy,protein synthesis inhibitor
P015097,E09,s9,CBK308608,/mnt/micro-images-pvc/specs935-v1/specs935-v1-FA-P015097-U2OS-48h-P11-L2/2021-12-23/873/specs935-v1-FA-P015097-U2OS-48h-P11-L2_E09_s9_w54D7A76B3-BC36-427B-B662-8D8CF724DE35.npy,protein synthesis inhibitor
P015097,F09,s1,CBK308519,/mnt/micro-images-pvc/specs935-v1/specs935-v1-FA-P015097-U2OS-48h-P11-L2/2021-12-23/873/specs935-v1-FA-P015097-U2OS-48h-P11-L2_F09_s1_w511CFE741-5415-4352-830B-6679FBE276C1.npy,protein synthesis inhibitor
P015097,F09,s2,CBK308519,/mnt/micro-images-pvc/specs935-v1/specs935-v1-FA-P015097-U2OS-48h-P11-L2/2021-12-23/873/specs935-v1-FA-P015097-U2OS-48h-P11-L2_F09_s2_w5D2C2D5F7-4997-457D-B697-ED517D964878.npy,protein synthesis inhibitor
P015097,F09,s3,CBK308519,/mnt/micro-images-pvc/specs935-v1/specs935-v1-FA-P015097-U2OS-48h-P11-L2/2021-12-23/873/specs935-v1-FA-P015097-U2OS-48h-P11-L2_F09_s3_w532740F39-982B-4E67-9C15-CDD4C9EAE083.npy,protein synthesis inhibitor
P015097,F09,s4,CBK308519,/mnt/micro-images-pvc/specs935-v1/specs935-v1-FA-P015097-U2OS-48h-P11-L2/2021-12-23/873/specs935-v1-FA-P015097-U2OS-48h-P11-L2_F09_s4_w503DEABFE-6096-46CE-801D-4174E249D6EC.npy,protein synthesis inhibitor
P015097,F09,s5,CBK308519,/mnt/micro-images-pvc/specs935-v1/specs935-v1-FA-P015097-U2OS-48h-P11-L2/2021-12-23/873/specs935-v1-FA-P015097-U2OS-48h-P11-L2_F09_s5_w500013E9E-459F-4EDD-812C-2896AF499249.npy,protein synthesis inhibitor
P015097,F09,s6,CBK308519,/mnt/micro-images-pvc/specs935-v1/specs935-v1-FA-P015097-U2OS-48h-P11-L2/2021-12-23/873/specs935-v1-FA-P015097-U2OS-48h-P11-L2_F09_s6_w554EC8EFC-9CDE-4A0B-A6C1-E97735757632.npy,protein synthesis inhibitor
P015097,F09,s7,CBK308519,/mnt/micro-images-pvc/specs935-v1/specs935-v1-FA-P015097-U2OS-48h-P11-L2/2021-12-23/873/specs935-v1-FA-P015097-U2OS-48h-P11-L2_F09_s7_w5B29FCB7B-A516-467A-B9F3-96EE99421A70.npy,protein synthesis inhibitor
P015097,F09,s8,CBK308519,/mnt/micro-images-pvc/specs935-v1/specs935-v1-FA-P015097-U2OS-48h-P11-L2/2021-12-23/873/specs935-v1-FA-P015097-U2OS-48h-P11-L2_F09_s8_w59A55E12E-AEDA-43BE-B7AE-C3EADE9340E5.npy,protein synthesis inhibitor
P015097,F09,s9,CBK308519,/mnt/micro-images-pvc/specs935-v1/specs935-v1-FA-P015097-U2OS-48h-P11-L2/2021-12-23/873/specs935-v1-FA-P015097-U2OS-48h-P11-L2_F09_s9_w5A05461BD-DE53-44B5-8C45-829A27AEBFAC.npy,protein synthesis inhibitor
P015097,F12,s1,CBK290848,/mnt/micro-images-pvc/specs935-v1/specs935-v1-FA-P015097-U2OS-48h-P11-L2/2021-12-23/873/specs935-v1-FA-P015097-U2OS-48h-P11-L2_F12_s1_w5ACCFC2F8-EF25-49DA-9779-F196FABB52A5.npy,protein synthesis inhibitor
P015097,F12,s2,CBK290848,/mnt/micro-images-pvc/specs935-v1/specs935-v1-FA-P015097-U2OS-48h-P11-L2/2021-12-23/873/specs935-v1-FA-P015097-U2OS-48h-P11-L2_F12_s2_w5F5F73D82-0EA2-49B6-96A8-BC819869472D.npy,protein synthesis inhibitor
P015097,F12,s3,CBK290848,/mnt/micro-images-pvc/specs935-v1/specs935-v1-FA-P015097-U2OS-48h-P11-L2/2021-12-23/873/specs935-v1-FA-P015097-U2OS-48h-P11-L2_F12_s3_w52EFF6917-BAD3-4158-9D7E-D45832ADE88D.npy,protein synthesis inhibitor
P015097,F12,s4,CBK290848,/mnt/micro-images-pvc/specs935-v1/specs935-v1-FA-P015097-U2OS-48h-P11-L2/2021-12-23/873/specs935-v1-FA-P015097-U2OS-48h-P11-L2_F12_s4_w50323E301-547A-4F20-86DD-9E842373757E.npy,protein synthesis inhibitor
P015097,F12,s5,CBK290848,/mnt/micro-images-pvc/specs935-v1/specs935-v1-FA-P015097-U2OS-48h-P11-L2/2021-12-23/873/specs935-v1-FA-P015097-U2OS-48h-P11-L2_F12_s5_w5AB309544-3005-43AD-AAE9-7B63AD46165A.npy,protein synthesis inhibitor
P015097,F12,s6,CBK290848,/mnt/micro-images-pvc/specs935-v1/specs935-v1-FA-P015097-U2OS-48h-P11-L2/2021-12-23/873/specs935-v1-FA-P015097-U2OS-48h-P11-L2_F12_s6_w590AE8D98-CC52-4365-BC09-1C0FD2318343.npy,protein synthesis inhibitor
P015097,F12,s7,CBK290848,/mnt/micro-images-pvc/specs935-v1/specs935-v1-FA-P015097-U2OS-48h-P11-L2/2021-12-23/873/specs935-v1-FA-P015097-U2OS-48h-P11-L2_F12_s7_w5167C8A39-1939-41BA-AEA3-6FEB154AD9A9.npy,protein synthesis inhibitor
P015097,F12,s8,CBK290848,/mnt/micro-images-pvc/specs935-v1/specs935-v1-FA-P015097-U2OS-48h-P11-L2/2021-12-23/873/specs935-v1-FA-P015097-U2OS-48h-P11-L2_F12_s8_w5EFA83DFD-2CA0-436E-BC05-34604221C95A.npy,protein synthesis inhibitor
P015097,F12,s9,CBK290848,/mnt/micro-images-pvc/specs935-v1/specs935-v1-FA-P015097-U2OS-48h-P11-L2/2021-12-23/873/specs935-v1-FA-P015097-U2OS-48h-P11-L2_F12_s9_w54E2FB32E-DB05-40C5-99D8-6F6772D03129.npy,protein synthesis inhibitor
P015097,F13,s1,CBK041619,/mnt/micro-images-pvc/specs935-v1/specs935-v1-FA-P015097-U2OS-48h-P11-L2/2021-12-23/873/specs935-v1-FA-P015097-U2OS-48h-P11-L2_F13_s1_w500A033DF-6F2A-4B3F-B670-355DD53E9BA2.npy,protein synthesis inhibitor
P015097,F13,s2,CBK041619,/mnt/micro-images-pvc/specs935-v1/specs935-v1-FA-P015097-U2OS-48h-P11-L2/2021-12-23/873/specs935-v1-FA-P015097-U2OS-48h-P11-L2_F13_s2_w56B152BA2-E771-4A94-8136-488A7524E4F7.npy,protein synthesis inhibitor
P015097,F13,s3,CBK041619,/mnt/micro-images-pvc/specs935-v1/specs935-v1-FA-P015097-U2OS-48h-P11-L2/2021-12-23/873/specs935-v1-FA-P015097-U2OS-48h-P11-L2_F13_s3_w542376E83-ABB3-434A-8247-9C4B9A653223.npy,protein synthesis inhibitor
P015097,F13,s4,CBK041619,/mnt/micro-images-pvc/specs935-v1/specs935-v1-FA-P015097-U2OS-48h-P11-L2/2021-12-23/873/specs935-v1-FA-P015097-U2OS-48h-P11-L2_F13_s4_w5072AF5EA-0B86-41C0-9A87-3432A6E765F7.npy,protein synthesis inhibitor
P015097,F13,s5,CBK041619,/mnt/micro-images-pvc/specs935-v1/specs935-v1-FA-P015097-U2OS-48h-P11-L2/2021-12-23/873/specs935-v1-FA-P015097-U2OS-48h-P11-L2_F13_s5_w5BEB49165-87CC-4383-8A72-F0F858CE62FD.npy,protein synthesis inhibitor
P015097,F13,s6,CBK041619,/mnt/micro-images-pvc/specs935-v1/specs935-v1-FA-P015097-U2OS-48h-P11-L2/2021-12-23/873/specs935-v1-FA-P015097-U2OS-48h-P11-L2_F13_s6_w54A709E97-72F4-46FF-A805-AFC530F37C67.npy,protein synthesis inhibitor
P015097,F13,s7,CBK041619,/mnt/micro-images-pvc/specs935-v1/specs935-v1-FA-P015097-U2OS-48h-P11-L2/2021-12-23/873/specs935-v1-FA-P015097-U2OS-48h-P11-L2_F13_s7_w5E670EA50-A902-41C7-9AF3-DE936F1F053C.npy,protein synthesis inhibitor
P015097,F13,s8,CBK041619,/mnt/micro-images-pvc/specs935-v1/specs935-v1-FA-P015097-U2OS-48h-P11-L2/2021-12-23/873/specs935-v1-FA-P015097-U2OS-48h-P11-L2_F13_s8_w5736B5467-731E-47CA-BAA7-AC71BDEAFB60.npy,protein synthesis inhibitor
P015097,F13,s9,CBK041619,/mnt/micro-images-pvc/specs935-v1/specs935-v1-FA-P015097-U2OS-48h-P11-L2/2021-12-23/873/specs935-v1-FA-P015097-U2OS-48h-P11-L2_F13_s9_w5E98E7F59-B12A-4398-865F-889092BD8DF5.npy,protein synthesis inhibitor
P015097,F15,s1,CBK308887,/mnt/micro-images-pvc/specs935-v1/specs935-v1-FA-P015097-U2OS-48h-P11-L2/2021-12-23/873/specs935-v1-FA-P015097-U2OS-48h-P11-L2_F15_s1_w52E290AED-B8CA-434C-8743-21476D2E574D.npy,protein synthesis inhibitor
P015097,F15,s2,CBK308887,/mnt/micro-images-pvc/specs935-v1/specs935-v1-FA-P015097-U2OS-48h-P11-L2/2021-12-23/873/specs935-v1-FA-P015097-U2OS-48h-P11-L2_F15_s2_w5BD8F14EB-4AFC-4180-A729-82705CFC12AC.npy,protein synthesis inhibitor
P015097,F15,s3,CBK308887,/mnt/micro-images-pvc/specs935-v1/specs935-v1-FA-P015097-U2OS-48h-P11-L2/2021-12-23/873/specs935-v1-FA-P015097-U2OS-48h-P11-L2_F15_s3_w5397C85EC-CDA6-4874-9F08-25E4C6C727D1.npy,protein synthesis inhibitor
P015097,F15,s4,CBK308887,/mnt/micro-images-pvc/specs935-v1/specs935-v1-FA-P015097-U2OS-48h-P11-L2/2021-12-23/873/specs935-v1-FA-P015097-U2OS-48h-P11-L2_F15_s4_w5DC7C330E-5BEC-4E36-90BC-AE7BB8DCAE7B.npy,protein synthesis inhibitor
P015097,F15,s5,CBK308887,/mnt/micro-images-pvc/specs935-v1/specs935-v1-FA-P015097-U2OS-48h-P11-L2/2021-12-23/873/specs935-v1-FA-P015097-U2OS-48h-P11-L2_F15_s5_w55217162F-B10A-43CC-A622-C326E567B505.npy,protein synthesis inhibitor
P015097,F15,s6,CBK308887,/mnt/micro-images-pvc/specs935-v1/specs935-v1-FA-P015097-U2OS-48h-P11-L2/2021-12-23/873/specs935-v1-FA-P015097-U2OS-48h-P11-L2_F15_s6_w5B4AE8518-B9CF-43E9-85BE-4C4DFA792523.npy,protein synthesis inhibitor
P015097,F15,s7,CBK308887,/mnt/micro-images-pvc/specs935-v1/specs935-v1-FA-P015097-U2OS-48h-P11-L2/2021-12-23/873/specs935-v1-FA-P015097-U2OS-48h-P11-L2_F15_s7_w52D4DBD13-5A48-45D2-9706-F7FF3961737E.npy,protein synthesis inhibitor
P015097,F15,s8,CBK308887,/mnt/micro-images-pvc/specs935-v1/specs935-v1-FA-P015097-U2OS-48h-P11-L2/2021-12-23/873/specs935-v1-FA-P015097-U2OS-48h-P11-L2_F15_s8_w58B4E6944-5434-4F78-8ED1-F411BEEDEFD0.npy,protein synthesis inhibitor
P015097,F15,s9,CBK308887,/mnt/micro-images-pvc/specs935-v1/specs935-v1-FA-P015097-U2OS-48h-P11-L2/2021-12-23/873/specs935-v1-FA-P015097-U2OS-48h-P11-L2_F15_s9_w52356CCD5-A641-43B1-ACEF-B0D244617B14.npy,protein synthesis inhibitor
P015097,F23,s1,CBK200838,/mnt/micro-images-pvc/specs935-v1/specs935-v1-FA-P015097-U2OS-48h-P11-L2/2021-12-23/873/specs935-v1-FA-P015097-U2OS-48h-P11-L2_F23_s1_w59A106618-F35B-464A-B349-832814767720.npy,protein synthesis inhibitor
P015097,F23,s2,CBK200838,/mnt/micro-images-pvc/specs935-v1/specs935-v1-FA-P015097-U2OS-48h-P11-L2/2021-12-23/873/specs935-v1-FA-P015097-U2OS-48h-P11-L2_F23_s2_w5C4672C5F-3BEE-46D2-B56C-9AE2FE7C9DC5.npy,protein synthesis inhibitor
P015097,F23,s3,CBK200838,/mnt/micro-images-pvc/specs935-v1/specs935-v1-FA-P015097-U2OS-48h-P11-L2/2021-12-23/873/specs935-v1-FA-P015097-U2OS-48h-P11-L2_F23_s3_w516A6E0D6-25C8-4F87-8F04-93DF9FCE9790.npy,protein synthesis inhibitor
P015097,F23,s4,CBK200838,/mnt/micro-images-pvc/specs935-v1/specs935-v1-FA-P015097-U2OS-48h-P11-L2/2021-12-23/873/specs935-v1-FA-P015097-U2OS-48h-P11-L2_F23_s4_w5614249C9-2EBF-4FCE-8D9F-29D302FCEFFB.npy,protein synthesis inhibitor
P015097,F23,s5,CBK200838,/mnt/micro-images-pvc/specs935-v1/specs935-v1-FA-P015097-U2OS-48h-P11-L2/2021-12-23/873/specs935-v1-FA-P015097-U2OS-48h-P11-L2_F23_s5_w517F13777-C260-42A0-B07C-E4E331403B29.npy,protein synthesis inhibitor
P015097,F23,s6,CBK200838,/mnt/micro-images-pvc/specs935-v1/specs935-v1-FA-P015097-U2OS-48h-P11-L2/2021-12-23/873/specs935-v1-FA-P015097-U2OS-48h-P11-L2_F23_s6_w5B2B96F19-9D5A-489C-8BE0-50FABBA5489E.npy,protein synthesis inhibitor
P015097,F23,s7,CBK200838,/mnt/micro-images-pvc/specs935-v1/specs935-v1-FA-P015097-U2OS-48h-P11-L2/2021-12-23/873/specs935-v1-FA-P015097-U2OS-48h-P11-L2_F23_s7_w5FB14A054-B3DE-4A13-B2A8-69ADD0C3931A.npy,protein synthesis inhibitor
P015097,F23,s8,CBK200838,/mnt/micro-images-pvc/specs935-v1/specs935-v1-FA-P015097-U2OS-48h-P11-L2/2021-12-23/873/specs935-v1-FA-P015097-U2OS-48h-P11-L2_F23_s8_w5DA878260-6DA2-4913-8F52-65E1EF51ED7F.npy,protein synthesis inhibitor
P015097,F23,s9,CBK200838,/mnt/micro-images-pvc/specs935-v1/specs935-v1-FA-P015097-U2OS-48h-P11-L2/2021-12-23/873/specs935-v1-FA-P015097-U2OS-48h-P11-L2_F23_s9_w5E98F8346-3EF6-4817-9D5B-D6E59895236A.npy,protein synthesis inhibitor
P015097,G04,s1,CBK041619,/mnt/micro-images-pvc/specs935-v1/specs935-v1-FA-P015097-U2OS-48h-P11-L2/2021-12-23/873/specs935-v1-FA-P015097-U2OS-48h-P11-L2_G04_s1_w5EDFE3F34-2EDB-439A-840F-736CDABB10AD.npy,protein synthesis inhibitor
P015097,G04,s2,CBK041619,/mnt/micro-images-pvc/specs935-v1/specs935-v1-FA-P015097-U2OS-48h-P11-L2/2021-12-23/873/specs935-v1-FA-P015097-U2OS-48h-P11-L2_G04_s2_w51516F569-102B-4931-94D9-F129B9AC34E2.npy,protein synthesis inhibitor
P015097,G04,s3,CBK041619,/mnt/micro-images-pvc/specs935-v1/specs935-v1-FA-P015097-U2OS-48h-P11-L2/2021-12-23/873/specs935-v1-FA-P015097-U2OS-48h-P11-L2_G04_s3_w5E19D8E30-C3D0-4544-8749-96AFAFDA6A1F.npy,protein synthesis inhibitor
P015097,G04,s4,CBK041619,/mnt/micro-images-pvc/specs935-v1/specs935-v1-FA-P015097-U2OS-48h-P11-L2/2021-12-23/873/specs935-v1-FA-P015097-U2OS-48h-P11-L2_G04_s4_w50A171325-59DF-40FD-9041-CB277A53A7A0.npy,protein synthesis inhibitor
P015097,G04,s5,CBK041619,/mnt/micro-images-pvc/specs935-v1/specs935-v1-FA-P015097-U2OS-48h-P11-L2/2021-12-23/873/specs935-v1-FA-P015097-U2OS-48h-P11-L2_G04_s5_w57A08F072-3F35-4193-A741-519D02190356.npy,protein synthesis inhibitor
P015097,G04,s6,CBK041619,/mnt/micro-images-pvc/specs935-v1/specs935-v1-FA-P015097-U2OS-48h-P11-L2/2021-12-23/873/specs935-v1-FA-P015097-U2OS-48h-P11-L2_G04_s6_w54FA1CE5D-59DD-491A-B650-35F207FA1567.npy,protein synthesis inhibitor
P015097,G04,s7,CBK041619,/mnt/micro-images-pvc/specs935-v1/specs935-v1-FA-P015097-U2OS-48h-P11-L2/2021-12-23/873/specs935-v1-FA-P015097-U2OS-48h-P11-L2_G04_s7_w540BD39CD-BAE0-414C-86BC-D459D84AEC94.npy,protein synthesis inhibitor
P015097,G04,s8,CBK041619,/mnt/micro-images-pvc/specs935-v1/specs935-v1-FA-P015097-U2OS-48h-P11-L2/2021-12-23/873/specs935-v1-FA-P015097-U2OS-48h-P11-L2_G04_s8_w52E01D4D7-F16B-48E3-BBE5-758BA0EA1275.npy,protein synthesis inhibitor
P015097,G04,s9,CBK041619,/mnt/micro-images-pvc/specs935-v1/specs935-v1-FA-P015097-U2OS-48h-P11-L2/2021-12-23/873/specs935-v1-FA-P015097-U2OS-48h-P11-L2_G04_s9_w585066C12-807B-47C0-8FD5-C9AAEA399299.npy,protein synthesis inhibitor
P015097,H05,s1,CBK309098,/mnt/micro-images-pvc/specs935-v1/specs935-v1-FA-P015097-U2OS-48h-P11-L2/2021-12-23/873/specs935-v1-FA-P015097-U2OS-48h-P11-L2_H05_s1_w535199A22-8FD2-4789-AA15-FCED98F9C986.npy,protein synthesis inhibitor
P015097,H05,s2,CBK309098,/mnt/micro-images-pvc/specs935-v1/specs935-v1-FA-P015097-U2OS-48h-P11-L2/2021-12-23/873/specs935-v1-FA-P015097-U2OS-48h-P11-L2_H05_s2_w5F734A7DB-D46A-4644-8862-3EC0F98D9414.npy,protein synthesis inhibitor
P015097,H05,s3,CBK309098,/mnt/micro-images-pvc/specs935-v1/specs935-v1-FA-P015097-U2OS-48h-P11-L2/2021-12-23/873/specs935-v1-FA-P015097-U2OS-48h-P11-L2_H05_s3_w5B4619DF7-E558-4D5C-837F-95C2337DD020.npy,protein synthesis inhibitor
P015097,H05,s4,CBK309098,/mnt/micro-images-pvc/specs935-v1/specs935-v1-FA-P015097-U2OS-48h-P11-L2/2021-12-23/873/specs935-v1-FA-P015097-U2OS-48h-P11-L2_H05_s4_w5098439C0-D6D9-4EE9-8C1B-AE6429ABCA20.npy,protein synthesis inhibitor
P015097,H05,s5,CBK309098,/mnt/micro-images-pvc/specs935-v1/specs935-v1-FA-P015097-U2OS-48h-P11-L2/2021-12-23/873/specs935-v1-FA-P015097-U2OS-48h-P11-L2_H05_s5_w5E71A0DB2-DE59-4AE9-A826-899E4B5B0112.npy,protein synthesis inhibitor
P015097,H05,s6,CBK309098,/mnt/micro-images-pvc/specs935-v1/specs935-v1-FA-P015097-U2OS-48h-P11-L2/2021-12-23/873/specs935-v1-FA-P015097-U2OS-48h-P11-L2_H05_s6_w52745C413-CABA-4630-B7CF-8D42A902C64F.npy,protein synthesis inhibitor
P015097,H05,s7,CBK309098,/mnt/micro-images-pvc/specs935-v1/specs935-v1-FA-P015097-U2OS-48h-P11-L2/2021-12-23/873/specs935-v1-FA-P015097-U2OS-48h-P11-L2_H05_s7_w55BE6AA59-6034-47DD-B115-1AA6FDD2CC91.npy,protein synthesis inhibitor
P015097,H05,s8,CBK309098,/mnt/micro-images-pvc/specs935-v1/specs935-v1-FA-P015097-U2OS-48h-P11-L2/2021-12-23/873/specs935-v1-FA-P015097-U2OS-48h-P11-L2_H05_s8_w523F8648A-5338-44FF-9D53-A4BE3C485FA2.npy,protein synthesis inhibitor
P015097,H05,s9,CBK309098,/mnt/micro-images-pvc/specs935-v1/specs935-v1-FA-P015097-U2OS-48h-P11-L2/2021-12-23/873/specs935-v1-FA-P015097-U2OS-48h-P11-L2_H05_s9_w5FFCCD2E0-6536-4119-B566-ABEEB67E5856.npy,protein synthesis inhibitor
P015097,H15,s1,CBK041675,/mnt/micro-images-pvc/specs935-v1/specs935-v1-FA-P015097-U2OS-48h-P11-L2/2021-12-23/873/specs935-v1-FA-P015097-U2OS-48h-P11-L2_H15_s1_w52880C2AE-B3AF-44F4-BDBC-FE9892D758B0.npy,protein synthesis inhibitor
P015097,H15,s2,CBK041675,/mnt/micro-images-pvc/specs935-v1/specs935-v1-FA-P015097-U2OS-48h-P11-L2/2021-12-23/873/specs935-v1-FA-P015097-U2OS-48h-P11-L2_H15_s2_w5803B949D-F371-4FB6-858D-DE1E721D9268.npy,protein synthesis inhibitor
P015097,H15,s3,CBK041675,/mnt/micro-images-pvc/specs935-v1/specs935-v1-FA-P015097-U2OS-48h-P11-L2/2021-12-23/873/specs935-v1-FA-P015097-U2OS-48h-P11-L2_H15_s3_w5236D30E4-B8B2-4007-AA74-343B9917D8A8.npy,protein synthesis inhibitor
P015097,H15,s4,CBK041675,/mnt/micro-images-pvc/specs935-v1/specs935-v1-FA-P015097-U2OS-48h-P11-L2/2021-12-23/873/specs935-v1-FA-P015097-U2OS-48h-P11-L2_H15_s4_w547B97ECC-AFFB-4655-893E-742A327D6B81.npy,protein synthesis inhibitor
P015097,H15,s5,CBK041675,/mnt/micro-images-pvc/specs935-v1/specs935-v1-FA-P015097-U2OS-48h-P11-L2/2021-12-23/873/specs935-v1-FA-P015097-U2OS-48h-P11-L2_H15_s5_w5EAD6F625-348E-4917-97C0-B077B3556B11.npy,protein synthesis inhibitor
P015097,H15,s6,CBK041675,/mnt/micro-images-pvc/specs935-v1/specs935-v1-FA-P015097-U2OS-48h-P11-L2/2021-12-23/873/specs935-v1-FA-P015097-U2OS-48h-P11-L2_H15_s6_w5D6E3BDA3-04DD-4CFD-BA9C-8AA9CA13D1B2.npy,protein synthesis inhibitor
P015097,H15,s7,CBK041675,/mnt/micro-images-pvc/specs935-v1/specs935-v1-FA-P015097-U2OS-48h-P11-L2/2021-12-23/873/specs935-v1-FA-P015097-U2OS-48h-P11-L2_H15_s7_w575354713-144A-4EBE-994E-271C92113945.npy,protein synthesis inhibitor
P015097,H15,s8,CBK041675,/mnt/micro-images-pvc/specs935-v1/specs935-v1-FA-P015097-U2OS-48h-P11-L2/2021-12-23/873/specs935-v1-FA-P015097-U2OS-48h-P11-L2_H15_s8_w51B73CC1E-02B8-4ABD-9CDD-A5BC42C3B9EA.npy,protein synthesis inhibitor
P015097,H15,s9,CBK041675,/mnt/micro-images-pvc/specs935-v1/specs935-v1-FA-P015097-U2OS-48h-P11-L2/2021-12-23/873/specs935-v1-FA-P015097-U2OS-48h-P11-L2_H15_s9_w543197C3C-A004-4176-9F2F-DD08BF677D88.npy,protein synthesis inhibitor
P015097,H16,s1,CBK041256,/mnt/micro-images-pvc/specs935-v1/specs935-v1-FA-P015097-U2OS-48h-P11-L2/2021-12-23/873/specs935-v1-FA-P015097-U2OS-48h-P11-L2_H16_s1_w5214B367B-FF99-494A-A239-BED5F31E9885.npy,protein synthesis inhibitor
P015097,H16,s2,CBK041256,/mnt/micro-images-pvc/specs935-v1/specs935-v1-FA-P015097-U2OS-48h-P11-L2/2021-12-23/873/specs935-v1-FA-P015097-U2OS-48h-P11-L2_H16_s2_w50044605F-7742-4EC8-BFE8-8213F19F4FD3.npy,protein synthesis inhibitor
P015097,H16,s3,CBK041256,/mnt/micro-images-pvc/specs935-v1/specs935-v1-FA-P015097-U2OS-48h-P11-L2/2021-12-23/873/specs935-v1-FA-P015097-U2OS-48h-P11-L2_H16_s3_w510B2323D-07E7-4DA0-916F-08F3B7B7805C.npy,protein synthesis inhibitor
P015097,H16,s4,CBK041256,/mnt/micro-images-pvc/specs935-v1/specs935-v1-FA-P015097-U2OS-48h-P11-L2/2021-12-23/873/specs935-v1-FA-P015097-U2OS-48h-P11-L2_H16_s4_w5B18F0B79-63FD-42D7-A2FE-ACBB52D3B6CE.npy,protein synthesis inhibitor
P015097,H16,s5,CBK041256,/mnt/micro-images-pvc/specs935-v1/specs935-v1-FA-P015097-U2OS-48h-P11-L2/2021-12-23/873/specs935-v1-FA-P015097-U2OS-48h-P11-L2_H16_s5_w5A018C67C-3013-45D7-994B-6305FABF734E.npy,protein synthesis inhibitor
P015097,H16,s6,CBK041256,/mnt/micro-images-pvc/specs935-v1/specs935-v1-FA-P015097-U2OS-48h-P11-L2/2021-12-23/873/specs935-v1-FA-P015097-U2OS-48h-P11-L2_H16_s6_w505A03B65-3CD5-4F97-9D8D-90BC648CA3FB.npy,protein synthesis inhibitor
P015097,H16,s7,CBK041256,/mnt/micro-images-pvc/specs935-v1/specs935-v1-FA-P015097-U2OS-48h-P11-L2/2021-12-23/873/specs935-v1-FA-P015097-U2OS-48h-P11-L2_H16_s7_w5B25685A8-175A-4547-A4CB-76D6E4A947B3.npy,protein synthesis inhibitor
P015097,H16,s8,CBK041256,/mnt/micro-images-pvc/specs935-v1/specs935-v1-FA-P015097-U2OS-48h-P11-L2/2021-12-23/873/specs935-v1-FA-P015097-U2OS-48h-P11-L2_H16_s8_w5289A0183-6817-4799-9A27-6D8FE23CF97E.npy,protein synthesis inhibitor
P015097,H16,s9,CBK041256,/mnt/micro-images-pvc/specs935-v1/specs935-v1-FA-P015097-U2OS-48h-P11-L2/2021-12-23/873/specs935-v1-FA-P015097-U2OS-48h-P11-L2_H16_s9_w5DCCAF363-FD52-4E80-826C-DECAF290FADE.npy,protein synthesis inhibitor
P015097,H17,s1,CBK307773,/mnt/micro-images-pvc/specs935-v1/specs935-v1-FA-P015097-U2OS-48h-P11-L2/2021-12-23/873/specs935-v1-FA-P015097-U2OS-48h-P11-L2_H17_s1_w5DC5D4EB1-E183-4883-A816-8F22622A21E5.npy,protein synthesis inhibitor
P015097,H17,s2,CBK307773,/mnt/micro-images-pvc/specs935-v1/specs935-v1-FA-P015097-U2OS-48h-P11-L2/2021-12-23/873/specs935-v1-FA-P015097-U2OS-48h-P11-L2_H17_s2_w543E0FD63-4012-41EB-AF72-7DC4BCF96BE1.npy,protein synthesis inhibitor
P015097,H17,s3,CBK307773,/mnt/micro-images-pvc/specs935-v1/specs935-v1-FA-P015097-U2OS-48h-P11-L2/2021-12-23/873/specs935-v1-FA-P015097-U2OS-48h-P11-L2_H17_s3_w52D311BED-BC0C-4CAC-9A1F-E36DC8A22928.npy,protein synthesis inhibitor
P015097,H17,s4,CBK307773,/mnt/micro-images-pvc/specs935-v1/specs935-v1-FA-P015097-U2OS-48h-P11-L2/2021-12-23/873/specs935-v1-FA-P015097-U2OS-48h-P11-L2_H17_s4_w551168ECC-A3BE-45DF-9ED2-5DE525709F5A.npy,protein synthesis inhibitor
P015097,H17,s5,CBK307773,/mnt/micro-images-pvc/specs935-v1/specs935-v1-FA-P015097-U2OS-48h-P11-L2/2021-12-23/873/specs935-v1-FA-P015097-U2OS-48h-P11-L2_H17_s5_w57604B329-DF8C-4115-A403-F6B3BAAD53D4.npy,protein synthesis inhibitor
P015097,H17,s6,CBK307773,/mnt/micro-images-pvc/specs935-v1/specs935-v1-FA-P015097-U2OS-48h-P11-L2/2021-12-23/873/specs935-v1-FA-P015097-U2OS-48h-P11-L2_H17_s6_w5F7F6D899-4144-4D96-9545-3C3D26B9EACD.npy,protein synthesis inhibitor
P015097,H17,s7,CBK307773,/mnt/micro-images-pvc/specs935-v1/specs935-v1-FA-P015097-U2OS-48h-P11-L2/2021-12-23/873/specs935-v1-FA-P015097-U2OS-48h-P11-L2_H17_s7_w5A125EEC1-12E8-4DA4-B836-A84CFF41DC23.npy,protein synthesis inhibitor
P015097,H17,s8,CBK307773,/mnt/micro-images-pvc/specs935-v1/specs935-v1-FA-P015097-U2OS-48h-P11-L2/2021-12-23/873/specs935-v1-FA-P015097-U2OS-48h-P11-L2_H17_s8_w5C900E860-9C13-4C5C-8221-2124A7166928.npy,protein synthesis inhibitor
P015097,H17,s9,CBK307773,/mnt/micro-images-pvc/specs935-v1/specs935-v1-FA-P015097-U2OS-48h-P11-L2/2021-12-23/873/specs935-v1-FA-P015097-U2OS-48h-P11-L2_H17_s9_w52B72F5EF-E490-48DB-B05A-CCD76CB3BB69.npy,protein synthesis inhibitor
P015097,H23,s1,CBK307956,/mnt/micro-images-pvc/specs935-v1/specs935-v1-FA-P015097-U2OS-48h-P11-L2/2021-12-23/873/specs935-v1-FA-P015097-U2OS-48h-P11-L2_H23_s1_w5E7788824-12FE-4EC0-AE00-E93C658F8974.npy,protein synthesis inhibitor
P015097,H23,s2,CBK307956,/mnt/micro-images-pvc/specs935-v1/specs935-v1-FA-P015097-U2OS-48h-P11-L2/2021-12-23/873/specs935-v1-FA-P015097-U2OS-48h-P11-L2_H23_s2_w5A89BE680-5B97-487E-BB04-F545E600FE26.npy,protein synthesis inhibitor
P015097,H23,s3,CBK307956,/mnt/micro-images-pvc/specs935-v1/specs935-v1-FA-P015097-U2OS-48h-P11-L2/2021-12-23/873/specs935-v1-FA-P015097-U2OS-48h-P11-L2_H23_s3_w582EBE79D-6C20-42C1-B8F8-946A4A4DC6C5.npy,protein synthesis inhibitor
P015097,H23,s4,CBK307956,/mnt/micro-images-pvc/specs935-v1/specs935-v1-FA-P015097-U2OS-48h-P11-L2/2021-12-23/873/specs935-v1-FA-P015097-U2OS-48h-P11-L2_H23_s4_w55FC8ACCD-0267-42B1-A1A9-7248230D2675.npy,protein synthesis inhibitor
P015097,H23,s5,CBK307956,/mnt/micro-images-pvc/specs935-v1/specs935-v1-FA-P015097-U2OS-48h-P11-L2/2021-12-23/873/specs935-v1-FA-P015097-U2OS-48h-P11-L2_H23_s5_w548030E4F-E6A2-472B-A25F-284FFDCC7E7B.npy,protein synthesis inhibitor
P015097,H23,s6,CBK307956,/mnt/micro-images-pvc/specs935-v1/specs935-v1-FA-P015097-U2OS-48h-P11-L2/2021-12-23/873/specs935-v1-FA-P015097-U2OS-48h-P11-L2_H23_s6_w5B8707183-536F-4E90-8CA9-DFCCEFE5A5EA.npy,protein synthesis inhibitor
P015097,H23,s7,CBK307956,/mnt/micro-images-pvc/specs935-v1/specs935-v1-FA-P015097-U2OS-48h-P11-L2/2021-12-23/873/specs935-v1-FA-P015097-U2OS-48h-P11-L2_H23_s7_w58083FB62-CFEB-42C4-AD4B-0DD828DA5672.npy,protein synthesis inhibitor
P015097,H23,s8,CBK307956,/mnt/micro-images-pvc/specs935-v1/specs935-v1-FA-P015097-U2OS-48h-P11-L2/2021-12-23/873/specs935-v1-FA-P015097-U2OS-48h-P11-L2_H23_s8_w50DC10AD9-FE6B-4808-B26F-787BBC415BE7.npy,protein synthesis inhibitor
P015097,H23,s9,CBK307956,/mnt/micro-images-pvc/specs935-v1/specs935-v1-FA-P015097-U2OS-48h-P11-L2/2021-12-23/873/specs935-v1-FA-P015097-U2OS-48h-P11-L2_H23_s9_w535D39CBD-15BF-4CC7-9423-C2CE9E731E29.npy,protein synthesis inhibitor
P015097,I05,s1,CBK041256,/mnt/micro-images-pvc/specs935-v1/specs935-v1-FA-P015097-U2OS-48h-P11-L2/2021-12-23/873/specs935-v1-FA-P015097-U2OS-48h-P11-L2_I05_s1_w525B0572E-4577-4A87-97DC-315B1AC52917.npy,protein synthesis inhibitor
P015097,I05,s2,CBK041256,/mnt/micro-images-pvc/specs935-v1/specs935-v1-FA-P015097-U2OS-48h-P11-L2/2021-12-23/873/specs935-v1-FA-P015097-U2OS-48h-P11-L2_I05_s2_w544A494EA-5D0E-4A15-8E12-107BC9AD1D48.npy,protein synthesis inhibitor
P015097,I05,s3,CBK041256,/mnt/micro-images-pvc/specs935-v1/specs935-v1-FA-P015097-U2OS-48h-P11-L2/2021-12-23/873/specs935-v1-FA-P015097-U2OS-48h-P11-L2_I05_s3_w52FFF192E-BF22-4B18-807B-679E0513D02E.npy,protein synthesis inhibitor
P015097,I05,s4,CBK041256,/mnt/micro-images-pvc/specs935-v1/specs935-v1-FA-P015097-U2OS-48h-P11-L2/2021-12-23/873/specs935-v1-FA-P015097-U2OS-48h-P11-L2_I05_s4_w58A01B465-8075-471C-BAEC-F90EBB69BF77.npy,protein synthesis inhibitor
P015097,I05,s5,CBK041256,/mnt/micro-images-pvc/specs935-v1/specs935-v1-FA-P015097-U2OS-48h-P11-L2/2021-12-23/873/specs935-v1-FA-P015097-U2OS-48h-P11-L2_I05_s5_w59F1C4667-7D17-4A48-91A5-B2A77A38A775.npy,protein synthesis inhibitor
P015097,I05,s6,CBK041256,/mnt/micro-images-pvc/specs935-v1/specs935-v1-FA-P015097-U2OS-48h-P11-L2/2021-12-23/873/specs935-v1-FA-P015097-U2OS-48h-P11-L2_I05_s6_w5367865A8-2233-4699-B78C-5EE13B6E8892.npy,protein synthesis inhibitor
P015097,I05,s7,CBK041256,/mnt/micro-images-pvc/specs935-v1/specs935-v1-FA-P015097-U2OS-48h-P11-L2/2021-12-23/873/specs935-v1-FA-P015097-U2OS-48h-P11-L2_I05_s7_w573CDDDA6-77EA-475E-A7DF-208AD72A42D7.npy,protein synthesis inhibitor
P015097,I05,s8,CBK041256,/mnt/micro-images-pvc/specs935-v1/specs935-v1-FA-P015097-U2OS-48h-P11-L2/2021-12-23/873/specs935-v1-FA-P015097-U2OS-48h-P11-L2_I05_s8_w52E5ED008-6AA1-4EE1-9D6B-ED91EC7F303F.npy,protein synthesis inhibitor
P015097,I05,s9,CBK041256,/mnt/micro-images-pvc/specs935-v1/specs935-v1-FA-P015097-U2OS-48h-P11-L2/2021-12-23/873/specs935-v1-FA-P015097-U2OS-48h-P11-L2_I05_s9_w50A824B5F-628F-4F9E-8425-CDFC2EEE67D3.npy,protein synthesis inhibitor
P015097,I23,s1,CBK041675,/mnt/micro-images-pvc/specs935-v1/specs935-v1-FA-P015097-U2OS-48h-P11-L2/2021-12-23/873/specs935-v1-FA-P015097-U2OS-48h-P11-L2_I23_s1_w5673F5C2D-93DF-4F34-B740-5110EB80223C.npy,protein synthesis inhibitor
P015097,I23,s2,CBK041675,/mnt/micro-images-pvc/specs935-v1/specs935-v1-FA-P015097-U2OS-48h-P11-L2/2021-12-23/873/specs935-v1-FA-P015097-U2OS-48h-P11-L2_I23_s2_w5FECE0446-2C09-43F5-B547-57600280B4F6.npy,protein synthesis inhibitor
P015097,I23,s3,CBK041675,/mnt/micro-images-pvc/specs935-v1/specs935-v1-FA-P015097-U2OS-48h-P11-L2/2021-12-23/873/specs935-v1-FA-P015097-U2OS-48h-P11-L2_I23_s3_w56E7FAFE6-2DC5-49DF-84CF-0FF2986D0414.npy,protein synthesis inhibitor
P015097,I23,s4,CBK041675,/mnt/micro-images-pvc/specs935-v1/specs935-v1-FA-P015097-U2OS-48h-P11-L2/2021-12-23/873/specs935-v1-FA-P015097-U2OS-48h-P11-L2_I23_s4_w532B361E0-3EFC-4231-AC48-E4067770EFAF.npy,protein synthesis inhibitor
P015097,I23,s5,CBK041675,/mnt/micro-images-pvc/specs935-v1/specs935-v1-FA-P015097-U2OS-48h-P11-L2/2021-12-23/873/specs935-v1-FA-P015097-U2OS-48h-P11-L2_I23_s5_w5BA9ACF11-EA0D-4AA2-9919-AA2BBA3C6CDE.npy,protein synthesis inhibitor
P015097,I23,s6,CBK041675,/mnt/micro-images-pvc/specs935-v1/specs935-v1-FA-P015097-U2OS-48h-P11-L2/2021-12-23/873/specs935-v1-FA-P015097-U2OS-48h-P11-L2_I23_s6_w5C44D4BB8-78B9-4E66-89D6-1B8A3895304F.npy,protein synthesis inhibitor
P015097,I23,s7,CBK041675,/mnt/micro-images-pvc/specs935-v1/specs935-v1-FA-P015097-U2OS-48h-P11-L2/2021-12-23/873/specs935-v1-FA-P015097-U2OS-48h-P11-L2_I23_s7_w569984565-9804-4B32-AB57-C2E64F1E2AC9.npy,protein synthesis inhibitor
P015097,I23,s8,CBK041675,/mnt/micro-images-pvc/specs935-v1/specs935-v1-FA-P015097-U2OS-48h-P11-L2/2021-12-23/873/specs935-v1-FA-P015097-U2OS-48h-P11-L2_I23_s8_w57E1E4729-8D4A-4220-80F4-43DDF53DD777.npy,protein synthesis inhibitor
P015097,I23,s9,CBK041675,/mnt/micro-images-pvc/specs935-v1/specs935-v1-FA-P015097-U2OS-48h-P11-L2/2021-12-23/873/specs935-v1-FA-P015097-U2OS-48h-P11-L2_I23_s9_w5522CF21B-B4A6-447B-A54C-66957CFDCA68.npy,protein synthesis inhibitor
P015097,K05,s1,CBK308608,/mnt/micro-images-pvc/specs935-v1/specs935-v1-FA-P015097-U2OS-48h-P11-L2/2021-12-23/873/specs935-v1-FA-P015097-U2OS-48h-P11-L2_K05_s1_w521270975-C3F9-46D2-BD1A-F1EC81E1F8E8.npy,protein synthesis inhibitor
P015097,K05,s2,CBK308608,/mnt/micro-images-pvc/specs935-v1/specs935-v1-FA-P015097-U2OS-48h-P11-L2/2021-12-23/873/specs935-v1-FA-P015097-U2OS-48h-P11-L2_K05_s2_w50404AF3D-3FC4-4B8D-A564-F6320141B176.npy,protein synthesis inhibitor
P015097,K05,s3,CBK308608,/mnt/micro-images-pvc/specs935-v1/specs935-v1-FA-P015097-U2OS-48h-P11-L2/2021-12-23/873/specs935-v1-FA-P015097-U2OS-48h-P11-L2_K05_s3_w52AC8EE7E-4A7D-4CCB-A7BF-6D6CB6AE5BC9.npy,protein synthesis inhibitor
P015097,K05,s4,CBK308608,/mnt/micro-images-pvc/specs935-v1/specs935-v1-FA-P015097-U2OS-48h-P11-L2/2021-12-23/873/specs935-v1-FA-P015097-U2OS-48h-P11-L2_K05_s4_w5EA32DAE9-8D77-422E-B9B1-3240A69E6597.npy,protein synthesis inhibitor
P015097,K05,s5,CBK308608,/mnt/micro-images-pvc/specs935-v1/specs935-v1-FA-P015097-U2OS-48h-P11-L2/2021-12-23/873/specs935-v1-FA-P015097-U2OS-48h-P11-L2_K05_s5_w53B365B65-5E82-45B6-8179-C9017A5B1C94.npy,protein synthesis inhibitor
P015097,K05,s6,CBK308608,/mnt/micro-images-pvc/specs935-v1/specs935-v1-FA-P015097-U2OS-48h-P11-L2/2021-12-23/873/specs935-v1-FA-P015097-U2OS-48h-P11-L2_K05_s6_w51AA48D7E-B76B-4F5E-ACFC-8E37D5C2D55D.npy,protein synthesis inhibitor
P015097,K05,s7,CBK308608,/mnt/micro-images-pvc/specs935-v1/specs935-v1-FA-P015097-U2OS-48h-P11-L2/2021-12-23/873/specs935-v1-FA-P015097-U2OS-48h-P11-L2_K05_s7_w5849B7417-F383-41B3-8016-307FCC005E28.npy,protein synthesis inhibitor
P015097,K05,s8,CBK308608,/mnt/micro-images-pvc/specs935-v1/specs935-v1-FA-P015097-U2OS-48h-P11-L2/2021-12-23/873/specs935-v1-FA-P015097-U2OS-48h-P11-L2_K05_s8_w50B84DEC5-95F7-4D9A-8736-E955B6E505D6.npy,protein synthesis inhibitor
P015097,K05,s9,CBK308608,/mnt/micro-images-pvc/specs935-v1/specs935-v1-FA-P015097-U2OS-48h-P11-L2/2021-12-23/873/specs935-v1-FA-P015097-U2OS-48h-P11-L2_K05_s9_w5D7FE84DD-57F7-438A-9A23-F802815F7912.npy,protein synthesis inhibitor
P015097,K09,s1,CBK309098,/mnt/micro-images-pvc/specs935-v1/specs935-v1-FA-P015097-U2OS-48h-P11-L2/2021-12-23/873/specs935-v1-FA-P015097-U2OS-48h-P11-L2_K09_s1_w5130D60CD-EE29-47B2-9B2A-9CF125D6192E.npy,protein synthesis inhibitor
P015097,K09,s2,CBK309098,/mnt/micro-images-pvc/specs935-v1/specs935-v1-FA-P015097-U2OS-48h-P11-L2/2021-12-23/873/specs935-v1-FA-P015097-U2OS-48h-P11-L2_K09_s2_w5CC135CEF-9C25-4A50-82F5-9FC9D0700163.npy,protein synthesis inhibitor
P015097,K09,s3,CBK309098,/mnt/micro-images-pvc/specs935-v1/specs935-v1-FA-P015097-U2OS-48h-P11-L2/2021-12-23/873/specs935-v1-FA-P015097-U2OS-48h-P11-L2_K09_s3_w57A1812AA-AF6E-4E26-880A-2BCA2CCFE276.npy,protein synthesis inhibitor
P015097,K09,s4,CBK309098,/mnt/micro-images-pvc/specs935-v1/specs935-v1-FA-P015097-U2OS-48h-P11-L2/2021-12-23/873/specs935-v1-FA-P015097-U2OS-48h-P11-L2_K09_s4_w595138ABA-06D7-4172-BD2E-4EF491CD720E.npy,protein synthesis inhibitor
P015097,K09,s5,CBK309098,/mnt/micro-images-pvc/specs935-v1/specs935-v1-FA-P015097-U2OS-48h-P11-L2/2021-12-23/873/specs935-v1-FA-P015097-U2OS-48h-P11-L2_K09_s5_w52B246422-108A-469D-A2A0-441CE059CE6E.npy,protein synthesis inhibitor
P015097,K09,s6,CBK309098,/mnt/micro-images-pvc/specs935-v1/specs935-v1-FA-P015097-U2OS-48h-P11-L2/2021-12-23/873/specs935-v1-FA-P015097-U2OS-48h-P11-L2_K09_s6_w587441E4F-6C03-41AD-9EA1-25F1726AE734.npy,protein synthesis inhibitor
P015097,K09,s7,CBK309098,/mnt/micro-images-pvc/specs935-v1/specs935-v1-FA-P015097-U2OS-48h-P11-L2/2021-12-23/873/specs935-v1-FA-P015097-U2OS-48h-P11-L2_K09_s7_w578C447BF-0D67-44B4-AC25-445D87F24EE7.npy,protein synthesis inhibitor
P015097,K09,s8,CBK309098,/mnt/micro-images-pvc/specs935-v1/specs935-v1-FA-P015097-U2OS-48h-P11-L2/2021-12-23/873/specs935-v1-FA-P015097-U2OS-48h-P11-L2_K09_s8_w5F070D339-F170-4DC2-8E15-EF6DC8B8AC1D.npy,protein synthesis inhibitor
P015097,K09,s9,CBK309098,/mnt/micro-images-pvc/specs935-v1/specs935-v1-FA-P015097-U2OS-48h-P11-L2/2021-12-23/873/specs935-v1-FA-P015097-U2OS-48h-P11-L2_K09_s9_w56574480A-6820-437A-AA91-5CBE86DD35D2.npy,protein synthesis inhibitor
P015097,K14,s1,CBK307773,/mnt/micro-images-pvc/specs935-v1/specs935-v1-FA-P015097-U2OS-48h-P11-L2/2021-12-23/873/specs935-v1-FA-P015097-U2OS-48h-P11-L2_K14_s1_w5CD9899E1-797C-4E58-92FE-0E5012B2BEF1.npy,protein synthesis inhibitor
P015097,K14,s2,CBK307773,/mnt/micro-images-pvc/specs935-v1/specs935-v1-FA-P015097-U2OS-48h-P11-L2/2021-12-23/873/specs935-v1-FA-P015097-U2OS-48h-P11-L2_K14_s2_w50A14D850-E00E-4B00-8566-84327EC75BA3.npy,protein synthesis inhibitor
P015097,K14,s3,CBK307773,/mnt/micro-images-pvc/specs935-v1/specs935-v1-FA-P015097-U2OS-48h-P11-L2/2021-12-23/873/specs935-v1-FA-P015097-U2OS-48h-P11-L2_K14_s3_w503780EA2-2713-41E5-8B47-BE0D58F2372D.npy,protein synthesis inhibitor
P015097,K14,s4,CBK307773,/mnt/micro-images-pvc/specs935-v1/specs935-v1-FA-P015097-U2OS-48h-P11-L2/2021-12-23/873/specs935-v1-FA-P015097-U2OS-48h-P11-L2_K14_s4_w525283EF3-B988-4F51-892C-892057BD766E.npy,protein synthesis inhibitor
P015097,K14,s5,CBK307773,/mnt/micro-images-pvc/specs935-v1/specs935-v1-FA-P015097-U2OS-48h-P11-L2/2021-12-23/873/specs935-v1-FA-P015097-U2OS-48h-P11-L2_K14_s5_w55EB8BA68-10C6-4D0D-82D1-29EEFA5B8B63.npy,protein synthesis inhibitor
P015097,K14,s6,CBK307773,/mnt/micro-images-pvc/specs935-v1/specs935-v1-FA-P015097-U2OS-48h-P11-L2/2021-12-23/873/specs935-v1-FA-P015097-U2OS-48h-P11-L2_K14_s6_w5A24D46A3-614C-4929-8210-EFAE7A640589.npy,protein synthesis inhibitor
P015097,K14,s7,CBK307773,/mnt/micro-images-pvc/specs935-v1/specs935-v1-FA-P015097-U2OS-48h-P11-L2/2021-12-23/873/specs935-v1-FA-P015097-U2OS-48h-P11-L2_K14_s7_w5E9E93E18-63DE-487B-B43B-DFB9079A840F.npy,protein synthesis inhibitor
P015097,K14,s8,CBK307773,/mnt/micro-images-pvc/specs935-v1/specs935-v1-FA-P015097-U2OS-48h-P11-L2/2021-12-23/873/specs935-v1-FA-P015097-U2OS-48h-P11-L2_K14_s8_w5A6CB8487-325C-4E94-A86F-B96DE423BDFE.npy,protein synthesis inhibitor
P015097,K14,s9,CBK307773,/mnt/micro-images-pvc/specs935-v1/specs935-v1-FA-P015097-U2OS-48h-P11-L2/2021-12-23/873/specs935-v1-FA-P015097-U2OS-48h-P11-L2_K14_s9_w5F8776742-27F2-44BE-A2CF-CCAA5A6815CF.npy,protein synthesis inhibitor
P015097,K16,s1,CBK309258,/mnt/micro-images-pvc/specs935-v1/specs935-v1-FA-P015097-U2OS-48h-P11-L2/2021-12-23/873/specs935-v1-FA-P015097-U2OS-48h-P11-L2_K16_s1_w5A1C116B0-0ECE-4B2C-BB5C-20291EA665B1.npy,protein synthesis inhibitor
P015097,K16,s2,CBK309258,/mnt/micro-images-pvc/specs935-v1/specs935-v1-FA-P015097-U2OS-48h-P11-L2/2021-12-23/873/specs935-v1-FA-P015097-U2OS-48h-P11-L2_K16_s2_w55E2FB28A-39D9-45FE-8A1F-C092A2E8F49E.npy,protein synthesis inhibitor
P015097,K16,s3,CBK309258,/mnt/micro-images-pvc/specs935-v1/specs935-v1-FA-P015097-U2OS-48h-P11-L2/2021-12-23/873/specs935-v1-FA-P015097-U2OS-48h-P11-L2_K16_s3_w5D5D4E121-A406-49AE-A149-BE3E84EFC4C4.npy,protein synthesis inhibitor
P015097,K16,s4,CBK309258,/mnt/micro-images-pvc/specs935-v1/specs935-v1-FA-P015097-U2OS-48h-P11-L2/2021-12-23/873/specs935-v1-FA-P015097-U2OS-48h-P11-L2_K16_s4_w5CCA179C7-63B0-4761-9B9C-CDAD294A77D6.npy,protein synthesis inhibitor
P015097,K16,s5,CBK309258,/mnt/micro-images-pvc/specs935-v1/specs935-v1-FA-P015097-U2OS-48h-P11-L2/2021-12-23/873/specs935-v1-FA-P015097-U2OS-48h-P11-L2_K16_s5_w532AF70B4-EE3B-4CDD-A3A9-AAC14C65B153.npy,protein synthesis inhibitor
P015097,K16,s6,CBK309258,/mnt/micro-images-pvc/specs935-v1/specs935-v1-FA-P015097-U2OS-48h-P11-L2/2021-12-23/873/specs935-v1-FA-P015097-U2OS-48h-P11-L2_K16_s6_w598C2F7FD-4A55-4A50-B226-D75A4421A395.npy,protein synthesis inhibitor
P015097,K16,s7,CBK309258,/mnt/micro-images-pvc/specs935-v1/specs935-v1-FA-P015097-U2OS-48h-P11-L2/2021-12-23/873/specs935-v1-FA-P015097-U2OS-48h-P11-L2_K16_s7_w552B17B72-841B-4A85-ACD8-C2CD21BC9486.npy,protein synthesis inhibitor
P015097,K16,s8,CBK309258,/mnt/micro-images-pvc/specs935-v1/specs935-v1-FA-P015097-U2OS-48h-P11-L2/2021-12-23/873/specs935-v1-FA-P015097-U2OS-48h-P11-L2_K16_s8_w56516A2F7-64C2-488D-B6E4-F40F291B0288.npy,protein synthesis inhibitor
P015097,K16,s9,CBK309258,/mnt/micro-images-pvc/specs935-v1/specs935-v1-FA-P015097-U2OS-48h-P11-L2/2021-12-23/873/specs935-v1-FA-P015097-U2OS-48h-P11-L2_K16_s9_w56DCA6687-1E88-4234-81D6-2B862E7FF77C.npy,protein synthesis inhibitor
P015097,L03,s1,CBK200860,/mnt/micro-images-pvc/specs935-v1/specs935-v1-FA-P015097-U2OS-48h-P11-L2/2021-12-23/873/specs935-v1-FA-P015097-U2OS-48h-P11-L2_L03_s1_w5BA50D3DE-56E6-4263-A0F4-136B265697E8.npy,protein synthesis inhibitor
P015097,L03,s2,CBK200860,/mnt/micro-images-pvc/specs935-v1/specs935-v1-FA-P015097-U2OS-48h-P11-L2/2021-12-23/873/specs935-v1-FA-P015097-U2OS-48h-P11-L2_L03_s2_w5D3B94585-08BA-4BD0-8F98-455CD16AD7D2.npy,protein synthesis inhibitor
P015097,L03,s3,CBK200860,/mnt/micro-images-pvc/specs935-v1/specs935-v1-FA-P015097-U2OS-48h-P11-L2/2021-12-23/873/specs935-v1-FA-P015097-U2OS-48h-P11-L2_L03_s3_w511191D98-FF7A-4026-A140-F4ED6B2241F1.npy,protein synthesis inhibitor
P015097,L03,s4,CBK200860,/mnt/micro-images-pvc/specs935-v1/specs935-v1-FA-P015097-U2OS-48h-P11-L2/2021-12-23/873/specs935-v1-FA-P015097-U2OS-48h-P11-L2_L03_s4_w598D5B07F-8DD7-4B41-AB09-08D07DE6A800.npy,protein synthesis inhibitor
P015097,L03,s5,CBK200860,/mnt/micro-images-pvc/specs935-v1/specs935-v1-FA-P015097-U2OS-48h-P11-L2/2021-12-23/873/specs935-v1-FA-P015097-U2OS-48h-P11-L2_L03_s5_w5618BC129-9BC1-47E7-9C8F-6FDD8DBD4DDE.npy,protein synthesis inhibitor
P015097,L03,s6,CBK200860,/mnt/micro-images-pvc/specs935-v1/specs935-v1-FA-P015097-U2OS-48h-P11-L2/2021-12-23/873/specs935-v1-FA-P015097-U2OS-48h-P11-L2_L03_s6_w50E87C945-5ABE-4E6E-AA73-2060BFB2153F.npy,protein synthesis inhibitor
P015097,L03,s7,CBK200860,/mnt/micro-images-pvc/specs935-v1/specs935-v1-FA-P015097-U2OS-48h-P11-L2/2021-12-23/873/specs935-v1-FA-P015097-U2OS-48h-P11-L2_L03_s7_w5DCF340AE-21FC-4F53-8F43-9057EB0B7914.npy,protein synthesis inhibitor
P015097,L03,s8,CBK200860,/mnt/micro-images-pvc/specs935-v1/specs935-v1-FA-P015097-U2OS-48h-P11-L2/2021-12-23/873/specs935-v1-FA-P015097-U2OS-48h-P11-L2_L03_s8_w51D4731B2-9738-41B6-983A-7BB2B5613BAA.npy,protein synthesis inhibitor
P015097,L03,s9,CBK200860,/mnt/micro-images-pvc/specs935-v1/specs935-v1-FA-P015097-U2OS-48h-P11-L2/2021-12-23/873/specs935-v1-FA-P015097-U2OS-48h-P11-L2_L03_s9_w579174A34-96CC-4DA5-9F4A-3E2EECE1D705.npy,protein synthesis inhibitor
P015097,L10,s1,CBK200838,/mnt/micro-images-pvc/specs935-v1/specs935-v1-FA-P015097-U2OS-48h-P11-L2/2021-12-23/873/specs935-v1-FA-P015097-U2OS-48h-P11-L2_L10_s1_w54584C224-6833-490A-A21A-2CC877892F39.npy,protein synthesis inhibitor
P015097,L10,s2,CBK200838,/mnt/micro-images-pvc/specs935-v1/specs935-v1-FA-P015097-U2OS-48h-P11-L2/2021-12-23/873/specs935-v1-FA-P015097-U2OS-48h-P11-L2_L10_s2_w5E2E213C3-47D8-4948-BE45-6B29EC9E9EE0.npy,protein synthesis inhibitor
P015097,L10,s3,CBK200838,/mnt/micro-images-pvc/specs935-v1/specs935-v1-FA-P015097-U2OS-48h-P11-L2/2021-12-23/873/specs935-v1-FA-P015097-U2OS-48h-P11-L2_L10_s3_w5A1524404-B18A-493A-8195-EDF6031CAF21.npy,protein synthesis inhibitor
P015097,L10,s4,CBK200838,/mnt/micro-images-pvc/specs935-v1/specs935-v1-FA-P015097-U2OS-48h-P11-L2/2021-12-23/873/specs935-v1-FA-P015097-U2OS-48h-P11-L2_L10_s4_w5651BC3F0-E4FF-4C52-B53C-CE6E74A450D3.npy,protein synthesis inhibitor
P015097,L10,s5,CBK200838,/mnt/micro-images-pvc/specs935-v1/specs935-v1-FA-P015097-U2OS-48h-P11-L2/2021-12-23/873/specs935-v1-FA-P015097-U2OS-48h-P11-L2_L10_s5_w5D95F2B92-7554-4A09-A433-9F033732E7EC.npy,protein synthesis inhibitor
P015097,L10,s6,CBK200838,/mnt/micro-images-pvc/specs935-v1/specs935-v1-FA-P015097-U2OS-48h-P11-L2/2021-12-23/873/specs935-v1-FA-P015097-U2OS-48h-P11-L2_L10_s6_w5CA26CD2B-7290-4BDB-B470-25C8D1C9B31B.npy,protein synthesis inhibitor
P015097,L10,s7,CBK200838,/mnt/micro-images-pvc/specs935-v1/specs935-v1-FA-P015097-U2OS-48h-P11-L2/2021-12-23/873/specs935-v1-FA-P015097-U2OS-48h-P11-L2_L10_s7_w5F15FEE82-67C4-4F7A-A8EF-081A42B19BA4.npy,protein synthesis inhibitor
P015097,L10,s8,CBK200838,/mnt/micro-images-pvc/specs935-v1/specs935-v1-FA-P015097-U2OS-48h-P11-L2/2021-12-23/873/specs935-v1-FA-P015097-U2OS-48h-P11-L2_L10_s8_w56C3FDC64-0C4B-402B-8EE0-759CFAB34E56.npy,protein synthesis inhibitor
P015097,L10,s9,CBK200838,/mnt/micro-images-pvc/specs935-v1/specs935-v1-FA-P015097-U2OS-48h-P11-L2/2021-12-23/873/specs935-v1-FA-P015097-U2OS-48h-P11-L2_L10_s9_w538EA8A9D-6A79-4207-97BC-CCC29276583C.npy,protein synthesis inhibitor
P015097,L18,s1,CBK290848,/mnt/micro-images-pvc/specs935-v1/specs935-v1-FA-P015097-U2OS-48h-P11-L2/2021-12-23/873/specs935-v1-FA-P015097-U2OS-48h-P11-L2_L18_s1_w53547B149-374E-42F6-B81F-21DCFF9E0421.npy,protein synthesis inhibitor
P015097,L18,s2,CBK290848,/mnt/micro-images-pvc/specs935-v1/specs935-v1-FA-P015097-U2OS-48h-P11-L2/2021-12-23/873/specs935-v1-FA-P015097-U2OS-48h-P11-L2_L18_s2_w58C294387-EC6E-4AE2-838A-CB4BA77037B5.npy,protein synthesis inhibitor
P015097,L18,s3,CBK290848,/mnt/micro-images-pvc/specs935-v1/specs935-v1-FA-P015097-U2OS-48h-P11-L2/2021-12-23/873/specs935-v1-FA-P015097-U2OS-48h-P11-L2_L18_s3_w57A850CC4-4A70-4A57-8E43-CE82F92B0BD7.npy,protein synthesis inhibitor
P015097,L18,s4,CBK290848,/mnt/micro-images-pvc/specs935-v1/specs935-v1-FA-P015097-U2OS-48h-P11-L2/2021-12-23/873/specs935-v1-FA-P015097-U2OS-48h-P11-L2_L18_s4_w567AAB185-C620-4C22-8851-5E95CE726831.npy,protein synthesis inhibitor
P015097,L18,s5,CBK290848,/mnt/micro-images-pvc/specs935-v1/specs935-v1-FA-P015097-U2OS-48h-P11-L2/2021-12-23/873/specs935-v1-FA-P015097-U2OS-48h-P11-L2_L18_s5_w522BF6B5F-2C01-4616-A1E1-D4F32DCD8818.npy,protein synthesis inhibitor
P015097,L18,s6,CBK290848,/mnt/micro-images-pvc/specs935-v1/specs935-v1-FA-P015097-U2OS-48h-P11-L2/2021-12-23/873/specs935-v1-FA-P015097-U2OS-48h-P11-L2_L18_s6_w5A0F599EA-D6B1-4555-8EA2-58529FD2AA42.npy,protein synthesis inhibitor
P015097,L18,s7,CBK290848,/mnt/micro-images-pvc/specs935-v1/specs935-v1-FA-P015097-U2OS-48h-P11-L2/2021-12-23/873/specs935-v1-FA-P015097-U2OS-48h-P11-L2_L18_s7_w5D7C1B109-8224-42C1-9374-E75A830B5988.npy,protein synthesis inhibitor
P015097,L18,s8,CBK290848,/mnt/micro-images-pvc/specs935-v1/specs935-v1-FA-P015097-U2OS-48h-P11-L2/2021-12-23/873/specs935-v1-FA-P015097-U2OS-48h-P11-L2_L18_s8_w5E62BD287-7AB3-433D-B3C4-9EACAEB87A91.npy,protein synthesis inhibitor
P015097,L18,s9,CBK290848,/mnt/micro-images-pvc/specs935-v1/specs935-v1-FA-P015097-U2OS-48h-P11-L2/2021-12-23/873/specs935-v1-FA-P015097-U2OS-48h-P11-L2_L18_s9_w53261DCEC-29E6-4F6F-AEF6-9AF09132C895.npy,protein synthesis inhibitor
P015097,L20,s1,CBK308887,/mnt/micro-images-pvc/specs935-v1/specs935-v1-FA-P015097-U2OS-48h-P11-L2/2021-12-23/873/specs935-v1-FA-P015097-U2OS-48h-P11-L2_L20_s1_w555C62CFF-9851-4A1E-B966-A44C068A0152.npy,protein synthesis inhibitor
P015097,L20,s2,CBK308887,/mnt/micro-images-pvc/specs935-v1/specs935-v1-FA-P015097-U2OS-48h-P11-L2/2021-12-23/873/specs935-v1-FA-P015097-U2OS-48h-P11-L2_L20_s2_w5F87AB8EF-EDC2-4AAB-B119-3A51F8162D09.npy,protein synthesis inhibitor
P015097,L20,s3,CBK308887,/mnt/micro-images-pvc/specs935-v1/specs935-v1-FA-P015097-U2OS-48h-P11-L2/2021-12-23/873/specs935-v1-FA-P015097-U2OS-48h-P11-L2_L20_s3_w54508B3FE-54E5-47E2-896B-54B53E960C75.npy,protein synthesis inhibitor
P015097,L20,s4,CBK308887,/mnt/micro-images-pvc/specs935-v1/specs935-v1-FA-P015097-U2OS-48h-P11-L2/2021-12-23/873/specs935-v1-FA-P015097-U2OS-48h-P11-L2_L20_s4_w523130C11-7356-4F4B-B025-BA959B90B9ED.npy,protein synthesis inhibitor
P015097,L20,s5,CBK308887,/mnt/micro-images-pvc/specs935-v1/specs935-v1-FA-P015097-U2OS-48h-P11-L2/2021-12-23/873/specs935-v1-FA-P015097-U2OS-48h-P11-L2_L20_s5_w57AE71242-23A7-421B-9B5E-047A80F675DF.npy,protein synthesis inhibitor
P015097,L20,s6,CBK308887,/mnt/micro-images-pvc/specs935-v1/specs935-v1-FA-P015097-U2OS-48h-P11-L2/2021-12-23/873/specs935-v1-FA-P015097-U2OS-48h-P11-L2_L20_s6_w516DD50E2-78C0-472D-9E81-FE263982664B.npy,protein synthesis inhibitor
P015097,L20,s7,CBK308887,/mnt/micro-images-pvc/specs935-v1/specs935-v1-FA-P015097-U2OS-48h-P11-L2/2021-12-23/873/specs935-v1-FA-P015097-U2OS-48h-P11-L2_L20_s7_w5C1330DBF-D7DB-405A-9CDA-B2B208764A86.npy,protein synthesis inhibitor
P015097,L20,s8,CBK308887,/mnt/micro-images-pvc/specs935-v1/specs935-v1-FA-P015097-U2OS-48h-P11-L2/2021-12-23/873/specs935-v1-FA-P015097-U2OS-48h-P11-L2_L20_s8_w5AC8655E8-CBFB-4703-8ED7-0FE6D4D3E4C5.npy,protein synthesis inhibitor
P015097,L20,s9,CBK308887,/mnt/micro-images-pvc/specs935-v1/specs935-v1-FA-P015097-U2OS-48h-P11-L2/2021-12-23/873/specs935-v1-FA-P015097-U2OS-48h-P11-L2_L20_s9_w5C03ACF81-1DC5-41A1-89E8-35131D3A35C0.npy,protein synthesis inhibitor
P015097,M13,s1,CBK308519,/mnt/micro-images-pvc/specs935-v1/specs935-v1-FA-P015097-U2OS-48h-P11-L2/2021-12-23/873/specs935-v1-FA-P015097-U2OS-48h-P11-L2_M13_s1_w589AE4D3A-2863-4E39-8BCD-A693F8E6CF1E.npy,protein synthesis inhibitor
P015097,M13,s2,CBK308519,/mnt/micro-images-pvc/specs935-v1/specs935-v1-FA-P015097-U2OS-48h-P11-L2/2021-12-23/873/specs935-v1-FA-P015097-U2OS-48h-P11-L2_M13_s2_w55B4B8485-1479-4C8E-B6EF-FDC4DD0FA316.npy,protein synthesis inhibitor
P015097,M13,s3,CBK308519,/mnt/micro-images-pvc/specs935-v1/specs935-v1-FA-P015097-U2OS-48h-P11-L2/2021-12-23/873/specs935-v1-FA-P015097-U2OS-48h-P11-L2_M13_s3_w5D68E641E-AE29-4AC1-89EB-E599AB47EAF6.npy,protein synthesis inhibitor
P015097,M13,s4,CBK308519,/mnt/micro-images-pvc/specs935-v1/specs935-v1-FA-P015097-U2OS-48h-P11-L2/2021-12-23/873/specs935-v1-FA-P015097-U2OS-48h-P11-L2_M13_s4_w581CC4600-F78A-44FF-A1C4-56E57D7133C3.npy,protein synthesis inhibitor
P015097,M13,s5,CBK308519,/mnt/micro-images-pvc/specs935-v1/specs935-v1-FA-P015097-U2OS-48h-P11-L2/2021-12-23/873/specs935-v1-FA-P015097-U2OS-48h-P11-L2_M13_s5_w5621BF1B1-DA1C-4CDE-94DB-DED7146B0F48.npy,protein synthesis inhibitor
P015097,M13,s6,CBK308519,/mnt/micro-images-pvc/specs935-v1/specs935-v1-FA-P015097-U2OS-48h-P11-L2/2021-12-23/873/specs935-v1-FA-P015097-U2OS-48h-P11-L2_M13_s6_w5647BE009-315E-42B6-9D69-50AA49AF186D.npy,protein synthesis inhibitor
P015097,M13,s7,CBK308519,/mnt/micro-images-pvc/specs935-v1/specs935-v1-FA-P015097-U2OS-48h-P11-L2/2021-12-23/873/specs935-v1-FA-P015097-U2OS-48h-P11-L2_M13_s7_w5C680AC93-B398-4B6C-9750-948C469AA60F.npy,protein synthesis inhibitor
P015097,M13,s8,CBK308519,/mnt/micro-images-pvc/specs935-v1/specs935-v1-FA-P015097-U2OS-48h-P11-L2/2021-12-23/873/specs935-v1-FA-P015097-U2OS-48h-P11-L2_M13_s8_w5051A7304-9137-49A9-9052-B67C47F7748D.npy,protein synthesis inhibitor
P015097,M13,s9,CBK308519,/mnt/micro-images-pvc/specs935-v1/specs935-v1-FA-P015097-U2OS-48h-P11-L2/2021-12-23/873/specs935-v1-FA-P015097-U2OS-48h-P11-L2_M13_s9_w57AFC3B22-63B1-4EEC-B651-C48634A16053.npy,protein synthesis inhibitor
P015097,N02,s1,CBK308887,/mnt/micro-images-pvc/specs935-v1/specs935-v1-FA-P015097-U2OS-48h-P11-L2/2021-12-23/873/specs935-v1-FA-P015097-U2OS-48h-P11-L2_N02_s1_w50F01C4E0-3B49-4058-8289-C09A2D3A2E45.npy,protein synthesis inhibitor
P015097,N02,s2,CBK308887,/mnt/micro-images-pvc/specs935-v1/specs935-v1-FA-P015097-U2OS-48h-P11-L2/2021-12-23/873/specs935-v1-FA-P015097-U2OS-48h-P11-L2_N02_s2_w567BB7CA4-3223-4FA5-BB79-D345CD714518.npy,protein synthesis inhibitor
P015097,N02,s3,CBK308887,/mnt/micro-images-pvc/specs935-v1/specs935-v1-FA-P015097-U2OS-48h-P11-L2/2021-12-23/873/specs935-v1-FA-P015097-U2OS-48h-P11-L2_N02_s3_w5592ED2F6-B87E-4EE5-9950-E90BB6E9E0C2.npy,protein synthesis inhibitor
P015097,N02,s4,CBK308887,/mnt/micro-images-pvc/specs935-v1/specs935-v1-FA-P015097-U2OS-48h-P11-L2/2021-12-23/873/specs935-v1-FA-P015097-U2OS-48h-P11-L2_N02_s4_w5FF84C35B-6BD5-4434-9340-8B8D278E17B4.npy,protein synthesis inhibitor
P015097,N02,s5,CBK308887,/mnt/micro-images-pvc/specs935-v1/specs935-v1-FA-P015097-U2OS-48h-P11-L2/2021-12-23/873/specs935-v1-FA-P015097-U2OS-48h-P11-L2_N02_s5_w5F2EAB736-5BCE-4B1B-96F4-4402322BE56C.npy,protein synthesis inhibitor
P015097,N02,s6,CBK308887,/mnt/micro-images-pvc/specs935-v1/specs935-v1-FA-P015097-U2OS-48h-P11-L2/2021-12-23/873/specs935-v1-FA-P015097-U2OS-48h-P11-L2_N02_s6_w519E16922-4192-4DA0-9347-50B1598E3BBB.npy,protein synthesis inhibitor
P015097,N02,s7,CBK308887,/mnt/micro-images-pvc/specs935-v1/specs935-v1-FA-P015097-U2OS-48h-P11-L2/2021-12-23/873/specs935-v1-FA-P015097-U2OS-48h-P11-L2_N02_s7_w5B0948413-CD75-4788-8CDB-F09ECFF2B563.npy,protein synthesis inhibitor
P015097,N02,s8,CBK308887,/mnt/micro-images-pvc/specs935-v1/specs935-v1-FA-P015097-U2OS-48h-P11-L2/2021-12-23/873/specs935-v1-FA-P015097-U2OS-48h-P11-L2_N02_s8_w506A9A17E-9580-477A-B7EE-8F5EF51884DB.npy,protein synthesis inhibitor
P015097,N02,s9,CBK308887,/mnt/micro-images-pvc/specs935-v1/specs935-v1-FA-P015097-U2OS-48h-P11-L2/2021-12-23/873/specs935-v1-FA-P015097-U2OS-48h-P11-L2_N02_s9_w5AAC09C6A-FBB8-4F05-BC1F-275CB33548E1.npy,protein synthesis inhibitor
P015097,N06,s1,CBK041619,/mnt/micro-images-pvc/specs935-v1/specs935-v1-FA-P015097-U2OS-48h-P11-L2/2021-12-23/873/specs935-v1-FA-P015097-U2OS-48h-P11-L2_N06_s1_w587E07A0E-F793-40AD-8F7A-32ADE7F410B9.npy,protein synthesis inhibitor
P015097,N06,s2,CBK041619,/mnt/micro-images-pvc/specs935-v1/specs935-v1-FA-P015097-U2OS-48h-P11-L2/2021-12-23/873/specs935-v1-FA-P015097-U2OS-48h-P11-L2_N06_s2_w5740FDF32-5074-46DD-B17D-B5331C27985E.npy,protein synthesis inhibitor
P015097,N06,s3,CBK041619,/mnt/micro-images-pvc/specs935-v1/specs935-v1-FA-P015097-U2OS-48h-P11-L2/2021-12-23/873/specs935-v1-FA-P015097-U2OS-48h-P11-L2_N06_s3_w5C38F78DE-D9AC-49E0-A654-DBBF27B63233.npy,protein synthesis inhibitor
P015097,N06,s4,CBK041619,/mnt/micro-images-pvc/specs935-v1/specs935-v1-FA-P015097-U2OS-48h-P11-L2/2021-12-23/873/specs935-v1-FA-P015097-U2OS-48h-P11-L2_N06_s4_w5426BAA94-3C95-4D0B-82B2-C0C00D0B650C.npy,protein synthesis inhibitor
P015097,N06,s5,CBK041619,/mnt/micro-images-pvc/specs935-v1/specs935-v1-FA-P015097-U2OS-48h-P11-L2/2021-12-23/873/specs935-v1-FA-P015097-U2OS-48h-P11-L2_N06_s5_w524D4C895-1381-4AB2-B7F4-5EEE87229B8B.npy,protein synthesis inhibitor
P015097,N06,s6,CBK041619,/mnt/micro-images-pvc/specs935-v1/specs935-v1-FA-P015097-U2OS-48h-P11-L2/2021-12-23/873/specs935-v1-FA-P015097-U2OS-48h-P11-L2_N06_s6_w521DA5E6C-7F8B-4925-9BA7-C04D15ADE930.npy,protein synthesis inhibitor
P015097,N06,s7,CBK041619,/mnt/micro-images-pvc/specs935-v1/specs935-v1-FA-P015097-U2OS-48h-P11-L2/2021-12-23/873/specs935-v1-FA-P015097-U2OS-48h-P11-L2_N06_s7_w5A09735C1-3517-4B53-88F4-A035F3E5D897.npy,protein synthesis inhibitor
P015097,N06,s8,CBK041619,/mnt/micro-images-pvc/specs935-v1/specs935-v1-FA-P015097-U2OS-48h-P11-L2/2021-12-23/873/specs935-v1-FA-P015097-U2OS-48h-P11-L2_N06_s8_w5BBC01CD5-642C-4C34-9E31-88EBDDB47292.npy,protein synthesis inhibitor
P015097,N06,s9,CBK041619,/mnt/micro-images-pvc/specs935-v1/specs935-v1-FA-P015097-U2OS-48h-P11-L2/2021-12-23/873/specs935-v1-FA-P015097-U2OS-48h-P11-L2_N06_s9_w5ED93F916-4982-4921-816D-019464274E8D.npy,protein synthesis inhibitor
P015097,N15,s1,CBK309098,/mnt/micro-images-pvc/specs935-v1/specs935-v1-FA-P015097-U2OS-48h-P11-L2/2021-12-23/873/specs935-v1-FA-P015097-U2OS-48h-P11-L2_N15_s1_w5921D43E2-4328-4711-872D-C8D432DE75DC.npy,protein synthesis inhibitor
P015097,N15,s2,CBK309098,/mnt/micro-images-pvc/specs935-v1/specs935-v1-FA-P015097-U2OS-48h-P11-L2/2021-12-23/873/specs935-v1-FA-P015097-U2OS-48h-P11-L2_N15_s2_w57C129244-4DDA-4E1D-A42D-C8884ACDD03E.npy,protein synthesis inhibitor
P015097,N15,s3,CBK309098,/mnt/micro-images-pvc/specs935-v1/specs935-v1-FA-P015097-U2OS-48h-P11-L2/2021-12-23/873/specs935-v1-FA-P015097-U2OS-48h-P11-L2_N15_s3_w50083A8DD-3A7D-43A7-BFCA-EEEF8F592687.npy,protein synthesis inhibitor
P015097,N15,s4,CBK309098,/mnt/micro-images-pvc/specs935-v1/specs935-v1-FA-P015097-U2OS-48h-P11-L2/2021-12-23/873/specs935-v1-FA-P015097-U2OS-48h-P11-L2_N15_s4_w5FA642ABC-9A02-423E-B744-C5A9E021EFC1.npy,protein synthesis inhibitor
P015097,N15,s5,CBK309098,/mnt/micro-images-pvc/specs935-v1/specs935-v1-FA-P015097-U2OS-48h-P11-L2/2021-12-23/873/specs935-v1-FA-P015097-U2OS-48h-P11-L2_N15_s5_w5193ECA2F-0C27-4846-920B-B2F3070743AA.npy,protein synthesis inhibitor
P015097,N15,s6,CBK309098,/mnt/micro-images-pvc/specs935-v1/specs935-v1-FA-P015097-U2OS-48h-P11-L2/2021-12-23/873/specs935-v1-FA-P015097-U2OS-48h-P11-L2_N15_s6_w59B759E33-681D-43B5-A4A5-4EFEA2946450.npy,protein synthesis inhibitor
P015097,N15,s7,CBK309098,/mnt/micro-images-pvc/specs935-v1/specs935-v1-FA-P015097-U2OS-48h-P11-L2/2021-12-23/873/specs935-v1-FA-P015097-U2OS-48h-P11-L2_N15_s7_w5D1DE5E88-8EE7-4DAD-BCE7-FA3A500F1DE7.npy,protein synthesis inhibitor
P015097,N15,s8,CBK309098,/mnt/micro-images-pvc/specs935-v1/specs935-v1-FA-P015097-U2OS-48h-P11-L2/2021-12-23/873/specs935-v1-FA-P015097-U2OS-48h-P11-L2_N15_s8_w5DA7D0B2D-CB8B-4FDD-BD3F-7DC124685225.npy,protein synthesis inhibitor
P015097,N15,s9,CBK309098,/mnt/micro-images-pvc/specs935-v1/specs935-v1-FA-P015097-U2OS-48h-P11-L2/2021-12-23/873/specs935-v1-FA-P015097-U2OS-48h-P11-L2_N15_s9_w5EB13B21D-8523-42A1-8B42-64958EFE36C0.npy,protein synthesis inhibitor
P015097,N16,s1,CBK200860,/mnt/micro-images-pvc/specs935-v1/specs935-v1-FA-P015097-U2OS-48h-P11-L2/2021-12-23/873/specs935-v1-FA-P015097-U2OS-48h-P11-L2_N16_s1_w56683A44B-DCF6-466B-843B-B642EF1B450C.npy,protein synthesis inhibitor
P015097,N16,s2,CBK200860,/mnt/micro-images-pvc/specs935-v1/specs935-v1-FA-P015097-U2OS-48h-P11-L2/2021-12-23/873/specs935-v1-FA-P015097-U2OS-48h-P11-L2_N16_s2_w5A07828B0-6A01-49BB-91DA-A1AA1806A5AE.npy,protein synthesis inhibitor
P015097,N16,s3,CBK200860,/mnt/micro-images-pvc/specs935-v1/specs935-v1-FA-P015097-U2OS-48h-P11-L2/2021-12-23/873/specs935-v1-FA-P015097-U2OS-48h-P11-L2_N16_s3_w5803DF99A-9A4B-4B76-B1EF-C02936066881.npy,protein synthesis inhibitor
P015097,N16,s4,CBK200860,/mnt/micro-images-pvc/specs935-v1/specs935-v1-FA-P015097-U2OS-48h-P11-L2/2021-12-23/873/specs935-v1-FA-P015097-U2OS-48h-P11-L2_N16_s4_w5F50F31E2-5354-4C7C-86C0-3469B6550250.npy,protein synthesis inhibitor
P015097,N16,s5,CBK200860,/mnt/micro-images-pvc/specs935-v1/specs935-v1-FA-P015097-U2OS-48h-P11-L2/2021-12-23/873/specs935-v1-FA-P015097-U2OS-48h-P11-L2_N16_s5_w5E002C647-DB10-46D7-B3D6-825FE6AAA910.npy,protein synthesis inhibitor
P015097,N16,s6,CBK200860,/mnt/micro-images-pvc/specs935-v1/specs935-v1-FA-P015097-U2OS-48h-P11-L2/2021-12-23/873/specs935-v1-FA-P015097-U2OS-48h-P11-L2_N16_s6_w583D4F5BD-D53E-4D08-9B3A-DE9C4693B780.npy,protein synthesis inhibitor
P015097,N16,s7,CBK200860,/mnt/micro-images-pvc/specs935-v1/specs935-v1-FA-P015097-U2OS-48h-P11-L2/2021-12-23/873/specs935-v1-FA-P015097-U2OS-48h-P11-L2_N16_s7_w5D634C942-77C1-41CD-8E52-45C996129283.npy,protein synthesis inhibitor
P015097,N16,s8,CBK200860,/mnt/micro-images-pvc/specs935-v1/specs935-v1-FA-P015097-U2OS-48h-P11-L2/2021-12-23/873/specs935-v1-FA-P015097-U2OS-48h-P11-L2_N16_s8_w595ED6AD7-1DF1-447B-8481-38A8E7BC04D8.npy,protein synthesis inhibitor
P015097,N16,s9,CBK200860,/mnt/micro-images-pvc/specs935-v1/specs935-v1-FA-P015097-U2OS-48h-P11-L2/2021-12-23/873/specs935-v1-FA-P015097-U2OS-48h-P11-L2_N16_s9_w5CA102880-C134-4D45-BCD9-0717A592E19D.npy,protein synthesis inhibitor
P015097,N19,s1,CBK308608,/mnt/micro-images-pvc/specs935-v1/specs935-v1-FA-P015097-U2OS-48h-P11-L2/2021-12-23/873/specs935-v1-FA-P015097-U2OS-48h-P11-L2_N19_s1_w5652D86F2-4221-4BFC-8F0D-0F7E2F371CAA.npy,protein synthesis inhibitor
P015097,N19,s2,CBK308608,/mnt/micro-images-pvc/specs935-v1/specs935-v1-FA-P015097-U2OS-48h-P11-L2/2021-12-23/873/specs935-v1-FA-P015097-U2OS-48h-P11-L2_N19_s2_w529E744B5-5781-4CA3-A719-5F3EA3127805.npy,protein synthesis inhibitor
P015097,N19,s3,CBK308608,/mnt/micro-images-pvc/specs935-v1/specs935-v1-FA-P015097-U2OS-48h-P11-L2/2021-12-23/873/specs935-v1-FA-P015097-U2OS-48h-P11-L2_N19_s3_w525EE4159-96EA-40B4-8F79-3630A828925F.npy,protein synthesis inhibitor
P015097,N19,s4,CBK308608,/mnt/micro-images-pvc/specs935-v1/specs935-v1-FA-P015097-U2OS-48h-P11-L2/2021-12-23/873/specs935-v1-FA-P015097-U2OS-48h-P11-L2_N19_s4_w5A71DEE14-587A-4EB6-AFE5-A10A89EAB3B2.npy,protein synthesis inhibitor
P015097,N19,s5,CBK308608,/mnt/micro-images-pvc/specs935-v1/specs935-v1-FA-P015097-U2OS-48h-P11-L2/2021-12-23/873/specs935-v1-FA-P015097-U2OS-48h-P11-L2_N19_s5_w59171A77C-E84A-4846-A4B5-96BCC86FFB1A.npy,protein synthesis inhibitor
P015097,N19,s6,CBK308608,/mnt/micro-images-pvc/specs935-v1/specs935-v1-FA-P015097-U2OS-48h-P11-L2/2021-12-23/873/specs935-v1-FA-P015097-U2OS-48h-P11-L2_N19_s6_w5B76550AB-0A76-4F91-95FA-3F7B1EA5E6DE.npy,protein synthesis inhibitor
P015097,N19,s7,CBK308608,/mnt/micro-images-pvc/specs935-v1/specs935-v1-FA-P015097-U2OS-48h-P11-L2/2021-12-23/873/specs935-v1-FA-P015097-U2OS-48h-P11-L2_N19_s7_w590E62F10-F072-49A8-8AB7-BA97C9A67741.npy,protein synthesis inhibitor
P015097,N19,s8,CBK308608,/mnt/micro-images-pvc/specs935-v1/specs935-v1-FA-P015097-U2OS-48h-P11-L2/2021-12-23/873/specs935-v1-FA-P015097-U2OS-48h-P11-L2_N19_s8_w53F1D6908-1C5A-4701-A825-FC00236DFEEF.npy,protein synthesis inhibitor
P015097,N19,s9,CBK308608,/mnt/micro-images-pvc/specs935-v1/specs935-v1-FA-P015097-U2OS-48h-P11-L2/2021-12-23/873/specs935-v1-FA-P015097-U2OS-48h-P11-L2_N19_s9_w58C984641-1890-457B-9F7C-FC8501CC67C6.npy,protein synthesis inhibitor
P015097,O04,s1,CBK200838,/mnt/micro-images-pvc/specs935-v1/specs935-v1-FA-P015097-U2OS-48h-P11-L2/2021-12-23/873/specs935-v1-FA-P015097-U2OS-48h-P11-L2_O04_s1_w51179BAE1-CD96-4665-8D6F-FEBF26D23A5F.npy,protein synthesis inhibitor
P015097,O04,s2,CBK200838,/mnt/micro-images-pvc/specs935-v1/specs935-v1-FA-P015097-U2OS-48h-P11-L2/2021-12-23/873/specs935-v1-FA-P015097-U2OS-48h-P11-L2_O04_s2_w5111CE5AD-9435-4E55-B458-BCB3594C60CF.npy,protein synthesis inhibitor
P015097,O04,s3,CBK200838,/mnt/micro-images-pvc/specs935-v1/specs935-v1-FA-P015097-U2OS-48h-P11-L2/2021-12-23/873/specs935-v1-FA-P015097-U2OS-48h-P11-L2_O04_s3_w5E9111BB5-09A8-4591-80A7-57DF3954DFC2.npy,protein synthesis inhibitor
P015097,O04,s4,CBK200838,/mnt/micro-images-pvc/specs935-v1/specs935-v1-FA-P015097-U2OS-48h-P11-L2/2021-12-23/873/specs935-v1-FA-P015097-U2OS-48h-P11-L2_O04_s4_w59C7700D5-6774-4640-AA8E-51AE2ABF0AE1.npy,protein synthesis inhibitor
P015097,O04,s5,CBK200838,/mnt/micro-images-pvc/specs935-v1/specs935-v1-FA-P015097-U2OS-48h-P11-L2/2021-12-23/873/specs935-v1-FA-P015097-U2OS-48h-P11-L2_O04_s5_w5A3227214-689D-4AF4-8737-12515C778721.npy,protein synthesis inhibitor
P015097,O04,s6,CBK200838,/mnt/micro-images-pvc/specs935-v1/specs935-v1-FA-P015097-U2OS-48h-P11-L2/2021-12-23/873/specs935-v1-FA-P015097-U2OS-48h-P11-L2_O04_s6_w592812033-710E-4F3F-9FCD-3C6301FEFF8A.npy,protein synthesis inhibitor
P015097,O04,s7,CBK200838,/mnt/micro-images-pvc/specs935-v1/specs935-v1-FA-P015097-U2OS-48h-P11-L2/2021-12-23/873/specs935-v1-FA-P015097-U2OS-48h-P11-L2_O04_s7_w5AD1B63C0-3DF9-4C29-8039-83DFB7457B9E.npy,protein synthesis inhibitor
P015097,O04,s8,CBK200838,/mnt/micro-images-pvc/specs935-v1/specs935-v1-FA-P015097-U2OS-48h-P11-L2/2021-12-23/873/specs935-v1-FA-P015097-U2OS-48h-P11-L2_O04_s8_w5E78D159B-203E-4DFE-8AEB-C8D3EE06CA52.npy,protein synthesis inhibitor
P015097,O04,s9,CBK200838,/mnt/micro-images-pvc/specs935-v1/specs935-v1-FA-P015097-U2OS-48h-P11-L2/2021-12-23/873/specs935-v1-FA-P015097-U2OS-48h-P11-L2_O04_s9_w52541EFAE-504D-4659-B746-91C5A4A3F191.npy,protein synthesis inhibitor
P015097,O18,s1,CBK309258,/mnt/micro-images-pvc/specs935-v1/specs935-v1-FA-P015097-U2OS-48h-P11-L2/2021-12-23/873/specs935-v1-FA-P015097-U2OS-48h-P11-L2_O18_s1_w56ED1CAC7-424C-4310-9CF5-11DB29923888.npy,protein synthesis inhibitor
P015097,O18,s2,CBK309258,/mnt/micro-images-pvc/specs935-v1/specs935-v1-FA-P015097-U2OS-48h-P11-L2/2021-12-23/873/specs935-v1-FA-P015097-U2OS-48h-P11-L2_O18_s2_w5F647A9DE-B0A3-496A-86CD-33FED913B935.npy,protein synthesis inhibitor
P015097,O18,s3,CBK309258,/mnt/micro-images-pvc/specs935-v1/specs935-v1-FA-P015097-U2OS-48h-P11-L2/2021-12-23/873/specs935-v1-FA-P015097-U2OS-48h-P11-L2_O18_s3_w5E12EB37C-ED24-474B-94CA-47A69E2BF698.npy,protein synthesis inhibitor
P015097,O18,s4,CBK309258,/mnt/micro-images-pvc/specs935-v1/specs935-v1-FA-P015097-U2OS-48h-P11-L2/2021-12-23/873/specs935-v1-FA-P015097-U2OS-48h-P11-L2_O18_s4_w52D9E5D91-CEAD-4733-A9B7-A393AC118B74.npy,protein synthesis inhibitor
P015097,O18,s5,CBK309258,/mnt/micro-images-pvc/specs935-v1/specs935-v1-FA-P015097-U2OS-48h-P11-L2/2021-12-23/873/specs935-v1-FA-P015097-U2OS-48h-P11-L2_O18_s5_w597236F60-BB51-4201-8BFC-92625365D7FD.npy,protein synthesis inhibitor
P015097,O18,s6,CBK309258,/mnt/micro-images-pvc/specs935-v1/specs935-v1-FA-P015097-U2OS-48h-P11-L2/2021-12-23/873/specs935-v1-FA-P015097-U2OS-48h-P11-L2_O18_s6_w5586E21C8-3727-46B0-8C30-F58B4E7F7350.npy,protein synthesis inhibitor
P015097,O18,s7,CBK309258,/mnt/micro-images-pvc/specs935-v1/specs935-v1-FA-P015097-U2OS-48h-P11-L2/2021-12-23/873/specs935-v1-FA-P015097-U2OS-48h-P11-L2_O18_s7_w55BD75B4C-50EC-4247-9D1D-205D70D045E0.npy,protein synthesis inhibitor
P015097,O18,s8,CBK309258,/mnt/micro-images-pvc/specs935-v1/specs935-v1-FA-P015097-U2OS-48h-P11-L2/2021-12-23/873/specs935-v1-FA-P015097-U2OS-48h-P11-L2_O18_s8_w5D9EBD827-CDE3-4B11-A38C-BD9638CCE84F.npy,protein synthesis inhibitor
P015097,O18,s9,CBK309258,/mnt/micro-images-pvc/specs935-v1/specs935-v1-FA-P015097-U2OS-48h-P11-L2/2021-12-23/873/specs935-v1-FA-P015097-U2OS-48h-P11-L2_O18_s9_w546959402-CC4D-4D90-9FA4-3A6A1BFC60E4.npy,protein synthesis inhibitor
P015097,O19,s1,CBK307773,/mnt/micro-images-pvc/specs935-v1/specs935-v1-FA-P015097-U2OS-48h-P11-L2/2021-12-23/873/specs935-v1-FA-P015097-U2OS-48h-P11-L2_O19_s1_w5135E59EE-D974-4EB4-8E41-73AADDBA4BDC.npy,protein synthesis inhibitor
P015097,O19,s2,CBK307773,/mnt/micro-images-pvc/specs935-v1/specs935-v1-FA-P015097-U2OS-48h-P11-L2/2021-12-23/873/specs935-v1-FA-P015097-U2OS-48h-P11-L2_O19_s2_w5FA1A0AD5-AF7F-4914-B6D2-6FF66F3E9747.npy,protein synthesis inhibitor
P015097,O19,s3,CBK307773,/mnt/micro-images-pvc/specs935-v1/specs935-v1-FA-P015097-U2OS-48h-P11-L2/2021-12-23/873/specs935-v1-FA-P015097-U2OS-48h-P11-L2_O19_s3_w56D1F4092-A5CD-464D-A3E9-11F44C09366A.npy,protein synthesis inhibitor
P015097,O19,s4,CBK307773,/mnt/micro-images-pvc/specs935-v1/specs935-v1-FA-P015097-U2OS-48h-P11-L2/2021-12-23/873/specs935-v1-FA-P015097-U2OS-48h-P11-L2_O19_s4_w5A4EE913C-95AD-400A-B680-D7B8E2423587.npy,protein synthesis inhibitor
P015097,O19,s5,CBK307773,/mnt/micro-images-pvc/specs935-v1/specs935-v1-FA-P015097-U2OS-48h-P11-L2/2021-12-23/873/specs935-v1-FA-P015097-U2OS-48h-P11-L2_O19_s5_w51A9103D9-37DE-44B1-98FB-80ECFD8509E4.npy,protein synthesis inhibitor
P015097,O19,s6,CBK307773,/mnt/micro-images-pvc/specs935-v1/specs935-v1-FA-P015097-U2OS-48h-P11-L2/2021-12-23/873/specs935-v1-FA-P015097-U2OS-48h-P11-L2_O19_s6_w508CCEFB9-1D85-49D6-8BF6-7C25FBC43309.npy,protein synthesis inhibitor
P015097,O19,s7,CBK307773,/mnt/micro-images-pvc/specs935-v1/specs935-v1-FA-P015097-U2OS-48h-P11-L2/2021-12-23/873/specs935-v1-FA-P015097-U2OS-48h-P11-L2_O19_s7_w54A59148C-1FF4-410E-AB32-0CFB1426E852.npy,protein synthesis inhibitor
P015097,O19,s8,CBK307773,/mnt/micro-images-pvc/specs935-v1/specs935-v1-FA-P015097-U2OS-48h-P11-L2/2021-12-23/873/specs935-v1-FA-P015097-U2OS-48h-P11-L2_O19_s8_w597DBD966-1F43-4EEE-9C1D-D35401E6EC07.npy,protein synthesis inhibitor
P015097,O19,s9,CBK307773,/mnt/micro-images-pvc/specs935-v1/specs935-v1-FA-P015097-U2OS-48h-P11-L2/2021-12-23/873/specs935-v1-FA-P015097-U2OS-48h-P11-L2_O19_s9_w51DF7496A-54E4-4046-9747-AB6998641612.npy,protein synthesis inhibitor
P015098,B09,s1,CBK271643,/mnt/micro-images-pvc/specs935-v1/specs935-v1-FA-P015098-U2OS-48h-P12-L1/2021-12-19/859/specs935-v1-FA-P015098-U2OS-48h-P12-L1_B09_s1_w539070357-BB76-4216-9D1E-AEB154962C9A.npy,retinoid receptor agonist
P015098,B09,s2,CBK271643,/mnt/micro-images-pvc/specs935-v1/specs935-v1-FA-P015098-U2OS-48h-P12-L1/2021-12-19/859/specs935-v1-FA-P015098-U2OS-48h-P12-L1_B09_s2_w567271554-3267-4FF2-9D0F-DC88C5EA6581.npy,retinoid receptor agonist
P015098,B09,s3,CBK271643,/mnt/micro-images-pvc/specs935-v1/specs935-v1-FA-P015098-U2OS-48h-P12-L1/2021-12-19/859/specs935-v1-FA-P015098-U2OS-48h-P12-L1_B09_s3_w528DB40F4-F481-4E99-BDCF-D5FDBF8A862E.npy,retinoid receptor agonist
P015098,B09,s4,CBK271643,/mnt/micro-images-pvc/specs935-v1/specs935-v1-FA-P015098-U2OS-48h-P12-L1/2021-12-19/859/specs935-v1-FA-P015098-U2OS-48h-P12-L1_B09_s4_w524231DC5-5404-4D7A-B76F-DE620D43B542.npy,retinoid receptor agonist
P015098,B09,s5,CBK271643,/mnt/micro-images-pvc/specs935-v1/specs935-v1-FA-P015098-U2OS-48h-P12-L1/2021-12-19/859/specs935-v1-FA-P015098-U2OS-48h-P12-L1_B09_s5_w55BE23875-712B-4589-BA2E-247FC2C5BE6D.npy,retinoid receptor agonist
P015098,B09,s6,CBK271643,/mnt/micro-images-pvc/specs935-v1/specs935-v1-FA-P015098-U2OS-48h-P12-L1/2021-12-19/859/specs935-v1-FA-P015098-U2OS-48h-P12-L1_B09_s6_w5AE2F0484-93C1-47E8-A0BD-81AE335DC134.npy,retinoid receptor agonist
P015098,B09,s7,CBK271643,/mnt/micro-images-pvc/specs935-v1/specs935-v1-FA-P015098-U2OS-48h-P12-L1/2021-12-19/859/specs935-v1-FA-P015098-U2OS-48h-P12-L1_B09_s7_w57E7E4572-F27B-4624-B1E8-7344995F01D5.npy,retinoid receptor agonist
P015098,B09,s8,CBK271643,/mnt/micro-images-pvc/specs935-v1/specs935-v1-FA-P015098-U2OS-48h-P12-L1/2021-12-19/859/specs935-v1-FA-P015098-U2OS-48h-P12-L1_B09_s8_w5E4CDE85F-7776-4416-849D-2916D1B45AE3.npy,retinoid receptor agonist
P015098,B09,s9,CBK271643,/mnt/micro-images-pvc/specs935-v1/specs935-v1-FA-P015098-U2OS-48h-P12-L1/2021-12-19/859/specs935-v1-FA-P015098-U2OS-48h-P12-L1_B09_s9_w5C466D542-A502-40D6-B454-2F9749754942.npy,retinoid receptor agonist
P015098,B17,s1,CBK290217,/mnt/micro-images-pvc/specs935-v1/specs935-v1-FA-P015098-U2OS-48h-P12-L1/2021-12-19/859/specs935-v1-FA-P015098-U2OS-48h-P12-L1_B17_s1_w5BC9E9AE3-2C35-4B21-B707-6E6629BF672B.npy,retinoid receptor agonist
P015098,B17,s2,CBK290217,/mnt/micro-images-pvc/specs935-v1/specs935-v1-FA-P015098-U2OS-48h-P12-L1/2021-12-19/859/specs935-v1-FA-P015098-U2OS-48h-P12-L1_B17_s2_w598F7A113-6879-4764-8BDE-8581C857E00A.npy,retinoid receptor agonist
P015098,B17,s3,CBK290217,/mnt/micro-images-pvc/specs935-v1/specs935-v1-FA-P015098-U2OS-48h-P12-L1/2021-12-19/859/specs935-v1-FA-P015098-U2OS-48h-P12-L1_B17_s3_w5A3118B82-BF29-40E2-A503-5AC89040F784.npy,retinoid receptor agonist
P015098,B17,s4,CBK290217,/mnt/micro-images-pvc/specs935-v1/specs935-v1-FA-P015098-U2OS-48h-P12-L1/2021-12-19/859/specs935-v1-FA-P015098-U2OS-48h-P12-L1_B17_s4_w5393B133F-EC7A-4403-BE95-942205D0376F.npy,retinoid receptor agonist
P015098,B17,s5,CBK290217,/mnt/micro-images-pvc/specs935-v1/specs935-v1-FA-P015098-U2OS-48h-P12-L1/2021-12-19/859/specs935-v1-FA-P015098-U2OS-48h-P12-L1_B17_s5_w51A112A92-45B4-4B62-BD7F-8F99E7983E60.npy,retinoid receptor agonist
P015098,B17,s6,CBK290217,/mnt/micro-images-pvc/specs935-v1/specs935-v1-FA-P015098-U2OS-48h-P12-L1/2021-12-19/859/specs935-v1-FA-P015098-U2OS-48h-P12-L1_B17_s6_w570433E99-7D7E-4DD5-8276-0A05D252AEE1.npy,retinoid receptor agonist
P015098,B17,s7,CBK290217,/mnt/micro-images-pvc/specs935-v1/specs935-v1-FA-P015098-U2OS-48h-P12-L1/2021-12-19/859/specs935-v1-FA-P015098-U2OS-48h-P12-L1_B17_s7_w577913724-7455-402F-804C-DE3E626C8412.npy,retinoid receptor agonist
P015098,B17,s8,CBK290217,/mnt/micro-images-pvc/specs935-v1/specs935-v1-FA-P015098-U2OS-48h-P12-L1/2021-12-19/859/specs935-v1-FA-P015098-U2OS-48h-P12-L1_B17_s8_w5A140306C-35D4-43CE-B29B-434C76118A94.npy,retinoid receptor agonist
P015098,B17,s9,CBK290217,/mnt/micro-images-pvc/specs935-v1/specs935-v1-FA-P015098-U2OS-48h-P12-L1/2021-12-19/859/specs935-v1-FA-P015098-U2OS-48h-P12-L1_B17_s9_w5206097BD-3820-4EB1-8DB2-D138E40DDB31.npy,retinoid receptor agonist
P015098,B18,s1,CBK016139,/mnt/micro-images-pvc/specs935-v1/specs935-v1-FA-P015098-U2OS-48h-P12-L1/2021-12-19/859/specs935-v1-FA-P015098-U2OS-48h-P12-L1_B18_s1_w5438E2C93-0F9E-4E0E-A32D-A1B974EC8FF0.npy,tubulin polymerization inhibitor
P015098,B18,s2,CBK016139,/mnt/micro-images-pvc/specs935-v1/specs935-v1-FA-P015098-U2OS-48h-P12-L1/2021-12-19/859/specs935-v1-FA-P015098-U2OS-48h-P12-L1_B18_s2_w5EA4C5F40-4889-44C3-868D-02819DCFB322.npy,tubulin polymerization inhibitor
P015098,B18,s3,CBK016139,/mnt/micro-images-pvc/specs935-v1/specs935-v1-FA-P015098-U2OS-48h-P12-L1/2021-12-19/859/specs935-v1-FA-P015098-U2OS-48h-P12-L1_B18_s3_w5760A3CFB-1993-4C90-B714-D2943A4CA134.npy,tubulin polymerization inhibitor
P015098,B18,s4,CBK016139,/mnt/micro-images-pvc/specs935-v1/specs935-v1-FA-P015098-U2OS-48h-P12-L1/2021-12-19/859/specs935-v1-FA-P015098-U2OS-48h-P12-L1_B18_s4_w5C8F545ED-C84D-48CE-B9C4-98909AF7657B.npy,tubulin polymerization inhibitor
P015098,B18,s5,CBK016139,/mnt/micro-images-pvc/specs935-v1/specs935-v1-FA-P015098-U2OS-48h-P12-L1/2021-12-19/859/specs935-v1-FA-P015098-U2OS-48h-P12-L1_B18_s5_w5CFF1A608-F61A-4F12-9B35-260AFB46B5AF.npy,tubulin polymerization inhibitor
P015098,B18,s6,CBK016139,/mnt/micro-images-pvc/specs935-v1/specs935-v1-FA-P015098-U2OS-48h-P12-L1/2021-12-19/859/specs935-v1-FA-P015098-U2OS-48h-P12-L1_B18_s6_w5D83850E0-9EBA-4AA3-8E49-EFFD8F2DB932.npy,tubulin polymerization inhibitor
P015098,B18,s7,CBK016139,/mnt/micro-images-pvc/specs935-v1/specs935-v1-FA-P015098-U2OS-48h-P12-L1/2021-12-19/859/specs935-v1-FA-P015098-U2OS-48h-P12-L1_B18_s7_w57349241C-287D-4586-A49D-16AA7F0AFE9C.npy,tubulin polymerization inhibitor
P015098,B18,s8,CBK016139,/mnt/micro-images-pvc/specs935-v1/specs935-v1-FA-P015098-U2OS-48h-P12-L1/2021-12-19/859/specs935-v1-FA-P015098-U2OS-48h-P12-L1_B18_s8_w5DD5CD515-3119-40C6-95B6-6076250F821A.npy,tubulin polymerization inhibitor
P015098,B18,s9,CBK016139,/mnt/micro-images-pvc/specs935-v1/specs935-v1-FA-P015098-U2OS-48h-P12-L1/2021-12-19/859/specs935-v1-FA-P015098-U2OS-48h-P12-L1_B18_s9_w52BD7C924-7A8E-49A1-9103-D064BC14E73E.npy,tubulin polymerization inhibitor
P015098,B21,s1,CBK308090,/mnt/micro-images-pvc/specs935-v1/specs935-v1-FA-P015098-U2OS-48h-P12-L1/2021-12-19/859/specs935-v1-FA-P015098-U2OS-48h-P12-L1_B21_s1_w5C2894CC0-A371-4284-B7B0-BDC2213FA5BB.npy,retinoid receptor agonist
P015098,B21,s2,CBK308090,/mnt/micro-images-pvc/specs935-v1/specs935-v1-FA-P015098-U2OS-48h-P12-L1/2021-12-19/859/specs935-v1-FA-P015098-U2OS-48h-P12-L1_B21_s2_w55234FCF8-14B5-4A02-936D-8435BA2A2676.npy,retinoid receptor agonist
P015098,B21,s3,CBK308090,/mnt/micro-images-pvc/specs935-v1/specs935-v1-FA-P015098-U2OS-48h-P12-L1/2021-12-19/859/specs935-v1-FA-P015098-U2OS-48h-P12-L1_B21_s3_w50CB1226D-EDCE-49E7-ACBB-0ED5B74B136E.npy,retinoid receptor agonist
P015098,B21,s4,CBK308090,/mnt/micro-images-pvc/specs935-v1/specs935-v1-FA-P015098-U2OS-48h-P12-L1/2021-12-19/859/specs935-v1-FA-P015098-U2OS-48h-P12-L1_B21_s4_w55CA2062D-D0EA-4C97-AF21-8E841E09E4DF.npy,retinoid receptor agonist
P015098,B21,s5,CBK308090,/mnt/micro-images-pvc/specs935-v1/specs935-v1-FA-P015098-U2OS-48h-P12-L1/2021-12-19/859/specs935-v1-FA-P015098-U2OS-48h-P12-L1_B21_s5_w5E1259CEF-0FB9-419A-A3A6-80E4371859AD.npy,retinoid receptor agonist
P015098,B21,s6,CBK308090,/mnt/micro-images-pvc/specs935-v1/specs935-v1-FA-P015098-U2OS-48h-P12-L1/2021-12-19/859/specs935-v1-FA-P015098-U2OS-48h-P12-L1_B21_s6_w5A448A766-064D-4368-9167-7DE081141595.npy,retinoid receptor agonist
P015098,B21,s7,CBK308090,/mnt/micro-images-pvc/specs935-v1/specs935-v1-FA-P015098-U2OS-48h-P12-L1/2021-12-19/859/specs935-v1-FA-P015098-U2OS-48h-P12-L1_B21_s7_w533069407-0DD1-4DC0-A260-E4B56E8D381B.npy,retinoid receptor agonist
P015098,B21,s8,CBK308090,/mnt/micro-images-pvc/specs935-v1/specs935-v1-FA-P015098-U2OS-48h-P12-L1/2021-12-19/859/specs935-v1-FA-P015098-U2OS-48h-P12-L1_B21_s8_w5807F283C-F823-43EE-A2B6-A7BFEFBE65F7.npy,retinoid receptor agonist
P015098,B21,s9,CBK308090,/mnt/micro-images-pvc/specs935-v1/specs935-v1-FA-P015098-U2OS-48h-P12-L1/2021-12-19/859/specs935-v1-FA-P015098-U2OS-48h-P12-L1_B21_s9_w5FC6FCFBC-61D7-41DE-B4BD-BF98B3E3F69A.npy,retinoid receptor agonist
P015098,B22,s1,CBK290101,/mnt/micro-images-pvc/specs935-v1/specs935-v1-FA-P015098-U2OS-48h-P12-L1/2021-12-19/859/specs935-v1-FA-P015098-U2OS-48h-P12-L1_B22_s1_w542F37641-6655-4631-A1E3-266A985E0E1B.npy,retinoid receptor agonist
P015098,B22,s2,CBK290101,/mnt/micro-images-pvc/specs935-v1/specs935-v1-FA-P015098-U2OS-48h-P12-L1/2021-12-19/859/specs935-v1-FA-P015098-U2OS-48h-P12-L1_B22_s2_w5EDDD524E-CCAE-4930-8E65-E9E7527D1B2B.npy,retinoid receptor agonist
P015098,B22,s3,CBK290101,/mnt/micro-images-pvc/specs935-v1/specs935-v1-FA-P015098-U2OS-48h-P12-L1/2021-12-19/859/specs935-v1-FA-P015098-U2OS-48h-P12-L1_B22_s3_w5128B513B-59DC-4351-998F-9CC34E3EF0F3.npy,retinoid receptor agonist
P015098,B22,s4,CBK290101,/mnt/micro-images-pvc/specs935-v1/specs935-v1-FA-P015098-U2OS-48h-P12-L1/2021-12-19/859/specs935-v1-FA-P015098-U2OS-48h-P12-L1_B22_s4_w56CF4311D-2748-45BC-B3D4-66ADACD70FC3.npy,retinoid receptor agonist
P015098,B22,s5,CBK290101,/mnt/micro-images-pvc/specs935-v1/specs935-v1-FA-P015098-U2OS-48h-P12-L1/2021-12-19/859/specs935-v1-FA-P015098-U2OS-48h-P12-L1_B22_s5_w5F936CF44-FCB6-42E5-A84E-3E033637A344.npy,retinoid receptor agonist
P015098,B22,s6,CBK290101,/mnt/micro-images-pvc/specs935-v1/specs935-v1-FA-P015098-U2OS-48h-P12-L1/2021-12-19/859/specs935-v1-FA-P015098-U2OS-48h-P12-L1_B22_s6_w5CA1E6FA6-3D3C-4FD9-B8EB-BAB76FBFD2B1.npy,retinoid receptor agonist
P015098,B22,s7,CBK290101,/mnt/micro-images-pvc/specs935-v1/specs935-v1-FA-P015098-U2OS-48h-P12-L1/2021-12-19/859/specs935-v1-FA-P015098-U2OS-48h-P12-L1_B22_s7_w5899B0F78-5785-433A-A009-763DCFC4AD33.npy,retinoid receptor agonist
P015098,B22,s8,CBK290101,/mnt/micro-images-pvc/specs935-v1/specs935-v1-FA-P015098-U2OS-48h-P12-L1/2021-12-19/859/specs935-v1-FA-P015098-U2OS-48h-P12-L1_B22_s8_w595FC3A9B-8D87-4BA9-AE8E-C33D77DA480D.npy,retinoid receptor agonist
P015098,B22,s9,CBK290101,/mnt/micro-images-pvc/specs935-v1/specs935-v1-FA-P015098-U2OS-48h-P12-L1/2021-12-19/859/specs935-v1-FA-P015098-U2OS-48h-P12-L1_B22_s9_w5C76AB901-57E2-47C7-B353-A0A43A8BE867.npy,retinoid receptor agonist
P015098,B23,s1,CBK307964,/mnt/micro-images-pvc/specs935-v1/specs935-v1-FA-P015098-U2OS-48h-P12-L1/2021-12-19/859/specs935-v1-FA-P015098-U2OS-48h-P12-L1_B23_s1_w56115046A-BA4E-44C2-A0CC-05D17060ED01.npy,tubulin polymerization inhibitor
P015098,B23,s2,CBK307964,/mnt/micro-images-pvc/specs935-v1/specs935-v1-FA-P015098-U2OS-48h-P12-L1/2021-12-19/859/specs935-v1-FA-P015098-U2OS-48h-P12-L1_B23_s2_w50F29EDDA-E1A4-4081-B697-CD2A75CEE7AE.npy,tubulin polymerization inhibitor
P015098,B23,s3,CBK307964,/mnt/micro-images-pvc/specs935-v1/specs935-v1-FA-P015098-U2OS-48h-P12-L1/2021-12-19/859/specs935-v1-FA-P015098-U2OS-48h-P12-L1_B23_s3_w5C03EB063-0077-4568-8CC0-930E49D78875.npy,tubulin polymerization inhibitor
P015098,B23,s4,CBK307964,/mnt/micro-images-pvc/specs935-v1/specs935-v1-FA-P015098-U2OS-48h-P12-L1/2021-12-19/859/specs935-v1-FA-P015098-U2OS-48h-P12-L1_B23_s4_w5C6F244C9-95B7-4839-8859-6A20EB56F078.npy,tubulin polymerization inhibitor
P015098,B23,s5,CBK307964,/mnt/micro-images-pvc/specs935-v1/specs935-v1-FA-P015098-U2OS-48h-P12-L1/2021-12-19/859/specs935-v1-FA-P015098-U2OS-48h-P12-L1_B23_s5_w5BA2AC1BD-E445-43E2-A427-F4EC169588B7.npy,tubulin polymerization inhibitor
P015098,B23,s6,CBK307964,/mnt/micro-images-pvc/specs935-v1/specs935-v1-FA-P015098-U2OS-48h-P12-L1/2021-12-19/859/specs935-v1-FA-P015098-U2OS-48h-P12-L1_B23_s6_w5ABBAAA7F-DB16-4D09-B487-519431831DFE.npy,tubulin polymerization inhibitor
P015098,B23,s7,CBK307964,/mnt/micro-images-pvc/specs935-v1/specs935-v1-FA-P015098-U2OS-48h-P12-L1/2021-12-19/859/specs935-v1-FA-P015098-U2OS-48h-P12-L1_B23_s7_w5FE23F099-85D4-40D7-945E-19ED27C44AC7.npy,tubulin polymerization inhibitor
P015098,B23,s8,CBK307964,/mnt/micro-images-pvc/specs935-v1/specs935-v1-FA-P015098-U2OS-48h-P12-L1/2021-12-19/859/specs935-v1-FA-P015098-U2OS-48h-P12-L1_B23_s8_w568494620-A5AA-4B32-A1E9-FA29710890AE.npy,tubulin polymerization inhibitor
P015098,B23,s9,CBK307964,/mnt/micro-images-pvc/specs935-v1/specs935-v1-FA-P015098-U2OS-48h-P12-L1/2021-12-19/859/specs935-v1-FA-P015098-U2OS-48h-P12-L1_B23_s9_w512CBFA6C-D704-45F0-B16A-DA7555886C11.npy,tubulin polymerization inhibitor
P015098,C02,s1,CBK308276,/mnt/micro-images-pvc/specs935-v1/specs935-v1-FA-P015098-U2OS-48h-P12-L1/2021-12-19/859/specs935-v1-FA-P015098-U2OS-48h-P12-L1_C02_s1_w530269C0C-67A4-4F9A-B103-D06522255643.npy,retinoid receptor agonist
P015098,C02,s2,CBK308276,/mnt/micro-images-pvc/specs935-v1/specs935-v1-FA-P015098-U2OS-48h-P12-L1/2021-12-19/859/specs935-v1-FA-P015098-U2OS-48h-P12-L1_C02_s2_w5990B516F-A92F-47AC-9719-34C5F81E22DE.npy,retinoid receptor agonist
P015098,C02,s3,CBK308276,/mnt/micro-images-pvc/specs935-v1/specs935-v1-FA-P015098-U2OS-48h-P12-L1/2021-12-19/859/specs935-v1-FA-P015098-U2OS-48h-P12-L1_C02_s3_w5E1130DEB-D4F7-4760-8614-8680837B9FD0.npy,retinoid receptor agonist
P015098,C02,s4,CBK308276,/mnt/micro-images-pvc/specs935-v1/specs935-v1-FA-P015098-U2OS-48h-P12-L1/2021-12-19/859/specs935-v1-FA-P015098-U2OS-48h-P12-L1_C02_s4_w56B2EF9CA-E7CD-4AB5-BD60-89552C7F150A.npy,retinoid receptor agonist
P015098,C02,s5,CBK308276,/mnt/micro-images-pvc/specs935-v1/specs935-v1-FA-P015098-U2OS-48h-P12-L1/2021-12-19/859/specs935-v1-FA-P015098-U2OS-48h-P12-L1_C02_s5_w5E0078DA0-BDCE-45BB-9DB4-80ECBD567F17.npy,retinoid receptor agonist
P015098,C02,s6,CBK308276,/mnt/micro-images-pvc/specs935-v1/specs935-v1-FA-P015098-U2OS-48h-P12-L1/2021-12-19/859/specs935-v1-FA-P015098-U2OS-48h-P12-L1_C02_s6_w5598181C6-32AE-4096-B1D1-24A4FE8FAD5D.npy,retinoid receptor agonist
P015098,C02,s7,CBK308276,/mnt/micro-images-pvc/specs935-v1/specs935-v1-FA-P015098-U2OS-48h-P12-L1/2021-12-19/859/specs935-v1-FA-P015098-U2OS-48h-P12-L1_C02_s7_w5EFA8B416-994A-48F9-8EF6-B0539E71F133.npy,retinoid receptor agonist
P015098,C02,s8,CBK308276,/mnt/micro-images-pvc/specs935-v1/specs935-v1-FA-P015098-U2OS-48h-P12-L1/2021-12-19/859/specs935-v1-FA-P015098-U2OS-48h-P12-L1_C02_s8_w5E3130097-A7BA-464F-A8BB-73494A16CCAF.npy,retinoid receptor agonist
P015098,C02,s9,CBK308276,/mnt/micro-images-pvc/specs935-v1/specs935-v1-FA-P015098-U2OS-48h-P12-L1/2021-12-19/859/specs935-v1-FA-P015098-U2OS-48h-P12-L1_C02_s9_w566643FAC-C926-4879-8F19-663FA14D5AF3.npy,retinoid receptor agonist
P015098,C04,s1,CBK277909,/mnt/micro-images-pvc/specs935-v1/specs935-v1-FA-P015098-U2OS-48h-P12-L1/2021-12-19/859/specs935-v1-FA-P015098-U2OS-48h-P12-L1_C04_s1_w5F62B93A8-C4D1-4399-90A8-64C5789BE818.npy,topoisomerase inhibitor
P015098,C04,s2,CBK277909,/mnt/micro-images-pvc/specs935-v1/specs935-v1-FA-P015098-U2OS-48h-P12-L1/2021-12-19/859/specs935-v1-FA-P015098-U2OS-48h-P12-L1_C04_s2_w539565232-AB60-4EC5-AF02-A03802A84AE0.npy,topoisomerase inhibitor
P015098,C04,s3,CBK277909,/mnt/micro-images-pvc/specs935-v1/specs935-v1-FA-P015098-U2OS-48h-P12-L1/2021-12-19/859/specs935-v1-FA-P015098-U2OS-48h-P12-L1_C04_s3_w58632C087-C53E-462A-A42C-EC0B6E25C101.npy,topoisomerase inhibitor
P015098,C04,s4,CBK277909,/mnt/micro-images-pvc/specs935-v1/specs935-v1-FA-P015098-U2OS-48h-P12-L1/2021-12-19/859/specs935-v1-FA-P015098-U2OS-48h-P12-L1_C04_s4_w52DDBC22E-6930-40B0-8DC2-538E86AB3DD6.npy,topoisomerase inhibitor
P015098,C04,s5,CBK277909,/mnt/micro-images-pvc/specs935-v1/specs935-v1-FA-P015098-U2OS-48h-P12-L1/2021-12-19/859/specs935-v1-FA-P015098-U2OS-48h-P12-L1_C04_s5_w5FE4DB1DD-A96A-404F-98C3-F94A90FCA30B.npy,topoisomerase inhibitor
P015098,C04,s6,CBK277909,/mnt/micro-images-pvc/specs935-v1/specs935-v1-FA-P015098-U2OS-48h-P12-L1/2021-12-19/859/specs935-v1-FA-P015098-U2OS-48h-P12-L1_C04_s6_w5B7651D11-6A30-43E1-8508-C7714EF3307C.npy,topoisomerase inhibitor
P015098,C04,s7,CBK277909,/mnt/micro-images-pvc/specs935-v1/specs935-v1-FA-P015098-U2OS-48h-P12-L1/2021-12-19/859/specs935-v1-FA-P015098-U2OS-48h-P12-L1_C04_s7_w5C882A699-3FB2-4C0D-8118-68598EE64C63.npy,topoisomerase inhibitor
P015098,C04,s8,CBK277909,/mnt/micro-images-pvc/specs935-v1/specs935-v1-FA-P015098-U2OS-48h-P12-L1/2021-12-19/859/specs935-v1-FA-P015098-U2OS-48h-P12-L1_C04_s8_w545DF7DEC-7063-4320-95DB-7620D4A4E988.npy,topoisomerase inhibitor
P015098,C04,s9,CBK277909,/mnt/micro-images-pvc/specs935-v1/specs935-v1-FA-P015098-U2OS-48h-P12-L1/2021-12-19/859/specs935-v1-FA-P015098-U2OS-48h-P12-L1_C04_s9_w5789D646E-A041-4387-9A4F-AECE899B02BF.npy,topoisomerase inhibitor
P015098,C05,s1,CBK309020,/mnt/micro-images-pvc/specs935-v1/specs935-v1-FA-P015098-U2OS-48h-P12-L1/2021-12-19/859/specs935-v1-FA-P015098-U2OS-48h-P12-L1_C05_s1_w5A3135ECB-9A81-46CA-B3FA-AA96890E819C.npy,topoisomerase inhibitor
P015098,C05,s2,CBK309020,/mnt/micro-images-pvc/specs935-v1/specs935-v1-FA-P015098-U2OS-48h-P12-L1/2021-12-19/859/specs935-v1-FA-P015098-U2OS-48h-P12-L1_C05_s2_w5798A7109-EF9D-40EE-A23A-79F61578FF7A.npy,topoisomerase inhibitor
P015098,C05,s3,CBK309020,/mnt/micro-images-pvc/specs935-v1/specs935-v1-FA-P015098-U2OS-48h-P12-L1/2021-12-19/859/specs935-v1-FA-P015098-U2OS-48h-P12-L1_C05_s3_w5973C3F91-8153-4818-A8E6-010B0906FFEA.npy,topoisomerase inhibitor
P015098,C05,s4,CBK309020,/mnt/micro-images-pvc/specs935-v1/specs935-v1-FA-P015098-U2OS-48h-P12-L1/2021-12-19/859/specs935-v1-FA-P015098-U2OS-48h-P12-L1_C05_s4_w51B5ADF20-30E5-45FE-8831-905A69CD863A.npy,topoisomerase inhibitor
P015098,C05,s5,CBK309020,/mnt/micro-images-pvc/specs935-v1/specs935-v1-FA-P015098-U2OS-48h-P12-L1/2021-12-19/859/specs935-v1-FA-P015098-U2OS-48h-P12-L1_C05_s5_w5CE3409FA-957E-4F5A-AAC4-FC89A986B4E3.npy,topoisomerase inhibitor
P015098,C05,s6,CBK309020,/mnt/micro-images-pvc/specs935-v1/specs935-v1-FA-P015098-U2OS-48h-P12-L1/2021-12-19/859/specs935-v1-FA-P015098-U2OS-48h-P12-L1_C05_s6_w53A659374-8BCC-4CB9-942E-F44F4C0BF341.npy,topoisomerase inhibitor
P015098,C05,s7,CBK309020,/mnt/micro-images-pvc/specs935-v1/specs935-v1-FA-P015098-U2OS-48h-P12-L1/2021-12-19/859/specs935-v1-FA-P015098-U2OS-48h-P12-L1_C05_s7_w5E08EEE6B-8454-441E-870F-8F8E9F88D0A7.npy,topoisomerase inhibitor
P015098,C05,s8,CBK309020,/mnt/micro-images-pvc/specs935-v1/specs935-v1-FA-P015098-U2OS-48h-P12-L1/2021-12-19/859/specs935-v1-FA-P015098-U2OS-48h-P12-L1_C05_s8_w510874296-CF88-400A-ABD1-ACBC5699946F.npy,topoisomerase inhibitor
P015098,C05,s9,CBK309020,/mnt/micro-images-pvc/specs935-v1/specs935-v1-FA-P015098-U2OS-48h-P12-L1/2021-12-19/859/specs935-v1-FA-P015098-U2OS-48h-P12-L1_C05_s9_w5E7403392-94AD-40C9-AF1B-B4D0A5EC3B6C.npy,topoisomerase inhibitor
P015098,C06,s1,CBK309639,/mnt/micro-images-pvc/specs935-v1/specs935-v1-FA-P015098-U2OS-48h-P12-L1/2021-12-19/859/specs935-v1-FA-P015098-U2OS-48h-P12-L1_C06_s1_w53523FBB5-02D7-4729-AB0F-BADD61576016.npy,topoisomerase inhibitor
P015098,C06,s2,CBK309639,/mnt/micro-images-pvc/specs935-v1/specs935-v1-FA-P015098-U2OS-48h-P12-L1/2021-12-19/859/specs935-v1-FA-P015098-U2OS-48h-P12-L1_C06_s2_w53D78C36A-B99C-4672-B51C-7A0EA68FABF3.npy,topoisomerase inhibitor
P015098,C06,s3,CBK309639,/mnt/micro-images-pvc/specs935-v1/specs935-v1-FA-P015098-U2OS-48h-P12-L1/2021-12-19/859/specs935-v1-FA-P015098-U2OS-48h-P12-L1_C06_s3_w57205707E-B1D9-4DCD-8B4A-A206C3F10BB7.npy,topoisomerase inhibitor
P015098,C06,s4,CBK309639,/mnt/micro-images-pvc/specs935-v1/specs935-v1-FA-P015098-U2OS-48h-P12-L1/2021-12-19/859/specs935-v1-FA-P015098-U2OS-48h-P12-L1_C06_s4_w565DA7268-94E0-435C-80CB-DB4103C1E541.npy,topoisomerase inhibitor
P015098,C06,s5,CBK309639,/mnt/micro-images-pvc/specs935-v1/specs935-v1-FA-P015098-U2OS-48h-P12-L1/2021-12-19/859/specs935-v1-FA-P015098-U2OS-48h-P12-L1_C06_s5_w5F851603C-783C-4312-BE0E-9D1CB6886A49.npy,topoisomerase inhibitor
P015098,C06,s6,CBK309639,/mnt/micro-images-pvc/specs935-v1/specs935-v1-FA-P015098-U2OS-48h-P12-L1/2021-12-19/859/specs935-v1-FA-P015098-U2OS-48h-P12-L1_C06_s6_w59E701EB1-11CB-474A-8B18-EC92FB88AE3A.npy,topoisomerase inhibitor
P015098,C06,s7,CBK309639,/mnt/micro-images-pvc/specs935-v1/specs935-v1-FA-P015098-U2OS-48h-P12-L1/2021-12-19/859/specs935-v1-FA-P015098-U2OS-48h-P12-L1_C06_s7_w5EC349546-A271-4934-817D-0B4D0388ACFB.npy,topoisomerase inhibitor
P015098,C06,s8,CBK309639,/mnt/micro-images-pvc/specs935-v1/specs935-v1-FA-P015098-U2OS-48h-P12-L1/2021-12-19/859/specs935-v1-FA-P015098-U2OS-48h-P12-L1_C06_s8_w5B16DD671-DACD-45A4-B909-73D725CFCBD9.npy,topoisomerase inhibitor
P015098,C06,s9,CBK309639,/mnt/micro-images-pvc/specs935-v1/specs935-v1-FA-P015098-U2OS-48h-P12-L1/2021-12-19/859/specs935-v1-FA-P015098-U2OS-48h-P12-L1_C06_s9_w559AA15EF-1B61-49F3-AE67-4FCD541E7DE2.npy,topoisomerase inhibitor
P015098,C08,s1,CBK289760,/mnt/micro-images-pvc/specs935-v1/specs935-v1-FA-P015098-U2OS-48h-P12-L1/2021-12-19/859/specs935-v1-FA-P015098-U2OS-48h-P12-L1_C08_s1_w5BA08600E-3E38-465E-A4AE-80C894659498.npy,topoisomerase inhibitor
P015098,C08,s2,CBK289760,/mnt/micro-images-pvc/specs935-v1/specs935-v1-FA-P015098-U2OS-48h-P12-L1/2021-12-19/859/specs935-v1-FA-P015098-U2OS-48h-P12-L1_C08_s2_w52E7EBF78-208B-4A82-A67A-F26F70183A08.npy,topoisomerase inhibitor
P015098,C08,s3,CBK289760,/mnt/micro-images-pvc/specs935-v1/specs935-v1-FA-P015098-U2OS-48h-P12-L1/2021-12-19/859/specs935-v1-FA-P015098-U2OS-48h-P12-L1_C08_s3_w515A876E7-6CB3-4F56-99A9-C2AC0BCAED1C.npy,topoisomerase inhibitor
P015098,C08,s4,CBK289760,/mnt/micro-images-pvc/specs935-v1/specs935-v1-FA-P015098-U2OS-48h-P12-L1/2021-12-19/859/specs935-v1-FA-P015098-U2OS-48h-P12-L1_C08_s4_w5E0A55D81-B505-450E-ADA0-523EB123770B.npy,topoisomerase inhibitor
P015098,C08,s5,CBK289760,/mnt/micro-images-pvc/specs935-v1/specs935-v1-FA-P015098-U2OS-48h-P12-L1/2021-12-19/859/specs935-v1-FA-P015098-U2OS-48h-P12-L1_C08_s5_w5CCF6A334-3988-444A-96C3-1A88C89946B7.npy,topoisomerase inhibitor
P015098,C08,s6,CBK289760,/mnt/micro-images-pvc/specs935-v1/specs935-v1-FA-P015098-U2OS-48h-P12-L1/2021-12-19/859/specs935-v1-FA-P015098-U2OS-48h-P12-L1_C08_s6_w59748B445-66FE-476C-9A1E-D27BEB11D5DC.npy,topoisomerase inhibitor
P015098,C08,s7,CBK289760,/mnt/micro-images-pvc/specs935-v1/specs935-v1-FA-P015098-U2OS-48h-P12-L1/2021-12-19/859/specs935-v1-FA-P015098-U2OS-48h-P12-L1_C08_s7_w5012F5797-B0ED-42DD-8D11-968C67D3AEC0.npy,topoisomerase inhibitor
P015098,C08,s8,CBK289760,/mnt/micro-images-pvc/specs935-v1/specs935-v1-FA-P015098-U2OS-48h-P12-L1/2021-12-19/859/specs935-v1-FA-P015098-U2OS-48h-P12-L1_C08_s8_w5885462F5-D9B5-45D1-9C05-25559BCE3F39.npy,topoisomerase inhibitor
P015098,C08,s9,CBK289760,/mnt/micro-images-pvc/specs935-v1/specs935-v1-FA-P015098-U2OS-48h-P12-L1/2021-12-19/859/specs935-v1-FA-P015098-U2OS-48h-P12-L1_C08_s9_w5D8A97440-EAF9-4E72-84C7-01118B2147AF.npy,topoisomerase inhibitor
P015098,C10,s1,CBK309601,/mnt/micro-images-pvc/specs935-v1/specs935-v1-FA-P015098-U2OS-48h-P12-L1/2021-12-19/859/specs935-v1-FA-P015098-U2OS-48h-P12-L1_C10_s1_w514A2E92A-C22E-4357-8402-7703378F8F8C.npy,protein synthesis inhibitor
P015098,C10,s2,CBK309601,/mnt/micro-images-pvc/specs935-v1/specs935-v1-FA-P015098-U2OS-48h-P12-L1/2021-12-19/859/specs935-v1-FA-P015098-U2OS-48h-P12-L1_C10_s2_w55EE8207E-5B89-4A65-8DC7-F10547F6615B.npy,protein synthesis inhibitor
P015098,C10,s3,CBK309601,/mnt/micro-images-pvc/specs935-v1/specs935-v1-FA-P015098-U2OS-48h-P12-L1/2021-12-19/859/specs935-v1-FA-P015098-U2OS-48h-P12-L1_C10_s3_w54F55049C-B476-416D-8A76-1DA6079C9B88.npy,protein synthesis inhibitor
P015098,C10,s4,CBK309601,/mnt/micro-images-pvc/specs935-v1/specs935-v1-FA-P015098-U2OS-48h-P12-L1/2021-12-19/859/specs935-v1-FA-P015098-U2OS-48h-P12-L1_C10_s4_w571407195-2877-4060-B90D-B284D770E65E.npy,protein synthesis inhibitor
P015098,C10,s5,CBK309601,/mnt/micro-images-pvc/specs935-v1/specs935-v1-FA-P015098-U2OS-48h-P12-L1/2021-12-19/859/specs935-v1-FA-P015098-U2OS-48h-P12-L1_C10_s5_w53DDF9344-9D57-4732-9878-F1A1973231E8.npy,protein synthesis inhibitor
P015098,C10,s6,CBK309601,/mnt/micro-images-pvc/specs935-v1/specs935-v1-FA-P015098-U2OS-48h-P12-L1/2021-12-19/859/specs935-v1-FA-P015098-U2OS-48h-P12-L1_C10_s6_w520B9E6A4-18D0-450D-BF07-69D6B1EB2AFB.npy,protein synthesis inhibitor
P015098,C10,s7,CBK309601,/mnt/micro-images-pvc/specs935-v1/specs935-v1-FA-P015098-U2OS-48h-P12-L1/2021-12-19/859/specs935-v1-FA-P015098-U2OS-48h-P12-L1_C10_s7_w5647DE789-98A2-44AD-B9C4-A87E313B497A.npy,protein synthesis inhibitor
P015098,C10,s8,CBK309601,/mnt/micro-images-pvc/specs935-v1/specs935-v1-FA-P015098-U2OS-48h-P12-L1/2021-12-19/859/specs935-v1-FA-P015098-U2OS-48h-P12-L1_C10_s8_w5C4D95D4F-1334-4CBA-9CED-2B0728176AA0.npy,protein synthesis inhibitor
P015098,C10,s9,CBK309601,/mnt/micro-images-pvc/specs935-v1/specs935-v1-FA-P015098-U2OS-48h-P12-L1/2021-12-19/859/specs935-v1-FA-P015098-U2OS-48h-P12-L1_C10_s9_w5A130F514-E5C9-4CB7-8CA8-7C56F744B901.npy,protein synthesis inhibitor
P015098,C11,s1,CBK200945,/mnt/micro-images-pvc/specs935-v1/specs935-v1-FA-P015098-U2OS-48h-P12-L1/2021-12-19/859/specs935-v1-FA-P015098-U2OS-48h-P12-L1_C11_s1_w5E94AC727-1DFB-4183-871E-EE8609D8064F.npy,tubulin polymerization inhibitor
P015098,C11,s2,CBK200945,/mnt/micro-images-pvc/specs935-v1/specs935-v1-FA-P015098-U2OS-48h-P12-L1/2021-12-19/859/specs935-v1-FA-P015098-U2OS-48h-P12-L1_C11_s2_w5931188BC-73EB-4E38-A75C-12FBA1D62D48.npy,tubulin polymerization inhibitor
P015098,C11,s3,CBK200945,/mnt/micro-images-pvc/specs935-v1/specs935-v1-FA-P015098-U2OS-48h-P12-L1/2021-12-19/859/specs935-v1-FA-P015098-U2OS-48h-P12-L1_C11_s3_w5A0FD4FAA-A43B-4241-9274-9ED3E95763F5.npy,tubulin polymerization inhibitor
P015098,C11,s4,CBK200945,/mnt/micro-images-pvc/specs935-v1/specs935-v1-FA-P015098-U2OS-48h-P12-L1/2021-12-19/859/specs935-v1-FA-P015098-U2OS-48h-P12-L1_C11_s4_w5E45DCB86-00A1-49D5-9A74-8B5C529A1763.npy,tubulin polymerization inhibitor
P015098,C11,s5,CBK200945,/mnt/micro-images-pvc/specs935-v1/specs935-v1-FA-P015098-U2OS-48h-P12-L1/2021-12-19/859/specs935-v1-FA-P015098-U2OS-48h-P12-L1_C11_s5_w50DFFCB36-E02E-4227-A173-2618B72460B4.npy,tubulin polymerization inhibitor
P015098,C11,s6,CBK200945,/mnt/micro-images-pvc/specs935-v1/specs935-v1-FA-P015098-U2OS-48h-P12-L1/2021-12-19/859/specs935-v1-FA-P015098-U2OS-48h-P12-L1_C11_s6_w5243C661E-C1CD-4406-BAB2-5E06CD29CB80.npy,tubulin polymerization inhibitor
P015098,C11,s7,CBK200945,/mnt/micro-images-pvc/specs935-v1/specs935-v1-FA-P015098-U2OS-48h-P12-L1/2021-12-19/859/specs935-v1-FA-P015098-U2OS-48h-P12-L1_C11_s7_w54EBF6C88-BED2-4C14-90F4-74E2502DE0ED.npy,tubulin polymerization inhibitor
P015098,C11,s8,CBK200945,/mnt/micro-images-pvc/specs935-v1/specs935-v1-FA-P015098-U2OS-48h-P12-L1/2021-12-19/859/specs935-v1-FA-P015098-U2OS-48h-P12-L1_C11_s8_w5CC05E2A7-1E24-4A2B-9B66-32B16DD0C1D6.npy,tubulin polymerization inhibitor
P015098,C11,s9,CBK200945,/mnt/micro-images-pvc/specs935-v1/specs935-v1-FA-P015098-U2OS-48h-P12-L1/2021-12-19/859/specs935-v1-FA-P015098-U2OS-48h-P12-L1_C11_s9_w54751BABD-320D-4122-ABA8-473A66FC7F84.npy,tubulin polymerization inhibitor
P015098,C13,s1,CBK041506,/mnt/micro-images-pvc/specs935-v1/specs935-v1-FA-P015098-U2OS-48h-P12-L1/2021-12-19/859/specs935-v1-FA-P015098-U2OS-48h-P12-L1_C13_s1_w5F21E066D-1C62-4AB8-8B06-0D1E80301A9C.npy,topoisomerase inhibitor
P015098,C13,s2,CBK041506,/mnt/micro-images-pvc/specs935-v1/specs935-v1-FA-P015098-U2OS-48h-P12-L1/2021-12-19/859/specs935-v1-FA-P015098-U2OS-48h-P12-L1_C13_s2_w5E0C652CC-880C-4C63-982D-3D590BBD7B1D.npy,topoisomerase inhibitor
P015098,C13,s3,CBK041506,/mnt/micro-images-pvc/specs935-v1/specs935-v1-FA-P015098-U2OS-48h-P12-L1/2021-12-19/859/specs935-v1-FA-P015098-U2OS-48h-P12-L1_C13_s3_w5F618A12D-3E25-4421-8240-8D1A8136EF4E.npy,topoisomerase inhibitor
P015098,C13,s4,CBK041506,/mnt/micro-images-pvc/specs935-v1/specs935-v1-FA-P015098-U2OS-48h-P12-L1/2021-12-19/859/specs935-v1-FA-P015098-U2OS-48h-P12-L1_C13_s4_w56478E744-3790-42DC-AEE8-2DB76D24E6C6.npy,topoisomerase inhibitor
P015098,C13,s5,CBK041506,/mnt/micro-images-pvc/specs935-v1/specs935-v1-FA-P015098-U2OS-48h-P12-L1/2021-12-19/859/specs935-v1-FA-P015098-U2OS-48h-P12-L1_C13_s5_w5D6FC9213-EDE7-4793-B110-CDBC0BA5AA96.npy,topoisomerase inhibitor
P015098,C13,s6,CBK041506,/mnt/micro-images-pvc/specs935-v1/specs935-v1-FA-P015098-U2OS-48h-P12-L1/2021-12-19/859/specs935-v1-FA-P015098-U2OS-48h-P12-L1_C13_s6_w51B8C1B2B-418C-4D15-BC3C-55251FAD16EC.npy,topoisomerase inhibitor
P015098,C13,s7,CBK041506,/mnt/micro-images-pvc/specs935-v1/specs935-v1-FA-P015098-U2OS-48h-P12-L1/2021-12-19/859/specs935-v1-FA-P015098-U2OS-48h-P12-L1_C13_s7_w5ADB7B0EA-AF21-43C3-ADE9-A6FFF42EDB92.npy,topoisomerase inhibitor
P015098,C13,s8,CBK041506,/mnt/micro-images-pvc/specs935-v1/specs935-v1-FA-P015098-U2OS-48h-P12-L1/2021-12-19/859/specs935-v1-FA-P015098-U2OS-48h-P12-L1_C13_s8_w528D852F8-0DE3-4B32-B3B1-BD9693AAF59C.npy,topoisomerase inhibitor
P015098,C13,s9,CBK041506,/mnt/micro-images-pvc/specs935-v1/specs935-v1-FA-P015098-U2OS-48h-P12-L1/2021-12-19/859/specs935-v1-FA-P015098-U2OS-48h-P12-L1_C13_s9_w592C7025C-F1E8-4BFE-BFA5-6A798E8F45F1.npy,topoisomerase inhibitor
P015098,C14,s1,CBK309084,/mnt/micro-images-pvc/specs935-v1/specs935-v1-FA-P015098-U2OS-48h-P12-L1/2021-12-19/859/specs935-v1-FA-P015098-U2OS-48h-P12-L1_C14_s1_w5BC30AEE7-A48E-4053-A2F8-796AF975860F.npy,topoisomerase inhibitor
P015098,C14,s2,CBK309084,/mnt/micro-images-pvc/specs935-v1/specs935-v1-FA-P015098-U2OS-48h-P12-L1/2021-12-19/859/specs935-v1-FA-P015098-U2OS-48h-P12-L1_C14_s2_w5B27A3053-8D8C-4426-A016-290967E36355.npy,topoisomerase inhibitor
P015098,C14,s3,CBK309084,/mnt/micro-images-pvc/specs935-v1/specs935-v1-FA-P015098-U2OS-48h-P12-L1/2021-12-19/859/specs935-v1-FA-P015098-U2OS-48h-P12-L1_C14_s3_w5B755D08A-3B31-4D26-A5C6-21764FDAF95B.npy,topoisomerase inhibitor
P015098,C14,s4,CBK309084,/mnt/micro-images-pvc/specs935-v1/specs935-v1-FA-P015098-U2OS-48h-P12-L1/2021-12-19/859/specs935-v1-FA-P015098-U2OS-48h-P12-L1_C14_s4_w5D82D8132-D6FD-47EC-8467-4E85010BCE96.npy,topoisomerase inhibitor
P015098,C14,s5,CBK309084,/mnt/micro-images-pvc/specs935-v1/specs935-v1-FA-P015098-U2OS-48h-P12-L1/2021-12-19/859/specs935-v1-FA-P015098-U2OS-48h-P12-L1_C14_s5_w580510D33-6538-4A8A-96FF-6BA24F35E654.npy,topoisomerase inhibitor
P015098,C14,s6,CBK309084,/mnt/micro-images-pvc/specs935-v1/specs935-v1-FA-P015098-U2OS-48h-P12-L1/2021-12-19/859/specs935-v1-FA-P015098-U2OS-48h-P12-L1_C14_s6_w5420BF480-8E5C-4E88-A58C-D688496FC434.npy,topoisomerase inhibitor
P015098,C14,s7,CBK309084,/mnt/micro-images-pvc/specs935-v1/specs935-v1-FA-P015098-U2OS-48h-P12-L1/2021-12-19/859/specs935-v1-FA-P015098-U2OS-48h-P12-L1_C14_s7_w567A5855B-EE83-4132-90C4-9E059F57FD3E.npy,topoisomerase inhibitor
P015098,C14,s8,CBK309084,/mnt/micro-images-pvc/specs935-v1/specs935-v1-FA-P015098-U2OS-48h-P12-L1/2021-12-19/859/specs935-v1-FA-P015098-U2OS-48h-P12-L1_C14_s8_w537501D97-E229-4810-A48C-49C71A86C920.npy,topoisomerase inhibitor
P015098,C14,s9,CBK309084,/mnt/micro-images-pvc/specs935-v1/specs935-v1-FA-P015098-U2OS-48h-P12-L1/2021-12-19/859/specs935-v1-FA-P015098-U2OS-48h-P12-L1_C14_s9_w580A8D615-F521-49FC-AEE8-71EF74395229.npy,topoisomerase inhibitor
P015098,C18,s1,CBK041761,/mnt/micro-images-pvc/specs935-v1/specs935-v1-FA-P015098-U2OS-48h-P12-L1/2021-12-19/859/specs935-v1-FA-P015098-U2OS-48h-P12-L1_C18_s1_w55DED8049-36F0-41EB-BD9B-8B33BEDCA668.npy,tubulin polymerization inhibitor
P015098,C18,s2,CBK041761,/mnt/micro-images-pvc/specs935-v1/specs935-v1-FA-P015098-U2OS-48h-P12-L1/2021-12-19/859/specs935-v1-FA-P015098-U2OS-48h-P12-L1_C18_s2_w5A651CAD3-0D33-4201-8E50-C012E96AC4B9.npy,tubulin polymerization inhibitor
P015098,C18,s3,CBK041761,/mnt/micro-images-pvc/specs935-v1/specs935-v1-FA-P015098-U2OS-48h-P12-L1/2021-12-19/859/specs935-v1-FA-P015098-U2OS-48h-P12-L1_C18_s3_w56E6AF748-C13A-4230-96C3-8406080D7D95.npy,tubulin polymerization inhibitor
P015098,C18,s4,CBK041761,/mnt/micro-images-pvc/specs935-v1/specs935-v1-FA-P015098-U2OS-48h-P12-L1/2021-12-19/859/specs935-v1-FA-P015098-U2OS-48h-P12-L1_C18_s4_w5BD75FFD9-0349-4011-A7BB-FF486EE17CB8.npy,tubulin polymerization inhibitor
P015098,C18,s5,CBK041761,/mnt/micro-images-pvc/specs935-v1/specs935-v1-FA-P015098-U2OS-48h-P12-L1/2021-12-19/859/specs935-v1-FA-P015098-U2OS-48h-P12-L1_C18_s5_w5C39C1482-8D6C-4523-9014-EC140BC014AD.npy,tubulin polymerization inhibitor
P015098,C18,s6,CBK041761,/mnt/micro-images-pvc/specs935-v1/specs935-v1-FA-P015098-U2OS-48h-P12-L1/2021-12-19/859/specs935-v1-FA-P015098-U2OS-48h-P12-L1_C18_s6_w576D8D7EB-11C4-471B-B939-267B3CB8207C.npy,tubulin polymerization inhibitor
P015098,C18,s7,CBK041761,/mnt/micro-images-pvc/specs935-v1/specs935-v1-FA-P015098-U2OS-48h-P12-L1/2021-12-19/859/specs935-v1-FA-P015098-U2OS-48h-P12-L1_C18_s7_w5B29866AD-9D88-408B-8FC6-2C02CDE28AC9.npy,tubulin polymerization inhibitor
P015098,C18,s8,CBK041761,/mnt/micro-images-pvc/specs935-v1/specs935-v1-FA-P015098-U2OS-48h-P12-L1/2021-12-19/859/specs935-v1-FA-P015098-U2OS-48h-P12-L1_C18_s8_w5AA724EDB-7E1F-44EB-A543-1BB769B68BB1.npy,tubulin polymerization inhibitor
P015098,C18,s9,CBK041761,/mnt/micro-images-pvc/specs935-v1/specs935-v1-FA-P015098-U2OS-48h-P12-L1/2021-12-19/859/specs935-v1-FA-P015098-U2OS-48h-P12-L1_C18_s9_w5536AC8A6-42CF-4038-80CA-C94790625399.npy,tubulin polymerization inhibitor
P015098,C19,s1,CBK308097,/mnt/micro-images-pvc/specs935-v1/specs935-v1-FA-P015098-U2OS-48h-P12-L1/2021-12-19/859/specs935-v1-FA-P015098-U2OS-48h-P12-L1_C19_s1_w5EE3D5379-D1AD-4C75-AF7A-8C887DC34B69.npy,retinoid receptor agonist
P015098,C19,s2,CBK308097,/mnt/micro-images-pvc/specs935-v1/specs935-v1-FA-P015098-U2OS-48h-P12-L1/2021-12-19/859/specs935-v1-FA-P015098-U2OS-48h-P12-L1_C19_s2_w50F5B94CE-C895-4D68-951D-CD01641E5F19.npy,retinoid receptor agonist
P015098,C19,s3,CBK308097,/mnt/micro-images-pvc/specs935-v1/specs935-v1-FA-P015098-U2OS-48h-P12-L1/2021-12-19/859/specs935-v1-FA-P015098-U2OS-48h-P12-L1_C19_s3_w58CDEFF17-57B4-434F-9625-4904F35BB29B.npy,retinoid receptor agonist
P015098,C19,s4,CBK308097,/mnt/micro-images-pvc/specs935-v1/specs935-v1-FA-P015098-U2OS-48h-P12-L1/2021-12-19/859/specs935-v1-FA-P015098-U2OS-48h-P12-L1_C19_s4_w54AAD8C39-A553-4B5F-9902-85C8E5D3873C.npy,retinoid receptor agonist
P015098,C19,s5,CBK308097,/mnt/micro-images-pvc/specs935-v1/specs935-v1-FA-P015098-U2OS-48h-P12-L1/2021-12-19/859/specs935-v1-FA-P015098-U2OS-48h-P12-L1_C19_s5_w5E0EFBC92-5409-46AD-9743-E1FD62BF354E.npy,retinoid receptor agonist
P015098,C19,s6,CBK308097,/mnt/micro-images-pvc/specs935-v1/specs935-v1-FA-P015098-U2OS-48h-P12-L1/2021-12-19/859/specs935-v1-FA-P015098-U2OS-48h-P12-L1_C19_s6_w5864DC718-F226-4925-92DD-68B5425E7258.npy,retinoid receptor agonist
P015098,C19,s7,CBK308097,/mnt/micro-images-pvc/specs935-v1/specs935-v1-FA-P015098-U2OS-48h-P12-L1/2021-12-19/859/specs935-v1-FA-P015098-U2OS-48h-P12-L1_C19_s7_w5837C7BF2-B4BF-4D35-87F9-1F04CF7EC962.npy,retinoid receptor agonist
P015098,C19,s8,CBK308097,/mnt/micro-images-pvc/specs935-v1/specs935-v1-FA-P015098-U2OS-48h-P12-L1/2021-12-19/859/specs935-v1-FA-P015098-U2OS-48h-P12-L1_C19_s8_w59A7CAEC8-442B-4F29-9A7F-8168C17BC676.npy,retinoid receptor agonist
P015098,C19,s9,CBK308097,/mnt/micro-images-pvc/specs935-v1/specs935-v1-FA-P015098-U2OS-48h-P12-L1/2021-12-19/859/specs935-v1-FA-P015098-U2OS-48h-P12-L1_C19_s9_w56A9ACBFC-3823-4FEE-83C1-6B4D13A4FB63.npy,retinoid receptor agonist
P015098,C20,s1,CBK290012,/mnt/micro-images-pvc/specs935-v1/specs935-v1-FA-P015098-U2OS-48h-P12-L1/2021-12-19/859/specs935-v1-FA-P015098-U2OS-48h-P12-L1_C20_s1_w570A5ACBF-E691-4C48-8AEB-11459E5D138C.npy,retinoid receptor agonist
P015098,C20,s2,CBK290012,/mnt/micro-images-pvc/specs935-v1/specs935-v1-FA-P015098-U2OS-48h-P12-L1/2021-12-19/859/specs935-v1-FA-P015098-U2OS-48h-P12-L1_C20_s2_w54BA3CD91-92C9-4280-9ACB-6C47F05F3268.npy,retinoid receptor agonist
P015098,C20,s3,CBK290012,/mnt/micro-images-pvc/specs935-v1/specs935-v1-FA-P015098-U2OS-48h-P12-L1/2021-12-19/859/specs935-v1-FA-P015098-U2OS-48h-P12-L1_C20_s3_w5D0A0A758-6F1B-4C03-BA01-08CB34D40B78.npy,retinoid receptor agonist
P015098,C20,s4,CBK290012,/mnt/micro-images-pvc/specs935-v1/specs935-v1-FA-P015098-U2OS-48h-P12-L1/2021-12-19/859/specs935-v1-FA-P015098-U2OS-48h-P12-L1_C20_s4_w5328261CD-2CE4-4AEE-A1E4-C0547ACF4DB5.npy,retinoid receptor agonist
P015098,C20,s5,CBK290012,/mnt/micro-images-pvc/specs935-v1/specs935-v1-FA-P015098-U2OS-48h-P12-L1/2021-12-19/859/specs935-v1-FA-P015098-U2OS-48h-P12-L1_C20_s5_w53A05396E-580D-4C80-B305-E702B1BE4EC6.npy,retinoid receptor agonist
P015098,C20,s6,CBK290012,/mnt/micro-images-pvc/specs935-v1/specs935-v1-FA-P015098-U2OS-48h-P12-L1/2021-12-19/859/specs935-v1-FA-P015098-U2OS-48h-P12-L1_C20_s6_w55F6950ED-9AE7-40C5-8ED7-1F39BC84C1EF.npy,retinoid receptor agonist
P015098,C20,s7,CBK290012,/mnt/micro-images-pvc/specs935-v1/specs935-v1-FA-P015098-U2OS-48h-P12-L1/2021-12-19/859/specs935-v1-FA-P015098-U2OS-48h-P12-L1_C20_s7_w52D02DC29-5559-4F41-9DEC-96E2A9EE60EF.npy,retinoid receptor agonist
P015098,C20,s8,CBK290012,/mnt/micro-images-pvc/specs935-v1/specs935-v1-FA-P015098-U2OS-48h-P12-L1/2021-12-19/859/specs935-v1-FA-P015098-U2OS-48h-P12-L1_C20_s8_w5DB67091A-16B5-4AFD-8CB5-DB2256547447.npy,retinoid receptor agonist
P015098,C20,s9,CBK290012,/mnt/micro-images-pvc/specs935-v1/specs935-v1-FA-P015098-U2OS-48h-P12-L1/2021-12-19/859/specs935-v1-FA-P015098-U2OS-48h-P12-L1_C20_s9_w558001B01-43A1-4C18-9441-B92D26983539.npy,retinoid receptor agonist
P015098,C22,s1,CBK201032,/mnt/micro-images-pvc/specs935-v1/specs935-v1-FA-P015098-U2OS-48h-P12-L1/2021-12-19/859/specs935-v1-FA-P015098-U2OS-48h-P12-L1_C22_s1_w55DD803C4-F511-43C3-B729-F5195C09C43F.npy,tubulin polymerization inhibitor
P015098,C22,s2,CBK201032,/mnt/micro-images-pvc/specs935-v1/specs935-v1-FA-P015098-U2OS-48h-P12-L1/2021-12-19/859/specs935-v1-FA-P015098-U2OS-48h-P12-L1_C22_s2_w517205474-D4CB-421A-9948-EC993EFADE91.npy,tubulin polymerization inhibitor
P015098,C22,s3,CBK201032,/mnt/micro-images-pvc/specs935-v1/specs935-v1-FA-P015098-U2OS-48h-P12-L1/2021-12-19/859/specs935-v1-FA-P015098-U2OS-48h-P12-L1_C22_s3_w5942C62C7-9D05-4B64-9D5E-8B2CA89C399A.npy,tubulin polymerization inhibitor
P015098,C22,s4,CBK201032,/mnt/micro-images-pvc/specs935-v1/specs935-v1-FA-P015098-U2OS-48h-P12-L1/2021-12-19/859/specs935-v1-FA-P015098-U2OS-48h-P12-L1_C22_s4_w50E1F1D28-9879-4380-BE2E-5679F665D1B9.npy,tubulin polymerization inhibitor
P015098,C22,s5,CBK201032,/mnt/micro-images-pvc/specs935-v1/specs935-v1-FA-P015098-U2OS-48h-P12-L1/2021-12-19/859/specs935-v1-FA-P015098-U2OS-48h-P12-L1_C22_s5_w51CD8CF56-5B05-4283-B416-493A42F03215.npy,tubulin polymerization inhibitor
P015098,C22,s6,CBK201032,/mnt/micro-images-pvc/specs935-v1/specs935-v1-FA-P015098-U2OS-48h-P12-L1/2021-12-19/859/specs935-v1-FA-P015098-U2OS-48h-P12-L1_C22_s6_w5B3DC895F-1D2D-4FDF-BA45-6BD40344B772.npy,tubulin polymerization inhibitor
P015098,C22,s7,CBK201032,/mnt/micro-images-pvc/specs935-v1/specs935-v1-FA-P015098-U2OS-48h-P12-L1/2021-12-19/859/specs935-v1-FA-P015098-U2OS-48h-P12-L1_C22_s7_w59F8E98CF-AFA4-4CE1-A284-F1630C123049.npy,tubulin polymerization inhibitor
P015098,C22,s8,CBK201032,/mnt/micro-images-pvc/specs935-v1/specs935-v1-FA-P015098-U2OS-48h-P12-L1/2021-12-19/859/specs935-v1-FA-P015098-U2OS-48h-P12-L1_C22_s8_w5D72AFDE3-E4C5-4094-A547-04D38D79545A.npy,tubulin polymerization inhibitor
P015098,C22,s9,CBK201032,/mnt/micro-images-pvc/specs935-v1/specs935-v1-FA-P015098-U2OS-48h-P12-L1/2021-12-19/859/specs935-v1-FA-P015098-U2OS-48h-P12-L1_C22_s9_w599F46655-D6FE-4E64-9D22-3375D9BA4254.npy,tubulin polymerization inhibitor
P015098,D04,s1,CBK309265,/mnt/micro-images-pvc/specs935-v1/specs935-v1-FA-P015098-U2OS-48h-P12-L1/2021-12-19/859/specs935-v1-FA-P015098-U2OS-48h-P12-L1_D04_s1_w5B6C057C0-C7C6-4CAF-A53E-1C8476DE34DE.npy,topoisomerase inhibitor
P015098,D04,s2,CBK309265,/mnt/micro-images-pvc/specs935-v1/specs935-v1-FA-P015098-U2OS-48h-P12-L1/2021-12-19/859/specs935-v1-FA-P015098-U2OS-48h-P12-L1_D04_s2_w526A3CCCE-754E-4EF1-B1DD-708114E4819F.npy,topoisomerase inhibitor
P015098,D04,s3,CBK309265,/mnt/micro-images-pvc/specs935-v1/specs935-v1-FA-P015098-U2OS-48h-P12-L1/2021-12-19/859/specs935-v1-FA-P015098-U2OS-48h-P12-L1_D04_s3_w58125BADA-48CA-4CAD-854F-3E35B31C68D8.npy,topoisomerase inhibitor
P015098,D04,s4,CBK309265,/mnt/micro-images-pvc/specs935-v1/specs935-v1-FA-P015098-U2OS-48h-P12-L1/2021-12-19/859/specs935-v1-FA-P015098-U2OS-48h-P12-L1_D04_s4_w572E17579-F674-4FF0-841D-EBDBF9FC64EE.npy,topoisomerase inhibitor
P015098,D04,s5,CBK309265,/mnt/micro-images-pvc/specs935-v1/specs935-v1-FA-P015098-U2OS-48h-P12-L1/2021-12-19/859/specs935-v1-FA-P015098-U2OS-48h-P12-L1_D04_s5_w583F960C1-BF03-4538-B04D-2189C5D23DAD.npy,topoisomerase inhibitor
P015098,D04,s6,CBK309265,/mnt/micro-images-pvc/specs935-v1/specs935-v1-FA-P015098-U2OS-48h-P12-L1/2021-12-19/859/specs935-v1-FA-P015098-U2OS-48h-P12-L1_D04_s6_w5EEF93A41-C3FA-40E1-866C-0448BBCB608E.npy,topoisomerase inhibitor
P015098,D04,s7,CBK309265,/mnt/micro-images-pvc/specs935-v1/specs935-v1-FA-P015098-U2OS-48h-P12-L1/2021-12-19/859/specs935-v1-FA-P015098-U2OS-48h-P12-L1_D04_s7_w57E9EA503-3D20-44E6-99E2-FF3C9C033C13.npy,topoisomerase inhibitor
P015098,D04,s8,CBK309265,/mnt/micro-images-pvc/specs935-v1/specs935-v1-FA-P015098-U2OS-48h-P12-L1/2021-12-19/859/specs935-v1-FA-P015098-U2OS-48h-P12-L1_D04_s8_w525E63EF9-CC7B-4F4F-9F99-1190EE9D30C9.npy,topoisomerase inhibitor
P015098,D04,s9,CBK309265,/mnt/micro-images-pvc/specs935-v1/specs935-v1-FA-P015098-U2OS-48h-P12-L1/2021-12-19/859/specs935-v1-FA-P015098-U2OS-48h-P12-L1_D04_s9_w5F9AD4391-755F-4393-8E1A-63C98CB28E5E.npy,topoisomerase inhibitor
P015098,D05,s1,CBK309538,/mnt/micro-images-pvc/specs935-v1/specs935-v1-FA-P015098-U2OS-48h-P12-L1/2021-12-19/859/specs935-v1-FA-P015098-U2OS-48h-P12-L1_D05_s1_w504EFD598-229E-411B-BB0D-D01DDE0CEC91.npy,protein synthesis inhibitor
P015098,D05,s2,CBK309538,/mnt/micro-images-pvc/specs935-v1/specs935-v1-FA-P015098-U2OS-48h-P12-L1/2021-12-19/859/specs935-v1-FA-P015098-U2OS-48h-P12-L1_D05_s2_w52388CBFB-092A-4085-9ED4-ECA0C2EA1011.npy,protein synthesis inhibitor
P015098,D05,s3,CBK309538,/mnt/micro-images-pvc/specs935-v1/specs935-v1-FA-P015098-U2OS-48h-P12-L1/2021-12-19/859/specs935-v1-FA-P015098-U2OS-48h-P12-L1_D05_s3_w5DB2BAE7C-BA69-40A7-B6DD-7F3C52C4258E.npy,protein synthesis inhibitor
P015098,D05,s4,CBK309538,/mnt/micro-images-pvc/specs935-v1/specs935-v1-FA-P015098-U2OS-48h-P12-L1/2021-12-19/859/specs935-v1-FA-P015098-U2OS-48h-P12-L1_D05_s4_w5554D9C50-AC75-4A25-A535-BBD8B0DD1EBF.npy,protein synthesis inhibitor
P015098,D05,s5,CBK309538,/mnt/micro-images-pvc/specs935-v1/specs935-v1-FA-P015098-U2OS-48h-P12-L1/2021-12-19/859/specs935-v1-FA-P015098-U2OS-48h-P12-L1_D05_s5_w5036726BB-42F3-46D9-9EDF-CDBFB38F9CD6.npy,protein synthesis inhibitor
P015098,D05,s6,CBK309538,/mnt/micro-images-pvc/specs935-v1/specs935-v1-FA-P015098-U2OS-48h-P12-L1/2021-12-19/859/specs935-v1-FA-P015098-U2OS-48h-P12-L1_D05_s6_w54434D0F6-2635-4DB9-B588-8341E09EAB60.npy,protein synthesis inhibitor
P015098,D05,s7,CBK309538,/mnt/micro-images-pvc/specs935-v1/specs935-v1-FA-P015098-U2OS-48h-P12-L1/2021-12-19/859/specs935-v1-FA-P015098-U2OS-48h-P12-L1_D05_s7_w5D2EE0C8D-3741-44C6-A6D8-9F78B82EBD21.npy,protein synthesis inhibitor
P015098,D05,s8,CBK309538,/mnt/micro-images-pvc/specs935-v1/specs935-v1-FA-P015098-U2OS-48h-P12-L1/2021-12-19/859/specs935-v1-FA-P015098-U2OS-48h-P12-L1_D05_s8_w5F17B8AE4-F02B-48B0-9004-E067094F244B.npy,protein synthesis inhibitor
P015098,D05,s9,CBK309538,/mnt/micro-images-pvc/specs935-v1/specs935-v1-FA-P015098-U2OS-48h-P12-L1/2021-12-19/859/specs935-v1-FA-P015098-U2OS-48h-P12-L1_D05_s9_w53136AC0F-07DE-4346-9257-FDD6AB60BF6A.npy,protein synthesis inhibitor
P015098,D07,s1,CBK041585,/mnt/micro-images-pvc/specs935-v1/specs935-v1-FA-P015098-U2OS-48h-P12-L1/2021-12-19/859/specs935-v1-FA-P015098-U2OS-48h-P12-L1_D07_s1_w526B412B6-EF15-4298-8D09-7CB24F31005C.npy,topoisomerase inhibitor
P015098,D07,s2,CBK041585,/mnt/micro-images-pvc/specs935-v1/specs935-v1-FA-P015098-U2OS-48h-P12-L1/2021-12-19/859/specs935-v1-FA-P015098-U2OS-48h-P12-L1_D07_s2_w5EC5BD107-B15D-4B97-9284-83F2CEED6DF7.npy,topoisomerase inhibitor
P015098,D07,s3,CBK041585,/mnt/micro-images-pvc/specs935-v1/specs935-v1-FA-P015098-U2OS-48h-P12-L1/2021-12-19/859/specs935-v1-FA-P015098-U2OS-48h-P12-L1_D07_s3_w5B33AD5A7-799A-44A6-A6D5-2CDA940C8DDB.npy,topoisomerase inhibitor
P015098,D07,s4,CBK041585,/mnt/micro-images-pvc/specs935-v1/specs935-v1-FA-P015098-U2OS-48h-P12-L1/2021-12-19/859/specs935-v1-FA-P015098-U2OS-48h-P12-L1_D07_s4_w53FA4F8F6-B15A-43E5-BA41-FE7FAE554C16.npy,topoisomerase inhibitor
P015098,D07,s5,CBK041585,/mnt/micro-images-pvc/specs935-v1/specs935-v1-FA-P015098-U2OS-48h-P12-L1/2021-12-19/859/specs935-v1-FA-P015098-U2OS-48h-P12-L1_D07_s5_w51A75762E-ED2A-427C-89A0-E1CAC0C949D9.npy,topoisomerase inhibitor
P015098,D07,s6,CBK041585,/mnt/micro-images-pvc/specs935-v1/specs935-v1-FA-P015098-U2OS-48h-P12-L1/2021-12-19/859/specs935-v1-FA-P015098-U2OS-48h-P12-L1_D07_s6_w5F2550E7C-44A2-4171-8EB1-29029A69B17C.npy,topoisomerase inhibitor
P015098,D07,s7,CBK041585,/mnt/micro-images-pvc/specs935-v1/specs935-v1-FA-P015098-U2OS-48h-P12-L1/2021-12-19/859/specs935-v1-FA-P015098-U2OS-48h-P12-L1_D07_s7_w55B297157-815E-427E-ADA9-E038F57A67FB.npy,topoisomerase inhibitor
P015098,D07,s8,CBK041585,/mnt/micro-images-pvc/specs935-v1/specs935-v1-FA-P015098-U2OS-48h-P12-L1/2021-12-19/859/specs935-v1-FA-P015098-U2OS-48h-P12-L1_D07_s8_w549CCA557-3EDE-46B1-AD57-31CFD6BE1D3C.npy,topoisomerase inhibitor
P015098,D07,s9,CBK041585,/mnt/micro-images-pvc/specs935-v1/specs935-v1-FA-P015098-U2OS-48h-P12-L1/2021-12-19/859/specs935-v1-FA-P015098-U2OS-48h-P12-L1_D07_s9_w59C22A892-4C38-4EB0-B6EE-5402319E30B3.npy,topoisomerase inhibitor
P015098,D08,s1,CBK277937,/mnt/micro-images-pvc/specs935-v1/specs935-v1-FA-P015098-U2OS-48h-P12-L1/2021-12-19/859/specs935-v1-FA-P015098-U2OS-48h-P12-L1_D08_s1_w530B5CBEC-7A99-465A-AAAE-C8AD9732C15E.npy,tubulin polymerization inhibitor
P015098,D08,s2,CBK277937,/mnt/micro-images-pvc/specs935-v1/specs935-v1-FA-P015098-U2OS-48h-P12-L1/2021-12-19/859/specs935-v1-FA-P015098-U2OS-48h-P12-L1_D08_s2_w513C43CEE-C952-43F1-8732-A95F763ECAB5.npy,tubulin polymerization inhibitor
P015098,D08,s3,CBK277937,/mnt/micro-images-pvc/specs935-v1/specs935-v1-FA-P015098-U2OS-48h-P12-L1/2021-12-19/859/specs935-v1-FA-P015098-U2OS-48h-P12-L1_D08_s3_w55FCDCF32-CCCF-414A-80D3-657A73593925.npy,tubulin polymerization inhibitor
P015098,D08,s4,CBK277937,/mnt/micro-images-pvc/specs935-v1/specs935-v1-FA-P015098-U2OS-48h-P12-L1/2021-12-19/859/specs935-v1-FA-P015098-U2OS-48h-P12-L1_D08_s4_w527DE8835-02B1-4904-85C2-5C850B45D410.npy,tubulin polymerization inhibitor
P015098,D08,s5,CBK277937,/mnt/micro-images-pvc/specs935-v1/specs935-v1-FA-P015098-U2OS-48h-P12-L1/2021-12-19/859/specs935-v1-FA-P015098-U2OS-48h-P12-L1_D08_s5_w5A3EA8003-5017-46E8-AEFF-22F93161FF77.npy,tubulin polymerization inhibitor
P015098,D08,s6,CBK277937,/mnt/micro-images-pvc/specs935-v1/specs935-v1-FA-P015098-U2OS-48h-P12-L1/2021-12-19/859/specs935-v1-FA-P015098-U2OS-48h-P12-L1_D08_s6_w52B87F09F-4FC6-4BB6-9A4E-907D7906F31F.npy,tubulin polymerization inhibitor
P015098,D08,s7,CBK277937,/mnt/micro-images-pvc/specs935-v1/specs935-v1-FA-P015098-U2OS-48h-P12-L1/2021-12-19/859/specs935-v1-FA-P015098-U2OS-48h-P12-L1_D08_s7_w598F8AE90-1752-4C38-81DC-C99053A601DE.npy,tubulin polymerization inhibitor
P015098,D08,s8,CBK277937,/mnt/micro-images-pvc/specs935-v1/specs935-v1-FA-P015098-U2OS-48h-P12-L1/2021-12-19/859/specs935-v1-FA-P015098-U2OS-48h-P12-L1_D08_s8_w5D365BF0E-2284-481E-9450-7B66BD0A5AB6.npy,tubulin polymerization inhibitor
P015098,D08,s9,CBK277937,/mnt/micro-images-pvc/specs935-v1/specs935-v1-FA-P015098-U2OS-48h-P12-L1/2021-12-19/859/specs935-v1-FA-P015098-U2OS-48h-P12-L1_D08_s9_w56DDFD3E2-1ABB-4856-A885-8535D15A3B0D.npy,tubulin polymerization inhibitor
P015098,D13,s1,CBK309049,/mnt/micro-images-pvc/specs935-v1/specs935-v1-FA-P015098-U2OS-48h-P12-L1/2021-12-19/859/specs935-v1-FA-P015098-U2OS-48h-P12-L1_D13_s1_w5B0760F61-87CA-4B32-9946-C703BC9B9648.npy,retinoid receptor agonist
P015098,D13,s2,CBK309049,/mnt/micro-images-pvc/specs935-v1/specs935-v1-FA-P015098-U2OS-48h-P12-L1/2021-12-19/859/specs935-v1-FA-P015098-U2OS-48h-P12-L1_D13_s2_w572C6A7A8-F012-4542-96AF-0B15938999BB.npy,retinoid receptor agonist
P015098,D13,s3,CBK309049,/mnt/micro-images-pvc/specs935-v1/specs935-v1-FA-P015098-U2OS-48h-P12-L1/2021-12-19/859/specs935-v1-FA-P015098-U2OS-48h-P12-L1_D13_s3_w5936E87D9-1BBF-41D2-8803-054ABD68BD9C.npy,retinoid receptor agonist
P015098,D13,s4,CBK309049,/mnt/micro-images-pvc/specs935-v1/specs935-v1-FA-P015098-U2OS-48h-P12-L1/2021-12-19/859/specs935-v1-FA-P015098-U2OS-48h-P12-L1_D13_s4_w5F84EDF90-55FD-49C5-9E0F-AEB0FD96F33F.npy,retinoid receptor agonist
P015098,D13,s5,CBK309049,/mnt/micro-images-pvc/specs935-v1/specs935-v1-FA-P015098-U2OS-48h-P12-L1/2021-12-19/859/specs935-v1-FA-P015098-U2OS-48h-P12-L1_D13_s5_w500298475-D3F5-4269-82C8-7DDCC7C62095.npy,retinoid receptor agonist
P015098,D13,s6,CBK309049,/mnt/micro-images-pvc/specs935-v1/specs935-v1-FA-P015098-U2OS-48h-P12-L1/2021-12-19/859/specs935-v1-FA-P015098-U2OS-48h-P12-L1_D13_s6_w5153F5082-DFDF-4816-85F8-7AEFADB1B1B2.npy,retinoid receptor agonist
P015098,D13,s7,CBK309049,/mnt/micro-images-pvc/specs935-v1/specs935-v1-FA-P015098-U2OS-48h-P12-L1/2021-12-19/859/specs935-v1-FA-P015098-U2OS-48h-P12-L1_D13_s7_w56DC0D129-54B2-4820-932E-DE7BDD23DF74.npy,retinoid receptor agonist
P015098,D13,s8,CBK309049,/mnt/micro-images-pvc/specs935-v1/specs935-v1-FA-P015098-U2OS-48h-P12-L1/2021-12-19/859/specs935-v1-FA-P015098-U2OS-48h-P12-L1_D13_s8_w55BDB81E2-0998-4D31-9577-A2E121BBB951.npy,retinoid receptor agonist
P015098,D13,s9,CBK309049,/mnt/micro-images-pvc/specs935-v1/specs935-v1-FA-P015098-U2OS-48h-P12-L1/2021-12-19/859/specs935-v1-FA-P015098-U2OS-48h-P12-L1_D13_s9_w59ED147F7-DFE0-46DE-A1AA-19D5C54CF437.npy,retinoid receptor agonist
P015098,D17,s1,CBK307816,/mnt/micro-images-pvc/specs935-v1/specs935-v1-FA-P015098-U2OS-48h-P12-L1/2021-12-19/859/specs935-v1-FA-P015098-U2OS-48h-P12-L1_D17_s1_w50DF8981C-EA1F-487C-AE3E-833B8EC8BF99.npy,topoisomerase inhibitor
P015098,D17,s2,CBK307816,/mnt/micro-images-pvc/specs935-v1/specs935-v1-FA-P015098-U2OS-48h-P12-L1/2021-12-19/859/specs935-v1-FA-P015098-U2OS-48h-P12-L1_D17_s2_w574CA3DA3-21A9-4999-BCE8-6519EE605927.npy,topoisomerase inhibitor
P015098,D17,s3,CBK307816,/mnt/micro-images-pvc/specs935-v1/specs935-v1-FA-P015098-U2OS-48h-P12-L1/2021-12-19/859/specs935-v1-FA-P015098-U2OS-48h-P12-L1_D17_s3_w5107DE511-B408-4BC4-8AA1-774D95796248.npy,topoisomerase inhibitor
P015098,D17,s4,CBK307816,/mnt/micro-images-pvc/specs935-v1/specs935-v1-FA-P015098-U2OS-48h-P12-L1/2021-12-19/859/specs935-v1-FA-P015098-U2OS-48h-P12-L1_D17_s4_w51AF123D9-C3BD-4CE1-B64A-006B2E7C1F48.npy,topoisomerase inhibitor
P015098,D17,s5,CBK307816,/mnt/micro-images-pvc/specs935-v1/specs935-v1-FA-P015098-U2OS-48h-P12-L1/2021-12-19/859/specs935-v1-FA-P015098-U2OS-48h-P12-L1_D17_s5_w5710E780C-7488-4BCA-AEE0-E2BCC41AB770.npy,topoisomerase inhibitor
P015098,D17,s6,CBK307816,/mnt/micro-images-pvc/specs935-v1/specs935-v1-FA-P015098-U2OS-48h-P12-L1/2021-12-19/859/specs935-v1-FA-P015098-U2OS-48h-P12-L1_D17_s6_w5A67E37C0-B94B-4BA6-9410-DEFA8254D67D.npy,topoisomerase inhibitor
P015098,D17,s7,CBK307816,/mnt/micro-images-pvc/specs935-v1/specs935-v1-FA-P015098-U2OS-48h-P12-L1/2021-12-19/859/specs935-v1-FA-P015098-U2OS-48h-P12-L1_D17_s7_w596801CCA-08C8-42DC-941A-DD6B9C677151.npy,topoisomerase inhibitor
P015098,D17,s8,CBK307816,/mnt/micro-images-pvc/specs935-v1/specs935-v1-FA-P015098-U2OS-48h-P12-L1/2021-12-19/859/specs935-v1-FA-P015098-U2OS-48h-P12-L1_D17_s8_w5A91965EF-E9B0-441F-8402-000D1CD0920B.npy,topoisomerase inhibitor
P015098,D17,s9,CBK307816,/mnt/micro-images-pvc/specs935-v1/specs935-v1-FA-P015098-U2OS-48h-P12-L1/2021-12-19/859/specs935-v1-FA-P015098-U2OS-48h-P12-L1_D17_s9_w5BB48A101-43EF-43A2-AC3B-8CE87042E761.npy,topoisomerase inhibitor
P015098,D20,s1,CBK308876,/mnt/micro-images-pvc/specs935-v1/specs935-v1-FA-P015098-U2OS-48h-P12-L1/2021-12-19/859/specs935-v1-FA-P015098-U2OS-48h-P12-L1_D20_s1_w5BB7B32FC-7AE3-41EC-AAA9-6A86DEF3069A.npy,retinoid receptor agonist
P015098,D20,s2,CBK308876,/mnt/micro-images-pvc/specs935-v1/specs935-v1-FA-P015098-U2OS-48h-P12-L1/2021-12-19/859/specs935-v1-FA-P015098-U2OS-48h-P12-L1_D20_s2_w51DEDA16E-D25D-48D6-A2CD-85824A94A792.npy,retinoid receptor agonist
P015098,D20,s3,CBK308876,/mnt/micro-images-pvc/specs935-v1/specs935-v1-FA-P015098-U2OS-48h-P12-L1/2021-12-19/859/specs935-v1-FA-P015098-U2OS-48h-P12-L1_D20_s3_w5455D830A-CD90-4410-A9BD-086A2C5EA5D5.npy,retinoid receptor agonist
P015098,D20,s4,CBK308876,/mnt/micro-images-pvc/specs935-v1/specs935-v1-FA-P015098-U2OS-48h-P12-L1/2021-12-19/859/specs935-v1-FA-P015098-U2OS-48h-P12-L1_D20_s4_w534A7C20B-70D5-4740-9B80-75F52CA54E76.npy,retinoid receptor agonist
P015098,D20,s5,CBK308876,/mnt/micro-images-pvc/specs935-v1/specs935-v1-FA-P015098-U2OS-48h-P12-L1/2021-12-19/859/specs935-v1-FA-P015098-U2OS-48h-P12-L1_D20_s5_w56A28923A-349D-40E2-83B1-57539539646D.npy,retinoid receptor agonist
P015098,D20,s6,CBK308876,/mnt/micro-images-pvc/specs935-v1/specs935-v1-FA-P015098-U2OS-48h-P12-L1/2021-12-19/859/specs935-v1-FA-P015098-U2OS-48h-P12-L1_D20_s6_w5D7C7FF79-246F-4C73-9523-191FA6479D89.npy,retinoid receptor agonist
P015098,D20,s7,CBK308876,/mnt/micro-images-pvc/specs935-v1/specs935-v1-FA-P015098-U2OS-48h-P12-L1/2021-12-19/859/specs935-v1-FA-P015098-U2OS-48h-P12-L1_D20_s7_w50FF270A4-0293-45F6-A4B7-F08A9D3BD4E2.npy,retinoid receptor agonist
P015098,D20,s8,CBK308876,/mnt/micro-images-pvc/specs935-v1/specs935-v1-FA-P015098-U2OS-48h-P12-L1/2021-12-19/859/specs935-v1-FA-P015098-U2OS-48h-P12-L1_D20_s8_w58A0BB39C-9748-4DA0-B500-F0594638E26E.npy,retinoid receptor agonist
P015098,D20,s9,CBK308876,/mnt/micro-images-pvc/specs935-v1/specs935-v1-FA-P015098-U2OS-48h-P12-L1/2021-12-19/859/specs935-v1-FA-P015098-U2OS-48h-P12-L1_D20_s9_w5E8D304F5-BC47-4CEC-A352-0D969DB33C19.npy,retinoid receptor agonist
P015098,D21,s1,CBK309466,/mnt/micro-images-pvc/specs935-v1/specs935-v1-FA-P015098-U2OS-48h-P12-L1/2021-12-19/859/specs935-v1-FA-P015098-U2OS-48h-P12-L1_D21_s1_w5D5955BCC-C10B-4655-B482-29C8CC94143B.npy,retinoid receptor agonist
P015098,D21,s2,CBK309466,/mnt/micro-images-pvc/specs935-v1/specs935-v1-FA-P015098-U2OS-48h-P12-L1/2021-12-19/859/specs935-v1-FA-P015098-U2OS-48h-P12-L1_D21_s2_w5BFBC5C1D-261E-4B13-B091-38FB8DE4F467.npy,retinoid receptor agonist
P015098,D21,s3,CBK309466,/mnt/micro-images-pvc/specs935-v1/specs935-v1-FA-P015098-U2OS-48h-P12-L1/2021-12-19/859/specs935-v1-FA-P015098-U2OS-48h-P12-L1_D21_s3_w5DDE144C9-24AE-4ED3-AEDE-991132E87419.npy,retinoid receptor agonist
P015098,D21,s4,CBK309466,/mnt/micro-images-pvc/specs935-v1/specs935-v1-FA-P015098-U2OS-48h-P12-L1/2021-12-19/859/specs935-v1-FA-P015098-U2OS-48h-P12-L1_D21_s4_w5F8A4E7FB-A43A-4F61-A77A-E239428762AA.npy,retinoid receptor agonist
P015098,D21,s5,CBK309466,/mnt/micro-images-pvc/specs935-v1/specs935-v1-FA-P015098-U2OS-48h-P12-L1/2021-12-19/859/specs935-v1-FA-P015098-U2OS-48h-P12-L1_D21_s5_w54CBFD0E6-F271-442F-8E69-529C88D530DA.npy,retinoid receptor agonist
P015098,D21,s6,CBK309466,/mnt/micro-images-pvc/specs935-v1/specs935-v1-FA-P015098-U2OS-48h-P12-L1/2021-12-19/859/specs935-v1-FA-P015098-U2OS-48h-P12-L1_D21_s6_w5A50ABA1F-2121-4539-87F5-A12BC1C0A8AA.npy,retinoid receptor agonist
P015098,D21,s7,CBK309466,/mnt/micro-images-pvc/specs935-v1/specs935-v1-FA-P015098-U2OS-48h-P12-L1/2021-12-19/859/specs935-v1-FA-P015098-U2OS-48h-P12-L1_D21_s7_w594EE7909-1A1D-43D7-B6F6-32CCADB883A5.npy,retinoid receptor agonist
P015098,D21,s8,CBK309466,/mnt/micro-images-pvc/specs935-v1/specs935-v1-FA-P015098-U2OS-48h-P12-L1/2021-12-19/859/specs935-v1-FA-P015098-U2OS-48h-P12-L1_D21_s8_w554A2A917-3AB7-4CC4-8BA3-866C05C518AC.npy,retinoid receptor agonist
P015098,D21,s9,CBK309466,/mnt/micro-images-pvc/specs935-v1/specs935-v1-FA-P015098-U2OS-48h-P12-L1/2021-12-19/859/specs935-v1-FA-P015098-U2OS-48h-P12-L1_D21_s9_w54B1B502A-BC4B-4CF2-8A12-0319008C0C4B.npy,retinoid receptor agonist
P015098,E06,s1,CBK011613,/mnt/micro-images-pvc/specs935-v1/specs935-v1-FA-P015098-U2OS-48h-P12-L1/2021-12-19/859/specs935-v1-FA-P015098-U2OS-48h-P12-L1_E06_s1_w58BE52D67-71FA-4EEE-A410-CFE2CE15476D.npy,retinoid receptor agonist
P015098,E06,s2,CBK011613,/mnt/micro-images-pvc/specs935-v1/specs935-v1-FA-P015098-U2OS-48h-P12-L1/2021-12-19/859/specs935-v1-FA-P015098-U2OS-48h-P12-L1_E06_s2_w501F6C7AA-3692-4D55-B670-88CD6AD2C510.npy,retinoid receptor agonist
P015098,E06,s3,CBK011613,/mnt/micro-images-pvc/specs935-v1/specs935-v1-FA-P015098-U2OS-48h-P12-L1/2021-12-19/859/specs935-v1-FA-P015098-U2OS-48h-P12-L1_E06_s3_w5104EBF50-1410-4049-8438-AC4425545798.npy,retinoid receptor agonist
P015098,E06,s4,CBK011613,/mnt/micro-images-pvc/specs935-v1/specs935-v1-FA-P015098-U2OS-48h-P12-L1/2021-12-19/859/specs935-v1-FA-P015098-U2OS-48h-P12-L1_E06_s4_w541184B9D-9CA3-4EC9-B468-08A8FABFE6A4.npy,retinoid receptor agonist
P015098,E06,s5,CBK011613,/mnt/micro-images-pvc/specs935-v1/specs935-v1-FA-P015098-U2OS-48h-P12-L1/2021-12-19/859/specs935-v1-FA-P015098-U2OS-48h-P12-L1_E06_s5_w5EA152C15-0EA0-4916-98F1-78276F0DF5D0.npy,retinoid receptor agonist
P015098,E06,s6,CBK011613,/mnt/micro-images-pvc/specs935-v1/specs935-v1-FA-P015098-U2OS-48h-P12-L1/2021-12-19/859/specs935-v1-FA-P015098-U2OS-48h-P12-L1_E06_s6_w5E00AFB91-0483-4242-BA89-FCBA1DBC8959.npy,retinoid receptor agonist
P015098,E06,s7,CBK011613,/mnt/micro-images-pvc/specs935-v1/specs935-v1-FA-P015098-U2OS-48h-P12-L1/2021-12-19/859/specs935-v1-FA-P015098-U2OS-48h-P12-L1_E06_s7_w5E355BF0B-600E-495B-82DE-E551CA57BD61.npy,retinoid receptor agonist
P015098,E06,s8,CBK011613,/mnt/micro-images-pvc/specs935-v1/specs935-v1-FA-P015098-U2OS-48h-P12-L1/2021-12-19/859/specs935-v1-FA-P015098-U2OS-48h-P12-L1_E06_s8_w580270EB8-1E14-4CD4-B0DA-63370B5435D8.npy,retinoid receptor agonist
P015098,E06,s9,CBK011613,/mnt/micro-images-pvc/specs935-v1/specs935-v1-FA-P015098-U2OS-48h-P12-L1/2021-12-19/859/specs935-v1-FA-P015098-U2OS-48h-P12-L1_E06_s9_w5B29E9498-9B76-4241-B369-CE9F30BB9814.npy,retinoid receptor agonist
P015098,E07,s1,CBK290101,/mnt/micro-images-pvc/specs935-v1/specs935-v1-FA-P015098-U2OS-48h-P12-L1/2021-12-19/859/specs935-v1-FA-P015098-U2OS-48h-P12-L1_E07_s1_w5D3D0F79B-E1CC-43A2-8D29-225F31F25182.npy,retinoid receptor agonist
P015098,E07,s2,CBK290101,/mnt/micro-images-pvc/specs935-v1/specs935-v1-FA-P015098-U2OS-48h-P12-L1/2021-12-19/859/specs935-v1-FA-P015098-U2OS-48h-P12-L1_E07_s2_w5E499F08D-D054-4BBF-867D-D07815B615F6.npy,retinoid receptor agonist
P015098,E07,s3,CBK290101,/mnt/micro-images-pvc/specs935-v1/specs935-v1-FA-P015098-U2OS-48h-P12-L1/2021-12-19/859/specs935-v1-FA-P015098-U2OS-48h-P12-L1_E07_s3_w55088BF9B-10A3-4ABA-A727-0DF2037B5842.npy,retinoid receptor agonist
P015098,E07,s4,CBK290101,/mnt/micro-images-pvc/specs935-v1/specs935-v1-FA-P015098-U2OS-48h-P12-L1/2021-12-19/859/specs935-v1-FA-P015098-U2OS-48h-P12-L1_E07_s4_w59F2CB753-EF00-4258-AF90-6B48F61B14C9.npy,retinoid receptor agonist
P015098,E07,s5,CBK290101,/mnt/micro-images-pvc/specs935-v1/specs935-v1-FA-P015098-U2OS-48h-P12-L1/2021-12-19/859/specs935-v1-FA-P015098-U2OS-48h-P12-L1_E07_s5_w5CA8FAF7C-2807-4F09-A311-D0BB7223ECF2.npy,retinoid receptor agonist
P015098,E07,s6,CBK290101,/mnt/micro-images-pvc/specs935-v1/specs935-v1-FA-P015098-U2OS-48h-P12-L1/2021-12-19/859/specs935-v1-FA-P015098-U2OS-48h-P12-L1_E07_s6_w54B61F00C-5CAA-476A-BF33-8EB9144C076A.npy,retinoid receptor agonist
P015098,E07,s7,CBK290101,/mnt/micro-images-pvc/specs935-v1/specs935-v1-FA-P015098-U2OS-48h-P12-L1/2021-12-19/859/specs935-v1-FA-P015098-U2OS-48h-P12-L1_E07_s7_w5A01BDD0B-98D4-4896-8CDE-4D338F892E07.npy,retinoid receptor agonist
P015098,E07,s8,CBK290101,/mnt/micro-images-pvc/specs935-v1/specs935-v1-FA-P015098-U2OS-48h-P12-L1/2021-12-19/859/specs935-v1-FA-P015098-U2OS-48h-P12-L1_E07_s8_w517ACEEE3-4B85-4714-B25E-80C93B525309.npy,retinoid receptor agonist
P015098,E07,s9,CBK290101,/mnt/micro-images-pvc/specs935-v1/specs935-v1-FA-P015098-U2OS-48h-P12-L1/2021-12-19/859/specs935-v1-FA-P015098-U2OS-48h-P12-L1_E07_s9_w520196E9F-CE20-4AFF-939C-EE217B2C5958.npy,retinoid receptor agonist
P015098,E08,s1,CBK309655,/mnt/micro-images-pvc/specs935-v1/specs935-v1-FA-P015098-U2OS-48h-P12-L1/2021-12-19/859/specs935-v1-FA-P015098-U2OS-48h-P12-L1_E08_s1_w5799FAB9D-9093-45D6-83E9-ED314067259A.npy,topoisomerase inhibitor
P015098,E08,s2,CBK309655,/mnt/micro-images-pvc/specs935-v1/specs935-v1-FA-P015098-U2OS-48h-P12-L1/2021-12-19/859/specs935-v1-FA-P015098-U2OS-48h-P12-L1_E08_s2_w5C17A3322-4629-4C63-B95B-AFAC97943144.npy,topoisomerase inhibitor
P015098,E08,s3,CBK309655,/mnt/micro-images-pvc/specs935-v1/specs935-v1-FA-P015098-U2OS-48h-P12-L1/2021-12-19/859/specs935-v1-FA-P015098-U2OS-48h-P12-L1_E08_s3_w579940B0D-3D7F-4A07-9CA9-6B3D896026A2.npy,topoisomerase inhibitor
P015098,E08,s4,CBK309655,/mnt/micro-images-pvc/specs935-v1/specs935-v1-FA-P015098-U2OS-48h-P12-L1/2021-12-19/859/specs935-v1-FA-P015098-U2OS-48h-P12-L1_E08_s4_w5595BABD8-07D8-4847-9A82-6AF734957D0E.npy,topoisomerase inhibitor
P015098,E08,s5,CBK309655,/mnt/micro-images-pvc/specs935-v1/specs935-v1-FA-P015098-U2OS-48h-P12-L1/2021-12-19/859/specs935-v1-FA-P015098-U2OS-48h-P12-L1_E08_s5_w588CFA579-3C9E-4C32-85E0-88B9D59A7103.npy,topoisomerase inhibitor
P015098,E08,s6,CBK309655,/mnt/micro-images-pvc/specs935-v1/specs935-v1-FA-P015098-U2OS-48h-P12-L1/2021-12-19/859/specs935-v1-FA-P015098-U2OS-48h-P12-L1_E08_s6_w50F3523EA-3084-433A-ADF7-4AF96DAE76AD.npy,topoisomerase inhibitor
P015098,E08,s7,CBK309655,/mnt/micro-images-pvc/specs935-v1/specs935-v1-FA-P015098-U2OS-48h-P12-L1/2021-12-19/859/specs935-v1-FA-P015098-U2OS-48h-P12-L1_E08_s7_w541EAD450-2A72-4F2A-B7F2-B61723B7E40B.npy,topoisomerase inhibitor
P015098,E08,s8,CBK309655,/mnt/micro-images-pvc/specs935-v1/specs935-v1-FA-P015098-U2OS-48h-P12-L1/2021-12-19/859/specs935-v1-FA-P015098-U2OS-48h-P12-L1_E08_s8_w550F93139-92D8-4860-93E2-9614D1A28686.npy,topoisomerase inhibitor
P015098,E08,s9,CBK309655,/mnt/micro-images-pvc/specs935-v1/specs935-v1-FA-P015098-U2OS-48h-P12-L1/2021-12-19/859/specs935-v1-FA-P015098-U2OS-48h-P12-L1_E08_s9_w5DAD064AE-EE99-4389-9B50-BC243E7A172E.npy,topoisomerase inhibitor
P015098,E12,s1,CBK041770,/mnt/micro-images-pvc/specs935-v1/specs935-v1-FA-P015098-U2OS-48h-P12-L1/2021-12-19/859/specs935-v1-FA-P015098-U2OS-48h-P12-L1_E12_s1_w5FF497E44-2152-49B9-8802-E2FCC38F2084.npy,topoisomerase inhibitor
P015098,E12,s2,CBK041770,/mnt/micro-images-pvc/specs935-v1/specs935-v1-FA-P015098-U2OS-48h-P12-L1/2021-12-19/859/specs935-v1-FA-P015098-U2OS-48h-P12-L1_E12_s2_w51DB8CF52-ABAA-436F-BB14-D2DB96F4F9A3.npy,topoisomerase inhibitor
P015098,E12,s3,CBK041770,/mnt/micro-images-pvc/specs935-v1/specs935-v1-FA-P015098-U2OS-48h-P12-L1/2021-12-19/859/specs935-v1-FA-P015098-U2OS-48h-P12-L1_E12_s3_w536CA569D-D89E-43DC-9ED4-2BE506F5B2C4.npy,topoisomerase inhibitor
P015098,E12,s4,CBK041770,/mnt/micro-images-pvc/specs935-v1/specs935-v1-FA-P015098-U2OS-48h-P12-L1/2021-12-19/859/specs935-v1-FA-P015098-U2OS-48h-P12-L1_E12_s4_w590AF0610-0834-46C2-B835-BE0C0697182B.npy,topoisomerase inhibitor
P015098,E12,s5,CBK041770,/mnt/micro-images-pvc/specs935-v1/specs935-v1-FA-P015098-U2OS-48h-P12-L1/2021-12-19/859/specs935-v1-FA-P015098-U2OS-48h-P12-L1_E12_s5_w53CFFAD18-BCCE-4716-B3AD-198C4573C895.npy,topoisomerase inhibitor
P015098,E12,s6,CBK041770,/mnt/micro-images-pvc/specs935-v1/specs935-v1-FA-P015098-U2OS-48h-P12-L1/2021-12-19/859/specs935-v1-FA-P015098-U2OS-48h-P12-L1_E12_s6_w5F658C1EF-05FF-4331-8C0E-4167EF6D5BB5.npy,topoisomerase inhibitor
P015098,E12,s7,CBK041770,/mnt/micro-images-pvc/specs935-v1/specs935-v1-FA-P015098-U2OS-48h-P12-L1/2021-12-19/859/specs935-v1-FA-P015098-U2OS-48h-P12-L1_E12_s7_w5C33E884B-D94E-43CA-9445-01BFF24FA026.npy,topoisomerase inhibitor
P015098,E12,s8,CBK041770,/mnt/micro-images-pvc/specs935-v1/specs935-v1-FA-P015098-U2OS-48h-P12-L1/2021-12-19/859/specs935-v1-FA-P015098-U2OS-48h-P12-L1_E12_s8_w5E6025FE0-95E1-4703-B187-414F7116B735.npy,topoisomerase inhibitor
P015098,E12,s9,CBK041770,/mnt/micro-images-pvc/specs935-v1/specs935-v1-FA-P015098-U2OS-48h-P12-L1/2021-12-19/859/specs935-v1-FA-P015098-U2OS-48h-P12-L1_E12_s9_w50328DA99-F6B6-476F-A2B9-BFB511FB4B9C.npy,topoisomerase inhibitor
P015098,E13,s1,CBK309466,/mnt/micro-images-pvc/specs935-v1/specs935-v1-FA-P015098-U2OS-48h-P12-L1/2021-12-19/859/specs935-v1-FA-P015098-U2OS-48h-P12-L1_E13_s1_w5705B0F54-032B-4B9E-8059-0CCF29C1D04A.npy,retinoid receptor agonist
P015098,E13,s2,CBK309466,/mnt/micro-images-pvc/specs935-v1/specs935-v1-FA-P015098-U2OS-48h-P12-L1/2021-12-19/859/specs935-v1-FA-P015098-U2OS-48h-P12-L1_E13_s2_w5A472EF26-A6FB-438E-B430-AE4B4113C396.npy,retinoid receptor agonist
P015098,E13,s3,CBK309466,/mnt/micro-images-pvc/specs935-v1/specs935-v1-FA-P015098-U2OS-48h-P12-L1/2021-12-19/859/specs935-v1-FA-P015098-U2OS-48h-P12-L1_E13_s3_w581FA7136-3A78-49AB-B415-5DCF3F4EB463.npy,retinoid receptor agonist
P015098,E13,s4,CBK309466,/mnt/micro-images-pvc/specs935-v1/specs935-v1-FA-P015098-U2OS-48h-P12-L1/2021-12-19/859/specs935-v1-FA-P015098-U2OS-48h-P12-L1_E13_s4_w5CA31F0D1-0104-4689-BDF2-48E3554FA6FB.npy,retinoid receptor agonist
P015098,E13,s5,CBK309466,/mnt/micro-images-pvc/specs935-v1/specs935-v1-FA-P015098-U2OS-48h-P12-L1/2021-12-19/859/specs935-v1-FA-P015098-U2OS-48h-P12-L1_E13_s5_w578430332-50EA-4653-B7A0-763EF19D466F.npy,retinoid receptor agonist
P015098,E13,s6,CBK309466,/mnt/micro-images-pvc/specs935-v1/specs935-v1-FA-P015098-U2OS-48h-P12-L1/2021-12-19/859/specs935-v1-FA-P015098-U2OS-48h-P12-L1_E13_s6_w531321F49-1D41-48CF-BEA8-B04AAC8806CD.npy,retinoid receptor agonist
P015098,E13,s7,CBK309466,/mnt/micro-images-pvc/specs935-v1/specs935-v1-FA-P015098-U2OS-48h-P12-L1/2021-12-19/859/specs935-v1-FA-P015098-U2OS-48h-P12-L1_E13_s7_w547022445-29A6-4486-BBC4-122088691B1A.npy,retinoid receptor agonist
P015098,E13,s8,CBK309466,/mnt/micro-images-pvc/specs935-v1/specs935-v1-FA-P015098-U2OS-48h-P12-L1/2021-12-19/859/specs935-v1-FA-P015098-U2OS-48h-P12-L1_E13_s8_w50AF9A73C-0F30-416D-934C-FEC582DD1BAD.npy,retinoid receptor agonist
P015098,E13,s9,CBK309466,/mnt/micro-images-pvc/specs935-v1/specs935-v1-FA-P015098-U2OS-48h-P12-L1/2021-12-19/859/specs935-v1-FA-P015098-U2OS-48h-P12-L1_E13_s9_w54ECDBF6A-1BFE-4BEC-B230-2B8E54799A0E.npy,retinoid receptor agonist
P015098,E15,s1,CBK309049,/mnt/micro-images-pvc/specs935-v1/specs935-v1-FA-P015098-U2OS-48h-P12-L1/2021-12-19/859/specs935-v1-FA-P015098-U2OS-48h-P12-L1_E15_s1_w594388AF2-F943-4FF4-84B8-58BAD2A74CD3.npy,retinoid receptor agonist
P015098,E15,s2,CBK309049,/mnt/micro-images-pvc/specs935-v1/specs935-v1-FA-P015098-U2OS-48h-P12-L1/2021-12-19/859/specs935-v1-FA-P015098-U2OS-48h-P12-L1_E15_s2_w50D499CDC-C541-46D1-B0F4-D47E472A6885.npy,retinoid receptor agonist
P015098,E15,s3,CBK309049,/mnt/micro-images-pvc/specs935-v1/specs935-v1-FA-P015098-U2OS-48h-P12-L1/2021-12-19/859/specs935-v1-FA-P015098-U2OS-48h-P12-L1_E15_s3_w5E10DC29E-7E2A-48BE-BE9E-CA296802E72E.npy,retinoid receptor agonist
P015098,E15,s4,CBK309049,/mnt/micro-images-pvc/specs935-v1/specs935-v1-FA-P015098-U2OS-48h-P12-L1/2021-12-19/859/specs935-v1-FA-P015098-U2OS-48h-P12-L1_E15_s4_w5AE3AE3A3-80F7-484D-95D1-16D2AE996012.npy,retinoid receptor agonist
P015098,E15,s5,CBK309049,/mnt/micro-images-pvc/specs935-v1/specs935-v1-FA-P015098-U2OS-48h-P12-L1/2021-12-19/859/specs935-v1-FA-P015098-U2OS-48h-P12-L1_E15_s5_w5D99171F7-1E39-4983-8057-53D042FBEBEC.npy,retinoid receptor agonist
P015098,E15,s6,CBK309049,/mnt/micro-images-pvc/specs935-v1/specs935-v1-FA-P015098-U2OS-48h-P12-L1/2021-12-19/859/specs935-v1-FA-P015098-U2OS-48h-P12-L1_E15_s6_w554E143AE-E0CC-4579-ACE1-1D46E6E23BCD.npy,retinoid receptor agonist
P015098,E15,s7,CBK309049,/mnt/micro-images-pvc/specs935-v1/specs935-v1-FA-P015098-U2OS-48h-P12-L1/2021-12-19/859/specs935-v1-FA-P015098-U2OS-48h-P12-L1_E15_s7_w5AE4FDD7A-0E28-40EF-9872-EC9E0A898365.npy,retinoid receptor agonist
P015098,E15,s8,CBK309049,/mnt/micro-images-pvc/specs935-v1/specs935-v1-FA-P015098-U2OS-48h-P12-L1/2021-12-19/859/specs935-v1-FA-P015098-U2OS-48h-P12-L1_E15_s8_w50A2A8384-352D-4DD0-8D2B-9C9BB9A0054E.npy,retinoid receptor agonist
P015098,E15,s9,CBK309049,/mnt/micro-images-pvc/specs935-v1/specs935-v1-FA-P015098-U2OS-48h-P12-L1/2021-12-19/859/specs935-v1-FA-P015098-U2OS-48h-P12-L1_E15_s9_w59C20FE93-93E6-42A3-BB0E-287EAA1B96EB.npy,retinoid receptor agonist
P015098,E16,s1,CBK308819,/mnt/micro-images-pvc/specs935-v1/specs935-v1-FA-P015098-U2OS-48h-P12-L1/2021-12-19/859/specs935-v1-FA-P015098-U2OS-48h-P12-L1_E16_s1_w5D4ED29E6-3DC2-494B-B933-2799C68B1406.npy,topoisomerase inhibitor
P015098,E16,s2,CBK308819,/mnt/micro-images-pvc/specs935-v1/specs935-v1-FA-P015098-U2OS-48h-P12-L1/2021-12-19/859/specs935-v1-FA-P015098-U2OS-48h-P12-L1_E16_s2_w5BB3B766B-0254-43BA-80FB-53A33DF27080.npy,topoisomerase inhibitor
P015098,E16,s3,CBK308819,/mnt/micro-images-pvc/specs935-v1/specs935-v1-FA-P015098-U2OS-48h-P12-L1/2021-12-19/859/specs935-v1-FA-P015098-U2OS-48h-P12-L1_E16_s3_w54CBDFBA3-BFE7-4238-89F6-E183E5B31466.npy,topoisomerase inhibitor
P015098,E16,s4,CBK308819,/mnt/micro-images-pvc/specs935-v1/specs935-v1-FA-P015098-U2OS-48h-P12-L1/2021-12-19/859/specs935-v1-FA-P015098-U2OS-48h-P12-L1_E16_s4_w5ED67C6E3-BAB9-4FF3-8F14-325DB95CCC4B.npy,topoisomerase inhibitor
P015098,E16,s5,CBK308819,/mnt/micro-images-pvc/specs935-v1/specs935-v1-FA-P015098-U2OS-48h-P12-L1/2021-12-19/859/specs935-v1-FA-P015098-U2OS-48h-P12-L1_E16_s5_w5F6B45DC4-B1CA-4C5F-8EB2-65A239801F13.npy,topoisomerase inhibitor
P015098,E16,s6,CBK308819,/mnt/micro-images-pvc/specs935-v1/specs935-v1-FA-P015098-U2OS-48h-P12-L1/2021-12-19/859/specs935-v1-FA-P015098-U2OS-48h-P12-L1_E16_s6_w5259E1085-29B5-4D7E-B3B0-3ABF3A308172.npy,topoisomerase inhibitor
P015098,E16,s7,CBK308819,/mnt/micro-images-pvc/specs935-v1/specs935-v1-FA-P015098-U2OS-48h-P12-L1/2021-12-19/859/specs935-v1-FA-P015098-U2OS-48h-P12-L1_E16_s7_w52361741B-A63E-4A88-9318-F2F9F312EB24.npy,topoisomerase inhibitor
P015098,E16,s8,CBK308819,/mnt/micro-images-pvc/specs935-v1/specs935-v1-FA-P015098-U2OS-48h-P12-L1/2021-12-19/859/specs935-v1-FA-P015098-U2OS-48h-P12-L1_E16_s8_w5F6BBEE00-C321-4E8E-A6A6-8B7E23560D4B.npy,topoisomerase inhibitor
P015098,E16,s9,CBK308819,/mnt/micro-images-pvc/specs935-v1/specs935-v1-FA-P015098-U2OS-48h-P12-L1/2021-12-19/859/specs935-v1-FA-P015098-U2OS-48h-P12-L1_E16_s9_w55917A0B6-F6E6-4F52-BA94-3DF0724F0024.npy,topoisomerase inhibitor
P015098,E17,s1,CBK290287,/mnt/micro-images-pvc/specs935-v1/specs935-v1-FA-P015098-U2OS-48h-P12-L1/2021-12-19/859/specs935-v1-FA-P015098-U2OS-48h-P12-L1_E17_s1_w504233829-F50E-438F-93A4-129E530CB4F3.npy,retinoid receptor agonist
P015098,E17,s2,CBK290287,/mnt/micro-images-pvc/specs935-v1/specs935-v1-FA-P015098-U2OS-48h-P12-L1/2021-12-19/859/specs935-v1-FA-P015098-U2OS-48h-P12-L1_E17_s2_w5E8A6EF39-4997-4667-BAD3-E3B00C7E0F15.npy,retinoid receptor agonist
P015098,E17,s3,CBK290287,/mnt/micro-images-pvc/specs935-v1/specs935-v1-FA-P015098-U2OS-48h-P12-L1/2021-12-19/859/specs935-v1-FA-P015098-U2OS-48h-P12-L1_E17_s3_w5F8FF1676-73F7-4526-B844-CFE8584D290C.npy,retinoid receptor agonist
P015098,E17,s4,CBK290287,/mnt/micro-images-pvc/specs935-v1/specs935-v1-FA-P015098-U2OS-48h-P12-L1/2021-12-19/859/specs935-v1-FA-P015098-U2OS-48h-P12-L1_E17_s4_w5B6EB98E1-21E1-4C10-BDD5-BC699BB97CBA.npy,retinoid receptor agonist
P015098,E17,s5,CBK290287,/mnt/micro-images-pvc/specs935-v1/specs935-v1-FA-P015098-U2OS-48h-P12-L1/2021-12-19/859/specs935-v1-FA-P015098-U2OS-48h-P12-L1_E17_s5_w5FEC1AEA8-EF0F-4C8B-A18A-712D8126FC5B.npy,retinoid receptor agonist
P015098,E17,s6,CBK290287,/mnt/micro-images-pvc/specs935-v1/specs935-v1-FA-P015098-U2OS-48h-P12-L1/2021-12-19/859/specs935-v1-FA-P015098-U2OS-48h-P12-L1_E17_s6_w51B6E8BF4-9CBE-423C-A6EF-E99EA0B29F42.npy,retinoid receptor agonist
P015098,E17,s7,CBK290287,/mnt/micro-images-pvc/specs935-v1/specs935-v1-FA-P015098-U2OS-48h-P12-L1/2021-12-19/859/specs935-v1-FA-P015098-U2OS-48h-P12-L1_E17_s7_w52625F360-5FEA-46CF-A112-3007E497B15A.npy,retinoid receptor agonist
P015098,E17,s8,CBK290287,/mnt/micro-images-pvc/specs935-v1/specs935-v1-FA-P015098-U2OS-48h-P12-L1/2021-12-19/859/specs935-v1-FA-P015098-U2OS-48h-P12-L1_E17_s8_w580E24321-527A-4822-A6CD-338703ABFCE3.npy,retinoid receptor agonist
P015098,E17,s9,CBK290287,/mnt/micro-images-pvc/specs935-v1/specs935-v1-FA-P015098-U2OS-48h-P12-L1/2021-12-19/859/specs935-v1-FA-P015098-U2OS-48h-P12-L1_E17_s9_w55B7E3E63-66BD-4898-87C6-05F787114D02.npy,retinoid receptor agonist
P015098,E23,s1,CBK041585,/mnt/micro-images-pvc/specs935-v1/specs935-v1-FA-P015098-U2OS-48h-P12-L1/2021-12-19/859/specs935-v1-FA-P015098-U2OS-48h-P12-L1_E23_s1_w5ECFA9763-9314-4337-9C52-031408BB3A17.npy,topoisomerase inhibitor
P015098,E23,s2,CBK041585,/mnt/micro-images-pvc/specs935-v1/specs935-v1-FA-P015098-U2OS-48h-P12-L1/2021-12-19/859/specs935-v1-FA-P015098-U2OS-48h-P12-L1_E23_s2_w523A253B6-98F9-4483-B0AF-0BBD37B10F38.npy,topoisomerase inhibitor
P015098,E23,s3,CBK041585,/mnt/micro-images-pvc/specs935-v1/specs935-v1-FA-P015098-U2OS-48h-P12-L1/2021-12-19/859/specs935-v1-FA-P015098-U2OS-48h-P12-L1_E23_s3_w5C3E5DB84-EF65-42F9-982D-BD7884D22108.npy,topoisomerase inhibitor
P015098,E23,s4,CBK041585,/mnt/micro-images-pvc/specs935-v1/specs935-v1-FA-P015098-U2OS-48h-P12-L1/2021-12-19/859/specs935-v1-FA-P015098-U2OS-48h-P12-L1_E23_s4_w55D22B405-56B0-48FA-922A-03B61EC88187.npy,topoisomerase inhibitor
P015098,E23,s5,CBK041585,/mnt/micro-images-pvc/specs935-v1/specs935-v1-FA-P015098-U2OS-48h-P12-L1/2021-12-19/859/specs935-v1-FA-P015098-U2OS-48h-P12-L1_E23_s5_w5FB351B8A-2184-4C2F-9DE4-75705E978DE8.npy,topoisomerase inhibitor
P015098,E23,s6,CBK041585,/mnt/micro-images-pvc/specs935-v1/specs935-v1-FA-P015098-U2OS-48h-P12-L1/2021-12-19/859/specs935-v1-FA-P015098-U2OS-48h-P12-L1_E23_s6_w5313B8E0D-E3CC-451F-9D14-54F9E71BFB19.npy,topoisomerase inhibitor
P015098,E23,s7,CBK041585,/mnt/micro-images-pvc/specs935-v1/specs935-v1-FA-P015098-U2OS-48h-P12-L1/2021-12-19/859/specs935-v1-FA-P015098-U2OS-48h-P12-L1_E23_s7_w51783B360-FCAE-4C48-A3C5-01D148C06A4C.npy,topoisomerase inhibitor
P015098,E23,s8,CBK041585,/mnt/micro-images-pvc/specs935-v1/specs935-v1-FA-P015098-U2OS-48h-P12-L1/2021-12-19/859/specs935-v1-FA-P015098-U2OS-48h-P12-L1_E23_s8_w57B9E6A52-9E41-4D29-B9DA-CEEB4D4426E3.npy,topoisomerase inhibitor
P015098,E23,s9,CBK041585,/mnt/micro-images-pvc/specs935-v1/specs935-v1-FA-P015098-U2OS-48h-P12-L1/2021-12-19/859/specs935-v1-FA-P015098-U2OS-48h-P12-L1_E23_s9_w55E55D18D-4995-4B82-953C-5B3626F8098A.npy,topoisomerase inhibitor
P015098,F02,s1,CBK309437,/mnt/micro-images-pvc/specs935-v1/specs935-v1-FA-P015098-U2OS-48h-P12-L1/2021-12-19/859/specs935-v1-FA-P015098-U2OS-48h-P12-L1_F02_s1_w5F50DF582-9E2E-4DAF-A88E-2E94FBBD95DC.npy,tubulin polymerization inhibitor
P015098,F02,s2,CBK309437,/mnt/micro-images-pvc/specs935-v1/specs935-v1-FA-P015098-U2OS-48h-P12-L1/2021-12-19/859/specs935-v1-FA-P015098-U2OS-48h-P12-L1_F02_s2_w51E14940E-1846-43DB-BA02-83527B22DBB8.npy,tubulin polymerization inhibitor
P015098,F02,s3,CBK309437,/mnt/micro-images-pvc/specs935-v1/specs935-v1-FA-P015098-U2OS-48h-P12-L1/2021-12-19/859/specs935-v1-FA-P015098-U2OS-48h-P12-L1_F02_s3_w55EF2884E-0992-4298-9DDC-9B8D6B8CCF71.npy,tubulin polymerization inhibitor
P015098,F02,s4,CBK309437,/mnt/micro-images-pvc/specs935-v1/specs935-v1-FA-P015098-U2OS-48h-P12-L1/2021-12-19/859/specs935-v1-FA-P015098-U2OS-48h-P12-L1_F02_s4_w5869CCB99-0240-40FA-AC9F-DBE98DA0ECE1.npy,tubulin polymerization inhibitor
P015098,F02,s5,CBK309437,/mnt/micro-images-pvc/specs935-v1/specs935-v1-FA-P015098-U2OS-48h-P12-L1/2021-12-19/859/specs935-v1-FA-P015098-U2OS-48h-P12-L1_F02_s5_w5F32935D3-6473-4A8B-B7CA-DE3BE0FAB976.npy,tubulin polymerization inhibitor
P015098,F02,s6,CBK309437,/mnt/micro-images-pvc/specs935-v1/specs935-v1-FA-P015098-U2OS-48h-P12-L1/2021-12-19/859/specs935-v1-FA-P015098-U2OS-48h-P12-L1_F02_s6_w5156900AA-E655-4AD2-A827-0236153D8F82.npy,tubulin polymerization inhibitor
P015098,F02,s7,CBK309437,/mnt/micro-images-pvc/specs935-v1/specs935-v1-FA-P015098-U2OS-48h-P12-L1/2021-12-19/859/specs935-v1-FA-P015098-U2OS-48h-P12-L1_F02_s7_w5AB94FF0B-16BA-489A-B93C-3E92EC22D872.npy,tubulin polymerization inhibitor
P015098,F02,s8,CBK309437,/mnt/micro-images-pvc/specs935-v1/specs935-v1-FA-P015098-U2OS-48h-P12-L1/2021-12-19/859/specs935-v1-FA-P015098-U2OS-48h-P12-L1_F02_s8_w5688147EE-4A22-45E0-8858-1D474D434EA9.npy,tubulin polymerization inhibitor
P015098,F02,s9,CBK309437,/mnt/micro-images-pvc/specs935-v1/specs935-v1-FA-P015098-U2OS-48h-P12-L1/2021-12-19/859/specs935-v1-FA-P015098-U2OS-48h-P12-L1_F02_s9_w5E2B13040-0E0F-4FA6-8B41-4A090F95BE1E.npy,tubulin polymerization inhibitor
P015098,F03,s1,CBK016139,/mnt/micro-images-pvc/specs935-v1/specs935-v1-FA-P015098-U2OS-48h-P12-L1/2021-12-19/859/specs935-v1-FA-P015098-U2OS-48h-P12-L1_F03_s1_w58BC6306C-8900-414C-A30D-8823B0EDCD26.npy,tubulin polymerization inhibitor
P015098,F03,s2,CBK016139,/mnt/micro-images-pvc/specs935-v1/specs935-v1-FA-P015098-U2OS-48h-P12-L1/2021-12-19/859/specs935-v1-FA-P015098-U2OS-48h-P12-L1_F03_s2_w5EC328DEE-1FFD-4BA3-93D1-84026CD12680.npy,tubulin polymerization inhibitor
P015098,F03,s3,CBK016139,/mnt/micro-images-pvc/specs935-v1/specs935-v1-FA-P015098-U2OS-48h-P12-L1/2021-12-19/859/specs935-v1-FA-P015098-U2OS-48h-P12-L1_F03_s3_w5202AC9F9-E07F-4B22-AC0B-61236B9391EA.npy,tubulin polymerization inhibitor
P015098,F03,s4,CBK016139,/mnt/micro-images-pvc/specs935-v1/specs935-v1-FA-P015098-U2OS-48h-P12-L1/2021-12-19/859/specs935-v1-FA-P015098-U2OS-48h-P12-L1_F03_s4_w5E8E46701-5504-400C-B119-D84E92058925.npy,tubulin polymerization inhibitor
P015098,F03,s5,CBK016139,/mnt/micro-images-pvc/specs935-v1/specs935-v1-FA-P015098-U2OS-48h-P12-L1/2021-12-19/859/specs935-v1-FA-P015098-U2OS-48h-P12-L1_F03_s5_w567501AA2-453C-4B3C-A9BC-644C8961328C.npy,tubulin polymerization inhibitor
P015098,F03,s6,CBK016139,/mnt/micro-images-pvc/specs935-v1/specs935-v1-FA-P015098-U2OS-48h-P12-L1/2021-12-19/859/specs935-v1-FA-P015098-U2OS-48h-P12-L1_F03_s6_w5B0136F48-54E3-4AE4-85B7-E5566B82AD8B.npy,tubulin polymerization inhibitor
P015098,F03,s7,CBK016139,/mnt/micro-images-pvc/specs935-v1/specs935-v1-FA-P015098-U2OS-48h-P12-L1/2021-12-19/859/specs935-v1-FA-P015098-U2OS-48h-P12-L1_F03_s7_w53ED17223-CE86-4517-B413-77E18ADE49DD.npy,tubulin polymerization inhibitor
P015098,F03,s8,CBK016139,/mnt/micro-images-pvc/specs935-v1/specs935-v1-FA-P015098-U2OS-48h-P12-L1/2021-12-19/859/specs935-v1-FA-P015098-U2OS-48h-P12-L1_F03_s8_w507A0392F-4AAA-4852-83F4-92F24D8FF3AF.npy,tubulin polymerization inhibitor
P015098,F03,s9,CBK016139,/mnt/micro-images-pvc/specs935-v1/specs935-v1-FA-P015098-U2OS-48h-P12-L1/2021-12-19/859/specs935-v1-FA-P015098-U2OS-48h-P12-L1_F03_s9_w56FBA0661-DC15-4B11-B4CF-60B918CD81F8.npy,tubulin polymerization inhibitor
P015098,F07,s1,CBK308090,/mnt/micro-images-pvc/specs935-v1/specs935-v1-FA-P015098-U2OS-48h-P12-L1/2021-12-19/859/specs935-v1-FA-P015098-U2OS-48h-P12-L1_F07_s1_w5E67EBAD5-CC96-471C-8C37-487872D1044B.npy,retinoid receptor agonist
P015098,F07,s2,CBK308090,/mnt/micro-images-pvc/specs935-v1/specs935-v1-FA-P015098-U2OS-48h-P12-L1/2021-12-19/859/specs935-v1-FA-P015098-U2OS-48h-P12-L1_F07_s2_w5F35C97B7-A6F9-4A91-920A-F41EDF9B8D58.npy,retinoid receptor agonist
P015098,F07,s3,CBK308090,/mnt/micro-images-pvc/specs935-v1/specs935-v1-FA-P015098-U2OS-48h-P12-L1/2021-12-19/859/specs935-v1-FA-P015098-U2OS-48h-P12-L1_F07_s3_w5AAE2AA4B-868E-43CA-B2C4-A191EB224F69.npy,retinoid receptor agonist
P015098,F07,s4,CBK308090,/mnt/micro-images-pvc/specs935-v1/specs935-v1-FA-P015098-U2OS-48h-P12-L1/2021-12-19/859/specs935-v1-FA-P015098-U2OS-48h-P12-L1_F07_s4_w51172FD06-FF94-46C9-9601-33C6F6A7ADB1.npy,retinoid receptor agonist
P015098,F07,s5,CBK308090,/mnt/micro-images-pvc/specs935-v1/specs935-v1-FA-P015098-U2OS-48h-P12-L1/2021-12-19/859/specs935-v1-FA-P015098-U2OS-48h-P12-L1_F07_s5_w558C37A6F-EDAC-4400-9CC5-F20BD2EE72AF.npy,retinoid receptor agonist
P015098,F07,s6,CBK308090,/mnt/micro-images-pvc/specs935-v1/specs935-v1-FA-P015098-U2OS-48h-P12-L1/2021-12-19/859/specs935-v1-FA-P015098-U2OS-48h-P12-L1_F07_s6_w5B356F140-AE86-4325-A7CC-DE7ABBBDEA0F.npy,retinoid receptor agonist
P015098,F07,s7,CBK308090,/mnt/micro-images-pvc/specs935-v1/specs935-v1-FA-P015098-U2OS-48h-P12-L1/2021-12-19/859/specs935-v1-FA-P015098-U2OS-48h-P12-L1_F07_s7_w50BD617BF-CB14-4AD2-B450-4460B1103BED.npy,retinoid receptor agonist
P015098,F07,s8,CBK308090,/mnt/micro-images-pvc/specs935-v1/specs935-v1-FA-P015098-U2OS-48h-P12-L1/2021-12-19/859/specs935-v1-FA-P015098-U2OS-48h-P12-L1_F07_s8_w59E8C9D7E-4C0A-4EF4-8B1F-B920F7A4DB0D.npy,retinoid receptor agonist
P015098,F07,s9,CBK308090,/mnt/micro-images-pvc/specs935-v1/specs935-v1-FA-P015098-U2OS-48h-P12-L1/2021-12-19/859/specs935-v1-FA-P015098-U2OS-48h-P12-L1_F07_s9_w5EC02BCD8-F388-451D-B5EC-D737D6C12B46.npy,retinoid receptor agonist
P015098,F09,s1,CBK309655,/mnt/micro-images-pvc/specs935-v1/specs935-v1-FA-P015098-U2OS-48h-P12-L1/2021-12-19/859/specs935-v1-FA-P015098-U2OS-48h-P12-L1_F09_s1_w5ECE05752-B3BC-43DE-882D-6E294F4EC795.npy,topoisomerase inhibitor
P015098,F09,s2,CBK309655,/mnt/micro-images-pvc/specs935-v1/specs935-v1-FA-P015098-U2OS-48h-P12-L1/2021-12-19/859/specs935-v1-FA-P015098-U2OS-48h-P12-L1_F09_s2_w5892D4523-4F2A-42B3-ADCB-602F01B39231.npy,topoisomerase inhibitor
P015098,F09,s3,CBK309655,/mnt/micro-images-pvc/specs935-v1/specs935-v1-FA-P015098-U2OS-48h-P12-L1/2021-12-19/859/specs935-v1-FA-P015098-U2OS-48h-P12-L1_F09_s3_w5CB463766-2BDE-4256-B7F8-60FEDB40F823.npy,topoisomerase inhibitor
P015098,F09,s4,CBK309655,/mnt/micro-images-pvc/specs935-v1/specs935-v1-FA-P015098-U2OS-48h-P12-L1/2021-12-19/859/specs935-v1-FA-P015098-U2OS-48h-P12-L1_F09_s4_w514402EE5-FB60-4D7E-88B4-496B27DF17DE.npy,topoisomerase inhibitor
P015098,F09,s5,CBK309655,/mnt/micro-images-pvc/specs935-v1/specs935-v1-FA-P015098-U2OS-48h-P12-L1/2021-12-19/859/specs935-v1-FA-P015098-U2OS-48h-P12-L1_F09_s5_w534339553-2BEA-4978-9850-08FBECA7B9B2.npy,topoisomerase inhibitor
P015098,F09,s6,CBK309655,/mnt/micro-images-pvc/specs935-v1/specs935-v1-FA-P015098-U2OS-48h-P12-L1/2021-12-19/859/specs935-v1-FA-P015098-U2OS-48h-P12-L1_F09_s6_w59563BD1B-4B43-43E5-9D16-76A886A6942C.npy,topoisomerase inhibitor
P015098,F09,s7,CBK309655,/mnt/micro-images-pvc/specs935-v1/specs935-v1-FA-P015098-U2OS-48h-P12-L1/2021-12-19/859/specs935-v1-FA-P015098-U2OS-48h-P12-L1_F09_s7_w5D02EA495-BF47-413A-9ED7-0380A0E73DAD.npy,topoisomerase inhibitor
P015098,F09,s8,CBK309655,/mnt/micro-images-pvc/specs935-v1/specs935-v1-FA-P015098-U2OS-48h-P12-L1/2021-12-19/859/specs935-v1-FA-P015098-U2OS-48h-P12-L1_F09_s8_w5A3FA0570-9E86-4681-8964-AB1E9C409048.npy,topoisomerase inhibitor
P015098,F09,s9,CBK309655,/mnt/micro-images-pvc/specs935-v1/specs935-v1-FA-P015098-U2OS-48h-P12-L1/2021-12-19/859/specs935-v1-FA-P015098-U2OS-48h-P12-L1_F09_s9_w51C5B9CD7-0EF6-418A-B32F-F3BE1B3BAD1B.npy,topoisomerase inhibitor
P015098,F10,s1,CBK309084,/mnt/micro-images-pvc/specs935-v1/specs935-v1-FA-P015098-U2OS-48h-P12-L1/2021-12-19/859/specs935-v1-FA-P015098-U2OS-48h-P12-L1_F10_s1_w5A4976619-68A0-4DD3-B60F-3338471DE1C2.npy,topoisomerase inhibitor
P015098,F10,s2,CBK309084,/mnt/micro-images-pvc/specs935-v1/specs935-v1-FA-P015098-U2OS-48h-P12-L1/2021-12-19/859/specs935-v1-FA-P015098-U2OS-48h-P12-L1_F10_s2_w54E9CA926-22B9-467D-ADB9-4FC0340E9D1D.npy,topoisomerase inhibitor
P015098,F10,s3,CBK309084,/mnt/micro-images-pvc/specs935-v1/specs935-v1-FA-P015098-U2OS-48h-P12-L1/2021-12-19/859/specs935-v1-FA-P015098-U2OS-48h-P12-L1_F10_s3_w5699FB949-1875-4D27-A60D-7B7DE48E944B.npy,topoisomerase inhibitor
P015098,F10,s4,CBK309084,/mnt/micro-images-pvc/specs935-v1/specs935-v1-FA-P015098-U2OS-48h-P12-L1/2021-12-19/859/specs935-v1-FA-P015098-U2OS-48h-P12-L1_F10_s4_w55EE3EC54-0E1B-4CB9-A699-138461BD0D28.npy,topoisomerase inhibitor
P015098,F10,s5,CBK309084,/mnt/micro-images-pvc/specs935-v1/specs935-v1-FA-P015098-U2OS-48h-P12-L1/2021-12-19/859/specs935-v1-FA-P015098-U2OS-48h-P12-L1_F10_s5_w5BC1EE959-F4BD-4450-8A0A-570BE7DB49AB.npy,topoisomerase inhibitor
P015098,F10,s6,CBK309084,/mnt/micro-images-pvc/specs935-v1/specs935-v1-FA-P015098-U2OS-48h-P12-L1/2021-12-19/859/specs935-v1-FA-P015098-U2OS-48h-P12-L1_F10_s6_w5A7759C14-BF31-4AB7-BF4D-FCE5C761A990.npy,topoisomerase inhibitor
P015098,F10,s7,CBK309084,/mnt/micro-images-pvc/specs935-v1/specs935-v1-FA-P015098-U2OS-48h-P12-L1/2021-12-19/859/specs935-v1-FA-P015098-U2OS-48h-P12-L1_F10_s7_w53DC266C6-EBA9-4C71-BF7A-DE643BD2908E.npy,topoisomerase inhibitor
P015098,F10,s8,CBK309084,/mnt/micro-images-pvc/specs935-v1/specs935-v1-FA-P015098-U2OS-48h-P12-L1/2021-12-19/859/specs935-v1-FA-P015098-U2OS-48h-P12-L1_F10_s8_w5B0A38DEA-9640-439F-B82C-E1A2F39C0EB5.npy,topoisomerase inhibitor
P015098,F10,s9,CBK309084,/mnt/micro-images-pvc/specs935-v1/specs935-v1-FA-P015098-U2OS-48h-P12-L1/2021-12-19/859/specs935-v1-FA-P015098-U2OS-48h-P12-L1_F10_s9_w58DF16010-13A6-43DF-B93D-A2BC58F252F6.npy,topoisomerase inhibitor
P015098,F12,s1,CBK309466,/mnt/micro-images-pvc/specs935-v1/specs935-v1-FA-P015098-U2OS-48h-P12-L1/2021-12-19/859/specs935-v1-FA-P015098-U2OS-48h-P12-L1_F12_s1_w5F31C2E93-9357-4E92-A6BE-37E4045734EB.npy,retinoid receptor agonist
P015098,F12,s2,CBK309466,/mnt/micro-images-pvc/specs935-v1/specs935-v1-FA-P015098-U2OS-48h-P12-L1/2021-12-19/859/specs935-v1-FA-P015098-U2OS-48h-P12-L1_F12_s2_w523EAAFA9-41FF-49F4-A43B-3A1F1462AC21.npy,retinoid receptor agonist
P015098,F12,s3,CBK309466,/mnt/micro-images-pvc/specs935-v1/specs935-v1-FA-P015098-U2OS-48h-P12-L1/2021-12-19/859/specs935-v1-FA-P015098-U2OS-48h-P12-L1_F12_s3_w57F7F1AC2-CD67-4E57-BC1B-04B9AE8BF731.npy,retinoid receptor agonist
P015098,F12,s4,CBK309466,/mnt/micro-images-pvc/specs935-v1/specs935-v1-FA-P015098-U2OS-48h-P12-L1/2021-12-19/859/specs935-v1-FA-P015098-U2OS-48h-P12-L1_F12_s4_w56B6D5BBD-9B2C-4C98-BEE8-E1BA22A6F4DD.npy,retinoid receptor agonist
P015098,F12,s5,CBK309466,/mnt/micro-images-pvc/specs935-v1/specs935-v1-FA-P015098-U2OS-48h-P12-L1/2021-12-19/859/specs935-v1-FA-P015098-U2OS-48h-P12-L1_F12_s5_w54A4B8EA6-524A-4CC8-9659-4F48832B2B47.npy,retinoid receptor agonist
P015098,F12,s6,CBK309466,/mnt/micro-images-pvc/specs935-v1/specs935-v1-FA-P015098-U2OS-48h-P12-L1/2021-12-19/859/specs935-v1-FA-P015098-U2OS-48h-P12-L1_F12_s6_w510C0BDF2-FB7C-47BD-A13F-E35632B67210.npy,retinoid receptor agonist
P015098,F12,s7,CBK309466,/mnt/micro-images-pvc/specs935-v1/specs935-v1-FA-P015098-U2OS-48h-P12-L1/2021-12-19/859/specs935-v1-FA-P015098-U2OS-48h-P12-L1_F12_s7_w55E3A0519-889F-4967-920B-F3094563FF61.npy,retinoid receptor agonist
P015098,F12,s8,CBK309466,/mnt/micro-images-pvc/specs935-v1/specs935-v1-FA-P015098-U2OS-48h-P12-L1/2021-12-19/859/specs935-v1-FA-P015098-U2OS-48h-P12-L1_F12_s8_w539C1F25F-875C-4CA1-8059-448A006E468E.npy,retinoid receptor agonist
P015098,F12,s9,CBK309466,/mnt/micro-images-pvc/specs935-v1/specs935-v1-FA-P015098-U2OS-48h-P12-L1/2021-12-19/859/specs935-v1-FA-P015098-U2OS-48h-P12-L1_F12_s9_w56ED279ED-A850-4C3E-9BEA-CD50BCA75A20.npy,retinoid receptor agonist
P015098,F15,s1,CBK041184,/mnt/micro-images-pvc/specs935-v1/specs935-v1-FA-P015098-U2OS-48h-P12-L1/2021-12-19/859/specs935-v1-FA-P015098-U2OS-48h-P12-L1_F15_s1_w5D96D248F-D680-404F-AF42-E7BFC73FBD59.npy,tubulin polymerization inhibitor
P015098,F15,s2,CBK041184,/mnt/micro-images-pvc/specs935-v1/specs935-v1-FA-P015098-U2OS-48h-P12-L1/2021-12-19/859/specs935-v1-FA-P015098-U2OS-48h-P12-L1_F15_s2_w5ECE35C18-9580-48D4-98EC-9A354CB03613.npy,tubulin polymerization inhibitor
P015098,F15,s3,CBK041184,/mnt/micro-images-pvc/specs935-v1/specs935-v1-FA-P015098-U2OS-48h-P12-L1/2021-12-19/859/specs935-v1-FA-P015098-U2OS-48h-P12-L1_F15_s3_w5483D9D81-C823-4897-A1A7-1E3ED36B87CC.npy,tubulin polymerization inhibitor
P015098,F15,s4,CBK041184,/mnt/micro-images-pvc/specs935-v1/specs935-v1-FA-P015098-U2OS-48h-P12-L1/2021-12-19/859/specs935-v1-FA-P015098-U2OS-48h-P12-L1_F15_s4_w5397D3A20-952A-4981-9707-EE6D8B93C11F.npy,tubulin polymerization inhibitor
P015098,F15,s5,CBK041184,/mnt/micro-images-pvc/specs935-v1/specs935-v1-FA-P015098-U2OS-48h-P12-L1/2021-12-19/859/specs935-v1-FA-P015098-U2OS-48h-P12-L1_F15_s5_w5263D3C9C-BF62-45F8-A5A5-31A0351533C4.npy,tubulin polymerization inhibitor
P015098,F15,s6,CBK041184,/mnt/micro-images-pvc/specs935-v1/specs935-v1-FA-P015098-U2OS-48h-P12-L1/2021-12-19/859/specs935-v1-FA-P015098-U2OS-48h-P12-L1_F15_s6_w5303919DC-964E-45E3-96FB-BF8C645AB3EC.npy,tubulin polymerization inhibitor
P015098,F15,s7,CBK041184,/mnt/micro-images-pvc/specs935-v1/specs935-v1-FA-P015098-U2OS-48h-P12-L1/2021-12-19/859/specs935-v1-FA-P015098-U2OS-48h-P12-L1_F15_s7_w5377730BE-143E-4D4E-9BAA-E5C88ECE29A2.npy,tubulin polymerization inhibitor
P015098,F15,s8,CBK041184,/mnt/micro-images-pvc/specs935-v1/specs935-v1-FA-P015098-U2OS-48h-P12-L1/2021-12-19/859/specs935-v1-FA-P015098-U2OS-48h-P12-L1_F15_s8_w5176F2C85-C917-4B0D-810B-61E07E6F054E.npy,tubulin polymerization inhibitor
P015098,F15,s9,CBK041184,/mnt/micro-images-pvc/specs935-v1/specs935-v1-FA-P015098-U2OS-48h-P12-L1/2021-12-19/859/specs935-v1-FA-P015098-U2OS-48h-P12-L1_F15_s9_w58F6450D3-7F17-43D8-AE63-60C71F326F89.npy,tubulin polymerization inhibitor
P015098,F19,s1,CBK307816,/mnt/micro-images-pvc/specs935-v1/specs935-v1-FA-P015098-U2OS-48h-P12-L1/2021-12-19/859/specs935-v1-FA-P015098-U2OS-48h-P12-L1_F19_s1_w51E86213E-3710-4852-A5ED-DFA7F78FE1AA.npy,topoisomerase inhibitor
P015098,F19,s2,CBK307816,/mnt/micro-images-pvc/specs935-v1/specs935-v1-FA-P015098-U2OS-48h-P12-L1/2021-12-19/859/specs935-v1-FA-P015098-U2OS-48h-P12-L1_F19_s2_w536B343A2-6431-45CB-AF23-3234EE98CF6F.npy,topoisomerase inhibitor
P015098,F19,s3,CBK307816,/mnt/micro-images-pvc/specs935-v1/specs935-v1-FA-P015098-U2OS-48h-P12-L1/2021-12-19/859/specs935-v1-FA-P015098-U2OS-48h-P12-L1_F19_s3_w55FAB0206-9B97-4DC8-BBAC-784FD519FA48.npy,topoisomerase inhibitor
P015098,F19,s4,CBK307816,/mnt/micro-images-pvc/specs935-v1/specs935-v1-FA-P015098-U2OS-48h-P12-L1/2021-12-19/859/specs935-v1-FA-P015098-U2OS-48h-P12-L1_F19_s4_w59E96F8C4-7FA6-473B-9741-B42EE24A5D5B.npy,topoisomerase inhibitor
P015098,F19,s5,CBK307816,/mnt/micro-images-pvc/specs935-v1/specs935-v1-FA-P015098-U2OS-48h-P12-L1/2021-12-19/859/specs935-v1-FA-P015098-U2OS-48h-P12-L1_F19_s5_w57E992602-F00A-48BE-9C7D-1E79CA23F3B7.npy,topoisomerase inhibitor
P015098,F19,s6,CBK307816,/mnt/micro-images-pvc/specs935-v1/specs935-v1-FA-P015098-U2OS-48h-P12-L1/2021-12-19/859/specs935-v1-FA-P015098-U2OS-48h-P12-L1_F19_s6_w5A6771A90-7E7E-4A0F-8AE6-696DF90FF0AB.npy,topoisomerase inhibitor
P015098,F19,s7,CBK307816,/mnt/micro-images-pvc/specs935-v1/specs935-v1-FA-P015098-U2OS-48h-P12-L1/2021-12-19/859/specs935-v1-FA-P015098-U2OS-48h-P12-L1_F19_s7_w572E1EF59-E3D9-488F-85CD-C867E3903309.npy,topoisomerase inhibitor
P015098,F19,s8,CBK307816,/mnt/micro-images-pvc/specs935-v1/specs935-v1-FA-P015098-U2OS-48h-P12-L1/2021-12-19/859/specs935-v1-FA-P015098-U2OS-48h-P12-L1_F19_s8_w5182591F1-782D-4198-B5F9-420E8282732B.npy,topoisomerase inhibitor
P015098,F19,s9,CBK307816,/mnt/micro-images-pvc/specs935-v1/specs935-v1-FA-P015098-U2OS-48h-P12-L1/2021-12-19/859/specs935-v1-FA-P015098-U2OS-48h-P12-L1_F19_s9_w52C73B7EE-B400-4341-8AE5-0584A342B267.npy,topoisomerase inhibitor
P015098,F20,s1,CBK309601,/mnt/micro-images-pvc/specs935-v1/specs935-v1-FA-P015098-U2OS-48h-P12-L1/2021-12-19/859/specs935-v1-FA-P015098-U2OS-48h-P12-L1_F20_s1_w5B98FFD6E-DE56-42F8-830F-532172B5D278.npy,protein synthesis inhibitor
P015098,F20,s2,CBK309601,/mnt/micro-images-pvc/specs935-v1/specs935-v1-FA-P015098-U2OS-48h-P12-L1/2021-12-19/859/specs935-v1-FA-P015098-U2OS-48h-P12-L1_F20_s2_w58E0396F3-D470-431D-963C-BA0E1042696D.npy,protein synthesis inhibitor
P015098,F20,s3,CBK309601,/mnt/micro-images-pvc/specs935-v1/specs935-v1-FA-P015098-U2OS-48h-P12-L1/2021-12-19/859/specs935-v1-FA-P015098-U2OS-48h-P12-L1_F20_s3_w5452F8922-DF91-4293-A7E3-ED22A375CA28.npy,protein synthesis inhibitor
P015098,F20,s4,CBK309601,/mnt/micro-images-pvc/specs935-v1/specs935-v1-FA-P015098-U2OS-48h-P12-L1/2021-12-19/859/specs935-v1-FA-P015098-U2OS-48h-P12-L1_F20_s4_w57F6A0EA9-BE7B-46E1-8312-3A5651CF97CF.npy,protein synthesis inhibitor
P015098,F20,s5,CBK309601,/mnt/micro-images-pvc/specs935-v1/specs935-v1-FA-P015098-U2OS-48h-P12-L1/2021-12-19/859/specs935-v1-FA-P015098-U2OS-48h-P12-L1_F20_s5_w5C509DEB7-F195-493E-A856-D477107D1B48.npy,protein synthesis inhibitor
P015098,F20,s6,CBK309601,/mnt/micro-images-pvc/specs935-v1/specs935-v1-FA-P015098-U2OS-48h-P12-L1/2021-12-19/859/specs935-v1-FA-P015098-U2OS-48h-P12-L1_F20_s6_w5F8ECA4AF-8E9B-4A52-8B3E-F447250F5ECF.npy,protein synthesis inhibitor
P015098,F20,s7,CBK309601,/mnt/micro-images-pvc/specs935-v1/specs935-v1-FA-P015098-U2OS-48h-P12-L1/2021-12-19/859/specs935-v1-FA-P015098-U2OS-48h-P12-L1_F20_s7_w54601B8F8-0D49-4B6D-A678-FE077404F76D.npy,protein synthesis inhibitor
P015098,F20,s8,CBK309601,/mnt/micro-images-pvc/specs935-v1/specs935-v1-FA-P015098-U2OS-48h-P12-L1/2021-12-19/859/specs935-v1-FA-P015098-U2OS-48h-P12-L1_F20_s8_w52E4673BB-B120-4690-A2BF-344934FDC722.npy,protein synthesis inhibitor
P015098,F20,s9,CBK309601,/mnt/micro-images-pvc/specs935-v1/specs935-v1-FA-P015098-U2OS-48h-P12-L1/2021-12-19/859/specs935-v1-FA-P015098-U2OS-48h-P12-L1_F20_s9_w5F46E1C2A-2E13-4AF3-BBDB-556A4C8B373E.npy,protein synthesis inhibitor
P015098,F21,s1,CBK308484,/mnt/micro-images-pvc/specs935-v1/specs935-v1-FA-P015098-U2OS-48h-P12-L1/2021-12-19/859/specs935-v1-FA-P015098-U2OS-48h-P12-L1_F21_s1_w5C6037E8B-B70F-4393-B5D2-9A90D4B54B3C.npy,topoisomerase inhibitor
P015098,F21,s2,CBK308484,/mnt/micro-images-pvc/specs935-v1/specs935-v1-FA-P015098-U2OS-48h-P12-L1/2021-12-19/859/specs935-v1-FA-P015098-U2OS-48h-P12-L1_F21_s2_w5B79283BD-B0BD-4366-B01A-438E432357F8.npy,topoisomerase inhibitor
P015098,F21,s3,CBK308484,/mnt/micro-images-pvc/specs935-v1/specs935-v1-FA-P015098-U2OS-48h-P12-L1/2021-12-19/859/specs935-v1-FA-P015098-U2OS-48h-P12-L1_F21_s3_w5DE79DF58-EBAC-460D-87FA-300AB5E04819.npy,topoisomerase inhibitor
P015098,F21,s4,CBK308484,/mnt/micro-images-pvc/specs935-v1/specs935-v1-FA-P015098-U2OS-48h-P12-L1/2021-12-19/859/specs935-v1-FA-P015098-U2OS-48h-P12-L1_F21_s4_w58CFF3D4B-8445-4A95-9218-18FC910FA4A3.npy,topoisomerase inhibitor
P015098,F21,s5,CBK308484,/mnt/micro-images-pvc/specs935-v1/specs935-v1-FA-P015098-U2OS-48h-P12-L1/2021-12-19/859/specs935-v1-FA-P015098-U2OS-48h-P12-L1_F21_s5_w570F572AE-B610-4F7B-A11D-0A7176FDCF08.npy,topoisomerase inhibitor
P015098,F21,s6,CBK308484,/mnt/micro-images-pvc/specs935-v1/specs935-v1-FA-P015098-U2OS-48h-P12-L1/2021-12-19/859/specs935-v1-FA-P015098-U2OS-48h-P12-L1_F21_s6_w501299E50-58B7-42A5-82F6-D22890C92463.npy,topoisomerase inhibitor
P015098,F21,s7,CBK308484,/mnt/micro-images-pvc/specs935-v1/specs935-v1-FA-P015098-U2OS-48h-P12-L1/2021-12-19/859/specs935-v1-FA-P015098-U2OS-48h-P12-L1_F21_s7_w591415037-34EC-4C80-A237-4EDACB248FA3.npy,topoisomerase inhibitor
P015098,F21,s8,CBK308484,/mnt/micro-images-pvc/specs935-v1/specs935-v1-FA-P015098-U2OS-48h-P12-L1/2021-12-19/859/specs935-v1-FA-P015098-U2OS-48h-P12-L1_F21_s8_w59F36AA61-6149-4C6E-B12A-8EA813F9BFF4.npy,topoisomerase inhibitor
P015098,F21,s9,CBK308484,/mnt/micro-images-pvc/specs935-v1/specs935-v1-FA-P015098-U2OS-48h-P12-L1/2021-12-19/859/specs935-v1-FA-P015098-U2OS-48h-P12-L1_F21_s9_w5AE0FC054-F1B3-48FF-9E04-8FF4DA2AC37B.npy,topoisomerase inhibitor
P015098,F22,s1,CBK200593,/mnt/micro-images-pvc/specs935-v1/specs935-v1-FA-P015098-U2OS-48h-P12-L1/2021-12-19/859/specs935-v1-FA-P015098-U2OS-48h-P12-L1_F22_s1_w5ACB79893-7398-449D-BBD9-502DBBA922B2.npy,topoisomerase inhibitor
P015098,F22,s2,CBK200593,/mnt/micro-images-pvc/specs935-v1/specs935-v1-FA-P015098-U2OS-48h-P12-L1/2021-12-19/859/specs935-v1-FA-P015098-U2OS-48h-P12-L1_F22_s2_w5A208C1E8-2C6E-45F4-A2DB-5DA53998A1BF.npy,topoisomerase inhibitor
P015098,F22,s3,CBK200593,/mnt/micro-images-pvc/specs935-v1/specs935-v1-FA-P015098-U2OS-48h-P12-L1/2021-12-19/859/specs935-v1-FA-P015098-U2OS-48h-P12-L1_F22_s3_w55FC4EB0B-EB86-4DC4-8F95-BC5521CF6375.npy,topoisomerase inhibitor
P015098,F22,s4,CBK200593,/mnt/micro-images-pvc/specs935-v1/specs935-v1-FA-P015098-U2OS-48h-P12-L1/2021-12-19/859/specs935-v1-FA-P015098-U2OS-48h-P12-L1_F22_s4_w55A170DC6-13B4-4C35-B01B-85521DD8E0AF.npy,topoisomerase inhibitor
P015098,F22,s5,CBK200593,/mnt/micro-images-pvc/specs935-v1/specs935-v1-FA-P015098-U2OS-48h-P12-L1/2021-12-19/859/specs935-v1-FA-P015098-U2OS-48h-P12-L1_F22_s5_w5B84D815D-4A79-448D-B5C3-B29254361A96.npy,topoisomerase inhibitor
P015098,F22,s6,CBK200593,/mnt/micro-images-pvc/specs935-v1/specs935-v1-FA-P015098-U2OS-48h-P12-L1/2021-12-19/859/specs935-v1-FA-P015098-U2OS-48h-P12-L1_F22_s6_w54CDA0FED-D68C-4111-BE95-A4C8B97AB093.npy,topoisomerase inhibitor
P015098,F22,s7,CBK200593,/mnt/micro-images-pvc/specs935-v1/specs935-v1-FA-P015098-U2OS-48h-P12-L1/2021-12-19/859/specs935-v1-FA-P015098-U2OS-48h-P12-L1_F22_s7_w5813CEE0F-05D7-46DE-84CF-274D296C35CB.npy,topoisomerase inhibitor
P015098,F22,s8,CBK200593,/mnt/micro-images-pvc/specs935-v1/specs935-v1-FA-P015098-U2OS-48h-P12-L1/2021-12-19/859/specs935-v1-FA-P015098-U2OS-48h-P12-L1_F22_s8_w5C9195913-B716-4024-B950-7B8F580435AB.npy,topoisomerase inhibitor
P015098,F22,s9,CBK200593,/mnt/micro-images-pvc/specs935-v1/specs935-v1-FA-P015098-U2OS-48h-P12-L1/2021-12-19/859/specs935-v1-FA-P015098-U2OS-48h-P12-L1_F22_s9_w502D2A6F3-8D25-444E-88B3-CFEB61508512.npy,topoisomerase inhibitor
P015098,F23,s1,CBK309639,/mnt/micro-images-pvc/specs935-v1/specs935-v1-FA-P015098-U2OS-48h-P12-L1/2021-12-19/859/specs935-v1-FA-P015098-U2OS-48h-P12-L1_F23_s1_w58350552C-1AFE-4856-B778-3190BB80C66D.npy,topoisomerase inhibitor
P015098,F23,s2,CBK309639,/mnt/micro-images-pvc/specs935-v1/specs935-v1-FA-P015098-U2OS-48h-P12-L1/2021-12-19/859/specs935-v1-FA-P015098-U2OS-48h-P12-L1_F23_s2_w596B29A4F-B414-4510-9645-88CA371DA765.npy,topoisomerase inhibitor
P015098,F23,s3,CBK309639,/mnt/micro-images-pvc/specs935-v1/specs935-v1-FA-P015098-U2OS-48h-P12-L1/2021-12-19/859/specs935-v1-FA-P015098-U2OS-48h-P12-L1_F23_s3_w504F68B11-0E2E-4392-B9D3-C24382CAF074.npy,topoisomerase inhibitor
P015098,F23,s4,CBK309639,/mnt/micro-images-pvc/specs935-v1/specs935-v1-FA-P015098-U2OS-48h-P12-L1/2021-12-19/859/specs935-v1-FA-P015098-U2OS-48h-P12-L1_F23_s4_w5D9064EB1-0749-45E6-BA2F-D7E777EB9B96.npy,topoisomerase inhibitor
P015098,F23,s5,CBK309639,/mnt/micro-images-pvc/specs935-v1/specs935-v1-FA-P015098-U2OS-48h-P12-L1/2021-12-19/859/specs935-v1-FA-P015098-U2OS-48h-P12-L1_F23_s5_w5927F404E-B5C7-419F-8456-3D5E6609423C.npy,topoisomerase inhibitor
P015098,F23,s6,CBK309639,/mnt/micro-images-pvc/specs935-v1/specs935-v1-FA-P015098-U2OS-48h-P12-L1/2021-12-19/859/specs935-v1-FA-P015098-U2OS-48h-P12-L1_F23_s6_w55D9D1782-703C-44BD-9723-DB3B5588B36B.npy,topoisomerase inhibitor
P015098,F23,s7,CBK309639,/mnt/micro-images-pvc/specs935-v1/specs935-v1-FA-P015098-U2OS-48h-P12-L1/2021-12-19/859/specs935-v1-FA-P015098-U2OS-48h-P12-L1_F23_s7_w53C51EC97-2C08-4B89-8213-ADB28DB65953.npy,topoisomerase inhibitor
P015098,F23,s8,CBK309639,/mnt/micro-images-pvc/specs935-v1/specs935-v1-FA-P015098-U2OS-48h-P12-L1/2021-12-19/859/specs935-v1-FA-P015098-U2OS-48h-P12-L1_F23_s8_w5AA48DD9F-C1F6-49D2-97B3-8E8D9A58AFFD.npy,topoisomerase inhibitor
P015098,F23,s9,CBK309639,/mnt/micro-images-pvc/specs935-v1/specs935-v1-FA-P015098-U2OS-48h-P12-L1/2021-12-19/859/specs935-v1-FA-P015098-U2OS-48h-P12-L1_F23_s9_w55410459B-9077-4B70-A5C9-BC447983FABF.npy,topoisomerase inhibitor
P015098,G03,s1,CBK289760,/mnt/micro-images-pvc/specs935-v1/specs935-v1-FA-P015098-U2OS-48h-P12-L1/2021-12-19/859/specs935-v1-FA-P015098-U2OS-48h-P12-L1_G03_s1_w5A2F39693-0290-4C5D-B334-33DF59EFC419.npy,topoisomerase inhibitor
P015098,G03,s2,CBK289760,/mnt/micro-images-pvc/specs935-v1/specs935-v1-FA-P015098-U2OS-48h-P12-L1/2021-12-19/859/specs935-v1-FA-P015098-U2OS-48h-P12-L1_G03_s2_w54387ACA4-C691-4D6D-890B-6C7B1CBE0857.npy,topoisomerase inhibitor
P015098,G03,s3,CBK289760,/mnt/micro-images-pvc/specs935-v1/specs935-v1-FA-P015098-U2OS-48h-P12-L1/2021-12-19/859/specs935-v1-FA-P015098-U2OS-48h-P12-L1_G03_s3_w58D04DC7D-F456-4C9A-96FF-79A1EAC28987.npy,topoisomerase inhibitor
P015098,G03,s4,CBK289760,/mnt/micro-images-pvc/specs935-v1/specs935-v1-FA-P015098-U2OS-48h-P12-L1/2021-12-19/859/specs935-v1-FA-P015098-U2OS-48h-P12-L1_G03_s4_w5E244E6A9-9890-4C2B-B220-A62A692B6376.npy,topoisomerase inhibitor
P015098,G03,s5,CBK289760,/mnt/micro-images-pvc/specs935-v1/specs935-v1-FA-P015098-U2OS-48h-P12-L1/2021-12-19/859/specs935-v1-FA-P015098-U2OS-48h-P12-L1_G03_s5_w5E851E58A-C624-4A5E-8291-F04CCCC42118.npy,topoisomerase inhibitor
P015098,G03,s6,CBK289760,/mnt/micro-images-pvc/specs935-v1/specs935-v1-FA-P015098-U2OS-48h-P12-L1/2021-12-19/859/specs935-v1-FA-P015098-U2OS-48h-P12-L1_G03_s6_w5A8D0C746-68F0-4947-BD7D-BDDDF179C263.npy,topoisomerase inhibitor
P015098,G03,s7,CBK289760,/mnt/micro-images-pvc/specs935-v1/specs935-v1-FA-P015098-U2OS-48h-P12-L1/2021-12-19/859/specs935-v1-FA-P015098-U2OS-48h-P12-L1_G03_s7_w50E96ECE5-118B-4EB7-A304-5B4AB442FCBC.npy,topoisomerase inhibitor
P015098,G03,s8,CBK289760,/mnt/micro-images-pvc/specs935-v1/specs935-v1-FA-P015098-U2OS-48h-P12-L1/2021-12-19/859/specs935-v1-FA-P015098-U2OS-48h-P12-L1_G03_s8_w5B171985F-2276-44C0-9B00-2F4613B9D308.npy,topoisomerase inhibitor
P015098,G03,s9,CBK289760,/mnt/micro-images-pvc/specs935-v1/specs935-v1-FA-P015098-U2OS-48h-P12-L1/2021-12-19/859/specs935-v1-FA-P015098-U2OS-48h-P12-L1_G03_s9_w5BD1E24CD-F7D2-48CB-82FD-69C36BAB5AF6.npy,topoisomerase inhibitor
P015098,G04,s1,CBK041003,/mnt/micro-images-pvc/specs935-v1/specs935-v1-FA-P015098-U2OS-48h-P12-L1/2021-12-19/859/specs935-v1-FA-P015098-U2OS-48h-P12-L1_G04_s1_w585C62A9D-FCE1-4719-8735-29737F1FDF9C.npy,retinoid receptor agonist
P015098,G04,s2,CBK041003,/mnt/micro-images-pvc/specs935-v1/specs935-v1-FA-P015098-U2OS-48h-P12-L1/2021-12-19/859/specs935-v1-FA-P015098-U2OS-48h-P12-L1_G04_s2_w52D0BD371-2987-4ABB-9F73-C5AF5C75A14D.npy,retinoid receptor agonist
P015098,G04,s3,CBK041003,/mnt/micro-images-pvc/specs935-v1/specs935-v1-FA-P015098-U2OS-48h-P12-L1/2021-12-19/859/specs935-v1-FA-P015098-U2OS-48h-P12-L1_G04_s3_w5F7C19E7F-430B-4D19-8424-9FE764A00ABF.npy,retinoid receptor agonist
P015098,G04,s4,CBK041003,/mnt/micro-images-pvc/specs935-v1/specs935-v1-FA-P015098-U2OS-48h-P12-L1/2021-12-19/859/specs935-v1-FA-P015098-U2OS-48h-P12-L1_G04_s4_w53E877778-208B-42CD-835F-31AD3C9B742A.npy,retinoid receptor agonist
P015098,G04,s5,CBK041003,/mnt/micro-images-pvc/specs935-v1/specs935-v1-FA-P015098-U2OS-48h-P12-L1/2021-12-19/859/specs935-v1-FA-P015098-U2OS-48h-P12-L1_G04_s5_w5D23FC295-97A2-40C9-A5DC-2760447DBC71.npy,retinoid receptor agonist
P015098,G04,s6,CBK041003,/mnt/micro-images-pvc/specs935-v1/specs935-v1-FA-P015098-U2OS-48h-P12-L1/2021-12-19/859/specs935-v1-FA-P015098-U2OS-48h-P12-L1_G04_s6_w534CE0347-39B9-475D-BA8C-B15429470CA4.npy,retinoid receptor agonist
P015098,G04,s7,CBK041003,/mnt/micro-images-pvc/specs935-v1/specs935-v1-FA-P015098-U2OS-48h-P12-L1/2021-12-19/859/specs935-v1-FA-P015098-U2OS-48h-P12-L1_G04_s7_w561CA6A6D-5267-4F28-B77E-1542263AEEBE.npy,retinoid receptor agonist
P015098,G04,s8,CBK041003,/mnt/micro-images-pvc/specs935-v1/specs935-v1-FA-P015098-U2OS-48h-P12-L1/2021-12-19/859/specs935-v1-FA-P015098-U2OS-48h-P12-L1_G04_s8_w5177760C9-B91D-46D0-860D-C07C486A4661.npy,retinoid receptor agonist
P015098,G04,s9,CBK041003,/mnt/micro-images-pvc/specs935-v1/specs935-v1-FA-P015098-U2OS-48h-P12-L1/2021-12-19/859/specs935-v1-FA-P015098-U2OS-48h-P12-L1_G04_s9_w5EA88E421-2332-4BD7-9212-AA71C3E396BA.npy,retinoid receptor agonist
P015098,G05,s1,CBK308484,/mnt/micro-images-pvc/specs935-v1/specs935-v1-FA-P015098-U2OS-48h-P12-L1/2021-12-19/859/specs935-v1-FA-P015098-U2OS-48h-P12-L1_G05_s1_w56D411583-6A38-4670-BB37-5F23F7817FD8.npy,topoisomerase inhibitor
P015098,G05,s2,CBK308484,/mnt/micro-images-pvc/specs935-v1/specs935-v1-FA-P015098-U2OS-48h-P12-L1/2021-12-19/859/specs935-v1-FA-P015098-U2OS-48h-P12-L1_G05_s2_w522C56D44-81B1-4E5C-BC56-8729CA724CAE.npy,topoisomerase inhibitor
P015098,G05,s3,CBK308484,/mnt/micro-images-pvc/specs935-v1/specs935-v1-FA-P015098-U2OS-48h-P12-L1/2021-12-19/859/specs935-v1-FA-P015098-U2OS-48h-P12-L1_G05_s3_w58D800639-CD67-482A-BAAC-CB666F0061E1.npy,topoisomerase inhibitor
P015098,G05,s4,CBK308484,/mnt/micro-images-pvc/specs935-v1/specs935-v1-FA-P015098-U2OS-48h-P12-L1/2021-12-19/859/specs935-v1-FA-P015098-U2OS-48h-P12-L1_G05_s4_w525F4E891-A4C0-4379-8323-F5790E5B61BE.npy,topoisomerase inhibitor
P015098,G05,s5,CBK308484,/mnt/micro-images-pvc/specs935-v1/specs935-v1-FA-P015098-U2OS-48h-P12-L1/2021-12-19/859/specs935-v1-FA-P015098-U2OS-48h-P12-L1_G05_s5_w5ED8C3710-C57D-4692-85AD-10E183A2848C.npy,topoisomerase inhibitor
P015098,G05,s6,CBK308484,/mnt/micro-images-pvc/specs935-v1/specs935-v1-FA-P015098-U2OS-48h-P12-L1/2021-12-19/859/specs935-v1-FA-P015098-U2OS-48h-P12-L1_G05_s6_w5EC8FC643-8CB3-4E5B-B67A-E56AB96DBACA.npy,topoisomerase inhibitor
P015098,G05,s7,CBK308484,/mnt/micro-images-pvc/specs935-v1/specs935-v1-FA-P015098-U2OS-48h-P12-L1/2021-12-19/859/specs935-v1-FA-P015098-U2OS-48h-P12-L1_G05_s7_w5C2DA8B80-FEC6-4B3D-AAC4-A0D9E46C2836.npy,topoisomerase inhibitor
P015098,G05,s8,CBK308484,/mnt/micro-images-pvc/specs935-v1/specs935-v1-FA-P015098-U2OS-48h-P12-L1/2021-12-19/859/specs935-v1-FA-P015098-U2OS-48h-P12-L1_G05_s8_w547B650FA-5CC9-4434-9DE4-F90038F3B9DA.npy,topoisomerase inhibitor
P015098,G05,s9,CBK308484,/mnt/micro-images-pvc/specs935-v1/specs935-v1-FA-P015098-U2OS-48h-P12-L1/2021-12-19/859/specs935-v1-FA-P015098-U2OS-48h-P12-L1_G05_s9_w5F6DFD601-FE6B-47BF-A851-8E17C4E980EE.npy,topoisomerase inhibitor
P015098,G06,s1,CBK309538,/mnt/micro-images-pvc/specs935-v1/specs935-v1-FA-P015098-U2OS-48h-P12-L1/2021-12-19/859/specs935-v1-FA-P015098-U2OS-48h-P12-L1_G06_s1_w5691289A3-5AE9-4ADD-8C9D-7E3657B51BCD.npy,protein synthesis inhibitor
P015098,G06,s2,CBK309538,/mnt/micro-images-pvc/specs935-v1/specs935-v1-FA-P015098-U2OS-48h-P12-L1/2021-12-19/859/specs935-v1-FA-P015098-U2OS-48h-P12-L1_G06_s2_w53C02E9DC-B31B-4953-ACDE-00701B82A009.npy,protein synthesis inhibitor
P015098,G06,s3,CBK309538,/mnt/micro-images-pvc/specs935-v1/specs935-v1-FA-P015098-U2OS-48h-P12-L1/2021-12-19/859/specs935-v1-FA-P015098-U2OS-48h-P12-L1_G06_s3_w505B61F9C-9041-4B18-B334-13031B0BB32D.npy,protein synthesis inhibitor
P015098,G06,s4,CBK309538,/mnt/micro-images-pvc/specs935-v1/specs935-v1-FA-P015098-U2OS-48h-P12-L1/2021-12-19/859/specs935-v1-FA-P015098-U2OS-48h-P12-L1_G06_s4_w5EAED64FA-DDBD-4194-9838-E92A94DE9496.npy,protein synthesis inhibitor
P015098,G06,s5,CBK309538,/mnt/micro-images-pvc/specs935-v1/specs935-v1-FA-P015098-U2OS-48h-P12-L1/2021-12-19/859/specs935-v1-FA-P015098-U2OS-48h-P12-L1_G06_s5_w5DDCD4591-9B53-4980-A662-CA97B93FD595.npy,protein synthesis inhibitor
P015098,G06,s6,CBK309538,/mnt/micro-images-pvc/specs935-v1/specs935-v1-FA-P015098-U2OS-48h-P12-L1/2021-12-19/859/specs935-v1-FA-P015098-U2OS-48h-P12-L1_G06_s6_w51104A4CA-708D-42ED-BB06-B3496E560F71.npy,protein synthesis inhibitor
P015098,G06,s7,CBK309538,/mnt/micro-images-pvc/specs935-v1/specs935-v1-FA-P015098-U2OS-48h-P12-L1/2021-12-19/859/specs935-v1-FA-P015098-U2OS-48h-P12-L1_G06_s7_w56986C3A9-4481-4CA2-B5FF-85F546F6E1D2.npy,protein synthesis inhibitor
P015098,G06,s8,CBK309538,/mnt/micro-images-pvc/specs935-v1/specs935-v1-FA-P015098-U2OS-48h-P12-L1/2021-12-19/859/specs935-v1-FA-P015098-U2OS-48h-P12-L1_G06_s8_w587901508-8FB1-40EB-9355-4BE50B4ACA01.npy,protein synthesis inhibitor
P015098,G06,s9,CBK309538,/mnt/micro-images-pvc/specs935-v1/specs935-v1-FA-P015098-U2OS-48h-P12-L1/2021-12-19/859/specs935-v1-FA-P015098-U2OS-48h-P12-L1_G06_s9_w5918281D8-BE9D-412A-88E4-E9859245BB7C.npy,protein synthesis inhibitor
P015098,G10,s1,CBK041770,/mnt/micro-images-pvc/specs935-v1/specs935-v1-FA-P015098-U2OS-48h-P12-L1/2021-12-19/859/specs935-v1-FA-P015098-U2OS-48h-P12-L1_G10_s1_w5A980F45E-1F3E-4A0E-986B-5B2D7FC414A3.npy,topoisomerase inhibitor
P015098,G10,s2,CBK041770,/mnt/micro-images-pvc/specs935-v1/specs935-v1-FA-P015098-U2OS-48h-P12-L1/2021-12-19/859/specs935-v1-FA-P015098-U2OS-48h-P12-L1_G10_s2_w56867ED3D-8610-4261-9966-92FC5DB43786.npy,topoisomerase inhibitor
P015098,G10,s3,CBK041770,/mnt/micro-images-pvc/specs935-v1/specs935-v1-FA-P015098-U2OS-48h-P12-L1/2021-12-19/859/specs935-v1-FA-P015098-U2OS-48h-P12-L1_G10_s3_w563C52D0D-7C91-4D68-B690-61872A421CEF.npy,topoisomerase inhibitor
P015098,G10,s4,CBK041770,/mnt/micro-images-pvc/specs935-v1/specs935-v1-FA-P015098-U2OS-48h-P12-L1/2021-12-19/859/specs935-v1-FA-P015098-U2OS-48h-P12-L1_G10_s4_w5A43E5DBE-0252-4D11-9192-AB97A2E552CC.npy,topoisomerase inhibitor
P015098,G10,s5,CBK041770,/mnt/micro-images-pvc/specs935-v1/specs935-v1-FA-P015098-U2OS-48h-P12-L1/2021-12-19/859/specs935-v1-FA-P015098-U2OS-48h-P12-L1_G10_s5_w501A02B4E-C8C6-4F66-BB5C-80A2D45DCD72.npy,topoisomerase inhibitor
P015098,G10,s6,CBK041770,/mnt/micro-images-pvc/specs935-v1/specs935-v1-FA-P015098-U2OS-48h-P12-L1/2021-12-19/859/specs935-v1-FA-P015098-U2OS-48h-P12-L1_G10_s6_w52C232AFF-89F2-4762-9BC8-240A47F200BC.npy,topoisomerase inhibitor
P015098,G10,s7,CBK041770,/mnt/micro-images-pvc/specs935-v1/specs935-v1-FA-P015098-U2OS-48h-P12-L1/2021-12-19/859/specs935-v1-FA-P015098-U2OS-48h-P12-L1_G10_s7_w523924B1D-EFA2-48BB-B5D6-E95538B1190E.npy,topoisomerase inhibitor
P015098,G10,s8,CBK041770,/mnt/micro-images-pvc/specs935-v1/specs935-v1-FA-P015098-U2OS-48h-P12-L1/2021-12-19/859/specs935-v1-FA-P015098-U2OS-48h-P12-L1_G10_s8_w51CF38A4F-04D0-498C-B667-B75C93976427.npy,topoisomerase inhibitor
P015098,G10,s9,CBK041770,/mnt/micro-images-pvc/specs935-v1/specs935-v1-FA-P015098-U2OS-48h-P12-L1/2021-12-19/859/specs935-v1-FA-P015098-U2OS-48h-P12-L1_G10_s9_w52F3DC774-0C7E-49E6-86EE-79CD7F5D4DD2.npy,topoisomerase inhibitor
P015098,G12,s1,CBK290101,/mnt/micro-images-pvc/specs935-v1/specs935-v1-FA-P015098-U2OS-48h-P12-L1/2021-12-19/859/specs935-v1-FA-P015098-U2OS-48h-P12-L1_G12_s1_w5244B0881-935B-4809-B286-A9A153B76049.npy,retinoid receptor agonist
P015098,G12,s2,CBK290101,/mnt/micro-images-pvc/specs935-v1/specs935-v1-FA-P015098-U2OS-48h-P12-L1/2021-12-19/859/specs935-v1-FA-P015098-U2OS-48h-P12-L1_G12_s2_w504D2EA19-3B0F-4FD1-97E2-1DF5411EEB5D.npy,retinoid receptor agonist
P015098,G12,s3,CBK290101,/mnt/micro-images-pvc/specs935-v1/specs935-v1-FA-P015098-U2OS-48h-P12-L1/2021-12-19/859/specs935-v1-FA-P015098-U2OS-48h-P12-L1_G12_s3_w5B5F7AF66-030D-4E51-AA8C-D218107CA0E9.npy,retinoid receptor agonist
P015098,G12,s4,CBK290101,/mnt/micro-images-pvc/specs935-v1/specs935-v1-FA-P015098-U2OS-48h-P12-L1/2021-12-19/859/specs935-v1-FA-P015098-U2OS-48h-P12-L1_G12_s4_w59CFBEA16-608B-42D5-9752-916B92EE1E20.npy,retinoid receptor agonist
P015098,G12,s5,CBK290101,/mnt/micro-images-pvc/specs935-v1/specs935-v1-FA-P015098-U2OS-48h-P12-L1/2021-12-19/859/specs935-v1-FA-P015098-U2OS-48h-P12-L1_G12_s5_w52B9BCDD4-DE8B-467D-85F6-C60BF3BE6EC2.npy,retinoid receptor agonist
P015098,G12,s6,CBK290101,/mnt/micro-images-pvc/specs935-v1/specs935-v1-FA-P015098-U2OS-48h-P12-L1/2021-12-19/859/specs935-v1-FA-P015098-U2OS-48h-P12-L1_G12_s6_w53B0DF479-D7A3-49CF-B969-1B084E803DDE.npy,retinoid receptor agonist
P015098,G12,s7,CBK290101,/mnt/micro-images-pvc/specs935-v1/specs935-v1-FA-P015098-U2OS-48h-P12-L1/2021-12-19/859/specs935-v1-FA-P015098-U2OS-48h-P12-L1_G12_s7_w53651E66B-E091-4DCE-9E44-DAEB872490AA.npy,retinoid receptor agonist
P015098,G12,s8,CBK290101,/mnt/micro-images-pvc/specs935-v1/specs935-v1-FA-P015098-U2OS-48h-P12-L1/2021-12-19/859/specs935-v1-FA-P015098-U2OS-48h-P12-L1_G12_s8_w5CA81B34C-0C90-42BB-BCCF-5868FF1CF572.npy,retinoid receptor agonist
P015098,G12,s9,CBK290101,/mnt/micro-images-pvc/specs935-v1/specs935-v1-FA-P015098-U2OS-48h-P12-L1/2021-12-19/859/specs935-v1-FA-P015098-U2OS-48h-P12-L1_G12_s9_w51F952408-F0DF-43BB-BA32-DD277008B0F1.npy,retinoid receptor agonist
P015098,G13,s1,CBK277909,/mnt/micro-images-pvc/specs935-v1/specs935-v1-FA-P015098-U2OS-48h-P12-L1/2021-12-19/859/specs935-v1-FA-P015098-U2OS-48h-P12-L1_G13_s1_w571A5F0C6-15F8-4243-B173-5BC6AA393E9B.npy,topoisomerase inhibitor
P015098,G13,s2,CBK277909,/mnt/micro-images-pvc/specs935-v1/specs935-v1-FA-P015098-U2OS-48h-P12-L1/2021-12-19/859/specs935-v1-FA-P015098-U2OS-48h-P12-L1_G13_s2_w5C6EBFF6D-B3E1-4F44-B07C-B15C50E16B1F.npy,topoisomerase inhibitor
P015098,G13,s3,CBK277909,/mnt/micro-images-pvc/specs935-v1/specs935-v1-FA-P015098-U2OS-48h-P12-L1/2021-12-19/859/specs935-v1-FA-P015098-U2OS-48h-P12-L1_G13_s3_w5EEE889CE-D224-4BBC-B361-4971E2764226.npy,topoisomerase inhibitor
P015098,G13,s4,CBK277909,/mnt/micro-images-pvc/specs935-v1/specs935-v1-FA-P015098-U2OS-48h-P12-L1/2021-12-19/859/specs935-v1-FA-P015098-U2OS-48h-P12-L1_G13_s4_w5D21D9D46-5BDB-4EDE-B903-7134EAC336C2.npy,topoisomerase inhibitor
P015098,G13,s5,CBK277909,/mnt/micro-images-pvc/specs935-v1/specs935-v1-FA-P015098-U2OS-48h-P12-L1/2021-12-19/859/specs935-v1-FA-P015098-U2OS-48h-P12-L1_G13_s5_w5D8AB2FCC-9FDC-4583-9CEC-6C20B566B90C.npy,topoisomerase inhibitor
P015098,G13,s6,CBK277909,/mnt/micro-images-pvc/specs935-v1/specs935-v1-FA-P015098-U2OS-48h-P12-L1/2021-12-19/859/specs935-v1-FA-P015098-U2OS-48h-P12-L1_G13_s6_w504F29A94-D327-45E5-97F3-BF60A6000668.npy,topoisomerase inhibitor
P015098,G13,s7,CBK277909,/mnt/micro-images-pvc/specs935-v1/specs935-v1-FA-P015098-U2OS-48h-P12-L1/2021-12-19/859/specs935-v1-FA-P015098-U2OS-48h-P12-L1_G13_s7_w5A995D4E3-6C5D-4FB1-8051-2423882B4FAC.npy,topoisomerase inhibitor
P015098,G13,s8,CBK277909,/mnt/micro-images-pvc/specs935-v1/specs935-v1-FA-P015098-U2OS-48h-P12-L1/2021-12-19/859/specs935-v1-FA-P015098-U2OS-48h-P12-L1_G13_s8_w56489040E-AC39-471B-A3D7-B577748BD74F.npy,topoisomerase inhibitor
P015098,G13,s9,CBK277909,/mnt/micro-images-pvc/specs935-v1/specs935-v1-FA-P015098-U2OS-48h-P12-L1/2021-12-19/859/specs935-v1-FA-P015098-U2OS-48h-P12-L1_G13_s9_w52C114E2D-B91A-4336-A19A-50B32A231DF3.npy,topoisomerase inhibitor
P015098,G14,s1,CBK271643,/mnt/micro-images-pvc/specs935-v1/specs935-v1-FA-P015098-U2OS-48h-P12-L1/2021-12-19/859/specs935-v1-FA-P015098-U2OS-48h-P12-L1_G14_s1_w50A7CFA5F-80AF-4643-87B2-7E5A6F8610B1.npy,retinoid receptor agonist
P015098,G14,s2,CBK271643,/mnt/micro-images-pvc/specs935-v1/specs935-v1-FA-P015098-U2OS-48h-P12-L1/2021-12-19/859/specs935-v1-FA-P015098-U2OS-48h-P12-L1_G14_s2_w5B170ED21-E374-4B4F-8691-482F078177C6.npy,retinoid receptor agonist
P015098,G14,s3,CBK271643,/mnt/micro-images-pvc/specs935-v1/specs935-v1-FA-P015098-U2OS-48h-P12-L1/2021-12-19/859/specs935-v1-FA-P015098-U2OS-48h-P12-L1_G14_s3_w564A13403-BB3A-4FE5-A05B-1673EF24466F.npy,retinoid receptor agonist
P015098,G14,s4,CBK271643,/mnt/micro-images-pvc/specs935-v1/specs935-v1-FA-P015098-U2OS-48h-P12-L1/2021-12-19/859/specs935-v1-FA-P015098-U2OS-48h-P12-L1_G14_s4_w58A1ACFF6-74FC-41C0-8681-B95349653D98.npy,retinoid receptor agonist
P015098,G14,s5,CBK271643,/mnt/micro-images-pvc/specs935-v1/specs935-v1-FA-P015098-U2OS-48h-P12-L1/2021-12-19/859/specs935-v1-FA-P015098-U2OS-48h-P12-L1_G14_s5_w51737C023-59E9-4906-95AE-5D694D648AE4.npy,retinoid receptor agonist
P015098,G14,s6,CBK271643,/mnt/micro-images-pvc/specs935-v1/specs935-v1-FA-P015098-U2OS-48h-P12-L1/2021-12-19/859/specs935-v1-FA-P015098-U2OS-48h-P12-L1_G14_s6_w5920BE84D-2B73-4884-8120-F71FDA9BB08E.npy,retinoid receptor agonist
P015098,G14,s7,CBK271643,/mnt/micro-images-pvc/specs935-v1/specs935-v1-FA-P015098-U2OS-48h-P12-L1/2021-12-19/859/specs935-v1-FA-P015098-U2OS-48h-P12-L1_G14_s7_w5C7CB4557-4211-404C-85A5-94822EC3FAA0.npy,retinoid receptor agonist
P015098,G14,s8,CBK271643,/mnt/micro-images-pvc/specs935-v1/specs935-v1-FA-P015098-U2OS-48h-P12-L1/2021-12-19/859/specs935-v1-FA-P015098-U2OS-48h-P12-L1_G14_s8_w5E83F1CF6-7627-4514-8885-63812003E36F.npy,retinoid receptor agonist
P015098,G14,s9,CBK271643,/mnt/micro-images-pvc/specs935-v1/specs935-v1-FA-P015098-U2OS-48h-P12-L1/2021-12-19/859/specs935-v1-FA-P015098-U2OS-48h-P12-L1_G14_s9_w5DC38A33B-F98D-41A7-A688-75764D3C3942.npy,retinoid receptor agonist
P015098,G16,s1,CBK200593,/mnt/micro-images-pvc/specs935-v1/specs935-v1-FA-P015098-U2OS-48h-P12-L1/2021-12-19/859/specs935-v1-FA-P015098-U2OS-48h-P12-L1_G16_s1_w5937ACB8A-1793-433D-B404-406A4D43CEE2.npy,topoisomerase inhibitor
P015098,G16,s2,CBK200593,/mnt/micro-images-pvc/specs935-v1/specs935-v1-FA-P015098-U2OS-48h-P12-L1/2021-12-19/859/specs935-v1-FA-P015098-U2OS-48h-P12-L1_G16_s2_w5CA2875DC-788F-4942-9F73-C7243372FFEC.npy,topoisomerase inhibitor
P015098,G16,s3,CBK200593,/mnt/micro-images-pvc/specs935-v1/specs935-v1-FA-P015098-U2OS-48h-P12-L1/2021-12-19/859/specs935-v1-FA-P015098-U2OS-48h-P12-L1_G16_s3_w51467340E-5C24-4159-A822-973DE32F7483.npy,topoisomerase inhibitor
P015098,G16,s4,CBK200593,/mnt/micro-images-pvc/specs935-v1/specs935-v1-FA-P015098-U2OS-48h-P12-L1/2021-12-19/859/specs935-v1-FA-P015098-U2OS-48h-P12-L1_G16_s4_w5B58F6CA1-6BAD-4640-9EC6-FD8000CC174B.npy,topoisomerase inhibitor
P015098,G16,s5,CBK200593,/mnt/micro-images-pvc/specs935-v1/specs935-v1-FA-P015098-U2OS-48h-P12-L1/2021-12-19/859/specs935-v1-FA-P015098-U2OS-48h-P12-L1_G16_s5_w5D68AD475-D5A7-4641-8596-CB7801EFC7EC.npy,topoisomerase inhibitor
P015098,G16,s6,CBK200593,/mnt/micro-images-pvc/specs935-v1/specs935-v1-FA-P015098-U2OS-48h-P12-L1/2021-12-19/859/specs935-v1-FA-P015098-U2OS-48h-P12-L1_G16_s6_w560DA6047-CE37-4754-96DF-7A1A56642CFE.npy,topoisomerase inhibitor
P015098,G16,s7,CBK200593,/mnt/micro-images-pvc/specs935-v1/specs935-v1-FA-P015098-U2OS-48h-P12-L1/2021-12-19/859/specs935-v1-FA-P015098-U2OS-48h-P12-L1_G16_s7_w502912E5A-76FA-4ED3-A85C-C2DF510B206D.npy,topoisomerase inhibitor
P015098,G16,s8,CBK200593,/mnt/micro-images-pvc/specs935-v1/specs935-v1-FA-P015098-U2OS-48h-P12-L1/2021-12-19/859/specs935-v1-FA-P015098-U2OS-48h-P12-L1_G16_s8_w5CF7D1B69-C991-4539-848A-C4A8F9D2587D.npy,topoisomerase inhibitor
P015098,G16,s9,CBK200593,/mnt/micro-images-pvc/specs935-v1/specs935-v1-FA-P015098-U2OS-48h-P12-L1/2021-12-19/859/specs935-v1-FA-P015098-U2OS-48h-P12-L1_G16_s9_w576E0E348-7F05-4E9D-B6CF-0732C5D44BC8.npy,topoisomerase inhibitor
P015098,G17,s1,CBK307798,/mnt/micro-images-pvc/specs935-v1/specs935-v1-FA-P015098-U2OS-48h-P12-L1/2021-12-19/859/specs935-v1-FA-P015098-U2OS-48h-P12-L1_G17_s1_w5121A4783-8827-45BB-942C-FA4F721790AF.npy,topoisomerase inhibitor
P015098,G17,s2,CBK307798,/mnt/micro-images-pvc/specs935-v1/specs935-v1-FA-P015098-U2OS-48h-P12-L1/2021-12-19/859/specs935-v1-FA-P015098-U2OS-48h-P12-L1_G17_s2_w5E778DD7B-AD26-4091-8C62-98A66EA0EB2A.npy,topoisomerase inhibitor
P015098,G17,s3,CBK307798,/mnt/micro-images-pvc/specs935-v1/specs935-v1-FA-P015098-U2OS-48h-P12-L1/2021-12-19/859/specs935-v1-FA-P015098-U2OS-48h-P12-L1_G17_s3_w534CFC820-B3B5-4027-8BAA-3227567120B9.npy,topoisomerase inhibitor
P015098,G17,s4,CBK307798,/mnt/micro-images-pvc/specs935-v1/specs935-v1-FA-P015098-U2OS-48h-P12-L1/2021-12-19/859/specs935-v1-FA-P015098-U2OS-48h-P12-L1_G17_s4_w54FA6C850-13A5-43F4-B526-B8BE1C1C06F7.npy,topoisomerase inhibitor
P015098,G17,s5,CBK307798,/mnt/micro-images-pvc/specs935-v1/specs935-v1-FA-P015098-U2OS-48h-P12-L1/2021-12-19/859/specs935-v1-FA-P015098-U2OS-48h-P12-L1_G17_s5_w578A8911D-1699-4732-8570-EE1DEAF5B48F.npy,topoisomerase inhibitor
P015098,G17,s6,CBK307798,/mnt/micro-images-pvc/specs935-v1/specs935-v1-FA-P015098-U2OS-48h-P12-L1/2021-12-19/859/specs935-v1-FA-P015098-U2OS-48h-P12-L1_G17_s6_w5405BD4F9-4557-4719-ADB6-140845936503.npy,topoisomerase inhibitor
P015098,G17,s7,CBK307798,/mnt/micro-images-pvc/specs935-v1/specs935-v1-FA-P015098-U2OS-48h-P12-L1/2021-12-19/859/specs935-v1-FA-P015098-U2OS-48h-P12-L1_G17_s7_w599A5D5CA-418C-4F19-B7A4-CF4824B0BE5A.npy,topoisomerase inhibitor
P015098,G17,s8,CBK307798,/mnt/micro-images-pvc/specs935-v1/specs935-v1-FA-P015098-U2OS-48h-P12-L1/2021-12-19/859/specs935-v1-FA-P015098-U2OS-48h-P12-L1_G17_s8_w5925AA993-2F0C-457C-975C-8CC28579960E.npy,topoisomerase inhibitor
P015098,G17,s9,CBK307798,/mnt/micro-images-pvc/specs935-v1/specs935-v1-FA-P015098-U2OS-48h-P12-L1/2021-12-19/859/specs935-v1-FA-P015098-U2OS-48h-P12-L1_G17_s9_w5DB66AE6B-D112-4C63-AB15-8AB43CB9AB35.npy,topoisomerase inhibitor
P015098,G19,s1,CBK308876,/mnt/micro-images-pvc/specs935-v1/specs935-v1-FA-P015098-U2OS-48h-P12-L1/2021-12-19/859/specs935-v1-FA-P015098-U2OS-48h-P12-L1_G19_s1_w5B0FF7D19-C689-4D1C-A8F3-7852E2909A62.npy,retinoid receptor agonist
P015098,G19,s2,CBK308876,/mnt/micro-images-pvc/specs935-v1/specs935-v1-FA-P015098-U2OS-48h-P12-L1/2021-12-19/859/specs935-v1-FA-P015098-U2OS-48h-P12-L1_G19_s2_w5F3E9B6EE-6026-46CF-B6BD-7F37F6C7912C.npy,retinoid receptor agonist
P015098,G19,s3,CBK308876,/mnt/micro-images-pvc/specs935-v1/specs935-v1-FA-P015098-U2OS-48h-P12-L1/2021-12-19/859/specs935-v1-FA-P015098-U2OS-48h-P12-L1_G19_s3_w56B7830F4-B654-49D8-865B-58C0D4DDC293.npy,retinoid receptor agonist
P015098,G19,s4,CBK308876,/mnt/micro-images-pvc/specs935-v1/specs935-v1-FA-P015098-U2OS-48h-P12-L1/2021-12-19/859/specs935-v1-FA-P015098-U2OS-48h-P12-L1_G19_s4_w510A37F42-68B2-410D-8A4D-A6994EFC3E86.npy,retinoid receptor agonist
P015098,G19,s5,CBK308876,/mnt/micro-images-pvc/specs935-v1/specs935-v1-FA-P015098-U2OS-48h-P12-L1/2021-12-19/859/specs935-v1-FA-P015098-U2OS-48h-P12-L1_G19_s5_w59F9FAD5A-28CE-4171-817F-1FED3E959A02.npy,retinoid receptor agonist
P015098,G19,s6,CBK308876,/mnt/micro-images-pvc/specs935-v1/specs935-v1-FA-P015098-U2OS-48h-P12-L1/2021-12-19/859/specs935-v1-FA-P015098-U2OS-48h-P12-L1_G19_s6_w52FFC22E4-DCE3-4413-A245-3FE3FA7D0EEF.npy,retinoid receptor agonist
P015098,G19,s7,CBK308876,/mnt/micro-images-pvc/specs935-v1/specs935-v1-FA-P015098-U2OS-48h-P12-L1/2021-12-19/859/specs935-v1-FA-P015098-U2OS-48h-P12-L1_G19_s7_w5F78085A5-3D8D-489F-8BA1-4D35130515B5.npy,retinoid receptor agonist
P015098,G19,s8,CBK308876,/mnt/micro-images-pvc/specs935-v1/specs935-v1-FA-P015098-U2OS-48h-P12-L1/2021-12-19/859/specs935-v1-FA-P015098-U2OS-48h-P12-L1_G19_s8_w540EC93AE-E3A2-4F84-A029-A837FCA455C3.npy,retinoid receptor agonist
P015098,G19,s9,CBK308876,/mnt/micro-images-pvc/specs935-v1/specs935-v1-FA-P015098-U2OS-48h-P12-L1/2021-12-19/859/specs935-v1-FA-P015098-U2OS-48h-P12-L1_G19_s9_w5359CFBF4-B341-4B2D-9ED4-E26902F71AEC.npy,retinoid receptor agonist
P015098,G20,s1,CBK308173,/mnt/micro-images-pvc/specs935-v1/specs935-v1-FA-P015098-U2OS-48h-P12-L1/2021-12-19/859/specs935-v1-FA-P015098-U2OS-48h-P12-L1_G20_s1_w51D8561A1-ECC9-4A8F-96E6-342424726D60.npy,topoisomerase inhibitor
P015098,G20,s2,CBK308173,/mnt/micro-images-pvc/specs935-v1/specs935-v1-FA-P015098-U2OS-48h-P12-L1/2021-12-19/859/specs935-v1-FA-P015098-U2OS-48h-P12-L1_G20_s2_w5F8D31FC5-DFD5-4B63-A068-3F31322B9673.npy,topoisomerase inhibitor
P015098,G20,s3,CBK308173,/mnt/micro-images-pvc/specs935-v1/specs935-v1-FA-P015098-U2OS-48h-P12-L1/2021-12-19/859/specs935-v1-FA-P015098-U2OS-48h-P12-L1_G20_s3_w52F9B423C-AEAE-450D-9415-DA19D676C6DA.npy,topoisomerase inhibitor
P015098,G20,s4,CBK308173,/mnt/micro-images-pvc/specs935-v1/specs935-v1-FA-P015098-U2OS-48h-P12-L1/2021-12-19/859/specs935-v1-FA-P015098-U2OS-48h-P12-L1_G20_s4_w5201FFB86-3513-481F-9343-C5D239A3EF6C.npy,topoisomerase inhibitor
P015098,G20,s5,CBK308173,/mnt/micro-images-pvc/specs935-v1/specs935-v1-FA-P015098-U2OS-48h-P12-L1/2021-12-19/859/specs935-v1-FA-P015098-U2OS-48h-P12-L1_G20_s5_w5F6AE8337-A8B5-4382-AE19-AC023FCAAF41.npy,topoisomerase inhibitor
P015098,G20,s6,CBK308173,/mnt/micro-images-pvc/specs935-v1/specs935-v1-FA-P015098-U2OS-48h-P12-L1/2021-12-19/859/specs935-v1-FA-P015098-U2OS-48h-P12-L1_G20_s6_w575EFBBC2-425E-41D7-99C0-BE8CA8EB72A2.npy,topoisomerase inhibitor
P015098,G20,s7,CBK308173,/mnt/micro-images-pvc/specs935-v1/specs935-v1-FA-P015098-U2OS-48h-P12-L1/2021-12-19/859/specs935-v1-FA-P015098-U2OS-48h-P12-L1_G20_s7_w5452474D3-9B47-44C6-B822-AF223FC431FF.npy,topoisomerase inhibitor
P015098,G20,s8,CBK308173,/mnt/micro-images-pvc/specs935-v1/specs935-v1-FA-P015098-U2OS-48h-P12-L1/2021-12-19/859/specs935-v1-FA-P015098-U2OS-48h-P12-L1_G20_s8_w54A37E861-BDCC-4E89-AD0C-87EBB8180EF7.npy,topoisomerase inhibitor
P015098,G20,s9,CBK308173,/mnt/micro-images-pvc/specs935-v1/specs935-v1-FA-P015098-U2OS-48h-P12-L1/2021-12-19/859/specs935-v1-FA-P015098-U2OS-48h-P12-L1_G20_s9_w5AE9DB831-2486-4BAA-97AC-5F6C4E5F7871.npy,topoisomerase inhibitor
P015098,G23,s1,CBK201030,/mnt/micro-images-pvc/specs935-v1/specs935-v1-FA-P015098-U2OS-48h-P12-L1/2021-12-19/859/specs935-v1-FA-P015098-U2OS-48h-P12-L1_G23_s1_w5FC178431-BAFD-4B47-810B-B7D1A67F9A1A.npy,topoisomerase inhibitor
P015098,G23,s2,CBK201030,/mnt/micro-images-pvc/specs935-v1/specs935-v1-FA-P015098-U2OS-48h-P12-L1/2021-12-19/859/specs935-v1-FA-P015098-U2OS-48h-P12-L1_G23_s2_w51513F6DF-DFB4-4657-A743-C36CCD965E21.npy,topoisomerase inhibitor
P015098,G23,s3,CBK201030,/mnt/micro-images-pvc/specs935-v1/specs935-v1-FA-P015098-U2OS-48h-P12-L1/2021-12-19/859/specs935-v1-FA-P015098-U2OS-48h-P12-L1_G23_s3_w5DDF288AA-6D27-4B05-BBE6-F3B5044C0CF9.npy,topoisomerase inhibitor
P015098,G23,s4,CBK201030,/mnt/micro-images-pvc/specs935-v1/specs935-v1-FA-P015098-U2OS-48h-P12-L1/2021-12-19/859/specs935-v1-FA-P015098-U2OS-48h-P12-L1_G23_s4_w5316F9134-F0F6-4397-9C16-CF94F239C846.npy,topoisomerase inhibitor
P015098,G23,s5,CBK201030,/mnt/micro-images-pvc/specs935-v1/specs935-v1-FA-P015098-U2OS-48h-P12-L1/2021-12-19/859/specs935-v1-FA-P015098-U2OS-48h-P12-L1_G23_s5_w5BCCAD6E0-45FE-45A0-B5AE-53A97FCD16A6.npy,topoisomerase inhibitor
P015098,G23,s6,CBK201030,/mnt/micro-images-pvc/specs935-v1/specs935-v1-FA-P015098-U2OS-48h-P12-L1/2021-12-19/859/specs935-v1-FA-P015098-U2OS-48h-P12-L1_G23_s6_w56FFB66C4-A392-4694-B8AC-DB56CA46971D.npy,topoisomerase inhibitor
P015098,G23,s7,CBK201030,/mnt/micro-images-pvc/specs935-v1/specs935-v1-FA-P015098-U2OS-48h-P12-L1/2021-12-19/859/specs935-v1-FA-P015098-U2OS-48h-P12-L1_G23_s7_w5D14A8FDA-34B2-49DE-9910-8A31986A2D12.npy,topoisomerase inhibitor
P015098,G23,s8,CBK201030,/mnt/micro-images-pvc/specs935-v1/specs935-v1-FA-P015098-U2OS-48h-P12-L1/2021-12-19/859/specs935-v1-FA-P015098-U2OS-48h-P12-L1_G23_s8_w58FF24F3D-6A4B-4B76-B00D-45F7C4B5FBE1.npy,topoisomerase inhibitor
P015098,G23,s9,CBK201030,/mnt/micro-images-pvc/specs935-v1/specs935-v1-FA-P015098-U2OS-48h-P12-L1/2021-12-19/859/specs935-v1-FA-P015098-U2OS-48h-P12-L1_G23_s9_w58753D327-022B-488A-AC02-449702A6868A.npy,topoisomerase inhibitor
P015098,H03,s1,CBK200593,/mnt/micro-images-pvc/specs935-v1/specs935-v1-FA-P015098-U2OS-48h-P12-L1/2021-12-19/859/specs935-v1-FA-P015098-U2OS-48h-P12-L1_H03_s1_w55AADB085-AC0F-46B8-932C-B2BDB9B47CB5.npy,topoisomerase inhibitor
P015098,H03,s2,CBK200593,/mnt/micro-images-pvc/specs935-v1/specs935-v1-FA-P015098-U2OS-48h-P12-L1/2021-12-19/859/specs935-v1-FA-P015098-U2OS-48h-P12-L1_H03_s2_w55D0050B9-5F89-4E69-B60C-0FA1C6089189.npy,topoisomerase inhibitor
P015098,H03,s3,CBK200593,/mnt/micro-images-pvc/specs935-v1/specs935-v1-FA-P015098-U2OS-48h-P12-L1/2021-12-19/859/specs935-v1-FA-P015098-U2OS-48h-P12-L1_H03_s3_w5D5EFC021-4715-4AC0-9027-ED8BEED77022.npy,topoisomerase inhibitor
P015098,H03,s4,CBK200593,/mnt/micro-images-pvc/specs935-v1/specs935-v1-FA-P015098-U2OS-48h-P12-L1/2021-12-19/859/specs935-v1-FA-P015098-U2OS-48h-P12-L1_H03_s4_w55D207BF0-C8C1-498E-88D8-1DF2383F4D50.npy,topoisomerase inhibitor
P015098,H03,s5,CBK200593,/mnt/micro-images-pvc/specs935-v1/specs935-v1-FA-P015098-U2OS-48h-P12-L1/2021-12-19/859/specs935-v1-FA-P015098-U2OS-48h-P12-L1_H03_s5_w54FBFF8F4-E395-4E21-99B8-784958C66CDF.npy,topoisomerase inhibitor
P015098,H03,s6,CBK200593,/mnt/micro-images-pvc/specs935-v1/specs935-v1-FA-P015098-U2OS-48h-P12-L1/2021-12-19/859/specs935-v1-FA-P015098-U2OS-48h-P12-L1_H03_s6_w5A0258304-AD56-4B04-9628-2F06AB0E3546.npy,topoisomerase inhibitor
P015098,H03,s7,CBK200593,/mnt/micro-images-pvc/specs935-v1/specs935-v1-FA-P015098-U2OS-48h-P12-L1/2021-12-19/859/specs935-v1-FA-P015098-U2OS-48h-P12-L1_H03_s7_w54ABF3C7C-DE5E-46B9-96D6-F63A6CAE6ADB.npy,topoisomerase inhibitor
P015098,H03,s8,CBK200593,/mnt/micro-images-pvc/specs935-v1/specs935-v1-FA-P015098-U2OS-48h-P12-L1/2021-12-19/859/specs935-v1-FA-P015098-U2OS-48h-P12-L1_H03_s8_w569B9F1F2-381D-438B-8E1B-625EF2AA284C.npy,topoisomerase inhibitor
P015098,H03,s9,CBK200593,/mnt/micro-images-pvc/specs935-v1/specs935-v1-FA-P015098-U2OS-48h-P12-L1/2021-12-19/859/specs935-v1-FA-P015098-U2OS-48h-P12-L1_H03_s9_w553527815-9A71-4542-9EBE-0572C3BC0E4F.npy,topoisomerase inhibitor
P015098,H04,s1,CBK308173,/mnt/micro-images-pvc/specs935-v1/specs935-v1-FA-P015098-U2OS-48h-P12-L1/2021-12-19/859/specs935-v1-FA-P015098-U2OS-48h-P12-L1_H04_s1_w52214C1A0-6B25-4AED-B909-C1CE5A888E67.npy,topoisomerase inhibitor
P015098,H04,s2,CBK308173,/mnt/micro-images-pvc/specs935-v1/specs935-v1-FA-P015098-U2OS-48h-P12-L1/2021-12-19/859/specs935-v1-FA-P015098-U2OS-48h-P12-L1_H04_s2_w5178C3C87-8D4B-4F2E-8D89-04E66E9BEE58.npy,topoisomerase inhibitor
P015098,H04,s3,CBK308173,/mnt/micro-images-pvc/specs935-v1/specs935-v1-FA-P015098-U2OS-48h-P12-L1/2021-12-19/859/specs935-v1-FA-P015098-U2OS-48h-P12-L1_H04_s3_w5708105AC-4D9A-4AB1-BB50-38F2210558E7.npy,topoisomerase inhibitor
P015098,H04,s4,CBK308173,/mnt/micro-images-pvc/specs935-v1/specs935-v1-FA-P015098-U2OS-48h-P12-L1/2021-12-19/859/specs935-v1-FA-P015098-U2OS-48h-P12-L1_H04_s4_w58F5A602B-C388-4800-8457-046C27A2853D.npy,topoisomerase inhibitor
P015098,H04,s5,CBK308173,/mnt/micro-images-pvc/specs935-v1/specs935-v1-FA-P015098-U2OS-48h-P12-L1/2021-12-19/859/specs935-v1-FA-P015098-U2OS-48h-P12-L1_H04_s5_w5714C9063-C356-4BF6-86B3-CD5E88F9F063.npy,topoisomerase inhibitor
P015098,H04,s6,CBK308173,/mnt/micro-images-pvc/specs935-v1/specs935-v1-FA-P015098-U2OS-48h-P12-L1/2021-12-19/859/specs935-v1-FA-P015098-U2OS-48h-P12-L1_H04_s6_w58512DA4B-32C9-4B89-8F5F-36B6D3FAC61B.npy,topoisomerase inhibitor
P015098,H04,s7,CBK308173,/mnt/micro-images-pvc/specs935-v1/specs935-v1-FA-P015098-U2OS-48h-P12-L1/2021-12-19/859/specs935-v1-FA-P015098-U2OS-48h-P12-L1_H04_s7_w535461CE4-E066-4850-981B-E31D3E43781E.npy,topoisomerase inhibitor
P015098,H04,s8,CBK308173,/mnt/micro-images-pvc/specs935-v1/specs935-v1-FA-P015098-U2OS-48h-P12-L1/2021-12-19/859/specs935-v1-FA-P015098-U2OS-48h-P12-L1_H04_s8_w5E5C12E15-9EF3-4321-ABD8-84A67BB7DEB8.npy,topoisomerase inhibitor
P015098,H04,s9,CBK308173,/mnt/micro-images-pvc/specs935-v1/specs935-v1-FA-P015098-U2OS-48h-P12-L1/2021-12-19/859/specs935-v1-FA-P015098-U2OS-48h-P12-L1_H04_s9_w52823A672-5338-470B-9DA9-5E88C1E388FE.npy,topoisomerase inhibitor
P015098,H06,s1,CBK041761,/mnt/micro-images-pvc/specs935-v1/specs935-v1-FA-P015098-U2OS-48h-P12-L1/2021-12-19/859/specs935-v1-FA-P015098-U2OS-48h-P12-L1_H06_s1_w55DC29CCA-F59E-4BA8-BE1E-575082764537.npy,tubulin polymerization inhibitor
P015098,H06,s2,CBK041761,/mnt/micro-images-pvc/specs935-v1/specs935-v1-FA-P015098-U2OS-48h-P12-L1/2021-12-19/859/specs935-v1-FA-P015098-U2OS-48h-P12-L1_H06_s2_w520B702EB-84F5-4CDA-9F21-DA10FDE92F23.npy,tubulin polymerization inhibitor
P015098,H06,s3,CBK041761,/mnt/micro-images-pvc/specs935-v1/specs935-v1-FA-P015098-U2OS-48h-P12-L1/2021-12-19/859/specs935-v1-FA-P015098-U2OS-48h-P12-L1_H06_s3_w567C32532-21BB-4C97-86EB-E414F266C6B9.npy,tubulin polymerization inhibitor
P015098,H06,s4,CBK041761,/mnt/micro-images-pvc/specs935-v1/specs935-v1-FA-P015098-U2OS-48h-P12-L1/2021-12-19/859/specs935-v1-FA-P015098-U2OS-48h-P12-L1_H06_s4_w5867228FE-7A4E-4427-99E0-C55C0D0369FE.npy,tubulin polymerization inhibitor
P015098,H06,s5,CBK041761,/mnt/micro-images-pvc/specs935-v1/specs935-v1-FA-P015098-U2OS-48h-P12-L1/2021-12-19/859/specs935-v1-FA-P015098-U2OS-48h-P12-L1_H06_s5_w562732DB3-CA02-4B26-A83A-5DDA844574AE.npy,tubulin polymerization inhibitor
P015098,H06,s6,CBK041761,/mnt/micro-images-pvc/specs935-v1/specs935-v1-FA-P015098-U2OS-48h-P12-L1/2021-12-19/859/specs935-v1-FA-P015098-U2OS-48h-P12-L1_H06_s6_w5B8B36449-8DD9-475A-8E37-3663B0AA19B7.npy,tubulin polymerization inhibitor
P015098,H06,s7,CBK041761,/mnt/micro-images-pvc/specs935-v1/specs935-v1-FA-P015098-U2OS-48h-P12-L1/2021-12-19/859/specs935-v1-FA-P015098-U2OS-48h-P12-L1_H06_s7_w52EB81883-3BB8-4497-BA57-419FBD7C7868.npy,tubulin polymerization inhibitor
P015098,H06,s8,CBK041761,/mnt/micro-images-pvc/specs935-v1/specs935-v1-FA-P015098-U2OS-48h-P12-L1/2021-12-19/859/specs935-v1-FA-P015098-U2OS-48h-P12-L1_H06_s8_w5CC5458C0-860D-4510-B347-4324CDE15165.npy,tubulin polymerization inhibitor
P015098,H06,s9,CBK041761,/mnt/micro-images-pvc/specs935-v1/specs935-v1-FA-P015098-U2OS-48h-P12-L1/2021-12-19/859/specs935-v1-FA-P015098-U2OS-48h-P12-L1_H06_s9_w5131A27FB-457E-4F15-8283-619EBA26EFF2.npy,tubulin polymerization inhibitor
P015098,H10,s1,CBK308819,/mnt/micro-images-pvc/specs935-v1/specs935-v1-FA-P015098-U2OS-48h-P12-L1/2021-12-19/859/specs935-v1-FA-P015098-U2OS-48h-P12-L1_H10_s1_w5D10BAF47-EADB-4A2A-B6FC-B996BA7F52C6.npy,topoisomerase inhibitor
P015098,H10,s2,CBK308819,/mnt/micro-images-pvc/specs935-v1/specs935-v1-FA-P015098-U2OS-48h-P12-L1/2021-12-19/859/specs935-v1-FA-P015098-U2OS-48h-P12-L1_H10_s2_w5261F4C43-02F7-45B8-B99F-C56E661A39F9.npy,topoisomerase inhibitor
P015098,H10,s3,CBK308819,/mnt/micro-images-pvc/specs935-v1/specs935-v1-FA-P015098-U2OS-48h-P12-L1/2021-12-19/859/specs935-v1-FA-P015098-U2OS-48h-P12-L1_H10_s3_w5EC9AB4AF-C687-4947-8B8B-01E8E8C664AA.npy,topoisomerase inhibitor
P015098,H10,s4,CBK308819,/mnt/micro-images-pvc/specs935-v1/specs935-v1-FA-P015098-U2OS-48h-P12-L1/2021-12-19/859/specs935-v1-FA-P015098-U2OS-48h-P12-L1_H10_s4_w599A86CDA-0763-47E1-A23D-F1E7E8E3AF8E.npy,topoisomerase inhibitor
P015098,H10,s5,CBK308819,/mnt/micro-images-pvc/specs935-v1/specs935-v1-FA-P015098-U2OS-48h-P12-L1/2021-12-19/859/specs935-v1-FA-P015098-U2OS-48h-P12-L1_H10_s5_w5BA7A53A5-2714-4C9D-A632-5AE530ED4F90.npy,topoisomerase inhibitor
P015098,H10,s6,CBK308819,/mnt/micro-images-pvc/specs935-v1/specs935-v1-FA-P015098-U2OS-48h-P12-L1/2021-12-19/859/specs935-v1-FA-P015098-U2OS-48h-P12-L1_H10_s6_w581DF85EE-A5B5-41C2-8D5D-795FE13FC0C0.npy,topoisomerase inhibitor
P015098,H10,s7,CBK308819,/mnt/micro-images-pvc/specs935-v1/specs935-v1-FA-P015098-U2OS-48h-P12-L1/2021-12-19/859/specs935-v1-FA-P015098-U2OS-48h-P12-L1_H10_s7_w5C2CE1DD4-82C0-4D64-8031-6FB31650300D.npy,topoisomerase inhibitor
P015098,H10,s8,CBK308819,/mnt/micro-images-pvc/specs935-v1/specs935-v1-FA-P015098-U2OS-48h-P12-L1/2021-12-19/859/specs935-v1-FA-P015098-U2OS-48h-P12-L1_H10_s8_w5DB588101-DE3C-4047-936B-3F70894369F6.npy,topoisomerase inhibitor
P015098,H10,s9,CBK308819,/mnt/micro-images-pvc/specs935-v1/specs935-v1-FA-P015098-U2OS-48h-P12-L1/2021-12-19/859/specs935-v1-FA-P015098-U2OS-48h-P12-L1_H10_s9_w5820A909C-D019-468C-A8A8-A0A32591442F.npy,topoisomerase inhibitor
P015098,H13,s1,CBK308276,/mnt/micro-images-pvc/specs935-v1/specs935-v1-FA-P015098-U2OS-48h-P12-L1/2021-12-19/859/specs935-v1-FA-P015098-U2OS-48h-P12-L1_H13_s1_w516ADFF7D-50FF-4998-9F0E-572778FD2BF6.npy,retinoid receptor agonist
P015098,H13,s2,CBK308276,/mnt/micro-images-pvc/specs935-v1/specs935-v1-FA-P015098-U2OS-48h-P12-L1/2021-12-19/859/specs935-v1-FA-P015098-U2OS-48h-P12-L1_H13_s2_w57613836E-C3C2-4FAB-9E77-2B188F717338.npy,retinoid receptor agonist
P015098,H13,s3,CBK308276,/mnt/micro-images-pvc/specs935-v1/specs935-v1-FA-P015098-U2OS-48h-P12-L1/2021-12-19/859/specs935-v1-FA-P015098-U2OS-48h-P12-L1_H13_s3_w5C6E4E900-9BF9-4897-A746-7CCC050C116E.npy,retinoid receptor agonist
P015098,H13,s4,CBK308276,/mnt/micro-images-pvc/specs935-v1/specs935-v1-FA-P015098-U2OS-48h-P12-L1/2021-12-19/859/specs935-v1-FA-P015098-U2OS-48h-P12-L1_H13_s4_w578CF9D02-BB22-4EAE-B4F4-3105CF55BE8B.npy,retinoid receptor agonist
P015098,H13,s5,CBK308276,/mnt/micro-images-pvc/specs935-v1/specs935-v1-FA-P015098-U2OS-48h-P12-L1/2021-12-19/859/specs935-v1-FA-P015098-U2OS-48h-P12-L1_H13_s5_w5D7250205-ACD2-4AD0-A82F-02348BE5DA8C.npy,retinoid receptor agonist
P015098,H13,s6,CBK308276,/mnt/micro-images-pvc/specs935-v1/specs935-v1-FA-P015098-U2OS-48h-P12-L1/2021-12-19/859/specs935-v1-FA-P015098-U2OS-48h-P12-L1_H13_s6_w53A733A3A-F49E-4F1A-A994-810FDE8C400D.npy,retinoid receptor agonist
P015098,H13,s7,CBK308276,/mnt/micro-images-pvc/specs935-v1/specs935-v1-FA-P015098-U2OS-48h-P12-L1/2021-12-19/859/specs935-v1-FA-P015098-U2OS-48h-P12-L1_H13_s7_w577CBFDD9-AA95-4346-A4BC-86251706E1A4.npy,retinoid receptor agonist
P015098,H13,s8,CBK308276,/mnt/micro-images-pvc/specs935-v1/specs935-v1-FA-P015098-U2OS-48h-P12-L1/2021-12-19/859/specs935-v1-FA-P015098-U2OS-48h-P12-L1_H13_s8_w549C39BBB-3511-40E0-BBAB-AB4372BAEE10.npy,retinoid receptor agonist
P015098,H13,s9,CBK308276,/mnt/micro-images-pvc/specs935-v1/specs935-v1-FA-P015098-U2OS-48h-P12-L1/2021-12-19/859/specs935-v1-FA-P015098-U2OS-48h-P12-L1_H13_s9_w5990D5FB3-A077-48DC-925F-5A11550901DC.npy,retinoid receptor agonist
P015098,H14,s1,CBK011613,/mnt/micro-images-pvc/specs935-v1/specs935-v1-FA-P015098-U2OS-48h-P12-L1/2021-12-19/859/specs935-v1-FA-P015098-U2OS-48h-P12-L1_H14_s1_w531F9F6B1-8A14-4934-8EA5-A32E5D9FF32E.npy,retinoid receptor agonist
P015098,H14,s2,CBK011613,/mnt/micro-images-pvc/specs935-v1/specs935-v1-FA-P015098-U2OS-48h-P12-L1/2021-12-19/859/specs935-v1-FA-P015098-U2OS-48h-P12-L1_H14_s2_w5859F2FEF-B32C-4FCF-AE94-5CFC2031F3FC.npy,retinoid receptor agonist
P015098,H14,s3,CBK011613,/mnt/micro-images-pvc/specs935-v1/specs935-v1-FA-P015098-U2OS-48h-P12-L1/2021-12-19/859/specs935-v1-FA-P015098-U2OS-48h-P12-L1_H14_s3_w5571FC25B-31DC-4C21-BCB4-6CBF805AB053.npy,retinoid receptor agonist
P015098,H14,s4,CBK011613,/mnt/micro-images-pvc/specs935-v1/specs935-v1-FA-P015098-U2OS-48h-P12-L1/2021-12-19/859/specs935-v1-FA-P015098-U2OS-48h-P12-L1_H14_s4_w5B654DCD1-C0B3-4223-A1ED-B34F8DEE67D2.npy,retinoid receptor agonist
P015098,H14,s5,CBK011613,/mnt/micro-images-pvc/specs935-v1/specs935-v1-FA-P015098-U2OS-48h-P12-L1/2021-12-19/859/specs935-v1-FA-P015098-U2OS-48h-P12-L1_H14_s5_w5E91A0624-D822-435A-8A66-8EFF80561598.npy,retinoid receptor agonist
P015098,H14,s6,CBK011613,/mnt/micro-images-pvc/specs935-v1/specs935-v1-FA-P015098-U2OS-48h-P12-L1/2021-12-19/859/specs935-v1-FA-P015098-U2OS-48h-P12-L1_H14_s6_w54FF83626-8096-43E8-8B60-DBB71BAE1C61.npy,retinoid receptor agonist
P015098,H14,s7,CBK011613,/mnt/micro-images-pvc/specs935-v1/specs935-v1-FA-P015098-U2OS-48h-P12-L1/2021-12-19/859/specs935-v1-FA-P015098-U2OS-48h-P12-L1_H14_s7_w5D4BAAAA1-32C5-47D7-9809-0004940AB900.npy,retinoid receptor agonist
P015098,H14,s8,CBK011613,/mnt/micro-images-pvc/specs935-v1/specs935-v1-FA-P015098-U2OS-48h-P12-L1/2021-12-19/859/specs935-v1-FA-P015098-U2OS-48h-P12-L1_H14_s8_w59F8E6DE5-5532-4452-8843-F1B50E11943B.npy,retinoid receptor agonist
P015098,H14,s9,CBK011613,/mnt/micro-images-pvc/specs935-v1/specs935-v1-FA-P015098-U2OS-48h-P12-L1/2021-12-19/859/specs935-v1-FA-P015098-U2OS-48h-P12-L1_H14_s9_w543BEEDBE-E292-4355-A9B5-D4E0576C498F.npy,retinoid receptor agonist
P015098,H16,s1,CBK290683,/mnt/micro-images-pvc/specs935-v1/specs935-v1-FA-P015098-U2OS-48h-P12-L1/2021-12-19/859/specs935-v1-FA-P015098-U2OS-48h-P12-L1_H16_s1_w50725FB1D-6CC2-43D7-A957-4394277BC4A2.npy,topoisomerase inhibitor
P015098,H16,s2,CBK290683,/mnt/micro-images-pvc/specs935-v1/specs935-v1-FA-P015098-U2OS-48h-P12-L1/2021-12-19/859/specs935-v1-FA-P015098-U2OS-48h-P12-L1_H16_s2_w5D80BD975-3EA0-4406-AEEA-97354475A971.npy,topoisomerase inhibitor
P015098,H16,s3,CBK290683,/mnt/micro-images-pvc/specs935-v1/specs935-v1-FA-P015098-U2OS-48h-P12-L1/2021-12-19/859/specs935-v1-FA-P015098-U2OS-48h-P12-L1_H16_s3_w57BDE93F5-B35C-4D75-A5B6-FC07189DD44E.npy,topoisomerase inhibitor
P015098,H16,s4,CBK290683,/mnt/micro-images-pvc/specs935-v1/specs935-v1-FA-P015098-U2OS-48h-P12-L1/2021-12-19/859/specs935-v1-FA-P015098-U2OS-48h-P12-L1_H16_s4_w59987D883-A251-4037-BBF9-4B17256966BD.npy,topoisomerase inhibitor
P015098,H16,s5,CBK290683,/mnt/micro-images-pvc/specs935-v1/specs935-v1-FA-P015098-U2OS-48h-P12-L1/2021-12-19/859/specs935-v1-FA-P015098-U2OS-48h-P12-L1_H16_s5_w588BFCD31-6653-4526-B1A8-0C1E41306917.npy,topoisomerase inhibitor
P015098,H16,s6,CBK290683,/mnt/micro-images-pvc/specs935-v1/specs935-v1-FA-P015098-U2OS-48h-P12-L1/2021-12-19/859/specs935-v1-FA-P015098-U2OS-48h-P12-L1_H16_s6_w58A92E0D7-EA13-4B7E-A6B9-AA3BFBC5CCDA.npy,topoisomerase inhibitor
P015098,H16,s7,CBK290683,/mnt/micro-images-pvc/specs935-v1/specs935-v1-FA-P015098-U2OS-48h-P12-L1/2021-12-19/859/specs935-v1-FA-P015098-U2OS-48h-P12-L1_H16_s7_w51855213C-BA2A-4632-8879-B90F6607BAD1.npy,topoisomerase inhibitor
P015098,H16,s8,CBK290683,/mnt/micro-images-pvc/specs935-v1/specs935-v1-FA-P015098-U2OS-48h-P12-L1/2021-12-19/859/specs935-v1-FA-P015098-U2OS-48h-P12-L1_H16_s8_w507C9A46E-E72D-4521-B852-16B5AF56E91B.npy,topoisomerase inhibitor
P015098,H16,s9,CBK290683,/mnt/micro-images-pvc/specs935-v1/specs935-v1-FA-P015098-U2OS-48h-P12-L1/2021-12-19/859/specs935-v1-FA-P015098-U2OS-48h-P12-L1_H16_s9_w528E08769-C748-4DED-9104-EC30F4A229F2.npy,topoisomerase inhibitor
P015098,H18,s1,CBK201030,/mnt/micro-images-pvc/specs935-v1/specs935-v1-FA-P015098-U2OS-48h-P12-L1/2021-12-19/859/specs935-v1-FA-P015098-U2OS-48h-P12-L1_H18_s1_w574FBEDA9-7FA6-467D-B5EF-77A99DDDF894.npy,topoisomerase inhibitor
P015098,H18,s2,CBK201030,/mnt/micro-images-pvc/specs935-v1/specs935-v1-FA-P015098-U2OS-48h-P12-L1/2021-12-19/859/specs935-v1-FA-P015098-U2OS-48h-P12-L1_H18_s2_w505DC40D4-2B50-4D8F-BA66-3AA2541138B3.npy,topoisomerase inhibitor
P015098,H18,s3,CBK201030,/mnt/micro-images-pvc/specs935-v1/specs935-v1-FA-P015098-U2OS-48h-P12-L1/2021-12-19/859/specs935-v1-FA-P015098-U2OS-48h-P12-L1_H18_s3_w5F92FF758-490E-49E9-84DB-3B3675A53AFF.npy,topoisomerase inhibitor
P015098,H18,s4,CBK201030,/mnt/micro-images-pvc/specs935-v1/specs935-v1-FA-P015098-U2OS-48h-P12-L1/2021-12-19/859/specs935-v1-FA-P015098-U2OS-48h-P12-L1_H18_s4_w58B4A9D50-88D7-4190-8F2C-C24020318AE9.npy,topoisomerase inhibitor
P015098,H18,s5,CBK201030,/mnt/micro-images-pvc/specs935-v1/specs935-v1-FA-P015098-U2OS-48h-P12-L1/2021-12-19/859/specs935-v1-FA-P015098-U2OS-48h-P12-L1_H18_s5_w5642A08F1-6A22-4963-BBE3-D6B2F6F3CDB6.npy,topoisomerase inhibitor
P015098,H18,s6,CBK201030,/mnt/micro-images-pvc/specs935-v1/specs935-v1-FA-P015098-U2OS-48h-P12-L1/2021-12-19/859/specs935-v1-FA-P015098-U2OS-48h-P12-L1_H18_s6_w585D67E50-5BCC-4CEC-979B-368DF6EE32CC.npy,topoisomerase inhibitor
P015098,H18,s7,CBK201030,/mnt/micro-images-pvc/specs935-v1/specs935-v1-FA-P015098-U2OS-48h-P12-L1/2021-12-19/859/specs935-v1-FA-P015098-U2OS-48h-P12-L1_H18_s7_w56B56EEA6-81E1-4914-AEF7-0783508FBDC4.npy,topoisomerase inhibitor
P015098,H18,s8,CBK201030,/mnt/micro-images-pvc/specs935-v1/specs935-v1-FA-P015098-U2OS-48h-P12-L1/2021-12-19/859/specs935-v1-FA-P015098-U2OS-48h-P12-L1_H18_s8_w5A7DF5449-7DCE-445E-8030-C1D8AB675A23.npy,topoisomerase inhibitor
P015098,H18,s9,CBK201030,/mnt/micro-images-pvc/specs935-v1/specs935-v1-FA-P015098-U2OS-48h-P12-L1/2021-12-19/859/specs935-v1-FA-P015098-U2OS-48h-P12-L1_H18_s9_w5E14B6289-7AFF-4C4A-B991-4F9F0097A919.npy,topoisomerase inhibitor
P015098,H19,s1,CBK041678,/mnt/micro-images-pvc/specs935-v1/specs935-v1-FA-P015098-U2OS-48h-P12-L1/2021-12-19/859/specs935-v1-FA-P015098-U2OS-48h-P12-L1_H19_s1_w5CFB21E24-83CC-4C4D-9133-26CC6D38A748.npy,topoisomerase inhibitor
P015098,H19,s2,CBK041678,/mnt/micro-images-pvc/specs935-v1/specs935-v1-FA-P015098-U2OS-48h-P12-L1/2021-12-19/859/specs935-v1-FA-P015098-U2OS-48h-P12-L1_H19_s2_w532A0EA8F-A426-464B-A3FD-A8B4010F9799.npy,topoisomerase inhibitor
P015098,H19,s3,CBK041678,/mnt/micro-images-pvc/specs935-v1/specs935-v1-FA-P015098-U2OS-48h-P12-L1/2021-12-19/859/specs935-v1-FA-P015098-U2OS-48h-P12-L1_H19_s3_w5EB387817-BEF4-45C6-BBA1-CA10C6DB722F.npy,topoisomerase inhibitor
P015098,H19,s4,CBK041678,/mnt/micro-images-pvc/specs935-v1/specs935-v1-FA-P015098-U2OS-48h-P12-L1/2021-12-19/859/specs935-v1-FA-P015098-U2OS-48h-P12-L1_H19_s4_w5ABA445FB-E072-487A-A71F-58F2A3CF94B4.npy,topoisomerase inhibitor
P015098,H19,s5,CBK041678,/mnt/micro-images-pvc/specs935-v1/specs935-v1-FA-P015098-U2OS-48h-P12-L1/2021-12-19/859/specs935-v1-FA-P015098-U2OS-48h-P12-L1_H19_s5_w57D826FEA-8B77-4164-9A6E-26B3BD557AAA.npy,topoisomerase inhibitor
P015098,H19,s6,CBK041678,/mnt/micro-images-pvc/specs935-v1/specs935-v1-FA-P015098-U2OS-48h-P12-L1/2021-12-19/859/specs935-v1-FA-P015098-U2OS-48h-P12-L1_H19_s6_w5A1F132CD-D466-43D8-BBE1-74E7C6CB13DE.npy,topoisomerase inhibitor
P015098,H19,s7,CBK041678,/mnt/micro-images-pvc/specs935-v1/specs935-v1-FA-P015098-U2OS-48h-P12-L1/2021-12-19/859/specs935-v1-FA-P015098-U2OS-48h-P12-L1_H19_s7_w51B2D0064-6BD9-4007-8198-98B2010044CB.npy,topoisomerase inhibitor
P015098,H19,s8,CBK041678,/mnt/micro-images-pvc/specs935-v1/specs935-v1-FA-P015098-U2OS-48h-P12-L1/2021-12-19/859/specs935-v1-FA-P015098-U2OS-48h-P12-L1_H19_s8_w5F3650D54-6D78-4C96-A7EE-03EA0906E704.npy,topoisomerase inhibitor
P015098,H19,s9,CBK041678,/mnt/micro-images-pvc/specs935-v1/specs935-v1-FA-P015098-U2OS-48h-P12-L1/2021-12-19/859/specs935-v1-FA-P015098-U2OS-48h-P12-L1_H19_s9_w5D24FEAD0-026B-4E83-9969-2BA3EFA8E196.npy,topoisomerase inhibitor
P015098,H21,s1,CBK308097,/mnt/micro-images-pvc/specs935-v1/specs935-v1-FA-P015098-U2OS-48h-P12-L1/2021-12-19/859/specs935-v1-FA-P015098-U2OS-48h-P12-L1_H21_s1_w5D74E202D-AB4D-4C84-9C95-906D02C20FE7.npy,retinoid receptor agonist
P015098,H21,s2,CBK308097,/mnt/micro-images-pvc/specs935-v1/specs935-v1-FA-P015098-U2OS-48h-P12-L1/2021-12-19/859/specs935-v1-FA-P015098-U2OS-48h-P12-L1_H21_s2_w55F53F6BA-9014-44BB-9FBC-4D03DA613769.npy,retinoid receptor agonist
P015098,H21,s3,CBK308097,/mnt/micro-images-pvc/specs935-v1/specs935-v1-FA-P015098-U2OS-48h-P12-L1/2021-12-19/859/specs935-v1-FA-P015098-U2OS-48h-P12-L1_H21_s3_w5A198C4A9-A89B-49E7-A2BB-2D373189D7B4.npy,retinoid receptor agonist
P015098,H21,s4,CBK308097,/mnt/micro-images-pvc/specs935-v1/specs935-v1-FA-P015098-U2OS-48h-P12-L1/2021-12-19/859/specs935-v1-FA-P015098-U2OS-48h-P12-L1_H21_s4_w53D1A34F9-7CA1-4BC4-A159-1734937D70CE.npy,retinoid receptor agonist
P015098,H21,s5,CBK308097,/mnt/micro-images-pvc/specs935-v1/specs935-v1-FA-P015098-U2OS-48h-P12-L1/2021-12-19/859/specs935-v1-FA-P015098-U2OS-48h-P12-L1_H21_s5_w5C1CCDAF6-72AD-433F-A62B-77CCDE5B78CF.npy,retinoid receptor agonist
P015098,H21,s6,CBK308097,/mnt/micro-images-pvc/specs935-v1/specs935-v1-FA-P015098-U2OS-48h-P12-L1/2021-12-19/859/specs935-v1-FA-P015098-U2OS-48h-P12-L1_H21_s6_w526332026-D06A-4C7D-8508-23D49A2CC114.npy,retinoid receptor agonist
P015098,H21,s7,CBK308097,/mnt/micro-images-pvc/specs935-v1/specs935-v1-FA-P015098-U2OS-48h-P12-L1/2021-12-19/859/specs935-v1-FA-P015098-U2OS-48h-P12-L1_H21_s7_w522D89C93-EC25-4AD1-A164-9FF23EDB7EA4.npy,retinoid receptor agonist
P015098,H21,s8,CBK308097,/mnt/micro-images-pvc/specs935-v1/specs935-v1-FA-P015098-U2OS-48h-P12-L1/2021-12-19/859/specs935-v1-FA-P015098-U2OS-48h-P12-L1_H21_s8_w570CA4946-D973-4FAA-BEF9-B03B97F98D58.npy,retinoid receptor agonist
P015098,H21,s9,CBK308097,/mnt/micro-images-pvc/specs935-v1/specs935-v1-FA-P015098-U2OS-48h-P12-L1/2021-12-19/859/specs935-v1-FA-P015098-U2OS-48h-P12-L1_H21_s9_w5ADBEA32A-774B-4BC2-98A5-D525396A4A35.npy,retinoid receptor agonist
P015098,H23,s1,CBK290251,/mnt/micro-images-pvc/specs935-v1/specs935-v1-FA-P015098-U2OS-48h-P12-L1/2021-12-19/859/specs935-v1-FA-P015098-U2OS-48h-P12-L1_H23_s1_w5FF3CDC24-DCCE-4C6E-B486-1F5E4A9B2138.npy,topoisomerase inhibitor
P015098,H23,s2,CBK290251,/mnt/micro-images-pvc/specs935-v1/specs935-v1-FA-P015098-U2OS-48h-P12-L1/2021-12-19/859/specs935-v1-FA-P015098-U2OS-48h-P12-L1_H23_s2_w577AE725D-D26E-4B39-90E4-33C82AD5B55F.npy,topoisomerase inhibitor
P015098,H23,s3,CBK290251,/mnt/micro-images-pvc/specs935-v1/specs935-v1-FA-P015098-U2OS-48h-P12-L1/2021-12-19/859/specs935-v1-FA-P015098-U2OS-48h-P12-L1_H23_s3_w52427A57E-78C9-46C6-B463-A3CA7526AC8A.npy,topoisomerase inhibitor
P015098,H23,s4,CBK290251,/mnt/micro-images-pvc/specs935-v1/specs935-v1-FA-P015098-U2OS-48h-P12-L1/2021-12-19/859/specs935-v1-FA-P015098-U2OS-48h-P12-L1_H23_s4_w55BCB8577-58CC-4DE8-9A09-0B29DE297C2F.npy,topoisomerase inhibitor
P015098,H23,s5,CBK290251,/mnt/micro-images-pvc/specs935-v1/specs935-v1-FA-P015098-U2OS-48h-P12-L1/2021-12-19/859/specs935-v1-FA-P015098-U2OS-48h-P12-L1_H23_s5_w5AF165981-3219-4582-A133-A5E607838A26.npy,topoisomerase inhibitor
P015098,H23,s6,CBK290251,/mnt/micro-images-pvc/specs935-v1/specs935-v1-FA-P015098-U2OS-48h-P12-L1/2021-12-19/859/specs935-v1-FA-P015098-U2OS-48h-P12-L1_H23_s6_w5EAF33571-42C6-4078-97DD-528CA26712BA.npy,topoisomerase inhibitor
P015098,H23,s7,CBK290251,/mnt/micro-images-pvc/specs935-v1/specs935-v1-FA-P015098-U2OS-48h-P12-L1/2021-12-19/859/specs935-v1-FA-P015098-U2OS-48h-P12-L1_H23_s7_w54E5157BE-9305-4502-8167-55B44CAA0C34.npy,topoisomerase inhibitor
P015098,H23,s8,CBK290251,/mnt/micro-images-pvc/specs935-v1/specs935-v1-FA-P015098-U2OS-48h-P12-L1/2021-12-19/859/specs935-v1-FA-P015098-U2OS-48h-P12-L1_H23_s8_w565189D57-EAC5-4D19-AC9A-87912709656F.npy,topoisomerase inhibitor
P015098,H23,s9,CBK290251,/mnt/micro-images-pvc/specs935-v1/specs935-v1-FA-P015098-U2OS-48h-P12-L1/2021-12-19/859/specs935-v1-FA-P015098-U2OS-48h-P12-L1_H23_s9_w561CA5B8E-7078-4CE1-A8A0-2A02AB8BD458.npy,topoisomerase inhibitor
P015098,I03,s1,CBK041678,/mnt/micro-images-pvc/specs935-v1/specs935-v1-FA-P015098-U2OS-48h-P12-L1/2021-12-19/859/specs935-v1-FA-P015098-U2OS-48h-P12-L1_I03_s1_w5437D7A1F-D9D3-4DBC-8CFB-2265BB3A04D5.npy,topoisomerase inhibitor
P015098,I03,s2,CBK041678,/mnt/micro-images-pvc/specs935-v1/specs935-v1-FA-P015098-U2OS-48h-P12-L1/2021-12-19/859/specs935-v1-FA-P015098-U2OS-48h-P12-L1_I03_s2_w519FF2DAB-3F91-45AB-B7F5-95F84616F762.npy,topoisomerase inhibitor
P015098,I03,s3,CBK041678,/mnt/micro-images-pvc/specs935-v1/specs935-v1-FA-P015098-U2OS-48h-P12-L1/2021-12-19/859/specs935-v1-FA-P015098-U2OS-48h-P12-L1_I03_s3_w5A77711B8-B9F8-4FDE-A45E-7C5F74D06AD8.npy,topoisomerase inhibitor
P015098,I03,s4,CBK041678,/mnt/micro-images-pvc/specs935-v1/specs935-v1-FA-P015098-U2OS-48h-P12-L1/2021-12-19/859/specs935-v1-FA-P015098-U2OS-48h-P12-L1_I03_s4_w5333FB054-4594-4FA0-950A-480F1802C34B.npy,topoisomerase inhibitor
P015098,I03,s5,CBK041678,/mnt/micro-images-pvc/specs935-v1/specs935-v1-FA-P015098-U2OS-48h-P12-L1/2021-12-19/859/specs935-v1-FA-P015098-U2OS-48h-P12-L1_I03_s5_w5A32D5B3E-1319-404E-BF77-355AF0FE867B.npy,topoisomerase inhibitor
P015098,I03,s6,CBK041678,/mnt/micro-images-pvc/specs935-v1/specs935-v1-FA-P015098-U2OS-48h-P12-L1/2021-12-19/859/specs935-v1-FA-P015098-U2OS-48h-P12-L1_I03_s6_w563B47271-AA13-4CA5-A0A3-D130DAF7FF46.npy,topoisomerase inhibitor
P015098,I03,s7,CBK041678,/mnt/micro-images-pvc/specs935-v1/specs935-v1-FA-P015098-U2OS-48h-P12-L1/2021-12-19/859/specs935-v1-FA-P015098-U2OS-48h-P12-L1_I03_s7_w514485960-8236-428C-94F9-2915CDD2B028.npy,topoisomerase inhibitor
P015098,I03,s8,CBK041678,/mnt/micro-images-pvc/specs935-v1/specs935-v1-FA-P015098-U2OS-48h-P12-L1/2021-12-19/859/specs935-v1-FA-P015098-U2OS-48h-P12-L1_I03_s8_w51D38CBAB-88E5-4354-B323-5D4771C4E275.npy,topoisomerase inhibitor
P015098,I03,s9,CBK041678,/mnt/micro-images-pvc/specs935-v1/specs935-v1-FA-P015098-U2OS-48h-P12-L1/2021-12-19/859/specs935-v1-FA-P015098-U2OS-48h-P12-L1_I03_s9_w58FA5D663-C8DD-4965-B794-3B3218FC12BD.npy,topoisomerase inhibitor
P015098,I05,s1,CBK308276,/mnt/micro-images-pvc/specs935-v1/specs935-v1-FA-P015098-U2OS-48h-P12-L1/2021-12-19/859/specs935-v1-FA-P015098-U2OS-48h-P12-L1_I05_s1_w533A572F0-1A24-4E19-8834-E34165709D20.npy,retinoid receptor agonist
P015098,I05,s2,CBK308276,/mnt/micro-images-pvc/specs935-v1/specs935-v1-FA-P015098-U2OS-48h-P12-L1/2021-12-19/859/specs935-v1-FA-P015098-U2OS-48h-P12-L1_I05_s2_w51D9BCC10-0EDF-4B98-ACE5-F741D9523F42.npy,retinoid receptor agonist
P015098,I05,s3,CBK308276,/mnt/micro-images-pvc/specs935-v1/specs935-v1-FA-P015098-U2OS-48h-P12-L1/2021-12-19/859/specs935-v1-FA-P015098-U2OS-48h-P12-L1_I05_s3_w5CFD249D7-32AD-4951-9F3E-DD12E919F019.npy,retinoid receptor agonist
P015098,I05,s4,CBK308276,/mnt/micro-images-pvc/specs935-v1/specs935-v1-FA-P015098-U2OS-48h-P12-L1/2021-12-19/859/specs935-v1-FA-P015098-U2OS-48h-P12-L1_I05_s4_w5D86F71F8-3617-4E84-B7E1-A3BD49CB59D2.npy,retinoid receptor agonist
P015098,I05,s5,CBK308276,/mnt/micro-images-pvc/specs935-v1/specs935-v1-FA-P015098-U2OS-48h-P12-L1/2021-12-19/859/specs935-v1-FA-P015098-U2OS-48h-P12-L1_I05_s5_w5E8082916-2788-45AD-AEF5-75886AFCA459.npy,retinoid receptor agonist
P015098,I05,s6,CBK308276,/mnt/micro-images-pvc/specs935-v1/specs935-v1-FA-P015098-U2OS-48h-P12-L1/2021-12-19/859/specs935-v1-FA-P015098-U2OS-48h-P12-L1_I05_s6_w5F716D0C0-A693-4B0A-BADF-A7F6BDB89676.npy,retinoid receptor agonist
P015098,I05,s7,CBK308276,/mnt/micro-images-pvc/specs935-v1/specs935-v1-FA-P015098-U2OS-48h-P12-L1/2021-12-19/859/specs935-v1-FA-P015098-U2OS-48h-P12-L1_I05_s7_w52294DF70-F252-4840-9A56-0AFADD615F9E.npy,retinoid receptor agonist
P015098,I05,s8,CBK308276,/mnt/micro-images-pvc/specs935-v1/specs935-v1-FA-P015098-U2OS-48h-P12-L1/2021-12-19/859/specs935-v1-FA-P015098-U2OS-48h-P12-L1_I05_s8_w516F7CE64-576E-4FD5-8CC9-8037FD410E42.npy,retinoid receptor agonist
P015098,I05,s9,CBK308276,/mnt/micro-images-pvc/specs935-v1/specs935-v1-FA-P015098-U2OS-48h-P12-L1/2021-12-19/859/specs935-v1-FA-P015098-U2OS-48h-P12-L1_I05_s9_w5DFB918A9-7DE8-4301-B26D-39EDE1E310EB.npy,retinoid receptor agonist
P015098,I10,s1,CBK016139,/mnt/micro-images-pvc/specs935-v1/specs935-v1-FA-P015098-U2OS-48h-P12-L1/2021-12-19/859/specs935-v1-FA-P015098-U2OS-48h-P12-L1_I10_s1_w54AADE786-16C9-4486-89F8-0BF3832D198D.npy,tubulin polymerization inhibitor
P015098,I10,s2,CBK016139,/mnt/micro-images-pvc/specs935-v1/specs935-v1-FA-P015098-U2OS-48h-P12-L1/2021-12-19/859/specs935-v1-FA-P015098-U2OS-48h-P12-L1_I10_s2_w560687DA4-B0E1-41EE-AEF7-15FC167F1031.npy,tubulin polymerization inhibitor
P015098,I10,s3,CBK016139,/mnt/micro-images-pvc/specs935-v1/specs935-v1-FA-P015098-U2OS-48h-P12-L1/2021-12-19/859/specs935-v1-FA-P015098-U2OS-48h-P12-L1_I10_s3_w5599775A6-3E58-4227-B3CD-9DB23A93CED9.npy,tubulin polymerization inhibitor
P015098,I10,s4,CBK016139,/mnt/micro-images-pvc/specs935-v1/specs935-v1-FA-P015098-U2OS-48h-P12-L1/2021-12-19/859/specs935-v1-FA-P015098-U2OS-48h-P12-L1_I10_s4_w5FF83748E-57D7-44ED-83A3-4025A34905CF.npy,tubulin polymerization inhibitor
P015098,I10,s5,CBK016139,/mnt/micro-images-pvc/specs935-v1/specs935-v1-FA-P015098-U2OS-48h-P12-L1/2021-12-19/859/specs935-v1-FA-P015098-U2OS-48h-P12-L1_I10_s5_w53AAB9C72-19D7-452B-940B-565FC3B9A3F6.npy,tubulin polymerization inhibitor
P015098,I10,s6,CBK016139,/mnt/micro-images-pvc/specs935-v1/specs935-v1-FA-P015098-U2OS-48h-P12-L1/2021-12-19/859/specs935-v1-FA-P015098-U2OS-48h-P12-L1_I10_s6_w58204FB31-B915-4D30-92EE-F855AAC4BC36.npy,tubulin polymerization inhibitor
P015098,I10,s7,CBK016139,/mnt/micro-images-pvc/specs935-v1/specs935-v1-FA-P015098-U2OS-48h-P12-L1/2021-12-19/859/specs935-v1-FA-P015098-U2OS-48h-P12-L1_I10_s7_w5E4FBEBA2-98F2-446F-A88E-C0482AA136AA.npy,tubulin polymerization inhibitor
P015098,I10,s8,CBK016139,/mnt/micro-images-pvc/specs935-v1/specs935-v1-FA-P015098-U2OS-48h-P12-L1/2021-12-19/859/specs935-v1-FA-P015098-U2OS-48h-P12-L1_I10_s8_w5DD2E7EB8-63E0-4A22-B800-EA816DD7F825.npy,tubulin polymerization inhibitor
P015098,I10,s9,CBK016139,/mnt/micro-images-pvc/specs935-v1/specs935-v1-FA-P015098-U2OS-48h-P12-L1/2021-12-19/859/specs935-v1-FA-P015098-U2OS-48h-P12-L1_I10_s9_w5DB171434-CF07-4F2C-85AE-7E76C5CA1030.npy,tubulin polymerization inhibitor
P015098,I11,s1,CBK307964,/mnt/micro-images-pvc/specs935-v1/specs935-v1-FA-P015098-U2OS-48h-P12-L1/2021-12-19/859/specs935-v1-FA-P015098-U2OS-48h-P12-L1_I11_s1_w5FD5620FE-8114-484E-BF3E-5BF6A3643D71.npy,tubulin polymerization inhibitor
P015098,I11,s2,CBK307964,/mnt/micro-images-pvc/specs935-v1/specs935-v1-FA-P015098-U2OS-48h-P12-L1/2021-12-19/859/specs935-v1-FA-P015098-U2OS-48h-P12-L1_I11_s2_w5DB6639A7-E5EE-42A4-8291-D93932E4432D.npy,tubulin polymerization inhibitor
P015098,I11,s3,CBK307964,/mnt/micro-images-pvc/specs935-v1/specs935-v1-FA-P015098-U2OS-48h-P12-L1/2021-12-19/859/specs935-v1-FA-P015098-U2OS-48h-P12-L1_I11_s3_w5507B6D59-19CE-4081-A1F4-00A945F46A74.npy,tubulin polymerization inhibitor
P015098,I11,s4,CBK307964,/mnt/micro-images-pvc/specs935-v1/specs935-v1-FA-P015098-U2OS-48h-P12-L1/2021-12-19/859/specs935-v1-FA-P015098-U2OS-48h-P12-L1_I11_s4_w522E4DF20-C5AC-4A36-9358-E276EC08CE91.npy,tubulin polymerization inhibitor
P015098,I11,s5,CBK307964,/mnt/micro-images-pvc/specs935-v1/specs935-v1-FA-P015098-U2OS-48h-P12-L1/2021-12-19/859/specs935-v1-FA-P015098-U2OS-48h-P12-L1_I11_s5_w5D07AD8DB-5828-4157-9368-412B1E87F7FE.npy,tubulin polymerization inhibitor
P015098,I11,s6,CBK307964,/mnt/micro-images-pvc/specs935-v1/specs935-v1-FA-P015098-U2OS-48h-P12-L1/2021-12-19/859/specs935-v1-FA-P015098-U2OS-48h-P12-L1_I11_s6_w539D5FE36-BF79-4E85-97AF-992CC9E1FFED.npy,tubulin polymerization inhibitor
P015098,I11,s7,CBK307964,/mnt/micro-images-pvc/specs935-v1/specs935-v1-FA-P015098-U2OS-48h-P12-L1/2021-12-19/859/specs935-v1-FA-P015098-U2OS-48h-P12-L1_I11_s7_w55DAC6876-4D4F-4A26-A3DD-E3DE3717F43F.npy,tubulin polymerization inhibitor
P015098,I11,s8,CBK307964,/mnt/micro-images-pvc/specs935-v1/specs935-v1-FA-P015098-U2OS-48h-P12-L1/2021-12-19/859/specs935-v1-FA-P015098-U2OS-48h-P12-L1_I11_s8_w52725FBD8-B074-475E-81A7-4B8B4151B6E7.npy,tubulin polymerization inhibitor
P015098,I11,s9,CBK307964,/mnt/micro-images-pvc/specs935-v1/specs935-v1-FA-P015098-U2OS-48h-P12-L1/2021-12-19/859/specs935-v1-FA-P015098-U2OS-48h-P12-L1_I11_s9_w519756524-ECB3-47D9-BA9A-C7959B9BF5BC.npy,tubulin polymerization inhibitor
P015098,I12,s1,CBK309049,/mnt/micro-images-pvc/specs935-v1/specs935-v1-FA-P015098-U2OS-48h-P12-L1/2021-12-19/859/specs935-v1-FA-P015098-U2OS-48h-P12-L1_I12_s1_w5A1EFCDB0-C1CB-456A-A25C-01CD41CBACCC.npy,retinoid receptor agonist
P015098,I12,s2,CBK309049,/mnt/micro-images-pvc/specs935-v1/specs935-v1-FA-P015098-U2OS-48h-P12-L1/2021-12-19/859/specs935-v1-FA-P015098-U2OS-48h-P12-L1_I12_s2_w5D989FB47-093F-4BAC-A0EB-859E4A67F5AB.npy,retinoid receptor agonist
P015098,I12,s3,CBK309049,/mnt/micro-images-pvc/specs935-v1/specs935-v1-FA-P015098-U2OS-48h-P12-L1/2021-12-19/859/specs935-v1-FA-P015098-U2OS-48h-P12-L1_I12_s3_w597B51D9E-43A9-4473-B08D-1068BEA8264D.npy,retinoid receptor agonist
P015098,I12,s4,CBK309049,/mnt/micro-images-pvc/specs935-v1/specs935-v1-FA-P015098-U2OS-48h-P12-L1/2021-12-19/859/specs935-v1-FA-P015098-U2OS-48h-P12-L1_I12_s4_w5E923EC0A-4C90-44F1-8A08-0828CEEAE364.npy,retinoid receptor agonist
P015098,I12,s5,CBK309049,/mnt/micro-images-pvc/specs935-v1/specs935-v1-FA-P015098-U2OS-48h-P12-L1/2021-12-19/859/specs935-v1-FA-P015098-U2OS-48h-P12-L1_I12_s5_w5A266051F-EB28-433E-8837-2A796EF2F56C.npy,retinoid receptor agonist
P015098,I12,s6,CBK309049,/mnt/micro-images-pvc/specs935-v1/specs935-v1-FA-P015098-U2OS-48h-P12-L1/2021-12-19/859/specs935-v1-FA-P015098-U2OS-48h-P12-L1_I12_s6_w5E6A64EDB-2AAC-48F8-A78D-7D5200077692.npy,retinoid receptor agonist
P015098,I12,s7,CBK309049,/mnt/micro-images-pvc/specs935-v1/specs935-v1-FA-P015098-U2OS-48h-P12-L1/2021-12-19/859/specs935-v1-FA-P015098-U2OS-48h-P12-L1_I12_s7_w534D9D3CB-DE23-420A-8C81-F2D5EC110A97.npy,retinoid receptor agonist
P015098,I12,s8,CBK309049,/mnt/micro-images-pvc/specs935-v1/specs935-v1-FA-P015098-U2OS-48h-P12-L1/2021-12-19/859/specs935-v1-FA-P015098-U2OS-48h-P12-L1_I12_s8_w5684E83B5-E74F-459D-BF01-E8F1EC955D6B.npy,retinoid receptor agonist
P015098,I12,s9,CBK309049,/mnt/micro-images-pvc/specs935-v1/specs935-v1-FA-P015098-U2OS-48h-P12-L1/2021-12-19/859/specs935-v1-FA-P015098-U2OS-48h-P12-L1_I12_s9_w55131EA70-75BD-4180-8E68-C837FCF23006.npy,retinoid receptor agonist
P015098,I13,s1,CBK309016,/mnt/micro-images-pvc/specs935-v1/specs935-v1-FA-P015098-U2OS-48h-P12-L1/2021-12-19/859/specs935-v1-FA-P015098-U2OS-48h-P12-L1_I13_s1_w52CEA581F-2931-4C5C-BA57-EA03B013E28A.npy,tubulin polymerization inhibitor
P015098,I13,s2,CBK309016,/mnt/micro-images-pvc/specs935-v1/specs935-v1-FA-P015098-U2OS-48h-P12-L1/2021-12-19/859/specs935-v1-FA-P015098-U2OS-48h-P12-L1_I13_s2_w50273975F-6615-4DFD-A3D1-E737C48863A7.npy,tubulin polymerization inhibitor
P015098,I13,s3,CBK309016,/mnt/micro-images-pvc/specs935-v1/specs935-v1-FA-P015098-U2OS-48h-P12-L1/2021-12-19/859/specs935-v1-FA-P015098-U2OS-48h-P12-L1_I13_s3_w53EC2C826-574F-48D1-94E9-97A40BA34270.npy,tubulin polymerization inhibitor
P015098,I13,s4,CBK309016,/mnt/micro-images-pvc/specs935-v1/specs935-v1-FA-P015098-U2OS-48h-P12-L1/2021-12-19/859/specs935-v1-FA-P015098-U2OS-48h-P12-L1_I13_s4_w5D099AB23-51F6-4D65-BB6D-EBDE7E601D40.npy,tubulin polymerization inhibitor
P015098,I13,s5,CBK309016,/mnt/micro-images-pvc/specs935-v1/specs935-v1-FA-P015098-U2OS-48h-P12-L1/2021-12-19/859/specs935-v1-FA-P015098-U2OS-48h-P12-L1_I13_s5_w55AD05CBB-6AB1-4A49-B292-584655D66993.npy,tubulin polymerization inhibitor
P015098,I13,s6,CBK309016,/mnt/micro-images-pvc/specs935-v1/specs935-v1-FA-P015098-U2OS-48h-P12-L1/2021-12-19/859/specs935-v1-FA-P015098-U2OS-48h-P12-L1_I13_s6_w54BA82645-4905-495C-B0B6-5F64CA04DA08.npy,tubulin polymerization inhibitor
P015098,I13,s7,CBK309016,/mnt/micro-images-pvc/specs935-v1/specs935-v1-FA-P015098-U2OS-48h-P12-L1/2021-12-19/859/specs935-v1-FA-P015098-U2OS-48h-P12-L1_I13_s7_w532AC7949-1977-43A7-B4D3-CE2B84A74F33.npy,tubulin polymerization inhibitor
P015098,I13,s8,CBK309016,/mnt/micro-images-pvc/specs935-v1/specs935-v1-FA-P015098-U2OS-48h-P12-L1/2021-12-19/859/specs935-v1-FA-P015098-U2OS-48h-P12-L1_I13_s8_w54BDF5256-1C1A-4EAB-A94A-0E4D0B06AD86.npy,tubulin polymerization inhibitor
P015098,I13,s9,CBK309016,/mnt/micro-images-pvc/specs935-v1/specs935-v1-FA-P015098-U2OS-48h-P12-L1/2021-12-19/859/specs935-v1-FA-P015098-U2OS-48h-P12-L1_I13_s9_w5E7C5FFA7-EE90-4B15-8301-A9D32334270E.npy,tubulin polymerization inhibitor
P015098,I14,s1,CBK277969,/mnt/micro-images-pvc/specs935-v1/specs935-v1-FA-P015098-U2OS-48h-P12-L1/2021-12-19/859/specs935-v1-FA-P015098-U2OS-48h-P12-L1_I14_s1_w5DAA6DB9D-460E-4B77-804E-2A417CB5C48D.npy,tubulin polymerization inhibitor
P015098,I14,s2,CBK277969,/mnt/micro-images-pvc/specs935-v1/specs935-v1-FA-P015098-U2OS-48h-P12-L1/2021-12-19/859/specs935-v1-FA-P015098-U2OS-48h-P12-L1_I14_s2_w56A5D8AF0-37B1-4DA6-A25D-F71F1F48CF14.npy,tubulin polymerization inhibitor
P015098,I14,s3,CBK277969,/mnt/micro-images-pvc/specs935-v1/specs935-v1-FA-P015098-U2OS-48h-P12-L1/2021-12-19/859/specs935-v1-FA-P015098-U2OS-48h-P12-L1_I14_s3_w5313B74D5-D2BF-4F0E-849A-CE5CC17BF127.npy,tubulin polymerization inhibitor
P015098,I14,s4,CBK277969,/mnt/micro-images-pvc/specs935-v1/specs935-v1-FA-P015098-U2OS-48h-P12-L1/2021-12-19/859/specs935-v1-FA-P015098-U2OS-48h-P12-L1_I14_s4_w546AE23C8-7B9F-4531-8F64-1D9A1380494B.npy,tubulin polymerization inhibitor
P015098,I14,s5,CBK277969,/mnt/micro-images-pvc/specs935-v1/specs935-v1-FA-P015098-U2OS-48h-P12-L1/2021-12-19/859/specs935-v1-FA-P015098-U2OS-48h-P12-L1_I14_s5_w5EBF37178-5A83-4F84-BF08-853E9D538AE5.npy,tubulin polymerization inhibitor
P015098,I14,s6,CBK277969,/mnt/micro-images-pvc/specs935-v1/specs935-v1-FA-P015098-U2OS-48h-P12-L1/2021-12-19/859/specs935-v1-FA-P015098-U2OS-48h-P12-L1_I14_s6_w5E54EA829-B212-4DB6-9FF9-81B29232B5D8.npy,tubulin polymerization inhibitor
P015098,I14,s7,CBK277969,/mnt/micro-images-pvc/specs935-v1/specs935-v1-FA-P015098-U2OS-48h-P12-L1/2021-12-19/859/specs935-v1-FA-P015098-U2OS-48h-P12-L1_I14_s7_w5A79B036A-670D-4BC7-92DA-37C1FCA76A1D.npy,tubulin polymerization inhibitor
P015098,I14,s8,CBK277969,/mnt/micro-images-pvc/specs935-v1/specs935-v1-FA-P015098-U2OS-48h-P12-L1/2021-12-19/859/specs935-v1-FA-P015098-U2OS-48h-P12-L1_I14_s8_w567575CB9-0C3A-4845-9280-85B1C482BBF0.npy,tubulin polymerization inhibitor
P015098,I14,s9,CBK277969,/mnt/micro-images-pvc/specs935-v1/specs935-v1-FA-P015098-U2OS-48h-P12-L1/2021-12-19/859/specs935-v1-FA-P015098-U2OS-48h-P12-L1_I14_s9_w5891E1EDB-DEB4-4C55-94B4-8241809DF93C.npy,tubulin polymerization inhibitor
P015098,I16,s1,CBK309538,/mnt/micro-images-pvc/specs935-v1/specs935-v1-FA-P015098-U2OS-48h-P12-L1/2021-12-19/859/specs935-v1-FA-P015098-U2OS-48h-P12-L1_I16_s1_w5F3A2F2F8-59AB-4F9A-9332-135F8E5D03D4.npy,protein synthesis inhibitor
P015098,I16,s2,CBK309538,/mnt/micro-images-pvc/specs935-v1/specs935-v1-FA-P015098-U2OS-48h-P12-L1/2021-12-19/859/specs935-v1-FA-P015098-U2OS-48h-P12-L1_I16_s2_w5E01296F4-506B-46D7-BE67-A1CA88F2F931.npy,protein synthesis inhibitor
P015098,I16,s3,CBK309538,/mnt/micro-images-pvc/specs935-v1/specs935-v1-FA-P015098-U2OS-48h-P12-L1/2021-12-19/859/specs935-v1-FA-P015098-U2OS-48h-P12-L1_I16_s3_w5E75C9046-CD7E-4EDC-AC53-BF6E2B7C729A.npy,protein synthesis inhibitor
P015098,I16,s4,CBK309538,/mnt/micro-images-pvc/specs935-v1/specs935-v1-FA-P015098-U2OS-48h-P12-L1/2021-12-19/859/specs935-v1-FA-P015098-U2OS-48h-P12-L1_I16_s4_w56CCE693C-799D-497C-8A5C-DB36E57EAB8D.npy,protein synthesis inhibitor
P015098,I16,s5,CBK309538,/mnt/micro-images-pvc/specs935-v1/specs935-v1-FA-P015098-U2OS-48h-P12-L1/2021-12-19/859/specs935-v1-FA-P015098-U2OS-48h-P12-L1_I16_s5_w5B7FE3110-3F61-4624-915A-E920F4F2603D.npy,protein synthesis inhibitor
P015098,I16,s6,CBK309538,/mnt/micro-images-pvc/specs935-v1/specs935-v1-FA-P015098-U2OS-48h-P12-L1/2021-12-19/859/specs935-v1-FA-P015098-U2OS-48h-P12-L1_I16_s6_w5CFB40482-B9F0-48A0-AF3F-5D4C16A4A446.npy,protein synthesis inhibitor
P015098,I16,s7,CBK309538,/mnt/micro-images-pvc/specs935-v1/specs935-v1-FA-P015098-U2OS-48h-P12-L1/2021-12-19/859/specs935-v1-FA-P015098-U2OS-48h-P12-L1_I16_s7_w579E83BEB-F866-4845-AADC-DD935501B4AF.npy,protein synthesis inhibitor
P015098,I16,s8,CBK309538,/mnt/micro-images-pvc/specs935-v1/specs935-v1-FA-P015098-U2OS-48h-P12-L1/2021-12-19/859/specs935-v1-FA-P015098-U2OS-48h-P12-L1_I16_s8_w57A91719F-7947-40CB-80DF-F4B0EFD82F91.npy,protein synthesis inhibitor
P015098,I16,s9,CBK309538,/mnt/micro-images-pvc/specs935-v1/specs935-v1-FA-P015098-U2OS-48h-P12-L1/2021-12-19/859/specs935-v1-FA-P015098-U2OS-48h-P12-L1_I16_s9_w5C31F5AFD-A24B-4E3D-A440-0050F2A48921.npy,protein synthesis inhibitor
P015098,I17,s1,CBK201032,/mnt/micro-images-pvc/specs935-v1/specs935-v1-FA-P015098-U2OS-48h-P12-L1/2021-12-19/859/specs935-v1-FA-P015098-U2OS-48h-P12-L1_I17_s1_w5B2184260-6EF9-426C-82AE-2925163B8D21.npy,tubulin polymerization inhibitor
P015098,I17,s2,CBK201032,/mnt/micro-images-pvc/specs935-v1/specs935-v1-FA-P015098-U2OS-48h-P12-L1/2021-12-19/859/specs935-v1-FA-P015098-U2OS-48h-P12-L1_I17_s2_w5746D021F-B364-4A5F-BFAF-A9B8E60ED7F5.npy,tubulin polymerization inhibitor
P015098,I17,s3,CBK201032,/mnt/micro-images-pvc/specs935-v1/specs935-v1-FA-P015098-U2OS-48h-P12-L1/2021-12-19/859/specs935-v1-FA-P015098-U2OS-48h-P12-L1_I17_s3_w5A8E6A89F-1F04-40A3-BEED-FDA00E1AF26F.npy,tubulin polymerization inhibitor
P015098,I17,s4,CBK201032,/mnt/micro-images-pvc/specs935-v1/specs935-v1-FA-P015098-U2OS-48h-P12-L1/2021-12-19/859/specs935-v1-FA-P015098-U2OS-48h-P12-L1_I17_s4_w5559D4920-E666-4C93-837D-ACDEFA79BF3E.npy,tubulin polymerization inhibitor
P015098,I17,s5,CBK201032,/mnt/micro-images-pvc/specs935-v1/specs935-v1-FA-P015098-U2OS-48h-P12-L1/2021-12-19/859/specs935-v1-FA-P015098-U2OS-48h-P12-L1_I17_s5_w58E9F5ADB-5C5A-4E37-B8A6-8D0A81E4B9BB.npy,tubulin polymerization inhibitor
P015098,I17,s6,CBK201032,/mnt/micro-images-pvc/specs935-v1/specs935-v1-FA-P015098-U2OS-48h-P12-L1/2021-12-19/859/specs935-v1-FA-P015098-U2OS-48h-P12-L1_I17_s6_w5A90759DA-8038-4430-9DF6-E906956AD2EE.npy,tubulin polymerization inhibitor
P015098,I17,s7,CBK201032,/mnt/micro-images-pvc/specs935-v1/specs935-v1-FA-P015098-U2OS-48h-P12-L1/2021-12-19/859/specs935-v1-FA-P015098-U2OS-48h-P12-L1_I17_s7_w5BF256CC1-86EE-49CE-B7A7-C7789D4A6CB7.npy,tubulin polymerization inhibitor
P015098,I17,s8,CBK201032,/mnt/micro-images-pvc/specs935-v1/specs935-v1-FA-P015098-U2OS-48h-P12-L1/2021-12-19/859/specs935-v1-FA-P015098-U2OS-48h-P12-L1_I17_s8_w5834A8523-B08E-4BCE-884D-DFFCC13671CF.npy,tubulin polymerization inhibitor
P015098,I17,s9,CBK201032,/mnt/micro-images-pvc/specs935-v1/specs935-v1-FA-P015098-U2OS-48h-P12-L1/2021-12-19/859/specs935-v1-FA-P015098-U2OS-48h-P12-L1_I17_s9_w59C709D23-2EF9-4F12-8ACD-178F67438340.npy,tubulin polymerization inhibitor
P015098,I20,s1,CBK290287,/mnt/micro-images-pvc/specs935-v1/specs935-v1-FA-P015098-U2OS-48h-P12-L1/2021-12-19/859/specs935-v1-FA-P015098-U2OS-48h-P12-L1_I20_s1_w5F498C050-F876-4480-A170-5CB0F026A42D.npy,retinoid receptor agonist
P015098,I20,s2,CBK290287,/mnt/micro-images-pvc/specs935-v1/specs935-v1-FA-P015098-U2OS-48h-P12-L1/2021-12-19/859/specs935-v1-FA-P015098-U2OS-48h-P12-L1_I20_s2_w50DC7C959-9589-4965-9372-A2ED2BCC30DE.npy,retinoid receptor agonist
P015098,I20,s3,CBK290287,/mnt/micro-images-pvc/specs935-v1/specs935-v1-FA-P015098-U2OS-48h-P12-L1/2021-12-19/859/specs935-v1-FA-P015098-U2OS-48h-P12-L1_I20_s3_w51DF4DF6A-A219-455D-A3E8-1AF04C5A5EBC.npy,retinoid receptor agonist
P015098,I20,s4,CBK290287,/mnt/micro-images-pvc/specs935-v1/specs935-v1-FA-P015098-U2OS-48h-P12-L1/2021-12-19/859/specs935-v1-FA-P015098-U2OS-48h-P12-L1_I20_s4_w5F4956C6E-3451-4483-ADF9-6B00D28D2014.npy,retinoid receptor agonist
P015098,I20,s5,CBK290287,/mnt/micro-images-pvc/specs935-v1/specs935-v1-FA-P015098-U2OS-48h-P12-L1/2021-12-19/859/specs935-v1-FA-P015098-U2OS-48h-P12-L1_I20_s5_w56C81CEBD-FFF8-48B4-8E2E-E6EB442220B7.npy,retinoid receptor agonist
P015098,I20,s6,CBK290287,/mnt/micro-images-pvc/specs935-v1/specs935-v1-FA-P015098-U2OS-48h-P12-L1/2021-12-19/859/specs935-v1-FA-P015098-U2OS-48h-P12-L1_I20_s6_w56A163C61-043E-42E5-A290-1D306F63F120.npy,retinoid receptor agonist
P015098,I20,s7,CBK290287,/mnt/micro-images-pvc/specs935-v1/specs935-v1-FA-P015098-U2OS-48h-P12-L1/2021-12-19/859/specs935-v1-FA-P015098-U2OS-48h-P12-L1_I20_s7_w50F969C59-2759-4563-9637-B086AC60CD63.npy,retinoid receptor agonist
P015098,I20,s8,CBK290287,/mnt/micro-images-pvc/specs935-v1/specs935-v1-FA-P015098-U2OS-48h-P12-L1/2021-12-19/859/specs935-v1-FA-P015098-U2OS-48h-P12-L1_I20_s8_w57A5DD6B9-ED2F-4BD0-B436-8A05C3E6426A.npy,retinoid receptor agonist
P015098,I20,s9,CBK290287,/mnt/micro-images-pvc/specs935-v1/specs935-v1-FA-P015098-U2OS-48h-P12-L1/2021-12-19/859/specs935-v1-FA-P015098-U2OS-48h-P12-L1_I20_s9_w54B44325A-D4AB-4387-824B-9980D490CCD1.npy,retinoid receptor agonist
P015098,I22,s1,CBK309391,/mnt/micro-images-pvc/specs935-v1/specs935-v1-FA-P015098-U2OS-48h-P12-L1/2021-12-19/859/specs935-v1-FA-P015098-U2OS-48h-P12-L1_I22_s1_w5378731B2-D3F5-4BAA-8A8A-5DB51D19FC12.npy,tubulin polymerization inhibitor
P015098,I22,s2,CBK309391,/mnt/micro-images-pvc/specs935-v1/specs935-v1-FA-P015098-U2OS-48h-P12-L1/2021-12-19/859/specs935-v1-FA-P015098-U2OS-48h-P12-L1_I22_s2_w5BF37C487-E702-470C-9B95-FA484D295A05.npy,tubulin polymerization inhibitor
P015098,I22,s3,CBK309391,/mnt/micro-images-pvc/specs935-v1/specs935-v1-FA-P015098-U2OS-48h-P12-L1/2021-12-19/859/specs935-v1-FA-P015098-U2OS-48h-P12-L1_I22_s3_w5579973F6-BE1D-422A-AA52-1CC9B4498F6D.npy,tubulin polymerization inhibitor
P015098,I22,s4,CBK309391,/mnt/micro-images-pvc/specs935-v1/specs935-v1-FA-P015098-U2OS-48h-P12-L1/2021-12-19/859/specs935-v1-FA-P015098-U2OS-48h-P12-L1_I22_s4_w53139CFAE-82BF-4A0A-B25E-5235ECC5EF9B.npy,tubulin polymerization inhibitor
P015098,I22,s5,CBK309391,/mnt/micro-images-pvc/specs935-v1/specs935-v1-FA-P015098-U2OS-48h-P12-L1/2021-12-19/859/specs935-v1-FA-P015098-U2OS-48h-P12-L1_I22_s5_w5CE12368E-DF88-43A9-90C2-8AD31BF80512.npy,tubulin polymerization inhibitor
P015098,I22,s6,CBK309391,/mnt/micro-images-pvc/specs935-v1/specs935-v1-FA-P015098-U2OS-48h-P12-L1/2021-12-19/859/specs935-v1-FA-P015098-U2OS-48h-P12-L1_I22_s6_w5DC6F9571-C2CD-48FB-A7E8-EA175266BC85.npy,tubulin polymerization inhibitor
P015098,I22,s7,CBK309391,/mnt/micro-images-pvc/specs935-v1/specs935-v1-FA-P015098-U2OS-48h-P12-L1/2021-12-19/859/specs935-v1-FA-P015098-U2OS-48h-P12-L1_I22_s7_w5861DCC65-DB22-486C-8ECB-273889CCEDBE.npy,tubulin polymerization inhibitor
P015098,I22,s8,CBK309391,/mnt/micro-images-pvc/specs935-v1/specs935-v1-FA-P015098-U2OS-48h-P12-L1/2021-12-19/859/specs935-v1-FA-P015098-U2OS-48h-P12-L1_I22_s8_w5E477DA5D-A1A9-4F46-94B5-FA43286E3EE0.npy,tubulin polymerization inhibitor
P015098,I22,s9,CBK309391,/mnt/micro-images-pvc/specs935-v1/specs935-v1-FA-P015098-U2OS-48h-P12-L1/2021-12-19/859/specs935-v1-FA-P015098-U2OS-48h-P12-L1_I22_s9_w5020B1BE8-B7A9-4208-8FAC-73C87BA6EBC0.npy,tubulin polymerization inhibitor
P015098,I23,s1,CBK309040,/mnt/micro-images-pvc/specs935-v1/specs935-v1-FA-P015098-U2OS-48h-P12-L1/2021-12-19/859/specs935-v1-FA-P015098-U2OS-48h-P12-L1_I23_s1_w5A3438A48-C62C-4963-935E-2DA8DFF3B08D.npy,topoisomerase inhibitor
P015098,I23,s2,CBK309040,/mnt/micro-images-pvc/specs935-v1/specs935-v1-FA-P015098-U2OS-48h-P12-L1/2021-12-19/859/specs935-v1-FA-P015098-U2OS-48h-P12-L1_I23_s2_w50CC47C1B-3E04-43A8-AC12-F4089735EBB7.npy,topoisomerase inhibitor
P015098,I23,s3,CBK309040,/mnt/micro-images-pvc/specs935-v1/specs935-v1-FA-P015098-U2OS-48h-P12-L1/2021-12-19/859/specs935-v1-FA-P015098-U2OS-48h-P12-L1_I23_s3_w58D1EFA7E-9563-4E5E-915D-A7373370F3A1.npy,topoisomerase inhibitor
P015098,I23,s4,CBK309040,/mnt/micro-images-pvc/specs935-v1/specs935-v1-FA-P015098-U2OS-48h-P12-L1/2021-12-19/859/specs935-v1-FA-P015098-U2OS-48h-P12-L1_I23_s4_w5BF838809-E779-4105-AE90-EC178084D32C.npy,topoisomerase inhibitor
P015098,I23,s5,CBK309040,/mnt/micro-images-pvc/specs935-v1/specs935-v1-FA-P015098-U2OS-48h-P12-L1/2021-12-19/859/specs935-v1-FA-P015098-U2OS-48h-P12-L1_I23_s5_w5779EAD51-C7F4-4D3E-AED8-2D36D1B56146.npy,topoisomerase inhibitor
P015098,I23,s6,CBK309040,/mnt/micro-images-pvc/specs935-v1/specs935-v1-FA-P015098-U2OS-48h-P12-L1/2021-12-19/859/specs935-v1-FA-P015098-U2OS-48h-P12-L1_I23_s6_w539503716-1D90-4E7A-B442-9707180DA943.npy,topoisomerase inhibitor
P015098,I23,s7,CBK309040,/mnt/micro-images-pvc/specs935-v1/specs935-v1-FA-P015098-U2OS-48h-P12-L1/2021-12-19/859/specs935-v1-FA-P015098-U2OS-48h-P12-L1_I23_s7_w553F95A3B-C813-4DAF-A6FE-7E8B1F894CB5.npy,topoisomerase inhibitor
P015098,I23,s8,CBK309040,/mnt/micro-images-pvc/specs935-v1/specs935-v1-FA-P015098-U2OS-48h-P12-L1/2021-12-19/859/specs935-v1-FA-P015098-U2OS-48h-P12-L1_I23_s8_w505D67646-8D5B-4516-A4AB-EFD3B71C0D12.npy,topoisomerase inhibitor
P015098,I23,s9,CBK309040,/mnt/micro-images-pvc/specs935-v1/specs935-v1-FA-P015098-U2OS-48h-P12-L1/2021-12-19/859/specs935-v1-FA-P015098-U2OS-48h-P12-L1_I23_s9_w5E88D9D25-93EC-4710-8AF6-A3CFFB49FDC2.npy,topoisomerase inhibitor
P015098,J05,s1,CBK290251,/mnt/micro-images-pvc/specs935-v1/specs935-v1-FA-P015098-U2OS-48h-P12-L1/2021-12-19/859/specs935-v1-FA-P015098-U2OS-48h-P12-L1_J05_s1_w573A005B7-0210-4202-85C1-6FE6586BEF58.npy,topoisomerase inhibitor
P015098,J05,s2,CBK290251,/mnt/micro-images-pvc/specs935-v1/specs935-v1-FA-P015098-U2OS-48h-P12-L1/2021-12-19/859/specs935-v1-FA-P015098-U2OS-48h-P12-L1_J05_s2_w5EC8E7026-C5C7-4C48-84B5-9FC49444898D.npy,topoisomerase inhibitor
P015098,J05,s3,CBK290251,/mnt/micro-images-pvc/specs935-v1/specs935-v1-FA-P015098-U2OS-48h-P12-L1/2021-12-19/859/specs935-v1-FA-P015098-U2OS-48h-P12-L1_J05_s3_w56E7F1507-EEA9-4538-A780-E886E8181C0B.npy,topoisomerase inhibitor
P015098,J05,s4,CBK290251,/mnt/micro-images-pvc/specs935-v1/specs935-v1-FA-P015098-U2OS-48h-P12-L1/2021-12-19/859/specs935-v1-FA-P015098-U2OS-48h-P12-L1_J05_s4_w537154B91-807F-4BF3-831E-62B569F6A631.npy,topoisomerase inhibitor
P015098,J05,s5,CBK290251,/mnt/micro-images-pvc/specs935-v1/specs935-v1-FA-P015098-U2OS-48h-P12-L1/2021-12-19/859/specs935-v1-FA-P015098-U2OS-48h-P12-L1_J05_s5_w57384A4EC-110E-4888-A3CD-9A71197B6BF8.npy,topoisomerase inhibitor
P015098,J05,s6,CBK290251,/mnt/micro-images-pvc/specs935-v1/specs935-v1-FA-P015098-U2OS-48h-P12-L1/2021-12-19/859/specs935-v1-FA-P015098-U2OS-48h-P12-L1_J05_s6_w5F2217E3B-1959-440E-91E8-3F3B767D81A3.npy,topoisomerase inhibitor
P015098,J05,s7,CBK290251,/mnt/micro-images-pvc/specs935-v1/specs935-v1-FA-P015098-U2OS-48h-P12-L1/2021-12-19/859/specs935-v1-FA-P015098-U2OS-48h-P12-L1_J05_s7_w5D2D72E07-FA13-4747-A08A-A0F4A5949D58.npy,topoisomerase inhibitor
P015098,J05,s8,CBK290251,/mnt/micro-images-pvc/specs935-v1/specs935-v1-FA-P015098-U2OS-48h-P12-L1/2021-12-19/859/specs935-v1-FA-P015098-U2OS-48h-P12-L1_J05_s8_w5A49E2B5A-F425-4EEA-AA28-F05C2097D6FF.npy,topoisomerase inhibitor
P015098,J05,s9,CBK290251,/mnt/micro-images-pvc/specs935-v1/specs935-v1-FA-P015098-U2OS-48h-P12-L1/2021-12-19/859/specs935-v1-FA-P015098-U2OS-48h-P12-L1_J05_s9_w5905B24F1-AC2D-4534-A7CB-645BA9F9418A.npy,topoisomerase inhibitor
P015098,J12,s1,CBK290287,/mnt/micro-images-pvc/specs935-v1/specs935-v1-FA-P015098-U2OS-48h-P12-L1/2021-12-19/859/specs935-v1-FA-P015098-U2OS-48h-P12-L1_J12_s1_w5520E29A0-76F3-497D-B15B-62B88CB07D16.npy,retinoid receptor agonist
P015098,J12,s2,CBK290287,/mnt/micro-images-pvc/specs935-v1/specs935-v1-FA-P015098-U2OS-48h-P12-L1/2021-12-19/859/specs935-v1-FA-P015098-U2OS-48h-P12-L1_J12_s2_w5AFC42FC0-DCB5-426D-9ABE-74F34223E6B7.npy,retinoid receptor agonist
P015098,J12,s3,CBK290287,/mnt/micro-images-pvc/specs935-v1/specs935-v1-FA-P015098-U2OS-48h-P12-L1/2021-12-19/859/specs935-v1-FA-P015098-U2OS-48h-P12-L1_J12_s3_w59545C146-5003-4CE0-AF2B-CB5FF04FCE02.npy,retinoid receptor agonist
P015098,J12,s4,CBK290287,/mnt/micro-images-pvc/specs935-v1/specs935-v1-FA-P015098-U2OS-48h-P12-L1/2021-12-19/859/specs935-v1-FA-P015098-U2OS-48h-P12-L1_J12_s4_w59866C1A9-D57A-40F6-924A-9DA799ABDA33.npy,retinoid receptor agonist
P015098,J12,s5,CBK290287,/mnt/micro-images-pvc/specs935-v1/specs935-v1-FA-P015098-U2OS-48h-P12-L1/2021-12-19/859/specs935-v1-FA-P015098-U2OS-48h-P12-L1_J12_s5_w585354232-9DE4-49CF-AAED-20A2948DF03A.npy,retinoid receptor agonist
P015098,J12,s6,CBK290287,/mnt/micro-images-pvc/specs935-v1/specs935-v1-FA-P015098-U2OS-48h-P12-L1/2021-12-19/859/specs935-v1-FA-P015098-U2OS-48h-P12-L1_J12_s6_w5CF7B2516-6B1B-48D6-9CD8-94759EA21571.npy,retinoid receptor agonist
P015098,J12,s7,CBK290287,/mnt/micro-images-pvc/specs935-v1/specs935-v1-FA-P015098-U2OS-48h-P12-L1/2021-12-19/859/specs935-v1-FA-P015098-U2OS-48h-P12-L1_J12_s7_w53DFA8A08-636B-4B99-9431-6BFDD773A535.npy,retinoid receptor agonist
P015098,J12,s8,CBK290287,/mnt/micro-images-pvc/specs935-v1/specs935-v1-FA-P015098-U2OS-48h-P12-L1/2021-12-19/859/specs935-v1-FA-P015098-U2OS-48h-P12-L1_J12_s8_w5CB1BA805-3CE4-466C-8C58-486B87F58DBE.npy,retinoid receptor agonist
P015098,J12,s9,CBK290287,/mnt/micro-images-pvc/specs935-v1/specs935-v1-FA-P015098-U2OS-48h-P12-L1/2021-12-19/859/specs935-v1-FA-P015098-U2OS-48h-P12-L1_J12_s9_w5EC585269-5CAB-4DB2-BE4E-540F3B4055D2.npy,retinoid receptor agonist
P015098,J13,s1,CBK277937,/mnt/micro-images-pvc/specs935-v1/specs935-v1-FA-P015098-U2OS-48h-P12-L1/2021-12-19/859/specs935-v1-FA-P015098-U2OS-48h-P12-L1_J13_s1_w58F429F3B-EB9F-47F5-BAF7-D25A6A5C4B10.npy,tubulin polymerization inhibitor
P015098,J13,s2,CBK277937,/mnt/micro-images-pvc/specs935-v1/specs935-v1-FA-P015098-U2OS-48h-P12-L1/2021-12-19/859/specs935-v1-FA-P015098-U2OS-48h-P12-L1_J13_s2_w57A397BE3-B29B-4B72-B2BA-3E6D65A82B6C.npy,tubulin polymerization inhibitor
P015098,J13,s3,CBK277937,/mnt/micro-images-pvc/specs935-v1/specs935-v1-FA-P015098-U2OS-48h-P12-L1/2021-12-19/859/specs935-v1-FA-P015098-U2OS-48h-P12-L1_J13_s3_w5E4613987-7612-4A55-BB40-83CC9F31EB6A.npy,tubulin polymerization inhibitor
P015098,J13,s4,CBK277937,/mnt/micro-images-pvc/specs935-v1/specs935-v1-FA-P015098-U2OS-48h-P12-L1/2021-12-19/859/specs935-v1-FA-P015098-U2OS-48h-P12-L1_J13_s4_w540F16288-2EF9-4A7C-887E-FCAF6848DF00.npy,tubulin polymerization inhibitor
P015098,J13,s5,CBK277937,/mnt/micro-images-pvc/specs935-v1/specs935-v1-FA-P015098-U2OS-48h-P12-L1/2021-12-19/859/specs935-v1-FA-P015098-U2OS-48h-P12-L1_J13_s5_w579F0D29B-885B-45F5-8948-14CB47064F96.npy,tubulin polymerization inhibitor
P015098,J13,s6,CBK277937,/mnt/micro-images-pvc/specs935-v1/specs935-v1-FA-P015098-U2OS-48h-P12-L1/2021-12-19/859/specs935-v1-FA-P015098-U2OS-48h-P12-L1_J13_s6_w5DE73FB26-0DF5-48D2-8241-FEF6819069D7.npy,tubulin polymerization inhibitor
P015098,J13,s7,CBK277937,/mnt/micro-images-pvc/specs935-v1/specs935-v1-FA-P015098-U2OS-48h-P12-L1/2021-12-19/859/specs935-v1-FA-P015098-U2OS-48h-P12-L1_J13_s7_w558F9D7A4-8343-49E3-B095-BB40BF589BA5.npy,tubulin polymerization inhibitor
P015098,J13,s8,CBK277937,/mnt/micro-images-pvc/specs935-v1/specs935-v1-FA-P015098-U2OS-48h-P12-L1/2021-12-19/859/specs935-v1-FA-P015098-U2OS-48h-P12-L1_J13_s8_w52530CC21-141E-4236-8B89-E96DB96063F5.npy,tubulin polymerization inhibitor
P015098,J13,s9,CBK277937,/mnt/micro-images-pvc/specs935-v1/specs935-v1-FA-P015098-U2OS-48h-P12-L1/2021-12-19/859/specs935-v1-FA-P015098-U2OS-48h-P12-L1_J13_s9_w57FDBE0AE-BD2E-49C1-85E6-D0353BD81C44.npy,tubulin polymerization inhibitor
P015098,J15,s1,CBK309391,/mnt/micro-images-pvc/specs935-v1/specs935-v1-FA-P015098-U2OS-48h-P12-L1/2021-12-19/859/specs935-v1-FA-P015098-U2OS-48h-P12-L1_J15_s1_w57F348301-E6FC-4FC3-B1AC-01E5792D44B2.npy,tubulin polymerization inhibitor
P015098,J15,s2,CBK309391,/mnt/micro-images-pvc/specs935-v1/specs935-v1-FA-P015098-U2OS-48h-P12-L1/2021-12-19/859/specs935-v1-FA-P015098-U2OS-48h-P12-L1_J15_s2_w554B9898A-C1C8-44A7-A245-28977059FAD7.npy,tubulin polymerization inhibitor
P015098,J15,s3,CBK309391,/mnt/micro-images-pvc/specs935-v1/specs935-v1-FA-P015098-U2OS-48h-P12-L1/2021-12-19/859/specs935-v1-FA-P015098-U2OS-48h-P12-L1_J15_s3_w55B4AD768-D540-491E-9384-A4F80628B762.npy,tubulin polymerization inhibitor
P015098,J15,s4,CBK309391,/mnt/micro-images-pvc/specs935-v1/specs935-v1-FA-P015098-U2OS-48h-P12-L1/2021-12-19/859/specs935-v1-FA-P015098-U2OS-48h-P12-L1_J15_s4_w52C78DFA4-361D-4325-9395-E5B73EA3B243.npy,tubulin polymerization inhibitor
P015098,J15,s5,CBK309391,/mnt/micro-images-pvc/specs935-v1/specs935-v1-FA-P015098-U2OS-48h-P12-L1/2021-12-19/859/specs935-v1-FA-P015098-U2OS-48h-P12-L1_J15_s5_w59D2D4D11-8367-4BF3-AAE7-31AD2EDDFDBF.npy,tubulin polymerization inhibitor
P015098,J15,s6,CBK309391,/mnt/micro-images-pvc/specs935-v1/specs935-v1-FA-P015098-U2OS-48h-P12-L1/2021-12-19/859/specs935-v1-FA-P015098-U2OS-48h-P12-L1_J15_s6_w547F1FB0D-016B-43DF-907A-EC387D479AFB.npy,tubulin polymerization inhibitor
P015098,J15,s7,CBK309391,/mnt/micro-images-pvc/specs935-v1/specs935-v1-FA-P015098-U2OS-48h-P12-L1/2021-12-19/859/specs935-v1-FA-P015098-U2OS-48h-P12-L1_J15_s7_w5184EA50E-10F5-4C43-B472-7683D4DB139F.npy,tubulin polymerization inhibitor
P015098,J15,s8,CBK309391,/mnt/micro-images-pvc/specs935-v1/specs935-v1-FA-P015098-U2OS-48h-P12-L1/2021-12-19/859/specs935-v1-FA-P015098-U2OS-48h-P12-L1_J15_s8_w597FEA7F6-0292-457F-9A10-45F04EAB8BBA.npy,tubulin polymerization inhibitor
P015098,J15,s9,CBK309391,/mnt/micro-images-pvc/specs935-v1/specs935-v1-FA-P015098-U2OS-48h-P12-L1/2021-12-19/859/specs935-v1-FA-P015098-U2OS-48h-P12-L1_J15_s9_w58EBD6FF0-734A-410A-BCB1-1BF8E37A53C5.npy,tubulin polymerization inhibitor
P015098,J16,s1,CBK289760,/mnt/micro-images-pvc/specs935-v1/specs935-v1-FA-P015098-U2OS-48h-P12-L1/2021-12-19/859/specs935-v1-FA-P015098-U2OS-48h-P12-L1_J16_s1_w5B18C6001-8B18-4347-BD59-D585826966DE.npy,topoisomerase inhibitor
P015098,J16,s2,CBK289760,/mnt/micro-images-pvc/specs935-v1/specs935-v1-FA-P015098-U2OS-48h-P12-L1/2021-12-19/859/specs935-v1-FA-P015098-U2OS-48h-P12-L1_J16_s2_w51CDB1ECB-878E-445F-A025-9AA32C4137FB.npy,topoisomerase inhibitor
P015098,J16,s3,CBK289760,/mnt/micro-images-pvc/specs935-v1/specs935-v1-FA-P015098-U2OS-48h-P12-L1/2021-12-19/859/specs935-v1-FA-P015098-U2OS-48h-P12-L1_J16_s3_w51322C574-FDF4-4123-9C00-054D111732C9.npy,topoisomerase inhibitor
P015098,J16,s4,CBK289760,/mnt/micro-images-pvc/specs935-v1/specs935-v1-FA-P015098-U2OS-48h-P12-L1/2021-12-19/859/specs935-v1-FA-P015098-U2OS-48h-P12-L1_J16_s4_w58716A9CF-10B9-4DAC-98FD-1B4777A37A52.npy,topoisomerase inhibitor
P015098,J16,s5,CBK289760,/mnt/micro-images-pvc/specs935-v1/specs935-v1-FA-P015098-U2OS-48h-P12-L1/2021-12-19/859/specs935-v1-FA-P015098-U2OS-48h-P12-L1_J16_s5_w5CA1A5DFB-A06F-48B8-87DE-A26E1CB5743D.npy,topoisomerase inhibitor
P015098,J16,s6,CBK289760,/mnt/micro-images-pvc/specs935-v1/specs935-v1-FA-P015098-U2OS-48h-P12-L1/2021-12-19/859/specs935-v1-FA-P015098-U2OS-48h-P12-L1_J16_s6_w55E38F011-5B8A-4510-BD83-1BF1EA0CE563.npy,topoisomerase inhibitor
P015098,J16,s7,CBK289760,/mnt/micro-images-pvc/specs935-v1/specs935-v1-FA-P015098-U2OS-48h-P12-L1/2021-12-19/859/specs935-v1-FA-P015098-U2OS-48h-P12-L1_J16_s7_w5F660F1B6-1320-4715-8A5B-52AC2B9AF75A.npy,topoisomerase inhibitor
P015098,J16,s8,CBK289760,/mnt/micro-images-pvc/specs935-v1/specs935-v1-FA-P015098-U2OS-48h-P12-L1/2021-12-19/859/specs935-v1-FA-P015098-U2OS-48h-P12-L1_J16_s8_w5B6792D9F-E22E-42F7-9BF8-EC9ACA1FE6B4.npy,topoisomerase inhibitor
P015098,J16,s9,CBK289760,/mnt/micro-images-pvc/specs935-v1/specs935-v1-FA-P015098-U2OS-48h-P12-L1/2021-12-19/859/specs935-v1-FA-P015098-U2OS-48h-P12-L1_J16_s9_w5D47906C2-D6F1-42D9-95D1-07E90A986353.npy,topoisomerase inhibitor
P015098,J20,s1,CBK041003,/mnt/micro-images-pvc/specs935-v1/specs935-v1-FA-P015098-U2OS-48h-P12-L1/2021-12-19/859/specs935-v1-FA-P015098-U2OS-48h-P12-L1_J20_s1_w53527B48E-A1A0-4EE8-A862-005F7D2930AF.npy,retinoid receptor agonist
P015098,J20,s2,CBK041003,/mnt/micro-images-pvc/specs935-v1/specs935-v1-FA-P015098-U2OS-48h-P12-L1/2021-12-19/859/specs935-v1-FA-P015098-U2OS-48h-P12-L1_J20_s2_w5F6808FDD-A1CE-4B2E-A411-16A925ED9197.npy,retinoid receptor agonist
P015098,J20,s3,CBK041003,/mnt/micro-images-pvc/specs935-v1/specs935-v1-FA-P015098-U2OS-48h-P12-L1/2021-12-19/859/specs935-v1-FA-P015098-U2OS-48h-P12-L1_J20_s3_w5381C16C0-09BD-4229-B3D3-35D5613DAB77.npy,retinoid receptor agonist
P015098,J20,s4,CBK041003,/mnt/micro-images-pvc/specs935-v1/specs935-v1-FA-P015098-U2OS-48h-P12-L1/2021-12-19/859/specs935-v1-FA-P015098-U2OS-48h-P12-L1_J20_s4_w5035C4AE4-85A2-407E-A00D-E1DB204C0E1D.npy,retinoid receptor agonist
P015098,J20,s5,CBK041003,/mnt/micro-images-pvc/specs935-v1/specs935-v1-FA-P015098-U2OS-48h-P12-L1/2021-12-19/859/specs935-v1-FA-P015098-U2OS-48h-P12-L1_J20_s5_w521588BD6-E1C9-46BA-AECA-375510C91985.npy,retinoid receptor agonist
P015098,J20,s6,CBK041003,/mnt/micro-images-pvc/specs935-v1/specs935-v1-FA-P015098-U2OS-48h-P12-L1/2021-12-19/859/specs935-v1-FA-P015098-U2OS-48h-P12-L1_J20_s6_w574FE9F40-D944-48F7-ADEC-B4BD7A9FF79C.npy,retinoid receptor agonist
P015098,J20,s7,CBK041003,/mnt/micro-images-pvc/specs935-v1/specs935-v1-FA-P015098-U2OS-48h-P12-L1/2021-12-19/859/specs935-v1-FA-P015098-U2OS-48h-P12-L1_J20_s7_w57FDA767B-3087-4C8C-9518-9B1C66D7768B.npy,retinoid receptor agonist
P015098,J20,s8,CBK041003,/mnt/micro-images-pvc/specs935-v1/specs935-v1-FA-P015098-U2OS-48h-P12-L1/2021-12-19/859/specs935-v1-FA-P015098-U2OS-48h-P12-L1_J20_s8_w58DBFC25E-8955-48D4-B6B1-3B1B896C2964.npy,retinoid receptor agonist
P015098,J20,s9,CBK041003,/mnt/micro-images-pvc/specs935-v1/specs935-v1-FA-P015098-U2OS-48h-P12-L1/2021-12-19/859/specs935-v1-FA-P015098-U2OS-48h-P12-L1_J20_s9_w5EFC30189-0875-4CB7-AA9E-B778AA5CD125.npy,retinoid receptor agonist
P015098,J21,s1,CBK309437,/mnt/micro-images-pvc/specs935-v1/specs935-v1-FA-P015098-U2OS-48h-P12-L1/2021-12-19/859/specs935-v1-FA-P015098-U2OS-48h-P12-L1_J21_s1_w5285247B6-CA39-4E85-9EEC-52AB9C0DE21F.npy,tubulin polymerization inhibitor
P015098,J21,s2,CBK309437,/mnt/micro-images-pvc/specs935-v1/specs935-v1-FA-P015098-U2OS-48h-P12-L1/2021-12-19/859/specs935-v1-FA-P015098-U2OS-48h-P12-L1_J21_s2_w5E9E464B5-456C-4250-9365-1B1734C85AA9.npy,tubulin polymerization inhibitor
P015098,J21,s3,CBK309437,/mnt/micro-images-pvc/specs935-v1/specs935-v1-FA-P015098-U2OS-48h-P12-L1/2021-12-19/859/specs935-v1-FA-P015098-U2OS-48h-P12-L1_J21_s3_w54A5C2181-E5F4-445E-B146-212D92B5B2DC.npy,tubulin polymerization inhibitor
P015098,J21,s4,CBK309437,/mnt/micro-images-pvc/specs935-v1/specs935-v1-FA-P015098-U2OS-48h-P12-L1/2021-12-19/859/specs935-v1-FA-P015098-U2OS-48h-P12-L1_J21_s4_w57FFEA027-36B7-4ADB-A570-36A4DA067CD3.npy,tubulin polymerization inhibitor
P015098,J21,s5,CBK309437,/mnt/micro-images-pvc/specs935-v1/specs935-v1-FA-P015098-U2OS-48h-P12-L1/2021-12-19/859/specs935-v1-FA-P015098-U2OS-48h-P12-L1_J21_s5_w56D449FE2-6F33-4FF9-B462-1B383568BC47.npy,tubulin polymerization inhibitor
P015098,J21,s6,CBK309437,/mnt/micro-images-pvc/specs935-v1/specs935-v1-FA-P015098-U2OS-48h-P12-L1/2021-12-19/859/specs935-v1-FA-P015098-U2OS-48h-P12-L1_J21_s6_w5C1AAAFC2-27C9-45E0-A58E-EBC13A785270.npy,tubulin polymerization inhibitor
P015098,J21,s7,CBK309437,/mnt/micro-images-pvc/specs935-v1/specs935-v1-FA-P015098-U2OS-48h-P12-L1/2021-12-19/859/specs935-v1-FA-P015098-U2OS-48h-P12-L1_J21_s7_w51C77DC35-1FCD-4614-906A-C586E5153D8F.npy,tubulin polymerization inhibitor
P015098,J21,s8,CBK309437,/mnt/micro-images-pvc/specs935-v1/specs935-v1-FA-P015098-U2OS-48h-P12-L1/2021-12-19/859/specs935-v1-FA-P015098-U2OS-48h-P12-L1_J21_s8_w5847F36CA-DC5F-4062-A07E-08A7FB63E3FC.npy,tubulin polymerization inhibitor
P015098,J21,s9,CBK309437,/mnt/micro-images-pvc/specs935-v1/specs935-v1-FA-P015098-U2OS-48h-P12-L1/2021-12-19/859/specs935-v1-FA-P015098-U2OS-48h-P12-L1_J21_s9_w551D0420C-D6D2-49CC-B1BC-45C629E90ED2.npy,tubulin polymerization inhibitor
P015098,J22,s1,CBK308819,/mnt/micro-images-pvc/specs935-v1/specs935-v1-FA-P015098-U2OS-48h-P12-L1/2021-12-19/859/specs935-v1-FA-P015098-U2OS-48h-P12-L1_J22_s1_w552EF9A52-8B5D-419C-9093-16983C8B7AD3.npy,topoisomerase inhibitor
P015098,J22,s2,CBK308819,/mnt/micro-images-pvc/specs935-v1/specs935-v1-FA-P015098-U2OS-48h-P12-L1/2021-12-19/859/specs935-v1-FA-P015098-U2OS-48h-P12-L1_J22_s2_w502386BDD-C1EC-4214-A780-B7DC0439F121.npy,topoisomerase inhibitor
P015098,J22,s3,CBK308819,/mnt/micro-images-pvc/specs935-v1/specs935-v1-FA-P015098-U2OS-48h-P12-L1/2021-12-19/859/specs935-v1-FA-P015098-U2OS-48h-P12-L1_J22_s3_w5224BA1D5-0F4E-48AC-9D6C-C698F285D39A.npy,topoisomerase inhibitor
P015098,J22,s4,CBK308819,/mnt/micro-images-pvc/specs935-v1/specs935-v1-FA-P015098-U2OS-48h-P12-L1/2021-12-19/859/specs935-v1-FA-P015098-U2OS-48h-P12-L1_J22_s4_w550677E38-C8F6-4424-AB4D-EBF5441875A2.npy,topoisomerase inhibitor
P015098,J22,s5,CBK308819,/mnt/micro-images-pvc/specs935-v1/specs935-v1-FA-P015098-U2OS-48h-P12-L1/2021-12-19/859/specs935-v1-FA-P015098-U2OS-48h-P12-L1_J22_s5_w57DCB876F-A80F-4AD1-BC52-907A50778525.npy,topoisomerase inhibitor
P015098,J22,s6,CBK308819,/mnt/micro-images-pvc/specs935-v1/specs935-v1-FA-P015098-U2OS-48h-P12-L1/2021-12-19/859/specs935-v1-FA-P015098-U2OS-48h-P12-L1_J22_s6_w503D3A34E-A7DF-40CB-B25A-F9CCF5251DF2.npy,topoisomerase inhibitor
P015098,J22,s7,CBK308819,/mnt/micro-images-pvc/specs935-v1/specs935-v1-FA-P015098-U2OS-48h-P12-L1/2021-12-19/859/specs935-v1-FA-P015098-U2OS-48h-P12-L1_J22_s7_w504F4E3A7-0C27-413F-9D77-307A058907F6.npy,topoisomerase inhibitor
P015098,J22,s8,CBK308819,/mnt/micro-images-pvc/specs935-v1/specs935-v1-FA-P015098-U2OS-48h-P12-L1/2021-12-19/859/specs935-v1-FA-P015098-U2OS-48h-P12-L1_J22_s8_w510353297-4F93-44A9-90A2-12E081E73838.npy,topoisomerase inhibitor
P015098,J22,s9,CBK308819,/mnt/micro-images-pvc/specs935-v1/specs935-v1-FA-P015098-U2OS-48h-P12-L1/2021-12-19/859/specs935-v1-FA-P015098-U2OS-48h-P12-L1_J22_s9_w525F63857-3342-4B2B-AAD3-76AAA824410A.npy,topoisomerase inhibitor
P015098,J23,s1,CBK308966,/mnt/micro-images-pvc/specs935-v1/specs935-v1-FA-P015098-U2OS-48h-P12-L1/2021-12-19/859/specs935-v1-FA-P015098-U2OS-48h-P12-L1_J23_s1_w566189EDE-7E67-4C8D-B4C8-4B4202C174BB.npy,tubulin polymerization inhibitor
P015098,J23,s2,CBK308966,/mnt/micro-images-pvc/specs935-v1/specs935-v1-FA-P015098-U2OS-48h-P12-L1/2021-12-19/859/specs935-v1-FA-P015098-U2OS-48h-P12-L1_J23_s2_w533A15F4A-4BB3-4838-A5C4-78FEF5026E8D.npy,tubulin polymerization inhibitor
P015098,J23,s3,CBK308966,/mnt/micro-images-pvc/specs935-v1/specs935-v1-FA-P015098-U2OS-48h-P12-L1/2021-12-19/859/specs935-v1-FA-P015098-U2OS-48h-P12-L1_J23_s3_w5DBA67CDA-A8D9-4761-A54E-2EFEE00A5E5A.npy,tubulin polymerization inhibitor
P015098,J23,s4,CBK308966,/mnt/micro-images-pvc/specs935-v1/specs935-v1-FA-P015098-U2OS-48h-P12-L1/2021-12-19/859/specs935-v1-FA-P015098-U2OS-48h-P12-L1_J23_s4_w54AED66D2-1F11-4867-9B38-4FAD9561F5D0.npy,tubulin polymerization inhibitor
P015098,J23,s5,CBK308966,/mnt/micro-images-pvc/specs935-v1/specs935-v1-FA-P015098-U2OS-48h-P12-L1/2021-12-19/859/specs935-v1-FA-P015098-U2OS-48h-P12-L1_J23_s5_w5265FF627-4998-4E6E-898F-D7B59674DE3E.npy,tubulin polymerization inhibitor
P015098,J23,s6,CBK308966,/mnt/micro-images-pvc/specs935-v1/specs935-v1-FA-P015098-U2OS-48h-P12-L1/2021-12-19/859/specs935-v1-FA-P015098-U2OS-48h-P12-L1_J23_s6_w54B49F6C6-145F-42E6-81C2-EA86CDD21B50.npy,tubulin polymerization inhibitor
P015098,J23,s7,CBK308966,/mnt/micro-images-pvc/specs935-v1/specs935-v1-FA-P015098-U2OS-48h-P12-L1/2021-12-19/859/specs935-v1-FA-P015098-U2OS-48h-P12-L1_J23_s7_w522A34382-F8D8-4D0F-BB75-21BC3C9A9FAF.npy,tubulin polymerization inhibitor
P015098,J23,s8,CBK308966,/mnt/micro-images-pvc/specs935-v1/specs935-v1-FA-P015098-U2OS-48h-P12-L1/2021-12-19/859/specs935-v1-FA-P015098-U2OS-48h-P12-L1_J23_s8_w537604662-1F29-4D8C-8124-838F905C1006.npy,tubulin polymerization inhibitor
P015098,J23,s9,CBK308966,/mnt/micro-images-pvc/specs935-v1/specs935-v1-FA-P015098-U2OS-48h-P12-L1/2021-12-19/859/specs935-v1-FA-P015098-U2OS-48h-P12-L1_J23_s9_w5EC9EAB28-DFAB-478F-8689-C4BE5EDCAB03.npy,tubulin polymerization inhibitor
P015098,K03,s1,CBK277909,/mnt/micro-images-pvc/specs935-v1/specs935-v1-FA-P015098-U2OS-48h-P12-L1/2021-12-19/859/specs935-v1-FA-P015098-U2OS-48h-P12-L1_K03_s1_w5A93B18E2-49D8-41F4-8EA0-FB6F478C8343.npy,topoisomerase inhibitor
P015098,K03,s2,CBK277909,/mnt/micro-images-pvc/specs935-v1/specs935-v1-FA-P015098-U2OS-48h-P12-L1/2021-12-19/859/specs935-v1-FA-P015098-U2OS-48h-P12-L1_K03_s2_w5929BCF0A-CB49-4633-A2D3-E9EE7B78BC50.npy,topoisomerase inhibitor
P015098,K03,s3,CBK277909,/mnt/micro-images-pvc/specs935-v1/specs935-v1-FA-P015098-U2OS-48h-P12-L1/2021-12-19/859/specs935-v1-FA-P015098-U2OS-48h-P12-L1_K03_s3_w5B84FFEB5-0A4A-45A8-84A5-67727232CA72.npy,topoisomerase inhibitor
P015098,K03,s4,CBK277909,/mnt/micro-images-pvc/specs935-v1/specs935-v1-FA-P015098-U2OS-48h-P12-L1/2021-12-19/859/specs935-v1-FA-P015098-U2OS-48h-P12-L1_K03_s4_w56C0E16CF-DF41-4095-954C-67E4C971B908.npy,topoisomerase inhibitor
P015098,K03,s5,CBK277909,/mnt/micro-images-pvc/specs935-v1/specs935-v1-FA-P015098-U2OS-48h-P12-L1/2021-12-19/859/specs935-v1-FA-P015098-U2OS-48h-P12-L1_K03_s5_w5CC8EC713-7BC8-493A-9C89-E3481429FD86.npy,topoisomerase inhibitor
P015098,K03,s6,CBK277909,/mnt/micro-images-pvc/specs935-v1/specs935-v1-FA-P015098-U2OS-48h-P12-L1/2021-12-19/859/specs935-v1-FA-P015098-U2OS-48h-P12-L1_K03_s6_w566CC8A70-A614-4412-9926-517FF4727F10.npy,topoisomerase inhibitor
P015098,K03,s7,CBK277909,/mnt/micro-images-pvc/specs935-v1/specs935-v1-FA-P015098-U2OS-48h-P12-L1/2021-12-19/859/specs935-v1-FA-P015098-U2OS-48h-P12-L1_K03_s7_w53A1FAD84-ED04-4B2D-8E19-6148DA2ACD8D.npy,topoisomerase inhibitor
P015098,K03,s8,CBK277909,/mnt/micro-images-pvc/specs935-v1/specs935-v1-FA-P015098-U2OS-48h-P12-L1/2021-12-19/859/specs935-v1-FA-P015098-U2OS-48h-P12-L1_K03_s8_w5DA9B4A56-6137-4817-9FD5-46764461BEA2.npy,topoisomerase inhibitor
P015098,K03,s9,CBK277909,/mnt/micro-images-pvc/specs935-v1/specs935-v1-FA-P015098-U2OS-48h-P12-L1/2021-12-19/859/specs935-v1-FA-P015098-U2OS-48h-P12-L1_K03_s9_w551C16548-3FC1-4E89-B3DE-DFD228103456.npy,topoisomerase inhibitor
P015098,K04,s1,CBK277969,/mnt/micro-images-pvc/specs935-v1/specs935-v1-FA-P015098-U2OS-48h-P12-L1/2021-12-19/859/specs935-v1-FA-P015098-U2OS-48h-P12-L1_K04_s1_w5181B7A7F-FF44-4714-9A25-E1E479DD0715.npy,tubulin polymerization inhibitor
P015098,K04,s2,CBK277969,/mnt/micro-images-pvc/specs935-v1/specs935-v1-FA-P015098-U2OS-48h-P12-L1/2021-12-19/859/specs935-v1-FA-P015098-U2OS-48h-P12-L1_K04_s2_w59DB44F5C-7491-4CB3-BC79-B54686EC1F6D.npy,tubulin polymerization inhibitor
P015098,K04,s3,CBK277969,/mnt/micro-images-pvc/specs935-v1/specs935-v1-FA-P015098-U2OS-48h-P12-L1/2021-12-19/859/specs935-v1-FA-P015098-U2OS-48h-P12-L1_K04_s3_w5BAB18A9C-0763-41DC-869A-DB65DF2283A9.npy,tubulin polymerization inhibitor
P015098,K04,s4,CBK277969,/mnt/micro-images-pvc/specs935-v1/specs935-v1-FA-P015098-U2OS-48h-P12-L1/2021-12-19/859/specs935-v1-FA-P015098-U2OS-48h-P12-L1_K04_s4_w55D7E62DC-8ECF-4D45-8BFE-6E2D889904EA.npy,tubulin polymerization inhibitor
P015098,K04,s5,CBK277969,/mnt/micro-images-pvc/specs935-v1/specs935-v1-FA-P015098-U2OS-48h-P12-L1/2021-12-19/859/specs935-v1-FA-P015098-U2OS-48h-P12-L1_K04_s5_w5409F949B-69AE-4AB8-9A5D-4984FAD7ACF3.npy,tubulin polymerization inhibitor
P015098,K04,s6,CBK277969,/mnt/micro-images-pvc/specs935-v1/specs935-v1-FA-P015098-U2OS-48h-P12-L1/2021-12-19/859/specs935-v1-FA-P015098-U2OS-48h-P12-L1_K04_s6_w5792581B4-C7C6-4ED8-B99F-5118C68CD40E.npy,tubulin polymerization inhibitor
P015098,K04,s7,CBK277969,/mnt/micro-images-pvc/specs935-v1/specs935-v1-FA-P015098-U2OS-48h-P12-L1/2021-12-19/859/specs935-v1-FA-P015098-U2OS-48h-P12-L1_K04_s7_w548B2B636-9D74-44A7-817A-7D4B9E64F3B9.npy,tubulin polymerization inhibitor
P015098,K04,s8,CBK277969,/mnt/micro-images-pvc/specs935-v1/specs935-v1-FA-P015098-U2OS-48h-P12-L1/2021-12-19/859/specs935-v1-FA-P015098-U2OS-48h-P12-L1_K04_s8_w56DDFA900-1618-48C5-8A1E-872FA5CB8593.npy,tubulin polymerization inhibitor
P015098,K04,s9,CBK277969,/mnt/micro-images-pvc/specs935-v1/specs935-v1-FA-P015098-U2OS-48h-P12-L1/2021-12-19/859/specs935-v1-FA-P015098-U2OS-48h-P12-L1_K04_s9_w5B75C1854-71D7-4EAB-BEC9-242432E902FC.npy,tubulin polymerization inhibitor
P015098,K07,s1,CBK308876,/mnt/micro-images-pvc/specs935-v1/specs935-v1-FA-P015098-U2OS-48h-P12-L1/2021-12-19/859/specs935-v1-FA-P015098-U2OS-48h-P12-L1_K07_s1_w5415001AF-F4F6-4F6A-8E4A-0DDDD9322D6A.npy,retinoid receptor agonist
P015098,K07,s2,CBK308876,/mnt/micro-images-pvc/specs935-v1/specs935-v1-FA-P015098-U2OS-48h-P12-L1/2021-12-19/859/specs935-v1-FA-P015098-U2OS-48h-P12-L1_K07_s2_w5FEF36E02-2314-4DFA-860C-DC8B935BA6AC.npy,retinoid receptor agonist
P015098,K07,s3,CBK308876,/mnt/micro-images-pvc/specs935-v1/specs935-v1-FA-P015098-U2OS-48h-P12-L1/2021-12-19/859/specs935-v1-FA-P015098-U2OS-48h-P12-L1_K07_s3_w556A8126D-6848-4171-912E-68AF46E43408.npy,retinoid receptor agonist
P015098,K07,s4,CBK308876,/mnt/micro-images-pvc/specs935-v1/specs935-v1-FA-P015098-U2OS-48h-P12-L1/2021-12-19/859/specs935-v1-FA-P015098-U2OS-48h-P12-L1_K07_s4_w57F5B16A5-F379-435C-87E5-4C1AB4656112.npy,retinoid receptor agonist
P015098,K07,s5,CBK308876,/mnt/micro-images-pvc/specs935-v1/specs935-v1-FA-P015098-U2OS-48h-P12-L1/2021-12-19/859/specs935-v1-FA-P015098-U2OS-48h-P12-L1_K07_s5_w529E2896B-0F1F-4E63-A61A-ABA374B1588F.npy,retinoid receptor agonist
P015098,K07,s6,CBK308876,/mnt/micro-images-pvc/specs935-v1/specs935-v1-FA-P015098-U2OS-48h-P12-L1/2021-12-19/859/specs935-v1-FA-P015098-U2OS-48h-P12-L1_K07_s6_w5A5167E35-DF81-4D99-9633-9AA9D512FCED.npy,retinoid receptor agonist
P015098,K07,s7,CBK308876,/mnt/micro-images-pvc/specs935-v1/specs935-v1-FA-P015098-U2OS-48h-P12-L1/2021-12-19/859/specs935-v1-FA-P015098-U2OS-48h-P12-L1_K07_s7_w5C459625B-02A9-42E8-ABC6-A8D5E5CB9E91.npy,retinoid receptor agonist
P015098,K07,s8,CBK308876,/mnt/micro-images-pvc/specs935-v1/specs935-v1-FA-P015098-U2OS-48h-P12-L1/2021-12-19/859/specs935-v1-FA-P015098-U2OS-48h-P12-L1_K07_s8_w5B0674E5D-40E5-4BC4-AD88-957111960C16.npy,retinoid receptor agonist
P015098,K07,s9,CBK308876,/mnt/micro-images-pvc/specs935-v1/specs935-v1-FA-P015098-U2OS-48h-P12-L1/2021-12-19/859/specs935-v1-FA-P015098-U2OS-48h-P12-L1_K07_s9_w5F57B7653-CB07-4CC7-903C-F53B55822A47.npy,retinoid receptor agonist
P015098,K08,s1,CBK271643,/mnt/micro-images-pvc/specs935-v1/specs935-v1-FA-P015098-U2OS-48h-P12-L1/2021-12-19/859/specs935-v1-FA-P015098-U2OS-48h-P12-L1_K08_s1_w5EAC005D1-D1A6-4557-96F4-D052BC06623B.npy,retinoid receptor agonist
P015098,K08,s2,CBK271643,/mnt/micro-images-pvc/specs935-v1/specs935-v1-FA-P015098-U2OS-48h-P12-L1/2021-12-19/859/specs935-v1-FA-P015098-U2OS-48h-P12-L1_K08_s2_w5D95B4DE5-C851-424E-A60A-963D28EF6163.npy,retinoid receptor agonist
P015098,K08,s3,CBK271643,/mnt/micro-images-pvc/specs935-v1/specs935-v1-FA-P015098-U2OS-48h-P12-L1/2021-12-19/859/specs935-v1-FA-P015098-U2OS-48h-P12-L1_K08_s3_w5374E3CAF-7ECE-4BC3-AC03-6655D6D39167.npy,retinoid receptor agonist
P015098,K08,s4,CBK271643,/mnt/micro-images-pvc/specs935-v1/specs935-v1-FA-P015098-U2OS-48h-P12-L1/2021-12-19/859/specs935-v1-FA-P015098-U2OS-48h-P12-L1_K08_s4_w5AD05A226-30C0-40ED-ADFC-9D33470DD600.npy,retinoid receptor agonist
P015098,K08,s5,CBK271643,/mnt/micro-images-pvc/specs935-v1/specs935-v1-FA-P015098-U2OS-48h-P12-L1/2021-12-19/859/specs935-v1-FA-P015098-U2OS-48h-P12-L1_K08_s5_w5CB218140-BB3A-465B-9B36-19F12CC151C0.npy,retinoid receptor agonist
P015098,K08,s6,CBK271643,/mnt/micro-images-pvc/specs935-v1/specs935-v1-FA-P015098-U2OS-48h-P12-L1/2021-12-19/859/specs935-v1-FA-P015098-U2OS-48h-P12-L1_K08_s6_w5CEDB52FE-F91F-4C84-8563-7F4766E14857.npy,retinoid receptor agonist
P015098,K08,s7,CBK271643,/mnt/micro-images-pvc/specs935-v1/specs935-v1-FA-P015098-U2OS-48h-P12-L1/2021-12-19/859/specs935-v1-FA-P015098-U2OS-48h-P12-L1_K08_s7_w5BCD7C43D-FEA7-4472-ADA9-B80A8E86B074.npy,retinoid receptor agonist
P015098,K08,s8,CBK271643,/mnt/micro-images-pvc/specs935-v1/specs935-v1-FA-P015098-U2OS-48h-P12-L1/2021-12-19/859/specs935-v1-FA-P015098-U2OS-48h-P12-L1_K08_s8_w51ADBC5C2-551A-45D8-BAC1-06315C1A0F21.npy,retinoid receptor agonist
P015098,K08,s9,CBK271643,/mnt/micro-images-pvc/specs935-v1/specs935-v1-FA-P015098-U2OS-48h-P12-L1/2021-12-19/859/specs935-v1-FA-P015098-U2OS-48h-P12-L1_K08_s9_w537EEA6DB-7AB7-47D9-9E2E-BA91B910CE09.npy,retinoid receptor agonist
P015098,K09,s1,CBK309437,/mnt/micro-images-pvc/specs935-v1/specs935-v1-FA-P015098-U2OS-48h-P12-L1/2021-12-19/859/specs935-v1-FA-P015098-U2OS-48h-P12-L1_K09_s1_w51EE32B9C-B1CE-4B5B-8F65-2024FC04D909.npy,tubulin polymerization inhibitor
P015098,K09,s2,CBK309437,/mnt/micro-images-pvc/specs935-v1/specs935-v1-FA-P015098-U2OS-48h-P12-L1/2021-12-19/859/specs935-v1-FA-P015098-U2OS-48h-P12-L1_K09_s2_w5F4AEC810-2DC8-4360-A336-E26539C3430C.npy,tubulin polymerization inhibitor
P015098,K09,s3,CBK309437,/mnt/micro-images-pvc/specs935-v1/specs935-v1-FA-P015098-U2OS-48h-P12-L1/2021-12-19/859/specs935-v1-FA-P015098-U2OS-48h-P12-L1_K09_s3_w5A5BA8745-5267-4128-98F8-284EF9F51C36.npy,tubulin polymerization inhibitor
P015098,K09,s4,CBK309437,/mnt/micro-images-pvc/specs935-v1/specs935-v1-FA-P015098-U2OS-48h-P12-L1/2021-12-19/859/specs935-v1-FA-P015098-U2OS-48h-P12-L1_K09_s4_w5B6229700-230D-4398-96AF-C88E0C9EF153.npy,tubulin polymerization inhibitor
P015098,K09,s5,CBK309437,/mnt/micro-images-pvc/specs935-v1/specs935-v1-FA-P015098-U2OS-48h-P12-L1/2021-12-19/859/specs935-v1-FA-P015098-U2OS-48h-P12-L1_K09_s5_w59682D59E-3CEC-42C4-A3F9-4543689E4CBB.npy,tubulin polymerization inhibitor
P015098,K09,s6,CBK309437,/mnt/micro-images-pvc/specs935-v1/specs935-v1-FA-P015098-U2OS-48h-P12-L1/2021-12-19/859/specs935-v1-FA-P015098-U2OS-48h-P12-L1_K09_s6_w59E8E0138-5FA3-4BEB-AF69-7C5E80ADE232.npy,tubulin polymerization inhibitor
P015098,K09,s7,CBK309437,/mnt/micro-images-pvc/specs935-v1/specs935-v1-FA-P015098-U2OS-48h-P12-L1/2021-12-19/859/specs935-v1-FA-P015098-U2OS-48h-P12-L1_K09_s7_w52EC1911D-1C0D-414A-9EA7-6E79FD00896F.npy,tubulin polymerization inhibitor
P015098,K09,s8,CBK309437,/mnt/micro-images-pvc/specs935-v1/specs935-v1-FA-P015098-U2OS-48h-P12-L1/2021-12-19/859/specs935-v1-FA-P015098-U2OS-48h-P12-L1_K09_s8_w5A40C2EB5-9EE8-4FC5-8B1D-EF3A97F7C87B.npy,tubulin polymerization inhibitor
P015098,K09,s9,CBK309437,/mnt/micro-images-pvc/specs935-v1/specs935-v1-FA-P015098-U2OS-48h-P12-L1/2021-12-19/859/specs935-v1-FA-P015098-U2OS-48h-P12-L1_K09_s9_w559887343-E077-4FC7-AFF1-B65E4857B8C2.npy,tubulin polymerization inhibitor
P015098,K12,s1,CBK309016,/mnt/micro-images-pvc/specs935-v1/specs935-v1-FA-P015098-U2OS-48h-P12-L1/2021-12-19/859/specs935-v1-FA-P015098-U2OS-48h-P12-L1_K12_s1_w5F3A560CE-A55A-4FCE-AFEE-8B33B1985A51.npy,tubulin polymerization inhibitor
P015098,K12,s2,CBK309016,/mnt/micro-images-pvc/specs935-v1/specs935-v1-FA-P015098-U2OS-48h-P12-L1/2021-12-19/859/specs935-v1-FA-P015098-U2OS-48h-P12-L1_K12_s2_w598419B20-D917-4CFF-BF00-2618A93D8FD9.npy,tubulin polymerization inhibitor
P015098,K12,s3,CBK309016,/mnt/micro-images-pvc/specs935-v1/specs935-v1-FA-P015098-U2OS-48h-P12-L1/2021-12-19/859/specs935-v1-FA-P015098-U2OS-48h-P12-L1_K12_s3_w5E96806A8-9CF2-416C-AEDD-E1E253574AFF.npy,tubulin polymerization inhibitor
P015098,K12,s4,CBK309016,/mnt/micro-images-pvc/specs935-v1/specs935-v1-FA-P015098-U2OS-48h-P12-L1/2021-12-19/859/specs935-v1-FA-P015098-U2OS-48h-P12-L1_K12_s4_w51CDC44A5-5366-4E46-93AF-AF2ADCC9CF49.npy,tubulin polymerization inhibitor
P015098,K12,s5,CBK309016,/mnt/micro-images-pvc/specs935-v1/specs935-v1-FA-P015098-U2OS-48h-P12-L1/2021-12-19/859/specs935-v1-FA-P015098-U2OS-48h-P12-L1_K12_s5_w5C53B47E0-E540-4C72-BCB0-766A9FCC8162.npy,tubulin polymerization inhibitor
P015098,K12,s6,CBK309016,/mnt/micro-images-pvc/specs935-v1/specs935-v1-FA-P015098-U2OS-48h-P12-L1/2021-12-19/859/specs935-v1-FA-P015098-U2OS-48h-P12-L1_K12_s6_w554E84EAC-CA19-4B54-AECA-E4D577FBB6FE.npy,tubulin polymerization inhibitor
P015098,K12,s7,CBK309016,/mnt/micro-images-pvc/specs935-v1/specs935-v1-FA-P015098-U2OS-48h-P12-L1/2021-12-19/859/specs935-v1-FA-P015098-U2OS-48h-P12-L1_K12_s7_w5C82E0A30-F222-4301-ADA0-B60A8FD2D9A8.npy,tubulin polymerization inhibitor
P015098,K12,s8,CBK309016,/mnt/micro-images-pvc/specs935-v1/specs935-v1-FA-P015098-U2OS-48h-P12-L1/2021-12-19/859/specs935-v1-FA-P015098-U2OS-48h-P12-L1_K12_s8_w5CF394722-9942-4E35-A559-36747C90DC83.npy,tubulin polymerization inhibitor
P015098,K12,s9,CBK309016,/mnt/micro-images-pvc/specs935-v1/specs935-v1-FA-P015098-U2OS-48h-P12-L1/2021-12-19/859/specs935-v1-FA-P015098-U2OS-48h-P12-L1_K12_s9_w5647F1D2D-6E80-4B6E-A005-87CF7BB488BB.npy,tubulin polymerization inhibitor
P015098,K14,s1,CBK308966,/mnt/micro-images-pvc/specs935-v1/specs935-v1-FA-P015098-U2OS-48h-P12-L1/2021-12-19/859/specs935-v1-FA-P015098-U2OS-48h-P12-L1_K14_s1_w54DEDE346-F9EE-4EB5-9E9A-7A139CC998E8.npy,tubulin polymerization inhibitor
P015098,K14,s2,CBK308966,/mnt/micro-images-pvc/specs935-v1/specs935-v1-FA-P015098-U2OS-48h-P12-L1/2021-12-19/859/specs935-v1-FA-P015098-U2OS-48h-P12-L1_K14_s2_w57BA67698-9277-4C70-A890-6B342725F972.npy,tubulin polymerization inhibitor
P015098,K14,s3,CBK308966,/mnt/micro-images-pvc/specs935-v1/specs935-v1-FA-P015098-U2OS-48h-P12-L1/2021-12-19/859/specs935-v1-FA-P015098-U2OS-48h-P12-L1_K14_s3_w5AABE0FCB-9A8C-4658-940A-C306A3365953.npy,tubulin polymerization inhibitor
P015098,K14,s4,CBK308966,/mnt/micro-images-pvc/specs935-v1/specs935-v1-FA-P015098-U2OS-48h-P12-L1/2021-12-19/859/specs935-v1-FA-P015098-U2OS-48h-P12-L1_K14_s4_w58D38FB4B-F4F7-49F9-8B5D-7D77DEF30D5B.npy,tubulin polymerization inhibitor
P015098,K14,s5,CBK308966,/mnt/micro-images-pvc/specs935-v1/specs935-v1-FA-P015098-U2OS-48h-P12-L1/2021-12-19/859/specs935-v1-FA-P015098-U2OS-48h-P12-L1_K14_s5_w5889FAC8E-2681-4C38-B2C6-644BB68EF109.npy,tubulin polymerization inhibitor
P015098,K14,s6,CBK308966,/mnt/micro-images-pvc/specs935-v1/specs935-v1-FA-P015098-U2OS-48h-P12-L1/2021-12-19/859/specs935-v1-FA-P015098-U2OS-48h-P12-L1_K14_s6_w59C3A05CC-9B05-40E7-A6BE-46D9A0950234.npy,tubulin polymerization inhibitor
P015098,K14,s7,CBK308966,/mnt/micro-images-pvc/specs935-v1/specs935-v1-FA-P015098-U2OS-48h-P12-L1/2021-12-19/859/specs935-v1-FA-P015098-U2OS-48h-P12-L1_K14_s7_w5718DD6FD-6C56-4594-ACAE-CBFC6A438A60.npy,tubulin polymerization inhibitor
P015098,K14,s8,CBK308966,/mnt/micro-images-pvc/specs935-v1/specs935-v1-FA-P015098-U2OS-48h-P12-L1/2021-12-19/859/specs935-v1-FA-P015098-U2OS-48h-P12-L1_K14_s8_w5A6CE23A0-B327-4C34-AE85-6E8BBB8C586F.npy,tubulin polymerization inhibitor
P015098,K14,s9,CBK308966,/mnt/micro-images-pvc/specs935-v1/specs935-v1-FA-P015098-U2OS-48h-P12-L1/2021-12-19/859/specs935-v1-FA-P015098-U2OS-48h-P12-L1_K14_s9_w535EF553B-D35B-4C0C-9AF3-CA274BE1C188.npy,tubulin polymerization inhibitor
P015098,K15,s1,CBK290683,/mnt/micro-images-pvc/specs935-v1/specs935-v1-FA-P015098-U2OS-48h-P12-L1/2021-12-19/859/specs935-v1-FA-P015098-U2OS-48h-P12-L1_K15_s1_w5C60DA9BD-9519-4C81-9D2B-B993AC3BA01D.npy,topoisomerase inhibitor
P015098,K15,s2,CBK290683,/mnt/micro-images-pvc/specs935-v1/specs935-v1-FA-P015098-U2OS-48h-P12-L1/2021-12-19/859/specs935-v1-FA-P015098-U2OS-48h-P12-L1_K15_s2_w586A11EA6-F3DD-4CCA-A7D8-163491290B1E.npy,topoisomerase inhibitor
P015098,K15,s3,CBK290683,/mnt/micro-images-pvc/specs935-v1/specs935-v1-FA-P015098-U2OS-48h-P12-L1/2021-12-19/859/specs935-v1-FA-P015098-U2OS-48h-P12-L1_K15_s3_w548FB0C28-78CD-4EC0-8D7A-12938315FD26.npy,topoisomerase inhibitor
P015098,K15,s4,CBK290683,/mnt/micro-images-pvc/specs935-v1/specs935-v1-FA-P015098-U2OS-48h-P12-L1/2021-12-19/859/specs935-v1-FA-P015098-U2OS-48h-P12-L1_K15_s4_w5D037E9B3-6B07-4016-B778-517C7E3514EE.npy,topoisomerase inhibitor
P015098,K15,s5,CBK290683,/mnt/micro-images-pvc/specs935-v1/specs935-v1-FA-P015098-U2OS-48h-P12-L1/2021-12-19/859/specs935-v1-FA-P015098-U2OS-48h-P12-L1_K15_s5_w58F97CAFA-868B-420E-B7D5-9E5713DAB9E0.npy,topoisomerase inhibitor
P015098,K15,s6,CBK290683,/mnt/micro-images-pvc/specs935-v1/specs935-v1-FA-P015098-U2OS-48h-P12-L1/2021-12-19/859/specs935-v1-FA-P015098-U2OS-48h-P12-L1_K15_s6_w5A6AB968C-B6F5-4893-9420-BC0DB3FA00C8.npy,topoisomerase inhibitor
P015098,K15,s7,CBK290683,/mnt/micro-images-pvc/specs935-v1/specs935-v1-FA-P015098-U2OS-48h-P12-L1/2021-12-19/859/specs935-v1-FA-P015098-U2OS-48h-P12-L1_K15_s7_w50066C6CC-5222-40E6-A42E-A44FB335D9E4.npy,topoisomerase inhibitor
P015098,K15,s8,CBK290683,/mnt/micro-images-pvc/specs935-v1/specs935-v1-FA-P015098-U2OS-48h-P12-L1/2021-12-19/859/specs935-v1-FA-P015098-U2OS-48h-P12-L1_K15_s8_w5A3A0B7CB-44FD-41F2-A775-C2B541B962C8.npy,topoisomerase inhibitor
P015098,K15,s9,CBK290683,/mnt/micro-images-pvc/specs935-v1/specs935-v1-FA-P015098-U2OS-48h-P12-L1/2021-12-19/859/specs935-v1-FA-P015098-U2OS-48h-P12-L1_K15_s9_w55F3DCBDD-1C78-4D50-B2B7-D18D1624E57E.npy,topoisomerase inhibitor
P015098,K16,s1,CBK309391,/mnt/micro-images-pvc/specs935-v1/specs935-v1-FA-P015098-U2OS-48h-P12-L1/2021-12-19/859/specs935-v1-FA-P015098-U2OS-48h-P12-L1_K16_s1_w5B7AF29A2-7367-41D7-94D6-0DE438464830.npy,tubulin polymerization inhibitor
P015098,K16,s2,CBK309391,/mnt/micro-images-pvc/specs935-v1/specs935-v1-FA-P015098-U2OS-48h-P12-L1/2021-12-19/859/specs935-v1-FA-P015098-U2OS-48h-P12-L1_K16_s2_w5BC79DF2A-2F7E-4444-8605-2A93D85255C2.npy,tubulin polymerization inhibitor
P015098,K16,s3,CBK309391,/mnt/micro-images-pvc/specs935-v1/specs935-v1-FA-P015098-U2OS-48h-P12-L1/2021-12-19/859/specs935-v1-FA-P015098-U2OS-48h-P12-L1_K16_s3_w5153B9434-CF85-4506-A69C-8636FB11B9C6.npy,tubulin polymerization inhibitor
P015098,K16,s4,CBK309391,/mnt/micro-images-pvc/specs935-v1/specs935-v1-FA-P015098-U2OS-48h-P12-L1/2021-12-19/859/specs935-v1-FA-P015098-U2OS-48h-P12-L1_K16_s4_w52B9D5A03-4CD1-4A07-B061-BD294D437DEA.npy,tubulin polymerization inhibitor
P015098,K16,s5,CBK309391,/mnt/micro-images-pvc/specs935-v1/specs935-v1-FA-P015098-U2OS-48h-P12-L1/2021-12-19/859/specs935-v1-FA-P015098-U2OS-48h-P12-L1_K16_s5_w5DC7444C5-20DB-49B9-84B8-34BA9B0DA693.npy,tubulin polymerization inhibitor
P015098,K16,s6,CBK309391,/mnt/micro-images-pvc/specs935-v1/specs935-v1-FA-P015098-U2OS-48h-P12-L1/2021-12-19/859/specs935-v1-FA-P015098-U2OS-48h-P12-L1_K16_s6_w5FDA264E5-5116-4137-BA0B-4D033E5A64AF.npy,tubulin polymerization inhibitor
P015098,K16,s7,CBK309391,/mnt/micro-images-pvc/specs935-v1/specs935-v1-FA-P015098-U2OS-48h-P12-L1/2021-12-19/859/specs935-v1-FA-P015098-U2OS-48h-P12-L1_K16_s7_w540148F00-9E56-43B5-9F3A-004725D17732.npy,tubulin polymerization inhibitor
P015098,K16,s8,CBK309391,/mnt/micro-images-pvc/specs935-v1/specs935-v1-FA-P015098-U2OS-48h-P12-L1/2021-12-19/859/specs935-v1-FA-P015098-U2OS-48h-P12-L1_K16_s8_w578986C3B-BBF0-403B-90EE-55D2D1B0B579.npy,tubulin polymerization inhibitor
P015098,K16,s9,CBK309391,/mnt/micro-images-pvc/specs935-v1/specs935-v1-FA-P015098-U2OS-48h-P12-L1/2021-12-19/859/specs935-v1-FA-P015098-U2OS-48h-P12-L1_K16_s9_w5F0B97D6F-DD6A-401A-854F-6DD643C5335B.npy,tubulin polymerization inhibitor
P015098,K20,s1,CBK307747,/mnt/micro-images-pvc/specs935-v1/specs935-v1-FA-P015098-U2OS-48h-P12-L1/2021-12-19/859/specs935-v1-FA-P015098-U2OS-48h-P12-L1_K20_s1_w555A8C241-2E36-404C-964D-FB0DEC5980B4.npy,tubulin polymerization inhibitor
P015098,K20,s2,CBK307747,/mnt/micro-images-pvc/specs935-v1/specs935-v1-FA-P015098-U2OS-48h-P12-L1/2021-12-19/859/specs935-v1-FA-P015098-U2OS-48h-P12-L1_K20_s2_w59150CCB3-4AEA-4245-929E-8FAA139B81D0.npy,tubulin polymerization inhibitor
P015098,K20,s3,CBK307747,/mnt/micro-images-pvc/specs935-v1/specs935-v1-FA-P015098-U2OS-48h-P12-L1/2021-12-19/859/specs935-v1-FA-P015098-U2OS-48h-P12-L1_K20_s3_w5E9450F94-7F6E-4073-9813-D0E61C575F34.npy,tubulin polymerization inhibitor
P015098,K20,s4,CBK307747,/mnt/micro-images-pvc/specs935-v1/specs935-v1-FA-P015098-U2OS-48h-P12-L1/2021-12-19/859/specs935-v1-FA-P015098-U2OS-48h-P12-L1_K20_s4_w5FE944F66-6F3F-40D9-9013-744DE6EF99DA.npy,tubulin polymerization inhibitor
P015098,K20,s5,CBK307747,/mnt/micro-images-pvc/specs935-v1/specs935-v1-FA-P015098-U2OS-48h-P12-L1/2021-12-19/859/specs935-v1-FA-P015098-U2OS-48h-P12-L1_K20_s5_w5CDFB00B1-A113-46FC-BAE0-B8F0320A586C.npy,tubulin polymerization inhibitor
P015098,K20,s6,CBK307747,/mnt/micro-images-pvc/specs935-v1/specs935-v1-FA-P015098-U2OS-48h-P12-L1/2021-12-19/859/specs935-v1-FA-P015098-U2OS-48h-P12-L1_K20_s6_w5B0BB2EE5-C0D5-4AAE-905B-D2554001DCAC.npy,tubulin polymerization inhibitor
P015098,K20,s7,CBK307747,/mnt/micro-images-pvc/specs935-v1/specs935-v1-FA-P015098-U2OS-48h-P12-L1/2021-12-19/859/specs935-v1-FA-P015098-U2OS-48h-P12-L1_K20_s7_w575288ED1-E325-4D54-9B3F-34A32A42D487.npy,tubulin polymerization inhibitor
P015098,K20,s8,CBK307747,/mnt/micro-images-pvc/specs935-v1/specs935-v1-FA-P015098-U2OS-48h-P12-L1/2021-12-19/859/specs935-v1-FA-P015098-U2OS-48h-P12-L1_K20_s8_w59CE292BA-D7BD-453F-88CC-ED74AD98993B.npy,tubulin polymerization inhibitor
P015098,K20,s9,CBK307747,/mnt/micro-images-pvc/specs935-v1/specs935-v1-FA-P015098-U2OS-48h-P12-L1/2021-12-19/859/specs935-v1-FA-P015098-U2OS-48h-P12-L1_K20_s9_w5780BBD86-D382-462E-8914-B78C3E3286CA.npy,tubulin polymerization inhibitor
P015098,K23,s1,CBK041184,/mnt/micro-images-pvc/specs935-v1/specs935-v1-FA-P015098-U2OS-48h-P12-L1/2021-12-19/859/specs935-v1-FA-P015098-U2OS-48h-P12-L1_K23_s1_w5409B83C4-1BC5-4C4A-8EA3-EDE515EB8BBA.npy,tubulin polymerization inhibitor
P015098,K23,s2,CBK041184,/mnt/micro-images-pvc/specs935-v1/specs935-v1-FA-P015098-U2OS-48h-P12-L1/2021-12-19/859/specs935-v1-FA-P015098-U2OS-48h-P12-L1_K23_s2_w5D4BF551C-984C-4122-9D21-BE2C1BCA0033.npy,tubulin polymerization inhibitor
P015098,K23,s3,CBK041184,/mnt/micro-images-pvc/specs935-v1/specs935-v1-FA-P015098-U2OS-48h-P12-L1/2021-12-19/859/specs935-v1-FA-P015098-U2OS-48h-P12-L1_K23_s3_w5A9582B21-E9B7-4B27-8E7E-CD88DF7ECD5F.npy,tubulin polymerization inhibitor
P015098,K23,s4,CBK041184,/mnt/micro-images-pvc/specs935-v1/specs935-v1-FA-P015098-U2OS-48h-P12-L1/2021-12-19/859/specs935-v1-FA-P015098-U2OS-48h-P12-L1_K23_s4_w5CD926DFC-0AC7-4674-80B8-27268338379D.npy,tubulin polymerization inhibitor
P015098,K23,s5,CBK041184,/mnt/micro-images-pvc/specs935-v1/specs935-v1-FA-P015098-U2OS-48h-P12-L1/2021-12-19/859/specs935-v1-FA-P015098-U2OS-48h-P12-L1_K23_s5_w5F48C37C2-13B2-4BFA-9640-EB2AF2EB17F9.npy,tubulin polymerization inhibitor
P015098,K23,s6,CBK041184,/mnt/micro-images-pvc/specs935-v1/specs935-v1-FA-P015098-U2OS-48h-P12-L1/2021-12-19/859/specs935-v1-FA-P015098-U2OS-48h-P12-L1_K23_s6_w51955E125-5C0F-48EC-8474-6D420BD9B8DC.npy,tubulin polymerization inhibitor
P015098,K23,s7,CBK041184,/mnt/micro-images-pvc/specs935-v1/specs935-v1-FA-P015098-U2OS-48h-P12-L1/2021-12-19/859/specs935-v1-FA-P015098-U2OS-48h-P12-L1_K23_s7_w520B8F5F2-5BB0-4EC0-B107-F037561DE2FE.npy,tubulin polymerization inhibitor
P015098,K23,s8,CBK041184,/mnt/micro-images-pvc/specs935-v1/specs935-v1-FA-P015098-U2OS-48h-P12-L1/2021-12-19/859/specs935-v1-FA-P015098-U2OS-48h-P12-L1_K23_s8_w5CF37A035-A10D-4609-8751-D7620EF3B0BC.npy,tubulin polymerization inhibitor
P015098,K23,s9,CBK041184,/mnt/micro-images-pvc/specs935-v1/specs935-v1-FA-P015098-U2OS-48h-P12-L1/2021-12-19/859/specs935-v1-FA-P015098-U2OS-48h-P12-L1_K23_s9_w52BB60CF7-A492-419F-948E-DA8D24BE97A6.npy,tubulin polymerization inhibitor
P015098,L02,s1,CBK041585,/mnt/micro-images-pvc/specs935-v1/specs935-v1-FA-P015098-U2OS-48h-P12-L1/2021-12-19/859/specs935-v1-FA-P015098-U2OS-48h-P12-L1_L02_s1_w597C6A96D-F95E-46FC-9F89-FCA82A4ECCCC.npy,topoisomerase inhibitor
P015098,L02,s2,CBK041585,/mnt/micro-images-pvc/specs935-v1/specs935-v1-FA-P015098-U2OS-48h-P12-L1/2021-12-19/859/specs935-v1-FA-P015098-U2OS-48h-P12-L1_L02_s2_w594ADEC6A-F565-4D3F-BEC9-6590DF00862C.npy,topoisomerase inhibitor
P015098,L02,s3,CBK041585,/mnt/micro-images-pvc/specs935-v1/specs935-v1-FA-P015098-U2OS-48h-P12-L1/2021-12-19/859/specs935-v1-FA-P015098-U2OS-48h-P12-L1_L02_s3_w573571E9C-6940-4A2A-8B57-288DE0A33927.npy,topoisomerase inhibitor
P015098,L02,s4,CBK041585,/mnt/micro-images-pvc/specs935-v1/specs935-v1-FA-P015098-U2OS-48h-P12-L1/2021-12-19/859/specs935-v1-FA-P015098-U2OS-48h-P12-L1_L02_s4_w5450550F8-FCC3-4A0E-9141-014EC684EE7E.npy,topoisomerase inhibitor
P015098,L02,s5,CBK041585,/mnt/micro-images-pvc/specs935-v1/specs935-v1-FA-P015098-U2OS-48h-P12-L1/2021-12-19/859/specs935-v1-FA-P015098-U2OS-48h-P12-L1_L02_s5_w55B673FE8-4ECB-4FDE-9759-2D02A156BAFD.npy,topoisomerase inhibitor
P015098,L02,s6,CBK041585,/mnt/micro-images-pvc/specs935-v1/specs935-v1-FA-P015098-U2OS-48h-P12-L1/2021-12-19/859/specs935-v1-FA-P015098-U2OS-48h-P12-L1_L02_s6_w5B64F97CB-01D1-4BCF-93C2-79890CEE9C5C.npy,topoisomerase inhibitor
P015098,L02,s7,CBK041585,/mnt/micro-images-pvc/specs935-v1/specs935-v1-FA-P015098-U2OS-48h-P12-L1/2021-12-19/859/specs935-v1-FA-P015098-U2OS-48h-P12-L1_L02_s7_w57D54A093-1A04-441C-A2AB-FD1A97976A39.npy,topoisomerase inhibitor
P015098,L02,s8,CBK041585,/mnt/micro-images-pvc/specs935-v1/specs935-v1-FA-P015098-U2OS-48h-P12-L1/2021-12-19/859/specs935-v1-FA-P015098-U2OS-48h-P12-L1_L02_s8_w5EC97EB8B-4725-45B2-8909-3D881B810F93.npy,topoisomerase inhibitor
P015098,L02,s9,CBK041585,/mnt/micro-images-pvc/specs935-v1/specs935-v1-FA-P015098-U2OS-48h-P12-L1/2021-12-19/859/specs935-v1-FA-P015098-U2OS-48h-P12-L1_L02_s9_w5124FFA68-04AF-4A59-B183-A16CB69EDFC2.npy,topoisomerase inhibitor
P015098,L04,s1,CBK201030,/mnt/micro-images-pvc/specs935-v1/specs935-v1-FA-P015098-U2OS-48h-P12-L1/2021-12-19/859/specs935-v1-FA-P015098-U2OS-48h-P12-L1_L04_s1_w551A73412-DB5A-413C-92CE-0C6D344C9155.npy,topoisomerase inhibitor
P015098,L04,s2,CBK201030,/mnt/micro-images-pvc/specs935-v1/specs935-v1-FA-P015098-U2OS-48h-P12-L1/2021-12-19/859/specs935-v1-FA-P015098-U2OS-48h-P12-L1_L04_s2_w508E0DE54-F278-4877-ABFC-9522CA998B80.npy,topoisomerase inhibitor
P015098,L04,s3,CBK201030,/mnt/micro-images-pvc/specs935-v1/specs935-v1-FA-P015098-U2OS-48h-P12-L1/2021-12-19/859/specs935-v1-FA-P015098-U2OS-48h-P12-L1_L04_s3_w5144CAF8F-E102-4C01-8E16-566929BDBDB5.npy,topoisomerase inhibitor
P015098,L04,s4,CBK201030,/mnt/micro-images-pvc/specs935-v1/specs935-v1-FA-P015098-U2OS-48h-P12-L1/2021-12-19/859/specs935-v1-FA-P015098-U2OS-48h-P12-L1_L04_s4_w5DB0524F1-7AEC-4418-929B-DD63533E813E.npy,topoisomerase inhibitor
P015098,L04,s5,CBK201030,/mnt/micro-images-pvc/specs935-v1/specs935-v1-FA-P015098-U2OS-48h-P12-L1/2021-12-19/859/specs935-v1-FA-P015098-U2OS-48h-P12-L1_L04_s5_w58413E1F0-FE28-4420-BE50-37143F061F9F.npy,topoisomerase inhibitor
P015098,L04,s6,CBK201030,/mnt/micro-images-pvc/specs935-v1/specs935-v1-FA-P015098-U2OS-48h-P12-L1/2021-12-19/859/specs935-v1-FA-P015098-U2OS-48h-P12-L1_L04_s6_w55D6388F9-4121-420E-B802-9B4B3BD170D9.npy,topoisomerase inhibitor
P015098,L04,s7,CBK201030,/mnt/micro-images-pvc/specs935-v1/specs935-v1-FA-P015098-U2OS-48h-P12-L1/2021-12-19/859/specs935-v1-FA-P015098-U2OS-48h-P12-L1_L04_s7_w599FED94B-10BA-4B95-AE46-2B5ED2B7AA95.npy,topoisomerase inhibitor
P015098,L04,s8,CBK201030,/mnt/micro-images-pvc/specs935-v1/specs935-v1-FA-P015098-U2OS-48h-P12-L1/2021-12-19/859/specs935-v1-FA-P015098-U2OS-48h-P12-L1_L04_s8_w5C4A03CCA-FBBE-47F6-AAE9-B6D3558E398E.npy,topoisomerase inhibitor
P015098,L04,s9,CBK201030,/mnt/micro-images-pvc/specs935-v1/specs935-v1-FA-P015098-U2OS-48h-P12-L1/2021-12-19/859/specs935-v1-FA-P015098-U2OS-48h-P12-L1_L04_s9_w53450880A-60FD-4C9C-BF70-2D8DF243D23F.npy,topoisomerase inhibitor
P015098,L05,s1,CBK307747,/mnt/micro-images-pvc/specs935-v1/specs935-v1-FA-P015098-U2OS-48h-P12-L1/2021-12-19/859/specs935-v1-FA-P015098-U2OS-48h-P12-L1_L05_s1_w57A0F3052-5FFD-448D-93D3-6137D53D45A1.npy,tubulin polymerization inhibitor
P015098,L05,s2,CBK307747,/mnt/micro-images-pvc/specs935-v1/specs935-v1-FA-P015098-U2OS-48h-P12-L1/2021-12-19/859/specs935-v1-FA-P015098-U2OS-48h-P12-L1_L05_s2_w5251CE729-8470-4531-8FC0-231CCCFBCB80.npy,tubulin polymerization inhibitor
P015098,L05,s3,CBK307747,/mnt/micro-images-pvc/specs935-v1/specs935-v1-FA-P015098-U2OS-48h-P12-L1/2021-12-19/859/specs935-v1-FA-P015098-U2OS-48h-P12-L1_L05_s3_w50622461E-1814-4352-8B92-77FF579702AF.npy,tubulin polymerization inhibitor
P015098,L05,s4,CBK307747,/mnt/micro-images-pvc/specs935-v1/specs935-v1-FA-P015098-U2OS-48h-P12-L1/2021-12-19/859/specs935-v1-FA-P015098-U2OS-48h-P12-L1_L05_s4_w57C5BE595-2DE5-4668-895D-85DBB4DC2C93.npy,tubulin polymerization inhibitor
P015098,L05,s5,CBK307747,/mnt/micro-images-pvc/specs935-v1/specs935-v1-FA-P015098-U2OS-48h-P12-L1/2021-12-19/859/specs935-v1-FA-P015098-U2OS-48h-P12-L1_L05_s5_w5E9BAB7A5-A410-439F-840A-D619F01BCC5B.npy,tubulin polymerization inhibitor
P015098,L05,s6,CBK307747,/mnt/micro-images-pvc/specs935-v1/specs935-v1-FA-P015098-U2OS-48h-P12-L1/2021-12-19/859/specs935-v1-FA-P015098-U2OS-48h-P12-L1_L05_s6_w562D02262-2BB9-4DB8-9221-1A527818BCBA.npy,tubulin polymerization inhibitor
P015098,L05,s7,CBK307747,/mnt/micro-images-pvc/specs935-v1/specs935-v1-FA-P015098-U2OS-48h-P12-L1/2021-12-19/859/specs935-v1-FA-P015098-U2OS-48h-P12-L1_L05_s7_w528106D9D-9DFF-4A9C-8CE9-1A5FA8521255.npy,tubulin polymerization inhibitor
P015098,L05,s8,CBK307747,/mnt/micro-images-pvc/specs935-v1/specs935-v1-FA-P015098-U2OS-48h-P12-L1/2021-12-19/859/specs935-v1-FA-P015098-U2OS-48h-P12-L1_L05_s8_w5274B5B99-5697-4AC0-8903-7CD1F7D97077.npy,tubulin polymerization inhibitor
P015098,L05,s9,CBK307747,/mnt/micro-images-pvc/specs935-v1/specs935-v1-FA-P015098-U2OS-48h-P12-L1/2021-12-19/859/specs935-v1-FA-P015098-U2OS-48h-P12-L1_L05_s9_w5B5D4EFA7-33BF-4379-8774-480F28F9042E.npy,tubulin polymerization inhibitor
P015098,L06,s1,CBK277969,/mnt/micro-images-pvc/specs935-v1/specs935-v1-FA-P015098-U2OS-48h-P12-L1/2021-12-19/859/specs935-v1-FA-P015098-U2OS-48h-P12-L1_L06_s1_w5E6117476-224E-4B57-A458-353370D4ABAC.npy,tubulin polymerization inhibitor
P015098,L06,s2,CBK277969,/mnt/micro-images-pvc/specs935-v1/specs935-v1-FA-P015098-U2OS-48h-P12-L1/2021-12-19/859/specs935-v1-FA-P015098-U2OS-48h-P12-L1_L06_s2_w5E20CCB51-5F2D-4599-B93C-EACC82F1E1DF.npy,tubulin polymerization inhibitor
P015098,L06,s3,CBK277969,/mnt/micro-images-pvc/specs935-v1/specs935-v1-FA-P015098-U2OS-48h-P12-L1/2021-12-19/859/specs935-v1-FA-P015098-U2OS-48h-P12-L1_L06_s3_w56C4D1AF2-A8A3-4B80-B604-3EC5EBB52F4F.npy,tubulin polymerization inhibitor
P015098,L06,s4,CBK277969,/mnt/micro-images-pvc/specs935-v1/specs935-v1-FA-P015098-U2OS-48h-P12-L1/2021-12-19/859/specs935-v1-FA-P015098-U2OS-48h-P12-L1_L06_s4_w539F6D669-2E13-4648-9F16-7738B1DD078A.npy,tubulin polymerization inhibitor
P015098,L06,s5,CBK277969,/mnt/micro-images-pvc/specs935-v1/specs935-v1-FA-P015098-U2OS-48h-P12-L1/2021-12-19/859/specs935-v1-FA-P015098-U2OS-48h-P12-L1_L06_s5_w5E7B63146-E338-41B8-A326-3626DD832521.npy,tubulin polymerization inhibitor
P015098,L06,s6,CBK277969,/mnt/micro-images-pvc/specs935-v1/specs935-v1-FA-P015098-U2OS-48h-P12-L1/2021-12-19/859/specs935-v1-FA-P015098-U2OS-48h-P12-L1_L06_s6_w55CA40E97-F989-4DA5-99ED-3A8CA0A904F2.npy,tubulin polymerization inhibitor
P015098,L06,s7,CBK277969,/mnt/micro-images-pvc/specs935-v1/specs935-v1-FA-P015098-U2OS-48h-P12-L1/2021-12-19/859/specs935-v1-FA-P015098-U2OS-48h-P12-L1_L06_s7_w56E42FD21-9A9B-40EF-BA2D-466541E1B939.npy,tubulin polymerization inhibitor
P015098,L06,s8,CBK277969,/mnt/micro-images-pvc/specs935-v1/specs935-v1-FA-P015098-U2OS-48h-P12-L1/2021-12-19/859/specs935-v1-FA-P015098-U2OS-48h-P12-L1_L06_s8_w51FC7BFFC-02B7-463F-B15B-00DEDB402229.npy,tubulin polymerization inhibitor
P015098,L06,s9,CBK277969,/mnt/micro-images-pvc/specs935-v1/specs935-v1-FA-P015098-U2OS-48h-P12-L1/2021-12-19/859/specs935-v1-FA-P015098-U2OS-48h-P12-L1_L06_s9_w5FDE9549C-9A56-4C81-9551-CFCAE4B8FEC1.npy,tubulin polymerization inhibitor
P015098,L07,s1,CBK308484,/mnt/micro-images-pvc/specs935-v1/specs935-v1-FA-P015098-U2OS-48h-P12-L1/2021-12-19/859/specs935-v1-FA-P015098-U2OS-48h-P12-L1_L07_s1_w5097F612A-8785-49A7-B296-60F4DDFCA557.npy,topoisomerase inhibitor
P015098,L07,s2,CBK308484,/mnt/micro-images-pvc/specs935-v1/specs935-v1-FA-P015098-U2OS-48h-P12-L1/2021-12-19/859/specs935-v1-FA-P015098-U2OS-48h-P12-L1_L07_s2_w5A4DC8C56-D85F-42ED-9C5A-9F0BE1015019.npy,topoisomerase inhibitor
P015098,L07,s3,CBK308484,/mnt/micro-images-pvc/specs935-v1/specs935-v1-FA-P015098-U2OS-48h-P12-L1/2021-12-19/859/specs935-v1-FA-P015098-U2OS-48h-P12-L1_L07_s3_w5900F83DD-40E1-4BD2-8721-B2783233B67E.npy,topoisomerase inhibitor
P015098,L07,s4,CBK308484,/mnt/micro-images-pvc/specs935-v1/specs935-v1-FA-P015098-U2OS-48h-P12-L1/2021-12-19/859/specs935-v1-FA-P015098-U2OS-48h-P12-L1_L07_s4_w52D770277-777B-4496-AD75-C4082CBCBB89.npy,topoisomerase inhibitor
P015098,L07,s5,CBK308484,/mnt/micro-images-pvc/specs935-v1/specs935-v1-FA-P015098-U2OS-48h-P12-L1/2021-12-19/859/specs935-v1-FA-P015098-U2OS-48h-P12-L1_L07_s5_w53D082051-5ABD-4D60-AAB4-E38964095249.npy,topoisomerase inhibitor
P015098,L07,s6,CBK308484,/mnt/micro-images-pvc/specs935-v1/specs935-v1-FA-P015098-U2OS-48h-P12-L1/2021-12-19/859/specs935-v1-FA-P015098-U2OS-48h-P12-L1_L07_s6_w51C6BCA58-5D1D-46CE-B5D1-53DF338DF004.npy,topoisomerase inhibitor
P015098,L07,s7,CBK308484,/mnt/micro-images-pvc/specs935-v1/specs935-v1-FA-P015098-U2OS-48h-P12-L1/2021-12-19/859/specs935-v1-FA-P015098-U2OS-48h-P12-L1_L07_s7_w53E9D312E-7BB5-4B46-BA63-B04C4EEAE5AC.npy,topoisomerase inhibitor
P015098,L07,s8,CBK308484,/mnt/micro-images-pvc/specs935-v1/specs935-v1-FA-P015098-U2OS-48h-P12-L1/2021-12-19/859/specs935-v1-FA-P015098-U2OS-48h-P12-L1_L07_s8_w57BA3998C-0043-4ED8-863F-1438DDFEA4FE.npy,topoisomerase inhibitor
P015098,L07,s9,CBK308484,/mnt/micro-images-pvc/specs935-v1/specs935-v1-FA-P015098-U2OS-48h-P12-L1/2021-12-19/859/specs935-v1-FA-P015098-U2OS-48h-P12-L1_L07_s9_w5F5752B13-B54E-409C-B782-11FF40BC2CC4.npy,topoisomerase inhibitor
P015098,L10,s1,CBK309639,/mnt/micro-images-pvc/specs935-v1/specs935-v1-FA-P015098-U2OS-48h-P12-L1/2021-12-19/859/specs935-v1-FA-P015098-U2OS-48h-P12-L1_L10_s1_w522FC275C-EC49-4A15-AAA3-F1F5796ABC52.npy,topoisomerase inhibitor
P015098,L10,s2,CBK309639,/mnt/micro-images-pvc/specs935-v1/specs935-v1-FA-P015098-U2OS-48h-P12-L1/2021-12-19/859/specs935-v1-FA-P015098-U2OS-48h-P12-L1_L10_s2_w56CA6F20A-9E60-4B4D-B3F7-4D4C2E3F56D5.npy,topoisomerase inhibitor
P015098,L10,s3,CBK309639,/mnt/micro-images-pvc/specs935-v1/specs935-v1-FA-P015098-U2OS-48h-P12-L1/2021-12-19/859/specs935-v1-FA-P015098-U2OS-48h-P12-L1_L10_s3_w52BE1C08B-826E-46A6-9B39-80E912C8ED3A.npy,topoisomerase inhibitor
P015098,L10,s4,CBK309639,/mnt/micro-images-pvc/specs935-v1/specs935-v1-FA-P015098-U2OS-48h-P12-L1/2021-12-19/859/specs935-v1-FA-P015098-U2OS-48h-P12-L1_L10_s4_w5A77837B4-7D0F-40BE-9A74-24D791EB5511.npy,topoisomerase inhibitor
P015098,L10,s5,CBK309639,/mnt/micro-images-pvc/specs935-v1/specs935-v1-FA-P015098-U2OS-48h-P12-L1/2021-12-19/859/specs935-v1-FA-P015098-U2OS-48h-P12-L1_L10_s5_w56DBDDDE8-4DD3-4629-9144-2CD375699782.npy,topoisomerase inhibitor
P015098,L10,s6,CBK309639,/mnt/micro-images-pvc/specs935-v1/specs935-v1-FA-P015098-U2OS-48h-P12-L1/2021-12-19/859/specs935-v1-FA-P015098-U2OS-48h-P12-L1_L10_s6_w555F2840C-F967-428A-8B22-EFCB4332E741.npy,topoisomerase inhibitor
P015098,L10,s7,CBK309639,/mnt/micro-images-pvc/specs935-v1/specs935-v1-FA-P015098-U2OS-48h-P12-L1/2021-12-19/859/specs935-v1-FA-P015098-U2OS-48h-P12-L1_L10_s7_w5BB4F7EF0-02C7-4FAD-BBF5-7A8C0EFBAB48.npy,topoisomerase inhibitor
P015098,L10,s8,CBK309639,/mnt/micro-images-pvc/specs935-v1/specs935-v1-FA-P015098-U2OS-48h-P12-L1/2021-12-19/859/specs935-v1-FA-P015098-U2OS-48h-P12-L1_L10_s8_w53D861C2D-5F9F-4373-A0E9-C5787D4062F5.npy,topoisomerase inhibitor
P015098,L10,s9,CBK309639,/mnt/micro-images-pvc/specs935-v1/specs935-v1-FA-P015098-U2OS-48h-P12-L1/2021-12-19/859/specs935-v1-FA-P015098-U2OS-48h-P12-L1_L10_s9_w51722BF84-69C0-4E6B-9353-33CA3DC9707A.npy,topoisomerase inhibitor
P015098,L11,s1,CBK041506,/mnt/micro-images-pvc/specs935-v1/specs935-v1-FA-P015098-U2OS-48h-P12-L1/2021-12-19/859/specs935-v1-FA-P015098-U2OS-48h-P12-L1_L11_s1_w5C7EF55E0-2011-4BF4-A7D8-ACDD8782553A.npy,topoisomerase inhibitor
P015098,L11,s2,CBK041506,/mnt/micro-images-pvc/specs935-v1/specs935-v1-FA-P015098-U2OS-48h-P12-L1/2021-12-19/859/specs935-v1-FA-P015098-U2OS-48h-P12-L1_L11_s2_w5D0F05CF5-DC23-4DA4-BEB9-53D6D18C67EA.npy,topoisomerase inhibitor
P015098,L11,s3,CBK041506,/mnt/micro-images-pvc/specs935-v1/specs935-v1-FA-P015098-U2OS-48h-P12-L1/2021-12-19/859/specs935-v1-FA-P015098-U2OS-48h-P12-L1_L11_s3_w5C40BBD74-6E2B-4DF3-B422-D9AB8824BB44.npy,topoisomerase inhibitor
P015098,L11,s4,CBK041506,/mnt/micro-images-pvc/specs935-v1/specs935-v1-FA-P015098-U2OS-48h-P12-L1/2021-12-19/859/specs935-v1-FA-P015098-U2OS-48h-P12-L1_L11_s4_w52346B692-3C95-415B-B183-37CF57B54664.npy,topoisomerase inhibitor
P015098,L11,s5,CBK041506,/mnt/micro-images-pvc/specs935-v1/specs935-v1-FA-P015098-U2OS-48h-P12-L1/2021-12-19/859/specs935-v1-FA-P015098-U2OS-48h-P12-L1_L11_s5_w537C70131-7D4C-41FD-822E-A025F8C6CB52.npy,topoisomerase inhibitor
P015098,L11,s6,CBK041506,/mnt/micro-images-pvc/specs935-v1/specs935-v1-FA-P015098-U2OS-48h-P12-L1/2021-12-19/859/specs935-v1-FA-P015098-U2OS-48h-P12-L1_L11_s6_w5F824087E-95A8-49F9-94C2-D30830E99BD1.npy,topoisomerase inhibitor
P015098,L11,s7,CBK041506,/mnt/micro-images-pvc/specs935-v1/specs935-v1-FA-P015098-U2OS-48h-P12-L1/2021-12-19/859/specs935-v1-FA-P015098-U2OS-48h-P12-L1_L11_s7_w5CA852F31-C156-49EF-A1BE-15B41583BCC6.npy,topoisomerase inhibitor
P015098,L11,s8,CBK041506,/mnt/micro-images-pvc/specs935-v1/specs935-v1-FA-P015098-U2OS-48h-P12-L1/2021-12-19/859/specs935-v1-FA-P015098-U2OS-48h-P12-L1_L11_s8_w531AE6032-13D4-44F3-B3C4-94FDBC3828B1.npy,topoisomerase inhibitor
P015098,L11,s9,CBK041506,/mnt/micro-images-pvc/specs935-v1/specs935-v1-FA-P015098-U2OS-48h-P12-L1/2021-12-19/859/specs935-v1-FA-P015098-U2OS-48h-P12-L1_L11_s9_w5D282E9DE-8300-45A9-A857-FA3B062B6244.npy,topoisomerase inhibitor
P015098,L12,s1,CBK011613,/mnt/micro-images-pvc/specs935-v1/specs935-v1-FA-P015098-U2OS-48h-P12-L1/2021-12-19/859/specs935-v1-FA-P015098-U2OS-48h-P12-L1_L12_s1_w5739D7A86-EB18-48EC-B37C-EC72648413B5.npy,retinoid receptor agonist
P015098,L12,s2,CBK011613,/mnt/micro-images-pvc/specs935-v1/specs935-v1-FA-P015098-U2OS-48h-P12-L1/2021-12-19/859/specs935-v1-FA-P015098-U2OS-48h-P12-L1_L12_s2_w50A197B96-DE48-4254-8208-720142021DEC.npy,retinoid receptor agonist
P015098,L12,s3,CBK011613,/mnt/micro-images-pvc/specs935-v1/specs935-v1-FA-P015098-U2OS-48h-P12-L1/2021-12-19/859/specs935-v1-FA-P015098-U2OS-48h-P12-L1_L12_s3_w59B5A1E5F-3745-477A-9A56-66AF834FC582.npy,retinoid receptor agonist
P015098,L12,s4,CBK011613,/mnt/micro-images-pvc/specs935-v1/specs935-v1-FA-P015098-U2OS-48h-P12-L1/2021-12-19/859/specs935-v1-FA-P015098-U2OS-48h-P12-L1_L12_s4_w5475A2580-7355-445F-828C-1A68B081E8B4.npy,retinoid receptor agonist
P015098,L12,s5,CBK011613,/mnt/micro-images-pvc/specs935-v1/specs935-v1-FA-P015098-U2OS-48h-P12-L1/2021-12-19/859/specs935-v1-FA-P015098-U2OS-48h-P12-L1_L12_s5_w5EA5CD077-2A4C-40DA-AC58-A6A1BC33BAEC.npy,retinoid receptor agonist
P015098,L12,s6,CBK011613,/mnt/micro-images-pvc/specs935-v1/specs935-v1-FA-P015098-U2OS-48h-P12-L1/2021-12-19/859/specs935-v1-FA-P015098-U2OS-48h-P12-L1_L12_s6_w5904F9A59-BDBE-4FA0-9F33-61230B86E829.npy,retinoid receptor agonist
P015098,L12,s7,CBK011613,/mnt/micro-images-pvc/specs935-v1/specs935-v1-FA-P015098-U2OS-48h-P12-L1/2021-12-19/859/specs935-v1-FA-P015098-U2OS-48h-P12-L1_L12_s7_w59C5B9408-8282-4CA4-BDED-9C1C6AAD56D4.npy,retinoid receptor agonist
P015098,L12,s8,CBK011613,/mnt/micro-images-pvc/specs935-v1/specs935-v1-FA-P015098-U2OS-48h-P12-L1/2021-12-19/859/specs935-v1-FA-P015098-U2OS-48h-P12-L1_L12_s8_w575878321-8068-44BC-8E89-0BAD39E38069.npy,retinoid receptor agonist
P015098,L12,s9,CBK011613,/mnt/micro-images-pvc/specs935-v1/specs935-v1-FA-P015098-U2OS-48h-P12-L1/2021-12-19/859/specs935-v1-FA-P015098-U2OS-48h-P12-L1_L12_s9_w518D5982D-A845-42EB-830E-9093A742263F.npy,retinoid receptor agonist
P015098,L13,s1,CBK290217,/mnt/micro-images-pvc/specs935-v1/specs935-v1-FA-P015098-U2OS-48h-P12-L1/2021-12-19/859/specs935-v1-FA-P015098-U2OS-48h-P12-L1_L13_s1_w5DBB279B8-1199-428B-9FCC-FB7FB3CA28AF.npy,retinoid receptor agonist
P015098,L13,s2,CBK290217,/mnt/micro-images-pvc/specs935-v1/specs935-v1-FA-P015098-U2OS-48h-P12-L1/2021-12-19/859/specs935-v1-FA-P015098-U2OS-48h-P12-L1_L13_s2_w52175ED85-656A-4441-AC85-C2DB39F12017.npy,retinoid receptor agonist
P015098,L13,s3,CBK290217,/mnt/micro-images-pvc/specs935-v1/specs935-v1-FA-P015098-U2OS-48h-P12-L1/2021-12-19/859/specs935-v1-FA-P015098-U2OS-48h-P12-L1_L13_s3_w566F4421E-9CAB-4F85-8BC6-E2E538558720.npy,retinoid receptor agonist
P015098,L13,s4,CBK290217,/mnt/micro-images-pvc/specs935-v1/specs935-v1-FA-P015098-U2OS-48h-P12-L1/2021-12-19/859/specs935-v1-FA-P015098-U2OS-48h-P12-L1_L13_s4_w518F83F23-BC57-47BF-A775-09692627BEA4.npy,retinoid receptor agonist
P015098,L13,s5,CBK290217,/mnt/micro-images-pvc/specs935-v1/specs935-v1-FA-P015098-U2OS-48h-P12-L1/2021-12-19/859/specs935-v1-FA-P015098-U2OS-48h-P12-L1_L13_s5_w53CB86E29-71D7-47C8-907B-DB6859FE6DDA.npy,retinoid receptor agonist
P015098,L13,s6,CBK290217,/mnt/micro-images-pvc/specs935-v1/specs935-v1-FA-P015098-U2OS-48h-P12-L1/2021-12-19/859/specs935-v1-FA-P015098-U2OS-48h-P12-L1_L13_s6_w54C824272-0166-4EC6-BCCA-AA69D99E0862.npy,retinoid receptor agonist
P015098,L13,s7,CBK290217,/mnt/micro-images-pvc/specs935-v1/specs935-v1-FA-P015098-U2OS-48h-P12-L1/2021-12-19/859/specs935-v1-FA-P015098-U2OS-48h-P12-L1_L13_s7_w5434BEE03-8E9D-43FF-9FD1-E327C0846646.npy,retinoid receptor agonist
P015098,L13,s8,CBK290217,/mnt/micro-images-pvc/specs935-v1/specs935-v1-FA-P015098-U2OS-48h-P12-L1/2021-12-19/859/specs935-v1-FA-P015098-U2OS-48h-P12-L1_L13_s8_w564C37A39-AC3C-49CA-9535-23A71821900E.npy,retinoid receptor agonist
P015098,L13,s9,CBK290217,/mnt/micro-images-pvc/specs935-v1/specs935-v1-FA-P015098-U2OS-48h-P12-L1/2021-12-19/859/specs935-v1-FA-P015098-U2OS-48h-P12-L1_L13_s9_w502F16B1C-5EB3-4C30-BA74-C7826E5DA15B.npy,retinoid receptor agonist
P015098,L14,s1,CBK041678,/mnt/micro-images-pvc/specs935-v1/specs935-v1-FA-P015098-U2OS-48h-P12-L1/2021-12-19/859/specs935-v1-FA-P015098-U2OS-48h-P12-L1_L14_s1_w5779EBE44-0ACA-4292-9E74-14151BF75E4F.npy,topoisomerase inhibitor
P015098,L14,s2,CBK041678,/mnt/micro-images-pvc/specs935-v1/specs935-v1-FA-P015098-U2OS-48h-P12-L1/2021-12-19/859/specs935-v1-FA-P015098-U2OS-48h-P12-L1_L14_s2_w507093CB2-FF60-43E2-8DC1-FAAAA7ED8836.npy,topoisomerase inhibitor
P015098,L14,s3,CBK041678,/mnt/micro-images-pvc/specs935-v1/specs935-v1-FA-P015098-U2OS-48h-P12-L1/2021-12-19/859/specs935-v1-FA-P015098-U2OS-48h-P12-L1_L14_s3_w5D6F41795-38E2-4746-9B10-D70A9941A579.npy,topoisomerase inhibitor
P015098,L14,s4,CBK041678,/mnt/micro-images-pvc/specs935-v1/specs935-v1-FA-P015098-U2OS-48h-P12-L1/2021-12-19/859/specs935-v1-FA-P015098-U2OS-48h-P12-L1_L14_s4_w576F610CE-961B-45D4-8F96-892F75483DB2.npy,topoisomerase inhibitor
P015098,L14,s5,CBK041678,/mnt/micro-images-pvc/specs935-v1/specs935-v1-FA-P015098-U2OS-48h-P12-L1/2021-12-19/859/specs935-v1-FA-P015098-U2OS-48h-P12-L1_L14_s5_w554FC2932-D7AA-495A-89A5-7F324798D0B9.npy,topoisomerase inhibitor
P015098,L14,s6,CBK041678,/mnt/micro-images-pvc/specs935-v1/specs935-v1-FA-P015098-U2OS-48h-P12-L1/2021-12-19/859/specs935-v1-FA-P015098-U2OS-48h-P12-L1_L14_s6_w5A5DA5056-B2C5-43DE-A380-CA006D25DE74.npy,topoisomerase inhibitor
P015098,L14,s7,CBK041678,/mnt/micro-images-pvc/specs935-v1/specs935-v1-FA-P015098-U2OS-48h-P12-L1/2021-12-19/859/specs935-v1-FA-P015098-U2OS-48h-P12-L1_L14_s7_w5362D4421-18F2-40AF-B0F1-D775D34466CE.npy,topoisomerase inhibitor
P015098,L14,s8,CBK041678,/mnt/micro-images-pvc/specs935-v1/specs935-v1-FA-P015098-U2OS-48h-P12-L1/2021-12-19/859/specs935-v1-FA-P015098-U2OS-48h-P12-L1_L14_s8_w5CE4F8B54-6A83-47A1-8A7A-630D0697C92B.npy,topoisomerase inhibitor
P015098,L14,s9,CBK041678,/mnt/micro-images-pvc/specs935-v1/specs935-v1-FA-P015098-U2OS-48h-P12-L1/2021-12-19/859/specs935-v1-FA-P015098-U2OS-48h-P12-L1_L14_s9_w529DEE3E5-A13B-4DF8-98F1-2DDDDE206069.npy,topoisomerase inhibitor
P015098,L15,s1,CBK309020,/mnt/micro-images-pvc/specs935-v1/specs935-v1-FA-P015098-U2OS-48h-P12-L1/2021-12-19/859/specs935-v1-FA-P015098-U2OS-48h-P12-L1_L15_s1_w510569ECC-4856-4D61-8020-A3B4715353B2.npy,topoisomerase inhibitor
P015098,L15,s2,CBK309020,/mnt/micro-images-pvc/specs935-v1/specs935-v1-FA-P015098-U2OS-48h-P12-L1/2021-12-19/859/specs935-v1-FA-P015098-U2OS-48h-P12-L1_L15_s2_w5D38FA058-6B9C-4CFA-A238-80E5F82470D4.npy,topoisomerase inhibitor
P015098,L15,s3,CBK309020,/mnt/micro-images-pvc/specs935-v1/specs935-v1-FA-P015098-U2OS-48h-P12-L1/2021-12-19/859/specs935-v1-FA-P015098-U2OS-48h-P12-L1_L15_s3_w5B6A63CB1-4392-4BD7-B3C6-9EF7AD3F1B03.npy,topoisomerase inhibitor
P015098,L15,s4,CBK309020,/mnt/micro-images-pvc/specs935-v1/specs935-v1-FA-P015098-U2OS-48h-P12-L1/2021-12-19/859/specs935-v1-FA-P015098-U2OS-48h-P12-L1_L15_s4_w5BF0E6DF1-E3D4-44DB-8736-A44708B38C53.npy,topoisomerase inhibitor
P015098,L15,s5,CBK309020,/mnt/micro-images-pvc/specs935-v1/specs935-v1-FA-P015098-U2OS-48h-P12-L1/2021-12-19/859/specs935-v1-FA-P015098-U2OS-48h-P12-L1_L15_s5_w5AD779540-C15A-4211-94E0-F1F03F5A9BE2.npy,topoisomerase inhibitor
P015098,L15,s6,CBK309020,/mnt/micro-images-pvc/specs935-v1/specs935-v1-FA-P015098-U2OS-48h-P12-L1/2021-12-19/859/specs935-v1-FA-P015098-U2OS-48h-P12-L1_L15_s6_w5F0442CE3-A158-44FC-8BE7-953E70717A3C.npy,topoisomerase inhibitor
P015098,L15,s7,CBK309020,/mnt/micro-images-pvc/specs935-v1/specs935-v1-FA-P015098-U2OS-48h-P12-L1/2021-12-19/859/specs935-v1-FA-P015098-U2OS-48h-P12-L1_L15_s7_w54680DD10-B0C4-43F4-8962-B4D79EA7491C.npy,topoisomerase inhibitor
P015098,L15,s8,CBK309020,/mnt/micro-images-pvc/specs935-v1/specs935-v1-FA-P015098-U2OS-48h-P12-L1/2021-12-19/859/specs935-v1-FA-P015098-U2OS-48h-P12-L1_L15_s8_w53F96CBCE-A746-4820-895F-8EB7716EEF87.npy,topoisomerase inhibitor
P015098,L15,s9,CBK309020,/mnt/micro-images-pvc/specs935-v1/specs935-v1-FA-P015098-U2OS-48h-P12-L1/2021-12-19/859/specs935-v1-FA-P015098-U2OS-48h-P12-L1_L15_s9_w56FBADEEC-9B0B-4A8A-90EA-FE1E3922DCAE.npy,topoisomerase inhibitor
P015098,L17,s1,CBK308173,/mnt/micro-images-pvc/specs935-v1/specs935-v1-FA-P015098-U2OS-48h-P12-L1/2021-12-19/859/specs935-v1-FA-P015098-U2OS-48h-P12-L1_L17_s1_w52F2C9E8D-9106-4E6D-8847-E7AEED219F93.npy,topoisomerase inhibitor
P015098,L17,s2,CBK308173,/mnt/micro-images-pvc/specs935-v1/specs935-v1-FA-P015098-U2OS-48h-P12-L1/2021-12-19/859/specs935-v1-FA-P015098-U2OS-48h-P12-L1_L17_s2_w5DC6EB6FD-D7AB-49B0-9069-E4E69A6C1A29.npy,topoisomerase inhibitor
P015098,L17,s3,CBK308173,/mnt/micro-images-pvc/specs935-v1/specs935-v1-FA-P015098-U2OS-48h-P12-L1/2021-12-19/859/specs935-v1-FA-P015098-U2OS-48h-P12-L1_L17_s3_w54F0AC152-CCBA-4741-AD6F-4926282E7377.npy,topoisomerase inhibitor
P015098,L17,s4,CBK308173,/mnt/micro-images-pvc/specs935-v1/specs935-v1-FA-P015098-U2OS-48h-P12-L1/2021-12-19/859/specs935-v1-FA-P015098-U2OS-48h-P12-L1_L17_s4_w5D6462439-87A1-4625-9547-E99B8F6C7ECD.npy,topoisomerase inhibitor
P015098,L17,s5,CBK308173,/mnt/micro-images-pvc/specs935-v1/specs935-v1-FA-P015098-U2OS-48h-P12-L1/2021-12-19/859/specs935-v1-FA-P015098-U2OS-48h-P12-L1_L17_s5_w525DFD84D-E10E-42D0-84B9-5BBEEED9EEAB.npy,topoisomerase inhibitor
P015098,L17,s6,CBK308173,/mnt/micro-images-pvc/specs935-v1/specs935-v1-FA-P015098-U2OS-48h-P12-L1/2021-12-19/859/specs935-v1-FA-P015098-U2OS-48h-P12-L1_L17_s6_w5F6B72D84-8CEA-47F5-B8E4-437564A10915.npy,topoisomerase inhibitor
P015098,L17,s7,CBK308173,/mnt/micro-images-pvc/specs935-v1/specs935-v1-FA-P015098-U2OS-48h-P12-L1/2021-12-19/859/specs935-v1-FA-P015098-U2OS-48h-P12-L1_L17_s7_w53AA25DE3-C366-4B05-BD47-F9E3CD92B54C.npy,topoisomerase inhibitor
P015098,L17,s8,CBK308173,/mnt/micro-images-pvc/specs935-v1/specs935-v1-FA-P015098-U2OS-48h-P12-L1/2021-12-19/859/specs935-v1-FA-P015098-U2OS-48h-P12-L1_L17_s8_w5D181F211-82F2-4C3B-B7BB-2C7567BD300B.npy,topoisomerase inhibitor
P015098,L17,s9,CBK308173,/mnt/micro-images-pvc/specs935-v1/specs935-v1-FA-P015098-U2OS-48h-P12-L1/2021-12-19/859/specs935-v1-FA-P015098-U2OS-48h-P12-L1_L17_s9_w5F6B69C47-4850-4FF3-B1D4-69695AB3DFA3.npy,topoisomerase inhibitor
P015098,L21,s1,CBK041770,/mnt/micro-images-pvc/specs935-v1/specs935-v1-FA-P015098-U2OS-48h-P12-L1/2021-12-19/859/specs935-v1-FA-P015098-U2OS-48h-P12-L1_L21_s1_w549750FFB-C908-40FC-AFC2-6FD50B4D8347.npy,topoisomerase inhibitor
P015098,L21,s2,CBK041770,/mnt/micro-images-pvc/specs935-v1/specs935-v1-FA-P015098-U2OS-48h-P12-L1/2021-12-19/859/specs935-v1-FA-P015098-U2OS-48h-P12-L1_L21_s2_w59741719D-884E-4AC3-86D9-3773273A2C23.npy,topoisomerase inhibitor
P015098,L21,s3,CBK041770,/mnt/micro-images-pvc/specs935-v1/specs935-v1-FA-P015098-U2OS-48h-P12-L1/2021-12-19/859/specs935-v1-FA-P015098-U2OS-48h-P12-L1_L21_s3_w5FC6C2974-EDC3-49E4-866D-623C621F5D5B.npy,topoisomerase inhibitor
P015098,L21,s4,CBK041770,/mnt/micro-images-pvc/specs935-v1/specs935-v1-FA-P015098-U2OS-48h-P12-L1/2021-12-19/859/specs935-v1-FA-P015098-U2OS-48h-P12-L1_L21_s4_w543CE79DC-3081-42D8-86E0-A34910663477.npy,topoisomerase inhibitor
P015098,L21,s5,CBK041770,/mnt/micro-images-pvc/specs935-v1/specs935-v1-FA-P015098-U2OS-48h-P12-L1/2021-12-19/859/specs935-v1-FA-P015098-U2OS-48h-P12-L1_L21_s5_w5A8ADDC08-4AA0-42B2-9F99-28F2E8791141.npy,topoisomerase inhibitor
P015098,L21,s6,CBK041770,/mnt/micro-images-pvc/specs935-v1/specs935-v1-FA-P015098-U2OS-48h-P12-L1/2021-12-19/859/specs935-v1-FA-P015098-U2OS-48h-P12-L1_L21_s6_w5A44A8BC1-E074-47E0-BBAE-433972AD8783.npy,topoisomerase inhibitor
P015098,L21,s7,CBK041770,/mnt/micro-images-pvc/specs935-v1/specs935-v1-FA-P015098-U2OS-48h-P12-L1/2021-12-19/859/specs935-v1-FA-P015098-U2OS-48h-P12-L1_L21_s7_w56A47D6F3-DFD5-407E-980B-A9C20455265E.npy,topoisomerase inhibitor
P015098,L21,s8,CBK041770,/mnt/micro-images-pvc/specs935-v1/specs935-v1-FA-P015098-U2OS-48h-P12-L1/2021-12-19/859/specs935-v1-FA-P015098-U2OS-48h-P12-L1_L21_s8_w5111F500D-0061-4EDF-AF1C-B0884DBB9767.npy,topoisomerase inhibitor
P015098,L21,s9,CBK041770,/mnt/micro-images-pvc/specs935-v1/specs935-v1-FA-P015098-U2OS-48h-P12-L1/2021-12-19/859/specs935-v1-FA-P015098-U2OS-48h-P12-L1_L21_s9_w569C008EC-4491-401D-A9FD-2A8A61D07A5C.npy,topoisomerase inhibitor
P015098,L22,s1,CBK200945,/mnt/micro-images-pvc/specs935-v1/specs935-v1-FA-P015098-U2OS-48h-P12-L1/2021-12-19/859/specs935-v1-FA-P015098-U2OS-48h-P12-L1_L22_s1_w52FF50A75-943A-4F9A-A511-11000360FB32.npy,tubulin polymerization inhibitor
P015098,L22,s2,CBK200945,/mnt/micro-images-pvc/specs935-v1/specs935-v1-FA-P015098-U2OS-48h-P12-L1/2021-12-19/859/specs935-v1-FA-P015098-U2OS-48h-P12-L1_L22_s2_w564D3537B-C4AD-4A2A-9548-809675DC54BF.npy,tubulin polymerization inhibitor
P015098,L22,s3,CBK200945,/mnt/micro-images-pvc/specs935-v1/specs935-v1-FA-P015098-U2OS-48h-P12-L1/2021-12-19/859/specs935-v1-FA-P015098-U2OS-48h-P12-L1_L22_s3_w515DD14AD-9CCC-4FD4-A41A-A44597CF7BA1.npy,tubulin polymerization inhibitor
P015098,L22,s4,CBK200945,/mnt/micro-images-pvc/specs935-v1/specs935-v1-FA-P015098-U2OS-48h-P12-L1/2021-12-19/859/specs935-v1-FA-P015098-U2OS-48h-P12-L1_L22_s4_w5B7B50779-8383-4C30-B4FC-1292544E3EED.npy,tubulin polymerization inhibitor
P015098,L22,s5,CBK200945,/mnt/micro-images-pvc/specs935-v1/specs935-v1-FA-P015098-U2OS-48h-P12-L1/2021-12-19/859/specs935-v1-FA-P015098-U2OS-48h-P12-L1_L22_s5_w593E4C410-1637-4A25-B440-D549500C08DE.npy,tubulin polymerization inhibitor
P015098,L22,s6,CBK200945,/mnt/micro-images-pvc/specs935-v1/specs935-v1-FA-P015098-U2OS-48h-P12-L1/2021-12-19/859/specs935-v1-FA-P015098-U2OS-48h-P12-L1_L22_s6_w54C03FB21-6AB8-4A77-A5FE-79FB1124F7DD.npy,tubulin polymerization inhibitor
P015098,L22,s7,CBK200945,/mnt/micro-images-pvc/specs935-v1/specs935-v1-FA-P015098-U2OS-48h-P12-L1/2021-12-19/859/specs935-v1-FA-P015098-U2OS-48h-P12-L1_L22_s7_w5441BC147-7DAD-431B-A81A-B8F92436B4A5.npy,tubulin polymerization inhibitor
P015098,L22,s8,CBK200945,/mnt/micro-images-pvc/specs935-v1/specs935-v1-FA-P015098-U2OS-48h-P12-L1/2021-12-19/859/specs935-v1-FA-P015098-U2OS-48h-P12-L1_L22_s8_w5E602442F-DB64-4014-80A3-0A477A84ED08.npy,tubulin polymerization inhibitor
P015098,L22,s9,CBK200945,/mnt/micro-images-pvc/specs935-v1/specs935-v1-FA-P015098-U2OS-48h-P12-L1/2021-12-19/859/specs935-v1-FA-P015098-U2OS-48h-P12-L1_L22_s9_w594958454-DD4F-48CA-9D6A-3B4221CDBA81.npy,tubulin polymerization inhibitor
P015098,M03,s1,CBK277937,/mnt/micro-images-pvc/specs935-v1/specs935-v1-FA-P015098-U2OS-48h-P12-L1/2021-12-19/859/specs935-v1-FA-P015098-U2OS-48h-P12-L1_M03_s1_w56BC96756-B60A-487F-8081-A55BB63F3927.npy,tubulin polymerization inhibitor
P015098,M03,s2,CBK277937,/mnt/micro-images-pvc/specs935-v1/specs935-v1-FA-P015098-U2OS-48h-P12-L1/2021-12-19/859/specs935-v1-FA-P015098-U2OS-48h-P12-L1_M03_s2_w56FD6F007-91FD-4AB4-81D7-FB4B9312FCDF.npy,tubulin polymerization inhibitor
P015098,M03,s3,CBK277937,/mnt/micro-images-pvc/specs935-v1/specs935-v1-FA-P015098-U2OS-48h-P12-L1/2021-12-19/859/specs935-v1-FA-P015098-U2OS-48h-P12-L1_M03_s3_w50340EB48-F85E-45CD-AE69-BBEFF9C07DA6.npy,tubulin polymerization inhibitor
P015098,M03,s4,CBK277937,/mnt/micro-images-pvc/specs935-v1/specs935-v1-FA-P015098-U2OS-48h-P12-L1/2021-12-19/859/specs935-v1-FA-P015098-U2OS-48h-P12-L1_M03_s4_w5B9333076-CF46-4ABE-868F-44F271647851.npy,tubulin polymerization inhibitor
P015098,M03,s5,CBK277937,/mnt/micro-images-pvc/specs935-v1/specs935-v1-FA-P015098-U2OS-48h-P12-L1/2021-12-19/859/specs935-v1-FA-P015098-U2OS-48h-P12-L1_M03_s5_w5BFF68426-F5CD-4C45-8599-AA4927B49CD5.npy,tubulin polymerization inhibitor
P015098,M03,s6,CBK277937,/mnt/micro-images-pvc/specs935-v1/specs935-v1-FA-P015098-U2OS-48h-P12-L1/2021-12-19/859/specs935-v1-FA-P015098-U2OS-48h-P12-L1_M03_s6_w5165E7423-9299-40CB-983A-B52A75582A89.npy,tubulin polymerization inhibitor
P015098,M03,s7,CBK277937,/mnt/micro-images-pvc/specs935-v1/specs935-v1-FA-P015098-U2OS-48h-P12-L1/2021-12-19/859/specs935-v1-FA-P015098-U2OS-48h-P12-L1_M03_s7_w5819B2682-890A-42E1-BCF7-27A0754F7610.npy,tubulin polymerization inhibitor
P015098,M03,s8,CBK277937,/mnt/micro-images-pvc/specs935-v1/specs935-v1-FA-P015098-U2OS-48h-P12-L1/2021-12-19/859/specs935-v1-FA-P015098-U2OS-48h-P12-L1_M03_s8_w526083DF5-02B4-4FF4-8D68-39A17FC77E2C.npy,tubulin polymerization inhibitor
P015098,M03,s9,CBK277937,/mnt/micro-images-pvc/specs935-v1/specs935-v1-FA-P015098-U2OS-48h-P12-L1/2021-12-19/859/specs935-v1-FA-P015098-U2OS-48h-P12-L1_M03_s9_w51EDC1A3F-994D-4748-BD51-D08E6021CA67.npy,tubulin polymerization inhibitor
P015098,M04,s1,CBK309016,/mnt/micro-images-pvc/specs935-v1/specs935-v1-FA-P015098-U2OS-48h-P12-L1/2021-12-19/859/specs935-v1-FA-P015098-U2OS-48h-P12-L1_M04_s1_w5FB541D1E-4E35-4EF9-8816-B5226884F94A.npy,tubulin polymerization inhibitor
P015098,M04,s2,CBK309016,/mnt/micro-images-pvc/specs935-v1/specs935-v1-FA-P015098-U2OS-48h-P12-L1/2021-12-19/859/specs935-v1-FA-P015098-U2OS-48h-P12-L1_M04_s2_w5D00BB488-C2CC-4A2E-BC58-BBDDE4B534D4.npy,tubulin polymerization inhibitor
P015098,M04,s3,CBK309016,/mnt/micro-images-pvc/specs935-v1/specs935-v1-FA-P015098-U2OS-48h-P12-L1/2021-12-19/859/specs935-v1-FA-P015098-U2OS-48h-P12-L1_M04_s3_w581FCEC21-3136-4E06-BC1D-3AC8FA0AEC8B.npy,tubulin polymerization inhibitor
P015098,M04,s4,CBK309016,/mnt/micro-images-pvc/specs935-v1/specs935-v1-FA-P015098-U2OS-48h-P12-L1/2021-12-19/859/specs935-v1-FA-P015098-U2OS-48h-P12-L1_M04_s4_w529BA30A3-A060-495B-91C0-CC188A2FDF49.npy,tubulin polymerization inhibitor
P015098,M04,s5,CBK309016,/mnt/micro-images-pvc/specs935-v1/specs935-v1-FA-P015098-U2OS-48h-P12-L1/2021-12-19/859/specs935-v1-FA-P015098-U2OS-48h-P12-L1_M04_s5_w5B58F15E6-F3CE-4C67-BD94-733C3DA45247.npy,tubulin polymerization inhibitor
P015098,M04,s6,CBK309016,/mnt/micro-images-pvc/specs935-v1/specs935-v1-FA-P015098-U2OS-48h-P12-L1/2021-12-19/859/specs935-v1-FA-P015098-U2OS-48h-P12-L1_M04_s6_w57556FC8A-2B8D-4A33-A8D3-21A2146D22E6.npy,tubulin polymerization inhibitor
P015098,M04,s7,CBK309016,/mnt/micro-images-pvc/specs935-v1/specs935-v1-FA-P015098-U2OS-48h-P12-L1/2021-12-19/859/specs935-v1-FA-P015098-U2OS-48h-P12-L1_M04_s7_w57005046E-BAF4-444C-907A-E854345F1EF4.npy,tubulin polymerization inhibitor
P015098,M04,s8,CBK309016,/mnt/micro-images-pvc/specs935-v1/specs935-v1-FA-P015098-U2OS-48h-P12-L1/2021-12-19/859/specs935-v1-FA-P015098-U2OS-48h-P12-L1_M04_s8_w53626AF17-C6D1-4224-A731-A21F33A0184F.npy,tubulin polymerization inhibitor
P015098,M04,s9,CBK309016,/mnt/micro-images-pvc/specs935-v1/specs935-v1-FA-P015098-U2OS-48h-P12-L1/2021-12-19/859/specs935-v1-FA-P015098-U2OS-48h-P12-L1_M04_s9_w5FF199DDC-438E-4248-B3C0-37FDCE312E2A.npy,tubulin polymerization inhibitor
P015098,M05,s1,CBK309265,/mnt/micro-images-pvc/specs935-v1/specs935-v1-FA-P015098-U2OS-48h-P12-L1/2021-12-19/859/specs935-v1-FA-P015098-U2OS-48h-P12-L1_M05_s1_w50F1FBCB6-FE67-46B5-8D04-4414F809DD5E.npy,topoisomerase inhibitor
P015098,M05,s2,CBK309265,/mnt/micro-images-pvc/specs935-v1/specs935-v1-FA-P015098-U2OS-48h-P12-L1/2021-12-19/859/specs935-v1-FA-P015098-U2OS-48h-P12-L1_M05_s2_w5CBAA7BC4-B02D-419C-BE8B-AAD272947000.npy,topoisomerase inhibitor
P015098,M05,s3,CBK309265,/mnt/micro-images-pvc/specs935-v1/specs935-v1-FA-P015098-U2OS-48h-P12-L1/2021-12-19/859/specs935-v1-FA-P015098-U2OS-48h-P12-L1_M05_s3_w5650C1A74-E1D2-4B25-AC0E-16CEB33FEB38.npy,topoisomerase inhibitor
P015098,M05,s4,CBK309265,/mnt/micro-images-pvc/specs935-v1/specs935-v1-FA-P015098-U2OS-48h-P12-L1/2021-12-19/859/specs935-v1-FA-P015098-U2OS-48h-P12-L1_M05_s4_w5201DA446-CB0D-4C58-BA5F-772D64E679D8.npy,topoisomerase inhibitor
P015098,M05,s5,CBK309265,/mnt/micro-images-pvc/specs935-v1/specs935-v1-FA-P015098-U2OS-48h-P12-L1/2021-12-19/859/specs935-v1-FA-P015098-U2OS-48h-P12-L1_M05_s5_w51695D149-9ACF-4A53-8639-A787AD4E46DB.npy,topoisomerase inhibitor
P015098,M05,s6,CBK309265,/mnt/micro-images-pvc/specs935-v1/specs935-v1-FA-P015098-U2OS-48h-P12-L1/2021-12-19/859/specs935-v1-FA-P015098-U2OS-48h-P12-L1_M05_s6_w519A11419-F0B9-48E3-8241-FD6F930F4F95.npy,topoisomerase inhibitor
P015098,M05,s7,CBK309265,/mnt/micro-images-pvc/specs935-v1/specs935-v1-FA-P015098-U2OS-48h-P12-L1/2021-12-19/859/specs935-v1-FA-P015098-U2OS-48h-P12-L1_M05_s7_w5BE2E0F1C-B8AB-4B67-809D-D256E4962C22.npy,topoisomerase inhibitor
P015098,M05,s8,CBK309265,/mnt/micro-images-pvc/specs935-v1/specs935-v1-FA-P015098-U2OS-48h-P12-L1/2021-12-19/859/specs935-v1-FA-P015098-U2OS-48h-P12-L1_M05_s8_w52D4A931C-47BE-44BD-98A3-90D1DB72C24C.npy,topoisomerase inhibitor
P015098,M05,s9,CBK309265,/mnt/micro-images-pvc/specs935-v1/specs935-v1-FA-P015098-U2OS-48h-P12-L1/2021-12-19/859/specs935-v1-FA-P015098-U2OS-48h-P12-L1_M05_s9_w5CF2F1824-4F22-41CC-B82A-BD50D538EF6D.npy,topoisomerase inhibitor
P015098,M12,s1,CBK307747,/mnt/micro-images-pvc/specs935-v1/specs935-v1-FA-P015098-U2OS-48h-P12-L1/2021-12-19/859/specs935-v1-FA-P015098-U2OS-48h-P12-L1_M12_s1_w5A33AFC1A-842D-4B2B-9CC5-E07DB38782A2.npy,tubulin polymerization inhibitor
P015098,M12,s2,CBK307747,/mnt/micro-images-pvc/specs935-v1/specs935-v1-FA-P015098-U2OS-48h-P12-L1/2021-12-19/859/specs935-v1-FA-P015098-U2OS-48h-P12-L1_M12_s2_w5E41BD8BD-A5D5-4465-B1B4-9D54FC71CD6A.npy,tubulin polymerization inhibitor
P015098,M12,s3,CBK307747,/mnt/micro-images-pvc/specs935-v1/specs935-v1-FA-P015098-U2OS-48h-P12-L1/2021-12-19/859/specs935-v1-FA-P015098-U2OS-48h-P12-L1_M12_s3_w5836D265F-3036-40F1-9EE3-29053AA937A2.npy,tubulin polymerization inhibitor
P015098,M12,s4,CBK307747,/mnt/micro-images-pvc/specs935-v1/specs935-v1-FA-P015098-U2OS-48h-P12-L1/2021-12-19/859/specs935-v1-FA-P015098-U2OS-48h-P12-L1_M12_s4_w5507AA275-E0F4-4F8F-85F6-7215679A0BF8.npy,tubulin polymerization inhibitor
P015098,M12,s5,CBK307747,/mnt/micro-images-pvc/specs935-v1/specs935-v1-FA-P015098-U2OS-48h-P12-L1/2021-12-19/859/specs935-v1-FA-P015098-U2OS-48h-P12-L1_M12_s5_w54EE6DC53-582F-438E-98AF-896FA8B96C8C.npy,tubulin polymerization inhibitor
P015098,M12,s6,CBK307747,/mnt/micro-images-pvc/specs935-v1/specs935-v1-FA-P015098-U2OS-48h-P12-L1/2021-12-19/859/specs935-v1-FA-P015098-U2OS-48h-P12-L1_M12_s6_w50B4795A5-F7AD-436E-AC68-A296C5AA2453.npy,tubulin polymerization inhibitor
P015098,M12,s7,CBK307747,/mnt/micro-images-pvc/specs935-v1/specs935-v1-FA-P015098-U2OS-48h-P12-L1/2021-12-19/859/specs935-v1-FA-P015098-U2OS-48h-P12-L1_M12_s7_w50931072A-EC3F-491A-B84C-D296FA6F9D1A.npy,tubulin polymerization inhibitor
P015098,M12,s8,CBK307747,/mnt/micro-images-pvc/specs935-v1/specs935-v1-FA-P015098-U2OS-48h-P12-L1/2021-12-19/859/specs935-v1-FA-P015098-U2OS-48h-P12-L1_M12_s8_w5795747B7-AAEB-4976-B528-1DB79FD3CF02.npy,tubulin polymerization inhibitor
P015098,M12,s9,CBK307747,/mnt/micro-images-pvc/specs935-v1/specs935-v1-FA-P015098-U2OS-48h-P12-L1/2021-12-19/859/specs935-v1-FA-P015098-U2OS-48h-P12-L1_M12_s9_w593F20603-24B2-4C1D-BF43-0512FB889BE0.npy,tubulin polymerization inhibitor
P015098,M14,s1,CBK307798,/mnt/micro-images-pvc/specs935-v1/specs935-v1-FA-P015098-U2OS-48h-P12-L1/2021-12-19/859/specs935-v1-FA-P015098-U2OS-48h-P12-L1_M14_s1_w5E55DDDA1-F0E9-4460-BA24-611891D61D31.npy,topoisomerase inhibitor
P015098,M14,s2,CBK307798,/mnt/micro-images-pvc/specs935-v1/specs935-v1-FA-P015098-U2OS-48h-P12-L1/2021-12-19/859/specs935-v1-FA-P015098-U2OS-48h-P12-L1_M14_s2_w534E92F5E-8C6E-418A-878B-4B9EA6376D58.npy,topoisomerase inhibitor
P015098,M14,s3,CBK307798,/mnt/micro-images-pvc/specs935-v1/specs935-v1-FA-P015098-U2OS-48h-P12-L1/2021-12-19/859/specs935-v1-FA-P015098-U2OS-48h-P12-L1_M14_s3_w59EEB2F98-EDC3-402A-BBC2-E9EC4ABF9D58.npy,topoisomerase inhibitor
P015098,M14,s4,CBK307798,/mnt/micro-images-pvc/specs935-v1/specs935-v1-FA-P015098-U2OS-48h-P12-L1/2021-12-19/859/specs935-v1-FA-P015098-U2OS-48h-P12-L1_M14_s4_w5748C441E-E112-47B2-9D5C-E3495516BC76.npy,topoisomerase inhibitor
P015098,M14,s5,CBK307798,/mnt/micro-images-pvc/specs935-v1/specs935-v1-FA-P015098-U2OS-48h-P12-L1/2021-12-19/859/specs935-v1-FA-P015098-U2OS-48h-P12-L1_M14_s5_w5EC51B1C1-A054-4FE4-A5CF-E658D0133BD9.npy,topoisomerase inhibitor
P015098,M14,s6,CBK307798,/mnt/micro-images-pvc/specs935-v1/specs935-v1-FA-P015098-U2OS-48h-P12-L1/2021-12-19/859/specs935-v1-FA-P015098-U2OS-48h-P12-L1_M14_s6_w50B1D5075-5D47-4C83-BB42-CFBDC57A2FC1.npy,topoisomerase inhibitor
P015098,M14,s7,CBK307798,/mnt/micro-images-pvc/specs935-v1/specs935-v1-FA-P015098-U2OS-48h-P12-L1/2021-12-19/859/specs935-v1-FA-P015098-U2OS-48h-P12-L1_M14_s7_w54E8398BC-698C-4FD8-88B9-EB3A1A80D87A.npy,topoisomerase inhibitor
P015098,M14,s8,CBK307798,/mnt/micro-images-pvc/specs935-v1/specs935-v1-FA-P015098-U2OS-48h-P12-L1/2021-12-19/859/specs935-v1-FA-P015098-U2OS-48h-P12-L1_M14_s8_w581049D88-2B36-47D4-BB00-771A162DABEC.npy,topoisomerase inhibitor
P015098,M14,s9,CBK307798,/mnt/micro-images-pvc/specs935-v1/specs935-v1-FA-P015098-U2OS-48h-P12-L1/2021-12-19/859/specs935-v1-FA-P015098-U2OS-48h-P12-L1_M14_s9_w52B413467-C828-4DCB-B1F4-D58BEF4CAC8B.npy,topoisomerase inhibitor
P015098,M17,s1,CBK309655,/mnt/micro-images-pvc/specs935-v1/specs935-v1-FA-P015098-U2OS-48h-P12-L1/2021-12-19/859/specs935-v1-FA-P015098-U2OS-48h-P12-L1_M17_s1_w57F0EA5B5-4C4E-4C57-908A-A6A562A424C8.npy,topoisomerase inhibitor
P015098,M17,s2,CBK309655,/mnt/micro-images-pvc/specs935-v1/specs935-v1-FA-P015098-U2OS-48h-P12-L1/2021-12-19/859/specs935-v1-FA-P015098-U2OS-48h-P12-L1_M17_s2_w5C63CBE4C-CECD-4FF4-B0DB-E79776B5AB62.npy,topoisomerase inhibitor
P015098,M17,s3,CBK309655,/mnt/micro-images-pvc/specs935-v1/specs935-v1-FA-P015098-U2OS-48h-P12-L1/2021-12-19/859/specs935-v1-FA-P015098-U2OS-48h-P12-L1_M17_s3_w539EDD2F5-F4A8-4F1D-99C7-F64E9E14AFCB.npy,topoisomerase inhibitor
P015098,M17,s4,CBK309655,/mnt/micro-images-pvc/specs935-v1/specs935-v1-FA-P015098-U2OS-48h-P12-L1/2021-12-19/859/specs935-v1-FA-P015098-U2OS-48h-P12-L1_M17_s4_w54E466F57-5AFC-4F2C-8CE3-510E7FA659AE.npy,topoisomerase inhibitor
P015098,M17,s5,CBK309655,/mnt/micro-images-pvc/specs935-v1/specs935-v1-FA-P015098-U2OS-48h-P12-L1/2021-12-19/859/specs935-v1-FA-P015098-U2OS-48h-P12-L1_M17_s5_w56762E7BF-3ACF-4BF1-87FE-4CFD7D96E24E.npy,topoisomerase inhibitor
P015098,M17,s6,CBK309655,/mnt/micro-images-pvc/specs935-v1/specs935-v1-FA-P015098-U2OS-48h-P12-L1/2021-12-19/859/specs935-v1-FA-P015098-U2OS-48h-P12-L1_M17_s6_w56BBB9774-CF9B-4E24-B13D-817E7C9BA0B6.npy,topoisomerase inhibitor
P015098,M17,s7,CBK309655,/mnt/micro-images-pvc/specs935-v1/specs935-v1-FA-P015098-U2OS-48h-P12-L1/2021-12-19/859/specs935-v1-FA-P015098-U2OS-48h-P12-L1_M17_s7_w54BCE1D5F-6B61-48C2-B0B9-3C580E9E6A8F.npy,topoisomerase inhibitor
P015098,M17,s8,CBK309655,/mnt/micro-images-pvc/specs935-v1/specs935-v1-FA-P015098-U2OS-48h-P12-L1/2021-12-19/859/specs935-v1-FA-P015098-U2OS-48h-P12-L1_M17_s8_w51C9D6A84-0F93-48BD-86E1-C13A89676EC7.npy,topoisomerase inhibitor
P015098,M17,s9,CBK309655,/mnt/micro-images-pvc/specs935-v1/specs935-v1-FA-P015098-U2OS-48h-P12-L1/2021-12-19/859/specs935-v1-FA-P015098-U2OS-48h-P12-L1_M17_s9_w55988A8EF-9D06-477B-B032-6FCC66D951A3.npy,topoisomerase inhibitor
P015098,M18,s1,CBK200945,/mnt/micro-images-pvc/specs935-v1/specs935-v1-FA-P015098-U2OS-48h-P12-L1/2021-12-19/859/specs935-v1-FA-P015098-U2OS-48h-P12-L1_M18_s1_w59E38B613-5714-4AD1-87C3-90D396BB3C53.npy,tubulin polymerization inhibitor
P015098,M18,s2,CBK200945,/mnt/micro-images-pvc/specs935-v1/specs935-v1-FA-P015098-U2OS-48h-P12-L1/2021-12-19/859/specs935-v1-FA-P015098-U2OS-48h-P12-L1_M18_s2_w50D65CDFC-53E5-451C-A326-DDA0C7E13305.npy,tubulin polymerization inhibitor
P015098,M18,s3,CBK200945,/mnt/micro-images-pvc/specs935-v1/specs935-v1-FA-P015098-U2OS-48h-P12-L1/2021-12-19/859/specs935-v1-FA-P015098-U2OS-48h-P12-L1_M18_s3_w5C548AC48-A526-4817-A3AD-B2175EB77CC0.npy,tubulin polymerization inhibitor
P015098,M18,s4,CBK200945,/mnt/micro-images-pvc/specs935-v1/specs935-v1-FA-P015098-U2OS-48h-P12-L1/2021-12-19/859/specs935-v1-FA-P015098-U2OS-48h-P12-L1_M18_s4_w5A90247C9-C93E-40CF-B42D-7F08F54C1916.npy,tubulin polymerization inhibitor
P015098,M18,s5,CBK200945,/mnt/micro-images-pvc/specs935-v1/specs935-v1-FA-P015098-U2OS-48h-P12-L1/2021-12-19/859/specs935-v1-FA-P015098-U2OS-48h-P12-L1_M18_s5_w599FB76DC-8B48-42CF-9AB5-3381DA1D38BB.npy,tubulin polymerization inhibitor
P015098,M18,s6,CBK200945,/mnt/micro-images-pvc/specs935-v1/specs935-v1-FA-P015098-U2OS-48h-P12-L1/2021-12-19/859/specs935-v1-FA-P015098-U2OS-48h-P12-L1_M18_s6_w52DF40C29-A11F-4F9C-A2A5-23F2B6227241.npy,tubulin polymerization inhibitor
P015098,M18,s7,CBK200945,/mnt/micro-images-pvc/specs935-v1/specs935-v1-FA-P015098-U2OS-48h-P12-L1/2021-12-19/859/specs935-v1-FA-P015098-U2OS-48h-P12-L1_M18_s7_w549C3C543-580E-4C61-8B30-59C11CE8192D.npy,tubulin polymerization inhibitor
P015098,M18,s8,CBK200945,/mnt/micro-images-pvc/specs935-v1/specs935-v1-FA-P015098-U2OS-48h-P12-L1/2021-12-19/859/specs935-v1-FA-P015098-U2OS-48h-P12-L1_M18_s8_w507808F0C-580D-4FDA-9936-24AC2A9E2367.npy,tubulin polymerization inhibitor
P015098,M18,s9,CBK200945,/mnt/micro-images-pvc/specs935-v1/specs935-v1-FA-P015098-U2OS-48h-P12-L1/2021-12-19/859/specs935-v1-FA-P015098-U2OS-48h-P12-L1_M18_s9_w57263D7F4-C39E-43F9-B655-075C74C801F3.npy,tubulin polymerization inhibitor
P015098,M20,s1,CBK307816,/mnt/micro-images-pvc/specs935-v1/specs935-v1-FA-P015098-U2OS-48h-P12-L1/2021-12-19/859/specs935-v1-FA-P015098-U2OS-48h-P12-L1_M20_s1_w5A9E150F0-72C6-4EB3-A325-38D80943A399.npy,topoisomerase inhibitor
P015098,M20,s2,CBK307816,/mnt/micro-images-pvc/specs935-v1/specs935-v1-FA-P015098-U2OS-48h-P12-L1/2021-12-19/859/specs935-v1-FA-P015098-U2OS-48h-P12-L1_M20_s2_w5AB2DE486-74CF-4B3A-BFF3-1AFDE09E1294.npy,topoisomerase inhibitor
P015098,M20,s3,CBK307816,/mnt/micro-images-pvc/specs935-v1/specs935-v1-FA-P015098-U2OS-48h-P12-L1/2021-12-19/859/specs935-v1-FA-P015098-U2OS-48h-P12-L1_M20_s3_w584F18568-51E2-487C-8165-3D4C53BA3148.npy,topoisomerase inhibitor
P015098,M20,s4,CBK307816,/mnt/micro-images-pvc/specs935-v1/specs935-v1-FA-P015098-U2OS-48h-P12-L1/2021-12-19/859/specs935-v1-FA-P015098-U2OS-48h-P12-L1_M20_s4_w5BE774038-BDC2-4D17-BF2E-403FD013F2D4.npy,topoisomerase inhibitor
P015098,M20,s5,CBK307816,/mnt/micro-images-pvc/specs935-v1/specs935-v1-FA-P015098-U2OS-48h-P12-L1/2021-12-19/859/specs935-v1-FA-P015098-U2OS-48h-P12-L1_M20_s5_w5DFE38D66-04C5-4E0F-AFC5-6E34E16A556B.npy,topoisomerase inhibitor
P015098,M20,s6,CBK307816,/mnt/micro-images-pvc/specs935-v1/specs935-v1-FA-P015098-U2OS-48h-P12-L1/2021-12-19/859/specs935-v1-FA-P015098-U2OS-48h-P12-L1_M20_s6_w59124E883-433A-43CE-9200-1E0EB6600358.npy,topoisomerase inhibitor
P015098,M20,s7,CBK307816,/mnt/micro-images-pvc/specs935-v1/specs935-v1-FA-P015098-U2OS-48h-P12-L1/2021-12-19/859/specs935-v1-FA-P015098-U2OS-48h-P12-L1_M20_s7_w51D4B9266-7893-4B13-8260-71758ADF164B.npy,topoisomerase inhibitor
P015098,M20,s8,CBK307816,/mnt/micro-images-pvc/specs935-v1/specs935-v1-FA-P015098-U2OS-48h-P12-L1/2021-12-19/859/specs935-v1-FA-P015098-U2OS-48h-P12-L1_M20_s8_w5289FA150-1710-41C4-AB3B-0B9E0AB7AFFA.npy,topoisomerase inhibitor
P015098,M20,s9,CBK307816,/mnt/micro-images-pvc/specs935-v1/specs935-v1-FA-P015098-U2OS-48h-P12-L1/2021-12-19/859/specs935-v1-FA-P015098-U2OS-48h-P12-L1_M20_s9_w5183246FF-2E83-4F86-8F57-DDB795BCD3C5.npy,topoisomerase inhibitor
P015098,M22,s1,CBK290217,/mnt/micro-images-pvc/specs935-v1/specs935-v1-FA-P015098-U2OS-48h-P12-L1/2021-12-19/859/specs935-v1-FA-P015098-U2OS-48h-P12-L1_M22_s1_w567F2CE83-756E-4C9D-9140-E9EE8CF6E66D.npy,retinoid receptor agonist
P015098,M22,s2,CBK290217,/mnt/micro-images-pvc/specs935-v1/specs935-v1-FA-P015098-U2OS-48h-P12-L1/2021-12-19/859/specs935-v1-FA-P015098-U2OS-48h-P12-L1_M22_s2_w5C56DAA6C-EA42-4122-80BF-8FA7F6C5426A.npy,retinoid receptor agonist
P015098,M22,s3,CBK290217,/mnt/micro-images-pvc/specs935-v1/specs935-v1-FA-P015098-U2OS-48h-P12-L1/2021-12-19/859/specs935-v1-FA-P015098-U2OS-48h-P12-L1_M22_s3_w5A238FEF5-F9D0-47F0-9CB2-47382D55CE08.npy,retinoid receptor agonist
P015098,M22,s4,CBK290217,/mnt/micro-images-pvc/specs935-v1/specs935-v1-FA-P015098-U2OS-48h-P12-L1/2021-12-19/859/specs935-v1-FA-P015098-U2OS-48h-P12-L1_M22_s4_w5384FD9D2-0D79-4D56-9B45-B7D567FB5236.npy,retinoid receptor agonist
P015098,M22,s5,CBK290217,/mnt/micro-images-pvc/specs935-v1/specs935-v1-FA-P015098-U2OS-48h-P12-L1/2021-12-19/859/specs935-v1-FA-P015098-U2OS-48h-P12-L1_M22_s5_w54AE87F55-3806-432C-9AA8-033A3CF73A61.npy,retinoid receptor agonist
P015098,M22,s6,CBK290217,/mnt/micro-images-pvc/specs935-v1/specs935-v1-FA-P015098-U2OS-48h-P12-L1/2021-12-19/859/specs935-v1-FA-P015098-U2OS-48h-P12-L1_M22_s6_w5A825E534-120D-4882-9C46-9012F4B8F80D.npy,retinoid receptor agonist
P015098,M22,s7,CBK290217,/mnt/micro-images-pvc/specs935-v1/specs935-v1-FA-P015098-U2OS-48h-P12-L1/2021-12-19/859/specs935-v1-FA-P015098-U2OS-48h-P12-L1_M22_s7_w54D732B42-DF52-4462-ADF6-097CB40D51A9.npy,retinoid receptor agonist
P015098,M22,s8,CBK290217,/mnt/micro-images-pvc/specs935-v1/specs935-v1-FA-P015098-U2OS-48h-P12-L1/2021-12-19/859/specs935-v1-FA-P015098-U2OS-48h-P12-L1_M22_s8_w514C60E62-1CFB-4D4F-A5DD-23A3BCEB3517.npy,retinoid receptor agonist
P015098,M22,s9,CBK290217,/mnt/micro-images-pvc/specs935-v1/specs935-v1-FA-P015098-U2OS-48h-P12-L1/2021-12-19/859/specs935-v1-FA-P015098-U2OS-48h-P12-L1_M22_s9_w51194EF20-201B-4251-AE9E-985BD66B42E1.npy,retinoid receptor agonist
P015098,N02,s1,CBK041761,/mnt/micro-images-pvc/specs935-v1/specs935-v1-FA-P015098-U2OS-48h-P12-L1/2021-12-19/859/specs935-v1-FA-P015098-U2OS-48h-P12-L1_N02_s1_w51C90C018-FB39-4113-8109-D7650268A275.npy,tubulin polymerization inhibitor
P015098,N02,s2,CBK041761,/mnt/micro-images-pvc/specs935-v1/specs935-v1-FA-P015098-U2OS-48h-P12-L1/2021-12-19/859/specs935-v1-FA-P015098-U2OS-48h-P12-L1_N02_s2_w58E125ECD-3EC2-4706-B595-280E00A4A119.npy,tubulin polymerization inhibitor
P015098,N02,s3,CBK041761,/mnt/micro-images-pvc/specs935-v1/specs935-v1-FA-P015098-U2OS-48h-P12-L1/2021-12-19/859/specs935-v1-FA-P015098-U2OS-48h-P12-L1_N02_s3_w5816AEBBD-4464-4362-BEAB-E45EFBC8EC83.npy,tubulin polymerization inhibitor
P015098,N02,s4,CBK041761,/mnt/micro-images-pvc/specs935-v1/specs935-v1-FA-P015098-U2OS-48h-P12-L1/2021-12-19/859/specs935-v1-FA-P015098-U2OS-48h-P12-L1_N02_s4_w52D2C5734-83E9-495E-827E-D7E1CAD78765.npy,tubulin polymerization inhibitor
P015098,N02,s5,CBK041761,/mnt/micro-images-pvc/specs935-v1/specs935-v1-FA-P015098-U2OS-48h-P12-L1/2021-12-19/859/specs935-v1-FA-P015098-U2OS-48h-P12-L1_N02_s5_w563FF577D-6381-491D-A4B4-68CBCDFAAEC8.npy,tubulin polymerization inhibitor
P015098,N02,s6,CBK041761,/mnt/micro-images-pvc/specs935-v1/specs935-v1-FA-P015098-U2OS-48h-P12-L1/2021-12-19/859/specs935-v1-FA-P015098-U2OS-48h-P12-L1_N02_s6_w56445E035-F2F3-40BA-9CC8-3F944814C75C.npy,tubulin polymerization inhibitor
P015098,N02,s7,CBK041761,/mnt/micro-images-pvc/specs935-v1/specs935-v1-FA-P015098-U2OS-48h-P12-L1/2021-12-19/859/specs935-v1-FA-P015098-U2OS-48h-P12-L1_N02_s7_w53B3826EC-29E4-4E77-A977-5C63471D5AEA.npy,tubulin polymerization inhibitor
P015098,N02,s8,CBK041761,/mnt/micro-images-pvc/specs935-v1/specs935-v1-FA-P015098-U2OS-48h-P12-L1/2021-12-19/859/specs935-v1-FA-P015098-U2OS-48h-P12-L1_N02_s8_w5E3C0DE28-8F0B-4CF7-BBFE-D745E0393D83.npy,tubulin polymerization inhibitor
P015098,N02,s9,CBK041761,/mnt/micro-images-pvc/specs935-v1/specs935-v1-FA-P015098-U2OS-48h-P12-L1/2021-12-19/859/specs935-v1-FA-P015098-U2OS-48h-P12-L1_N02_s9_w58671F5B7-AA87-4CC9-A51F-F53B71B8A8D2.npy,tubulin polymerization inhibitor
P015098,N03,s1,CBK308097,/mnt/micro-images-pvc/specs935-v1/specs935-v1-FA-P015098-U2OS-48h-P12-L1/2021-12-19/859/specs935-v1-FA-P015098-U2OS-48h-P12-L1_N03_s1_w551922621-C4DE-4E57-9F9E-6DD6DF92EFC4.npy,retinoid receptor agonist
P015098,N03,s2,CBK308097,/mnt/micro-images-pvc/specs935-v1/specs935-v1-FA-P015098-U2OS-48h-P12-L1/2021-12-19/859/specs935-v1-FA-P015098-U2OS-48h-P12-L1_N03_s2_w576DDFE14-3763-47F8-9AA7-005225A3E455.npy,retinoid receptor agonist
P015098,N03,s3,CBK308097,/mnt/micro-images-pvc/specs935-v1/specs935-v1-FA-P015098-U2OS-48h-P12-L1/2021-12-19/859/specs935-v1-FA-P015098-U2OS-48h-P12-L1_N03_s3_w51F4A7B97-5D2F-4171-9D54-62B4AAD5AABB.npy,retinoid receptor agonist
P015098,N03,s4,CBK308097,/mnt/micro-images-pvc/specs935-v1/specs935-v1-FA-P015098-U2OS-48h-P12-L1/2021-12-19/859/specs935-v1-FA-P015098-U2OS-48h-P12-L1_N03_s4_w574E21F12-4DC2-49FD-97D6-FE721F4DDD6F.npy,retinoid receptor agonist
P015098,N03,s5,CBK308097,/mnt/micro-images-pvc/specs935-v1/specs935-v1-FA-P015098-U2OS-48h-P12-L1/2021-12-19/859/specs935-v1-FA-P015098-U2OS-48h-P12-L1_N03_s5_w590AAE134-23B7-4A6E-BA95-85B68DD5E9A1.npy,retinoid receptor agonist
P015098,N03,s6,CBK308097,/mnt/micro-images-pvc/specs935-v1/specs935-v1-FA-P015098-U2OS-48h-P12-L1/2021-12-19/859/specs935-v1-FA-P015098-U2OS-48h-P12-L1_N03_s6_w50D6236F2-927F-43BA-ADD5-84D50532200C.npy,retinoid receptor agonist
P015098,N03,s7,CBK308097,/mnt/micro-images-pvc/specs935-v1/specs935-v1-FA-P015098-U2OS-48h-P12-L1/2021-12-19/859/specs935-v1-FA-P015098-U2OS-48h-P12-L1_N03_s7_w56C4A8C0E-A2E2-4FED-98D5-71613240F1B5.npy,retinoid receptor agonist
P015098,N03,s8,CBK308097,/mnt/micro-images-pvc/specs935-v1/specs935-v1-FA-P015098-U2OS-48h-P12-L1/2021-12-19/859/specs935-v1-FA-P015098-U2OS-48h-P12-L1_N03_s8_w5D73AE59B-D155-495C-9F81-B60745B9BD35.npy,retinoid receptor agonist
P015098,N03,s9,CBK308097,/mnt/micro-images-pvc/specs935-v1/specs935-v1-FA-P015098-U2OS-48h-P12-L1/2021-12-19/859/specs935-v1-FA-P015098-U2OS-48h-P12-L1_N03_s9_w5C82A748A-09FF-4E33-A701-946866EA22DD.npy,retinoid receptor agonist
P015098,N06,s1,CBK041506,/mnt/micro-images-pvc/specs935-v1/specs935-v1-FA-P015098-U2OS-48h-P12-L1/2021-12-19/859/specs935-v1-FA-P015098-U2OS-48h-P12-L1_N06_s1_w53D58A299-5ABE-4DDF-B1B4-20EED4FA430E.npy,topoisomerase inhibitor
P015098,N06,s2,CBK041506,/mnt/micro-images-pvc/specs935-v1/specs935-v1-FA-P015098-U2OS-48h-P12-L1/2021-12-19/859/specs935-v1-FA-P015098-U2OS-48h-P12-L1_N06_s2_w55140BAF0-57AE-45EB-95FF-CAA1072CDD8B.npy,topoisomerase inhibitor
P015098,N06,s3,CBK041506,/mnt/micro-images-pvc/specs935-v1/specs935-v1-FA-P015098-U2OS-48h-P12-L1/2021-12-19/859/specs935-v1-FA-P015098-U2OS-48h-P12-L1_N06_s3_w50F58BE67-C492-4945-8472-AAFA2F6827F1.npy,topoisomerase inhibitor
P015098,N06,s4,CBK041506,/mnt/micro-images-pvc/specs935-v1/specs935-v1-FA-P015098-U2OS-48h-P12-L1/2021-12-19/859/specs935-v1-FA-P015098-U2OS-48h-P12-L1_N06_s4_w51C601904-4691-43EF-A83F-84A336FCF63F.npy,topoisomerase inhibitor
P015098,N06,s5,CBK041506,/mnt/micro-images-pvc/specs935-v1/specs935-v1-FA-P015098-U2OS-48h-P12-L1/2021-12-19/859/specs935-v1-FA-P015098-U2OS-48h-P12-L1_N06_s5_w5D6014623-5B1C-4C15-8685-7560D1BA9FFD.npy,topoisomerase inhibitor
P015098,N06,s6,CBK041506,/mnt/micro-images-pvc/specs935-v1/specs935-v1-FA-P015098-U2OS-48h-P12-L1/2021-12-19/859/specs935-v1-FA-P015098-U2OS-48h-P12-L1_N06_s6_w54D5DD6BC-34B5-4AD7-8082-29122C99E350.npy,topoisomerase inhibitor
P015098,N06,s7,CBK041506,/mnt/micro-images-pvc/specs935-v1/specs935-v1-FA-P015098-U2OS-48h-P12-L1/2021-12-19/859/specs935-v1-FA-P015098-U2OS-48h-P12-L1_N06_s7_w50ABDF6C1-C72B-4E9E-9D07-34F505558DA2.npy,topoisomerase inhibitor
P015098,N06,s8,CBK041506,/mnt/micro-images-pvc/specs935-v1/specs935-v1-FA-P015098-U2OS-48h-P12-L1/2021-12-19/859/specs935-v1-FA-P015098-U2OS-48h-P12-L1_N06_s8_w5741A5AD9-257D-4EEB-8E29-B7B24B922095.npy,topoisomerase inhibitor
P015098,N06,s9,CBK041506,/mnt/micro-images-pvc/specs935-v1/specs935-v1-FA-P015098-U2OS-48h-P12-L1/2021-12-19/859/specs935-v1-FA-P015098-U2OS-48h-P12-L1_N06_s9_w5EB3967A3-49B8-45E1-87B9-76E24C5BBF49.npy,topoisomerase inhibitor
P015098,N13,s1,CBK309020,/mnt/micro-images-pvc/specs935-v1/specs935-v1-FA-P015098-U2OS-48h-P12-L1/2021-12-19/859/specs935-v1-FA-P015098-U2OS-48h-P12-L1_N13_s1_w5CD4195F8-E34D-4C09-AEBB-A45412F3AFFA.npy,topoisomerase inhibitor
P015098,N13,s2,CBK309020,/mnt/micro-images-pvc/specs935-v1/specs935-v1-FA-P015098-U2OS-48h-P12-L1/2021-12-19/859/specs935-v1-FA-P015098-U2OS-48h-P12-L1_N13_s2_w50751A3A1-E2B4-4EEF-9C80-BACBE28DE1ED.npy,topoisomerase inhibitor
P015098,N13,s3,CBK309020,/mnt/micro-images-pvc/specs935-v1/specs935-v1-FA-P015098-U2OS-48h-P12-L1/2021-12-19/859/specs935-v1-FA-P015098-U2OS-48h-P12-L1_N13_s3_w58A047E4A-CAA3-4C54-9BDD-F5ABBEF927B1.npy,topoisomerase inhibitor
P015098,N13,s4,CBK309020,/mnt/micro-images-pvc/specs935-v1/specs935-v1-FA-P015098-U2OS-48h-P12-L1/2021-12-19/859/specs935-v1-FA-P015098-U2OS-48h-P12-L1_N13_s4_w5E6091772-E045-404E-AD3A-6A10F38AA816.npy,topoisomerase inhibitor
P015098,N13,s5,CBK309020,/mnt/micro-images-pvc/specs935-v1/specs935-v1-FA-P015098-U2OS-48h-P12-L1/2021-12-19/859/specs935-v1-FA-P015098-U2OS-48h-P12-L1_N13_s5_w5C56A6147-CF2B-4D99-95B3-73BAFBA406A1.npy,topoisomerase inhibitor
P015098,N13,s6,CBK309020,/mnt/micro-images-pvc/specs935-v1/specs935-v1-FA-P015098-U2OS-48h-P12-L1/2021-12-19/859/specs935-v1-FA-P015098-U2OS-48h-P12-L1_N13_s6_w58D62C313-BD49-4F93-8769-37F918A6C1F8.npy,topoisomerase inhibitor
P015098,N13,s7,CBK309020,/mnt/micro-images-pvc/specs935-v1/specs935-v1-FA-P015098-U2OS-48h-P12-L1/2021-12-19/859/specs935-v1-FA-P015098-U2OS-48h-P12-L1_N13_s7_w563F74504-C8B2-4ED8-82D1-DD89F85BD7F5.npy,topoisomerase inhibitor
P015098,N13,s8,CBK309020,/mnt/micro-images-pvc/specs935-v1/specs935-v1-FA-P015098-U2OS-48h-P12-L1/2021-12-19/859/specs935-v1-FA-P015098-U2OS-48h-P12-L1_N13_s8_w5D121B519-8391-45AA-97FD-DBF7716B4A0A.npy,topoisomerase inhibitor
P015098,N13,s9,CBK309020,/mnt/micro-images-pvc/specs935-v1/specs935-v1-FA-P015098-U2OS-48h-P12-L1/2021-12-19/859/specs935-v1-FA-P015098-U2OS-48h-P12-L1_N13_s9_w551496B0C-7B84-4B12-84A1-8F35AADD0417.npy,topoisomerase inhibitor
P015098,N14,s1,CBK290012,/mnt/micro-images-pvc/specs935-v1/specs935-v1-FA-P015098-U2OS-48h-P12-L1/2021-12-19/859/specs935-v1-FA-P015098-U2OS-48h-P12-L1_N14_s1_w542DD419B-036C-4155-9971-14B18E3ABBE3.npy,retinoid receptor agonist
P015098,N14,s2,CBK290012,/mnt/micro-images-pvc/specs935-v1/specs935-v1-FA-P015098-U2OS-48h-P12-L1/2021-12-19/859/specs935-v1-FA-P015098-U2OS-48h-P12-L1_N14_s2_w5389C3684-1E1D-4A5A-A287-8809468FB979.npy,retinoid receptor agonist
P015098,N14,s3,CBK290012,/mnt/micro-images-pvc/specs935-v1/specs935-v1-FA-P015098-U2OS-48h-P12-L1/2021-12-19/859/specs935-v1-FA-P015098-U2OS-48h-P12-L1_N14_s3_w52EF4D010-F983-48F1-A068-C7F1598F4DCE.npy,retinoid receptor agonist
P015098,N14,s4,CBK290012,/mnt/micro-images-pvc/specs935-v1/specs935-v1-FA-P015098-U2OS-48h-P12-L1/2021-12-19/859/specs935-v1-FA-P015098-U2OS-48h-P12-L1_N14_s4_w5C868BEEB-9463-4ED5-89B0-51433FF399E4.npy,retinoid receptor agonist
P015098,N14,s5,CBK290012,/mnt/micro-images-pvc/specs935-v1/specs935-v1-FA-P015098-U2OS-48h-P12-L1/2021-12-19/859/specs935-v1-FA-P015098-U2OS-48h-P12-L1_N14_s5_w5DF46451D-0054-4E74-A632-26720C961138.npy,retinoid receptor agonist
P015098,N14,s6,CBK290012,/mnt/micro-images-pvc/specs935-v1/specs935-v1-FA-P015098-U2OS-48h-P12-L1/2021-12-19/859/specs935-v1-FA-P015098-U2OS-48h-P12-L1_N14_s6_w58A4AFC7A-0480-4880-AB46-1763538419E6.npy,retinoid receptor agonist
P015098,N14,s7,CBK290012,/mnt/micro-images-pvc/specs935-v1/specs935-v1-FA-P015098-U2OS-48h-P12-L1/2021-12-19/859/specs935-v1-FA-P015098-U2OS-48h-P12-L1_N14_s7_w5BE9F1577-20E8-44A3-830A-C658872AE5E6.npy,retinoid receptor agonist
P015098,N14,s8,CBK290012,/mnt/micro-images-pvc/specs935-v1/specs935-v1-FA-P015098-U2OS-48h-P12-L1/2021-12-19/859/specs935-v1-FA-P015098-U2OS-48h-P12-L1_N14_s8_w5B015F3F8-C3EF-4716-8571-91705D8546AE.npy,retinoid receptor agonist
P015098,N14,s9,CBK290012,/mnt/micro-images-pvc/specs935-v1/specs935-v1-FA-P015098-U2OS-48h-P12-L1/2021-12-19/859/specs935-v1-FA-P015098-U2OS-48h-P12-L1_N14_s9_w5ECDB417C-ECAD-43C2-9F51-2DF7570AB345.npy,retinoid receptor agonist
P015098,N16,s1,CBK309040,/mnt/micro-images-pvc/specs935-v1/specs935-v1-FA-P015098-U2OS-48h-P12-L1/2021-12-19/859/specs935-v1-FA-P015098-U2OS-48h-P12-L1_N16_s1_w518EA3F06-5CA2-4CF1-B52E-74AD86CD8C44.npy,topoisomerase inhibitor
P015098,N16,s2,CBK309040,/mnt/micro-images-pvc/specs935-v1/specs935-v1-FA-P015098-U2OS-48h-P12-L1/2021-12-19/859/specs935-v1-FA-P015098-U2OS-48h-P12-L1_N16_s2_w5AB9C8DE0-F6D9-4861-9E7C-8B353FB8FB80.npy,topoisomerase inhibitor
P015098,N16,s3,CBK309040,/mnt/micro-images-pvc/specs935-v1/specs935-v1-FA-P015098-U2OS-48h-P12-L1/2021-12-19/859/specs935-v1-FA-P015098-U2OS-48h-P12-L1_N16_s3_w58B2C9D50-6E9F-40DB-AA8E-8A6102AF806D.npy,topoisomerase inhibitor
P015098,N16,s4,CBK309040,/mnt/micro-images-pvc/specs935-v1/specs935-v1-FA-P015098-U2OS-48h-P12-L1/2021-12-19/859/specs935-v1-FA-P015098-U2OS-48h-P12-L1_N16_s4_w566478794-B7F6-4770-87C7-E5FC4F6E270B.npy,topoisomerase inhibitor
P015098,N16,s5,CBK309040,/mnt/micro-images-pvc/specs935-v1/specs935-v1-FA-P015098-U2OS-48h-P12-L1/2021-12-19/859/specs935-v1-FA-P015098-U2OS-48h-P12-L1_N16_s5_w5CF6C3638-4D19-4657-9CD2-BF38EEBF33BD.npy,topoisomerase inhibitor
P015098,N16,s6,CBK309040,/mnt/micro-images-pvc/specs935-v1/specs935-v1-FA-P015098-U2OS-48h-P12-L1/2021-12-19/859/specs935-v1-FA-P015098-U2OS-48h-P12-L1_N16_s6_w59409F8BA-9999-4DF6-B459-9538B0087E6E.npy,topoisomerase inhibitor
P015098,N16,s7,CBK309040,/mnt/micro-images-pvc/specs935-v1/specs935-v1-FA-P015098-U2OS-48h-P12-L1/2021-12-19/859/specs935-v1-FA-P015098-U2OS-48h-P12-L1_N16_s7_w5E2667947-4DF5-40A3-B614-666EFA62761D.npy,topoisomerase inhibitor
P015098,N16,s8,CBK309040,/mnt/micro-images-pvc/specs935-v1/specs935-v1-FA-P015098-U2OS-48h-P12-L1/2021-12-19/859/specs935-v1-FA-P015098-U2OS-48h-P12-L1_N16_s8_w5011ED955-DACE-47F9-AEEE-FB16383AC086.npy,topoisomerase inhibitor
P015098,N16,s9,CBK309040,/mnt/micro-images-pvc/specs935-v1/specs935-v1-FA-P015098-U2OS-48h-P12-L1/2021-12-19/859/specs935-v1-FA-P015098-U2OS-48h-P12-L1_N16_s9_w56DF1A0EC-AC44-4ABE-BD6A-801784AF3173.npy,topoisomerase inhibitor
P015098,N18,s1,CBK309084,/mnt/micro-images-pvc/specs935-v1/specs935-v1-FA-P015098-U2OS-48h-P12-L1/2021-12-19/859/specs935-v1-FA-P015098-U2OS-48h-P12-L1_N18_s1_w537C62261-F287-4B82-A601-29DB2F25EE7F.npy,topoisomerase inhibitor
P015098,N18,s2,CBK309084,/mnt/micro-images-pvc/specs935-v1/specs935-v1-FA-P015098-U2OS-48h-P12-L1/2021-12-19/859/specs935-v1-FA-P015098-U2OS-48h-P12-L1_N18_s2_w51571B08D-C90B-4F31-8A6B-85B3635500BD.npy,topoisomerase inhibitor
P015098,N18,s3,CBK309084,/mnt/micro-images-pvc/specs935-v1/specs935-v1-FA-P015098-U2OS-48h-P12-L1/2021-12-19/859/specs935-v1-FA-P015098-U2OS-48h-P12-L1_N18_s3_w579501C08-0726-4AD4-BF4D-DF6B3EF47D67.npy,topoisomerase inhibitor
P015098,N18,s4,CBK309084,/mnt/micro-images-pvc/specs935-v1/specs935-v1-FA-P015098-U2OS-48h-P12-L1/2021-12-19/859/specs935-v1-FA-P015098-U2OS-48h-P12-L1_N18_s4_w589AB30A8-00AD-45AC-ADD4-6C16A704B9C3.npy,topoisomerase inhibitor
P015098,N18,s5,CBK309084,/mnt/micro-images-pvc/specs935-v1/specs935-v1-FA-P015098-U2OS-48h-P12-L1/2021-12-19/859/specs935-v1-FA-P015098-U2OS-48h-P12-L1_N18_s5_w5EBA3C441-7515-44D3-B693-B6E60ADC359D.npy,topoisomerase inhibitor
P015098,N18,s6,CBK309084,/mnt/micro-images-pvc/specs935-v1/specs935-v1-FA-P015098-U2OS-48h-P12-L1/2021-12-19/859/specs935-v1-FA-P015098-U2OS-48h-P12-L1_N18_s6_w53A5B93D1-A67D-4A30-9676-C2B2591A9470.npy,topoisomerase inhibitor
P015098,N18,s7,CBK309084,/mnt/micro-images-pvc/specs935-v1/specs935-v1-FA-P015098-U2OS-48h-P12-L1/2021-12-19/859/specs935-v1-FA-P015098-U2OS-48h-P12-L1_N18_s7_w5FA1B04D8-E3AE-4C6A-9D7E-42444AB5792C.npy,topoisomerase inhibitor
P015098,N18,s8,CBK309084,/mnt/micro-images-pvc/specs935-v1/specs935-v1-FA-P015098-U2OS-48h-P12-L1/2021-12-19/859/specs935-v1-FA-P015098-U2OS-48h-P12-L1_N18_s8_w5003855EF-870A-4142-B652-26341FE09E9D.npy,topoisomerase inhibitor
P015098,N18,s9,CBK309084,/mnt/micro-images-pvc/specs935-v1/specs935-v1-FA-P015098-U2OS-48h-P12-L1/2021-12-19/859/specs935-v1-FA-P015098-U2OS-48h-P12-L1_N18_s9_w5F896C783-B42D-4367-9EF3-9FD2B0BFE39F.npy,topoisomerase inhibitor
P015098,N21,s1,CBK308966,/mnt/micro-images-pvc/specs935-v1/specs935-v1-FA-P015098-U2OS-48h-P12-L1/2021-12-19/859/specs935-v1-FA-P015098-U2OS-48h-P12-L1_N21_s1_w5715A57FC-08DB-4FA9-ACC5-482551365D4D.npy,tubulin polymerization inhibitor
P015098,N21,s2,CBK308966,/mnt/micro-images-pvc/specs935-v1/specs935-v1-FA-P015098-U2OS-48h-P12-L1/2021-12-19/859/specs935-v1-FA-P015098-U2OS-48h-P12-L1_N21_s2_w559576866-1CB3-4356-AAFF-894498FCBF69.npy,tubulin polymerization inhibitor
P015098,N21,s3,CBK308966,/mnt/micro-images-pvc/specs935-v1/specs935-v1-FA-P015098-U2OS-48h-P12-L1/2021-12-19/859/specs935-v1-FA-P015098-U2OS-48h-P12-L1_N21_s3_w5AB3C0EE3-E93B-4DA9-ACCF-662D1201F8CC.npy,tubulin polymerization inhibitor
P015098,N21,s4,CBK308966,/mnt/micro-images-pvc/specs935-v1/specs935-v1-FA-P015098-U2OS-48h-P12-L1/2021-12-19/859/specs935-v1-FA-P015098-U2OS-48h-P12-L1_N21_s4_w55E18F1ED-5BF7-4EEF-BEB5-874685356424.npy,tubulin polymerization inhibitor
P015098,N21,s5,CBK308966,/mnt/micro-images-pvc/specs935-v1/specs935-v1-FA-P015098-U2OS-48h-P12-L1/2021-12-19/859/specs935-v1-FA-P015098-U2OS-48h-P12-L1_N21_s5_w5E750F4C5-754B-4272-ACEB-448A0B80B26F.npy,tubulin polymerization inhibitor
P015098,N21,s6,CBK308966,/mnt/micro-images-pvc/specs935-v1/specs935-v1-FA-P015098-U2OS-48h-P12-L1/2021-12-19/859/specs935-v1-FA-P015098-U2OS-48h-P12-L1_N21_s6_w50AE9B695-5AEF-44E9-BCEB-7614B6551BE9.npy,tubulin polymerization inhibitor
P015098,N21,s7,CBK308966,/mnt/micro-images-pvc/specs935-v1/specs935-v1-FA-P015098-U2OS-48h-P12-L1/2021-12-19/859/specs935-v1-FA-P015098-U2OS-48h-P12-L1_N21_s7_w52045CA1D-AB75-4671-BAD2-C1D6CB0BB59E.npy,tubulin polymerization inhibitor
P015098,N21,s8,CBK308966,/mnt/micro-images-pvc/specs935-v1/specs935-v1-FA-P015098-U2OS-48h-P12-L1/2021-12-19/859/specs935-v1-FA-P015098-U2OS-48h-P12-L1_N21_s8_w58BB76917-478D-4F2E-9690-070582F95344.npy,tubulin polymerization inhibitor
P015098,N21,s9,CBK308966,/mnt/micro-images-pvc/specs935-v1/specs935-v1-FA-P015098-U2OS-48h-P12-L1/2021-12-19/859/specs935-v1-FA-P015098-U2OS-48h-P12-L1_N21_s9_w52EB2EED0-25A0-4B6C-93B4-F4106583E64E.npy,tubulin polymerization inhibitor
P015098,O02,s1,CBK041184,/mnt/micro-images-pvc/specs935-v1/specs935-v1-FA-P015098-U2OS-48h-P12-L1/2021-12-19/859/specs935-v1-FA-P015098-U2OS-48h-P12-L1_O02_s1_w51C0FB2DC-B95A-47A2-8913-378724F304AE.npy,tubulin polymerization inhibitor
P015098,O02,s2,CBK041184,/mnt/micro-images-pvc/specs935-v1/specs935-v1-FA-P015098-U2OS-48h-P12-L1/2021-12-19/859/specs935-v1-FA-P015098-U2OS-48h-P12-L1_O02_s2_w52B435CC6-C37F-4001-99DD-4B106FD6243E.npy,tubulin polymerization inhibitor
P015098,O02,s3,CBK041184,/mnt/micro-images-pvc/specs935-v1/specs935-v1-FA-P015098-U2OS-48h-P12-L1/2021-12-19/859/specs935-v1-FA-P015098-U2OS-48h-P12-L1_O02_s3_w506D8CBCA-733A-4960-A3AC-A5A03310B9B8.npy,tubulin polymerization inhibitor
P015098,O02,s4,CBK041184,/mnt/micro-images-pvc/specs935-v1/specs935-v1-FA-P015098-U2OS-48h-P12-L1/2021-12-19/859/specs935-v1-FA-P015098-U2OS-48h-P12-L1_O02_s4_w5C717BC6A-E345-4FB8-B18B-68DCE4ACD966.npy,tubulin polymerization inhibitor
P015098,O02,s5,CBK041184,/mnt/micro-images-pvc/specs935-v1/specs935-v1-FA-P015098-U2OS-48h-P12-L1/2021-12-19/859/specs935-v1-FA-P015098-U2OS-48h-P12-L1_O02_s5_w53148C04D-F617-48F6-A9E6-50B1972DF52F.npy,tubulin polymerization inhibitor
P015098,O02,s6,CBK041184,/mnt/micro-images-pvc/specs935-v1/specs935-v1-FA-P015098-U2OS-48h-P12-L1/2021-12-19/859/specs935-v1-FA-P015098-U2OS-48h-P12-L1_O02_s6_w5619FD9C7-2847-4643-A23E-A85C1DD703D0.npy,tubulin polymerization inhibitor
P015098,O02,s7,CBK041184,/mnt/micro-images-pvc/specs935-v1/specs935-v1-FA-P015098-U2OS-48h-P12-L1/2021-12-19/859/specs935-v1-FA-P015098-U2OS-48h-P12-L1_O02_s7_w59747B21D-241D-40D7-BA28-9804ACFBD000.npy,tubulin polymerization inhibitor
P015098,O02,s8,CBK041184,/mnt/micro-images-pvc/specs935-v1/specs935-v1-FA-P015098-U2OS-48h-P12-L1/2021-12-19/859/specs935-v1-FA-P015098-U2OS-48h-P12-L1_O02_s8_w5DA50F621-695F-4694-9A9E-F3ED439CA235.npy,tubulin polymerization inhibitor
P015098,O02,s9,CBK041184,/mnt/micro-images-pvc/specs935-v1/specs935-v1-FA-P015098-U2OS-48h-P12-L1/2021-12-19/859/specs935-v1-FA-P015098-U2OS-48h-P12-L1_O02_s9_w5ECAF646C-06D5-4361-9AC1-38465AAE20BE.npy,tubulin polymerization inhibitor
P015098,O03,s1,CBK290251,/mnt/micro-images-pvc/specs935-v1/specs935-v1-FA-P015098-U2OS-48h-P12-L1/2021-12-19/859/specs935-v1-FA-P015098-U2OS-48h-P12-L1_O03_s1_w5F1464DD3-2B10-4C5E-A1FF-D38DD3013254.npy,topoisomerase inhibitor
P015098,O03,s2,CBK290251,/mnt/micro-images-pvc/specs935-v1/specs935-v1-FA-P015098-U2OS-48h-P12-L1/2021-12-19/859/specs935-v1-FA-P015098-U2OS-48h-P12-L1_O03_s2_w57C5B83D0-C7C4-4EFF-8BE3-AB2C89ECD2E8.npy,topoisomerase inhibitor
P015098,O03,s3,CBK290251,/mnt/micro-images-pvc/specs935-v1/specs935-v1-FA-P015098-U2OS-48h-P12-L1/2021-12-19/859/specs935-v1-FA-P015098-U2OS-48h-P12-L1_O03_s3_w55EF5CEA4-1BDC-4065-A5A9-9543947380D7.npy,topoisomerase inhibitor
P015098,O03,s4,CBK290251,/mnt/micro-images-pvc/specs935-v1/specs935-v1-FA-P015098-U2OS-48h-P12-L1/2021-12-19/859/specs935-v1-FA-P015098-U2OS-48h-P12-L1_O03_s4_w54C50C59B-0552-41F0-AC8D-49133D06270D.npy,topoisomerase inhibitor
P015098,O03,s5,CBK290251,/mnt/micro-images-pvc/specs935-v1/specs935-v1-FA-P015098-U2OS-48h-P12-L1/2021-12-19/859/specs935-v1-FA-P015098-U2OS-48h-P12-L1_O03_s5_w57374152C-893A-45AB-90E9-A16F31ECF61F.npy,topoisomerase inhibitor
P015098,O03,s6,CBK290251,/mnt/micro-images-pvc/specs935-v1/specs935-v1-FA-P015098-U2OS-48h-P12-L1/2021-12-19/859/specs935-v1-FA-P015098-U2OS-48h-P12-L1_O03_s6_w5AFB27CDF-D660-478C-9BA9-8E561330A353.npy,topoisomerase inhibitor
P015098,O03,s7,CBK290251,/mnt/micro-images-pvc/specs935-v1/specs935-v1-FA-P015098-U2OS-48h-P12-L1/2021-12-19/859/specs935-v1-FA-P015098-U2OS-48h-P12-L1_O03_s7_w523969951-4D18-4550-99B2-A1C434A6AD2D.npy,topoisomerase inhibitor
P015098,O03,s8,CBK290251,/mnt/micro-images-pvc/specs935-v1/specs935-v1-FA-P015098-U2OS-48h-P12-L1/2021-12-19/859/specs935-v1-FA-P015098-U2OS-48h-P12-L1_O03_s8_w55F9209B1-AD8D-4653-96FC-2A519C5E2A4D.npy,topoisomerase inhibitor
P015098,O03,s9,CBK290251,/mnt/micro-images-pvc/specs935-v1/specs935-v1-FA-P015098-U2OS-48h-P12-L1/2021-12-19/859/specs935-v1-FA-P015098-U2OS-48h-P12-L1_O03_s9_w5D621FCB4-0E61-47C5-AEB7-AB3BFB3DF5F7.npy,topoisomerase inhibitor
P015098,O05,s1,CBK308090,/mnt/micro-images-pvc/specs935-v1/specs935-v1-FA-P015098-U2OS-48h-P12-L1/2021-12-19/859/specs935-v1-FA-P015098-U2OS-48h-P12-L1_O05_s1_w531A063D6-68AF-4AEB-A2D7-2F130219A794.npy,retinoid receptor agonist
P015098,O05,s2,CBK308090,/mnt/micro-images-pvc/specs935-v1/specs935-v1-FA-P015098-U2OS-48h-P12-L1/2021-12-19/859/specs935-v1-FA-P015098-U2OS-48h-P12-L1_O05_s2_w5B0289F2E-3B75-4D7F-B4A0-5EE63391A8C9.npy,retinoid receptor agonist
P015098,O05,s3,CBK308090,/mnt/micro-images-pvc/specs935-v1/specs935-v1-FA-P015098-U2OS-48h-P12-L1/2021-12-19/859/specs935-v1-FA-P015098-U2OS-48h-P12-L1_O05_s3_w5C885AFE4-53F9-45A7-B199-C9EEB71AD8BF.npy,retinoid receptor agonist
P015098,O05,s4,CBK308090,/mnt/micro-images-pvc/specs935-v1/specs935-v1-FA-P015098-U2OS-48h-P12-L1/2021-12-19/859/specs935-v1-FA-P015098-U2OS-48h-P12-L1_O05_s4_w5B8A60937-98F3-4DF0-B88E-694454E2B77D.npy,retinoid receptor agonist
P015098,O05,s5,CBK308090,/mnt/micro-images-pvc/specs935-v1/specs935-v1-FA-P015098-U2OS-48h-P12-L1/2021-12-19/859/specs935-v1-FA-P015098-U2OS-48h-P12-L1_O05_s5_w55E0C368F-6E77-4E1C-B1A2-91BF72292E07.npy,retinoid receptor agonist
P015098,O05,s6,CBK308090,/mnt/micro-images-pvc/specs935-v1/specs935-v1-FA-P015098-U2OS-48h-P12-L1/2021-12-19/859/specs935-v1-FA-P015098-U2OS-48h-P12-L1_O05_s6_w5B4DD7527-DC00-49C2-A870-10785259727D.npy,retinoid receptor agonist
P015098,O05,s7,CBK308090,/mnt/micro-images-pvc/specs935-v1/specs935-v1-FA-P015098-U2OS-48h-P12-L1/2021-12-19/859/specs935-v1-FA-P015098-U2OS-48h-P12-L1_O05_s7_w543275F5D-0E8D-4F03-8000-B8CE5D984CD6.npy,retinoid receptor agonist
P015098,O05,s8,CBK308090,/mnt/micro-images-pvc/specs935-v1/specs935-v1-FA-P015098-U2OS-48h-P12-L1/2021-12-19/859/specs935-v1-FA-P015098-U2OS-48h-P12-L1_O05_s8_w5085D1160-CC05-444F-905F-33D63BB270F7.npy,retinoid receptor agonist
P015098,O05,s9,CBK308090,/mnt/micro-images-pvc/specs935-v1/specs935-v1-FA-P015098-U2OS-48h-P12-L1/2021-12-19/859/specs935-v1-FA-P015098-U2OS-48h-P12-L1_O05_s9_w5E8FDB6C6-1745-4453-B8E1-4B155BE3C6A0.npy,retinoid receptor agonist
P015098,O08,s1,CBK307798,/mnt/micro-images-pvc/specs935-v1/specs935-v1-FA-P015098-U2OS-48h-P12-L1/2021-12-19/859/specs935-v1-FA-P015098-U2OS-48h-P12-L1_O08_s1_w58A46C28A-1CFD-40A2-B162-35CF1550BD9C.npy,topoisomerase inhibitor
P015098,O08,s2,CBK307798,/mnt/micro-images-pvc/specs935-v1/specs935-v1-FA-P015098-U2OS-48h-P12-L1/2021-12-19/859/specs935-v1-FA-P015098-U2OS-48h-P12-L1_O08_s2_w50DBDC10A-683E-46EC-8E27-F60D005D6EBE.npy,topoisomerase inhibitor
P015098,O08,s3,CBK307798,/mnt/micro-images-pvc/specs935-v1/specs935-v1-FA-P015098-U2OS-48h-P12-L1/2021-12-19/859/specs935-v1-FA-P015098-U2OS-48h-P12-L1_O08_s3_w5C8A3FC2F-178B-4F16-BCD2-4FBF7129CD0D.npy,topoisomerase inhibitor
P015098,O08,s4,CBK307798,/mnt/micro-images-pvc/specs935-v1/specs935-v1-FA-P015098-U2OS-48h-P12-L1/2021-12-19/859/specs935-v1-FA-P015098-U2OS-48h-P12-L1_O08_s4_w55071F643-F993-4710-BF97-10615A55D2E1.npy,topoisomerase inhibitor
P015098,O08,s5,CBK307798,/mnt/micro-images-pvc/specs935-v1/specs935-v1-FA-P015098-U2OS-48h-P12-L1/2021-12-19/859/specs935-v1-FA-P015098-U2OS-48h-P12-L1_O08_s5_w506C8A8E4-3807-40C4-A7B7-02CF4A449E9B.npy,topoisomerase inhibitor
P015098,O08,s6,CBK307798,/mnt/micro-images-pvc/specs935-v1/specs935-v1-FA-P015098-U2OS-48h-P12-L1/2021-12-19/859/specs935-v1-FA-P015098-U2OS-48h-P12-L1_O08_s6_w5D18DE8AB-3068-4722-9A11-D5374CC4FDDD.npy,topoisomerase inhibitor
P015098,O08,s7,CBK307798,/mnt/micro-images-pvc/specs935-v1/specs935-v1-FA-P015098-U2OS-48h-P12-L1/2021-12-19/859/specs935-v1-FA-P015098-U2OS-48h-P12-L1_O08_s7_w5D10E1CA9-E335-456D-A28F-BE72C92985F7.npy,topoisomerase inhibitor
P015098,O08,s8,CBK307798,/mnt/micro-images-pvc/specs935-v1/specs935-v1-FA-P015098-U2OS-48h-P12-L1/2021-12-19/859/specs935-v1-FA-P015098-U2OS-48h-P12-L1_O08_s8_w5F91F71C4-611C-4D5B-8EB4-2A9B835C1FA8.npy,topoisomerase inhibitor
P015098,O08,s9,CBK307798,/mnt/micro-images-pvc/specs935-v1/specs935-v1-FA-P015098-U2OS-48h-P12-L1/2021-12-19/859/specs935-v1-FA-P015098-U2OS-48h-P12-L1_O08_s9_w5D2CFEC76-9A5F-43D3-9D9A-07D636D1BF11.npy,topoisomerase inhibitor
P015098,O09,s1,CBK309040,/mnt/micro-images-pvc/specs935-v1/specs935-v1-FA-P015098-U2OS-48h-P12-L1/2021-12-19/859/specs935-v1-FA-P015098-U2OS-48h-P12-L1_O09_s1_w52F216503-5802-4B21-934F-14391FB948B5.npy,topoisomerase inhibitor
P015098,O09,s2,CBK309040,/mnt/micro-images-pvc/specs935-v1/specs935-v1-FA-P015098-U2OS-48h-P12-L1/2021-12-19/859/specs935-v1-FA-P015098-U2OS-48h-P12-L1_O09_s2_w5E00A5193-5C68-4339-AEF9-B17FE1031ABE.npy,topoisomerase inhibitor
P015098,O09,s3,CBK309040,/mnt/micro-images-pvc/specs935-v1/specs935-v1-FA-P015098-U2OS-48h-P12-L1/2021-12-19/859/specs935-v1-FA-P015098-U2OS-48h-P12-L1_O09_s3_w56964FD90-6615-4EC1-9F66-0A68CD14E243.npy,topoisomerase inhibitor
P015098,O09,s4,CBK309040,/mnt/micro-images-pvc/specs935-v1/specs935-v1-FA-P015098-U2OS-48h-P12-L1/2021-12-19/859/specs935-v1-FA-P015098-U2OS-48h-P12-L1_O09_s4_w57AC865A5-8069-4C00-9BA2-73CB27EE5422.npy,topoisomerase inhibitor
P015098,O09,s5,CBK309040,/mnt/micro-images-pvc/specs935-v1/specs935-v1-FA-P015098-U2OS-48h-P12-L1/2021-12-19/859/specs935-v1-FA-P015098-U2OS-48h-P12-L1_O09_s5_w5AF144606-347E-4CF4-B2FC-7FECB5724689.npy,topoisomerase inhibitor
P015098,O09,s6,CBK309040,/mnt/micro-images-pvc/specs935-v1/specs935-v1-FA-P015098-U2OS-48h-P12-L1/2021-12-19/859/specs935-v1-FA-P015098-U2OS-48h-P12-L1_O09_s6_w5710ECA1D-4BCA-4353-965A-9FCCC531B2C5.npy,topoisomerase inhibitor
P015098,O09,s7,CBK309040,/mnt/micro-images-pvc/specs935-v1/specs935-v1-FA-P015098-U2OS-48h-P12-L1/2021-12-19/859/specs935-v1-FA-P015098-U2OS-48h-P12-L1_O09_s7_w53018178A-4C2A-4753-92A3-7CD176ADC8CA.npy,topoisomerase inhibitor
P015098,O09,s8,CBK309040,/mnt/micro-images-pvc/specs935-v1/specs935-v1-FA-P015098-U2OS-48h-P12-L1/2021-12-19/859/specs935-v1-FA-P015098-U2OS-48h-P12-L1_O09_s8_w55C5B6247-81F0-4446-8ADA-48118FCB0435.npy,topoisomerase inhibitor
P015098,O09,s9,CBK309040,/mnt/micro-images-pvc/specs935-v1/specs935-v1-FA-P015098-U2OS-48h-P12-L1/2021-12-19/859/specs935-v1-FA-P015098-U2OS-48h-P12-L1_O09_s9_w5E8B2FC82-4769-4FB8-B6D6-F46336E57C80.npy,topoisomerase inhibitor
P015098,O11,s1,CBK201032,/mnt/micro-images-pvc/specs935-v1/specs935-v1-FA-P015098-U2OS-48h-P12-L1/2021-12-19/859/specs935-v1-FA-P015098-U2OS-48h-P12-L1_O11_s1_w5F17FE554-BBAA-40EC-ACAE-33EFF136D760.npy,tubulin polymerization inhibitor
P015098,O11,s2,CBK201032,/mnt/micro-images-pvc/specs935-v1/specs935-v1-FA-P015098-U2OS-48h-P12-L1/2021-12-19/859/specs935-v1-FA-P015098-U2OS-48h-P12-L1_O11_s2_w551CD1F28-06CB-41AD-A83A-459875FA9A98.npy,tubulin polymerization inhibitor
P015098,O11,s3,CBK201032,/mnt/micro-images-pvc/specs935-v1/specs935-v1-FA-P015098-U2OS-48h-P12-L1/2021-12-19/859/specs935-v1-FA-P015098-U2OS-48h-P12-L1_O11_s3_w59E7681C6-4A0D-49EE-9EDC-C0C9571F17DB.npy,tubulin polymerization inhibitor
P015098,O11,s4,CBK201032,/mnt/micro-images-pvc/specs935-v1/specs935-v1-FA-P015098-U2OS-48h-P12-L1/2021-12-19/859/specs935-v1-FA-P015098-U2OS-48h-P12-L1_O11_s4_w5F95D26F3-2F84-4929-8130-ABC2694243A7.npy,tubulin polymerization inhibitor
P015098,O11,s5,CBK201032,/mnt/micro-images-pvc/specs935-v1/specs935-v1-FA-P015098-U2OS-48h-P12-L1/2021-12-19/859/specs935-v1-FA-P015098-U2OS-48h-P12-L1_O11_s5_w5E2DC8D47-8A5B-4F6E-871B-0775C35F6F63.npy,tubulin polymerization inhibitor
P015098,O11,s6,CBK201032,/mnt/micro-images-pvc/specs935-v1/specs935-v1-FA-P015098-U2OS-48h-P12-L1/2021-12-19/859/specs935-v1-FA-P015098-U2OS-48h-P12-L1_O11_s6_w5DCCCE7B2-16F7-4784-A2E9-F49A5396C5EC.npy,tubulin polymerization inhibitor
P015098,O11,s7,CBK201032,/mnt/micro-images-pvc/specs935-v1/specs935-v1-FA-P015098-U2OS-48h-P12-L1/2021-12-19/859/specs935-v1-FA-P015098-U2OS-48h-P12-L1_O11_s7_w5290F9A1B-F6BE-4BA4-83A9-CC576CCE9037.npy,tubulin polymerization inhibitor
P015098,O11,s8,CBK201032,/mnt/micro-images-pvc/specs935-v1/specs935-v1-FA-P015098-U2OS-48h-P12-L1/2021-12-19/859/specs935-v1-FA-P015098-U2OS-48h-P12-L1_O11_s8_w51C2A60FC-E084-467A-81F7-EE52BDE1FA6E.npy,tubulin polymerization inhibitor
P015098,O11,s9,CBK201032,/mnt/micro-images-pvc/specs935-v1/specs935-v1-FA-P015098-U2OS-48h-P12-L1/2021-12-19/859/specs935-v1-FA-P015098-U2OS-48h-P12-L1_O11_s9_w53217197E-2758-4E37-B8EB-3C9F2D895A71.npy,tubulin polymerization inhibitor
P015098,O12,s1,CBK041003,/mnt/micro-images-pvc/specs935-v1/specs935-v1-FA-P015098-U2OS-48h-P12-L1/2021-12-19/859/specs935-v1-FA-P015098-U2OS-48h-P12-L1_O12_s1_w5DBC1961F-9BB6-46CE-B907-69EDD7B55E12.npy,retinoid receptor agonist
P015098,O12,s2,CBK041003,/mnt/micro-images-pvc/specs935-v1/specs935-v1-FA-P015098-U2OS-48h-P12-L1/2021-12-19/859/specs935-v1-FA-P015098-U2OS-48h-P12-L1_O12_s2_w5C3846AB9-FEB3-4325-9D1B-175A52E4637B.npy,retinoid receptor agonist
P015098,O12,s3,CBK041003,/mnt/micro-images-pvc/specs935-v1/specs935-v1-FA-P015098-U2OS-48h-P12-L1/2021-12-19/859/specs935-v1-FA-P015098-U2OS-48h-P12-L1_O12_s3_w5D3216E77-C861-45E1-84D7-2B8B492EC10A.npy,retinoid receptor agonist
P015098,O12,s4,CBK041003,/mnt/micro-images-pvc/specs935-v1/specs935-v1-FA-P015098-U2OS-48h-P12-L1/2021-12-19/859/specs935-v1-FA-P015098-U2OS-48h-P12-L1_O12_s4_w5D5915182-D6B5-4360-B2DC-7BE0952387C0.npy,retinoid receptor agonist
P015098,O12,s5,CBK041003,/mnt/micro-images-pvc/specs935-v1/specs935-v1-FA-P015098-U2OS-48h-P12-L1/2021-12-19/859/specs935-v1-FA-P015098-U2OS-48h-P12-L1_O12_s5_w52BBA8067-2246-40B6-B9C0-37D01B5BD7B7.npy,retinoid receptor agonist
P015098,O12,s6,CBK041003,/mnt/micro-images-pvc/specs935-v1/specs935-v1-FA-P015098-U2OS-48h-P12-L1/2021-12-19/859/specs935-v1-FA-P015098-U2OS-48h-P12-L1_O12_s6_w53EAE992B-2698-4BE5-9A2D-4FE4382FF02F.npy,retinoid receptor agonist
P015098,O12,s7,CBK041003,/mnt/micro-images-pvc/specs935-v1/specs935-v1-FA-P015098-U2OS-48h-P12-L1/2021-12-19/859/specs935-v1-FA-P015098-U2OS-48h-P12-L1_O12_s7_w53C0D19E2-A92D-4787-B48A-9C6B7E5584BD.npy,retinoid receptor agonist
P015098,O12,s8,CBK041003,/mnt/micro-images-pvc/specs935-v1/specs935-v1-FA-P015098-U2OS-48h-P12-L1/2021-12-19/859/specs935-v1-FA-P015098-U2OS-48h-P12-L1_O12_s8_w52D214DEB-A96B-4192-917F-35A52194B069.npy,retinoid receptor agonist
P015098,O12,s9,CBK041003,/mnt/micro-images-pvc/specs935-v1/specs935-v1-FA-P015098-U2OS-48h-P12-L1/2021-12-19/859/specs935-v1-FA-P015098-U2OS-48h-P12-L1_O12_s9_w5A6075D1F-862D-43D0-AAD1-53CF05F1B6BF.npy,retinoid receptor agonist
P015098,O15,s1,CBK309601,/mnt/micro-images-pvc/specs935-v1/specs935-v1-FA-P015098-U2OS-48h-P12-L1/2021-12-19/859/specs935-v1-FA-P015098-U2OS-48h-P12-L1_O15_s1_w58ECFA582-A16A-4D64-95ED-A249F462D394.npy,protein synthesis inhibitor
P015098,O15,s2,CBK309601,/mnt/micro-images-pvc/specs935-v1/specs935-v1-FA-P015098-U2OS-48h-P12-L1/2021-12-19/859/specs935-v1-FA-P015098-U2OS-48h-P12-L1_O15_s2_w5DA29FA93-F746-48D0-8C2C-8DAD67DF0777.npy,protein synthesis inhibitor
P015098,O15,s3,CBK309601,/mnt/micro-images-pvc/specs935-v1/specs935-v1-FA-P015098-U2OS-48h-P12-L1/2021-12-19/859/specs935-v1-FA-P015098-U2OS-48h-P12-L1_O15_s3_w5158A85D6-97A5-4EB5-9309-DCFEB54146EF.npy,protein synthesis inhibitor
P015098,O15,s4,CBK309601,/mnt/micro-images-pvc/specs935-v1/specs935-v1-FA-P015098-U2OS-48h-P12-L1/2021-12-19/859/specs935-v1-FA-P015098-U2OS-48h-P12-L1_O15_s4_w543ABF052-3C76-4FEB-A8A3-FADCF3D3999B.npy,protein synthesis inhibitor
P015098,O15,s5,CBK309601,/mnt/micro-images-pvc/specs935-v1/specs935-v1-FA-P015098-U2OS-48h-P12-L1/2021-12-19/859/specs935-v1-FA-P015098-U2OS-48h-P12-L1_O15_s5_w5CA21F28C-B918-4B0C-86CB-3948059EFF70.npy,protein synthesis inhibitor
P015098,O15,s6,CBK309601,/mnt/micro-images-pvc/specs935-v1/specs935-v1-FA-P015098-U2OS-48h-P12-L1/2021-12-19/859/specs935-v1-FA-P015098-U2OS-48h-P12-L1_O15_s6_w571F27D6E-32BA-4B92-AB15-382747D56B0E.npy,protein synthesis inhibitor
P015098,O15,s7,CBK309601,/mnt/micro-images-pvc/specs935-v1/specs935-v1-FA-P015098-U2OS-48h-P12-L1/2021-12-19/859/specs935-v1-FA-P015098-U2OS-48h-P12-L1_O15_s7_w5A665ECD1-ECD7-4F67-8356-7717FA83AC9C.npy,protein synthesis inhibitor
P015098,O15,s8,CBK309601,/mnt/micro-images-pvc/specs935-v1/specs935-v1-FA-P015098-U2OS-48h-P12-L1/2021-12-19/859/specs935-v1-FA-P015098-U2OS-48h-P12-L1_O15_s8_w5149F34B6-B6D0-431A-A40F-8B9821364695.npy,protein synthesis inhibitor
P015098,O15,s9,CBK309601,/mnt/micro-images-pvc/specs935-v1/specs935-v1-FA-P015098-U2OS-48h-P12-L1/2021-12-19/859/specs935-v1-FA-P015098-U2OS-48h-P12-L1_O15_s9_w56E82A813-AA55-4FCE-A9C9-6E04060272D5.npy,protein synthesis inhibitor
P015098,O16,s1,CBK307964,/mnt/micro-images-pvc/specs935-v1/specs935-v1-FA-P015098-U2OS-48h-P12-L1/2021-12-19/859/specs935-v1-FA-P015098-U2OS-48h-P12-L1_O16_s1_w5BBC191EA-78EE-4860-B44D-726216DCD039.npy,tubulin polymerization inhibitor
P015098,O16,s2,CBK307964,/mnt/micro-images-pvc/specs935-v1/specs935-v1-FA-P015098-U2OS-48h-P12-L1/2021-12-19/859/specs935-v1-FA-P015098-U2OS-48h-P12-L1_O16_s2_w5F2CFFF2F-A655-49FB-A1BF-CE62247CC484.npy,tubulin polymerization inhibitor
P015098,O16,s3,CBK307964,/mnt/micro-images-pvc/specs935-v1/specs935-v1-FA-P015098-U2OS-48h-P12-L1/2021-12-19/859/specs935-v1-FA-P015098-U2OS-48h-P12-L1_O16_s3_w584AF06F2-12AC-49FA-A3F5-B11A08214609.npy,tubulin polymerization inhibitor
P015098,O16,s4,CBK307964,/mnt/micro-images-pvc/specs935-v1/specs935-v1-FA-P015098-U2OS-48h-P12-L1/2021-12-19/859/specs935-v1-FA-P015098-U2OS-48h-P12-L1_O16_s4_w55A26F538-859E-4D30-8625-D8BF64F49565.npy,tubulin polymerization inhibitor
P015098,O16,s5,CBK307964,/mnt/micro-images-pvc/specs935-v1/specs935-v1-FA-P015098-U2OS-48h-P12-L1/2021-12-19/859/specs935-v1-FA-P015098-U2OS-48h-P12-L1_O16_s5_w54B5FD60D-D83F-4E0F-A056-17584FDF5D48.npy,tubulin polymerization inhibitor
P015098,O16,s6,CBK307964,/mnt/micro-images-pvc/specs935-v1/specs935-v1-FA-P015098-U2OS-48h-P12-L1/2021-12-19/859/specs935-v1-FA-P015098-U2OS-48h-P12-L1_O16_s6_w520262228-A9D2-4BCD-8D83-1E3C60CE0204.npy,tubulin polymerization inhibitor
P015098,O16,s7,CBK307964,/mnt/micro-images-pvc/specs935-v1/specs935-v1-FA-P015098-U2OS-48h-P12-L1/2021-12-19/859/specs935-v1-FA-P015098-U2OS-48h-P12-L1_O16_s7_w5B0DFBA8F-CC86-4A27-A048-BA07C0D59827.npy,tubulin polymerization inhibitor
P015098,O16,s8,CBK307964,/mnt/micro-images-pvc/specs935-v1/specs935-v1-FA-P015098-U2OS-48h-P12-L1/2021-12-19/859/specs935-v1-FA-P015098-U2OS-48h-P12-L1_O16_s8_w5623D2211-3295-4F47-9F1D-AD2E49E62292.npy,tubulin polymerization inhibitor
P015098,O16,s9,CBK307964,/mnt/micro-images-pvc/specs935-v1/specs935-v1-FA-P015098-U2OS-48h-P12-L1/2021-12-19/859/specs935-v1-FA-P015098-U2OS-48h-P12-L1_O16_s9_w59F762A10-F8CC-4B20-A01F-59258C131927.npy,tubulin polymerization inhibitor
P015098,O17,s1,CBK309265,/mnt/micro-images-pvc/specs935-v1/specs935-v1-FA-P015098-U2OS-48h-P12-L1/2021-12-19/859/specs935-v1-FA-P015098-U2OS-48h-P12-L1_O17_s1_w586358521-0A26-4A49-9A28-34338CB32589.npy,topoisomerase inhibitor
P015098,O17,s2,CBK309265,/mnt/micro-images-pvc/specs935-v1/specs935-v1-FA-P015098-U2OS-48h-P12-L1/2021-12-19/859/specs935-v1-FA-P015098-U2OS-48h-P12-L1_O17_s2_w57780F2F4-B613-416A-A3AA-385B25887E63.npy,topoisomerase inhibitor
P015098,O17,s3,CBK309265,/mnt/micro-images-pvc/specs935-v1/specs935-v1-FA-P015098-U2OS-48h-P12-L1/2021-12-19/859/specs935-v1-FA-P015098-U2OS-48h-P12-L1_O17_s3_w58B9651AC-9AA7-4B34-A019-320B6D34DCAB.npy,topoisomerase inhibitor
P015098,O17,s4,CBK309265,/mnt/micro-images-pvc/specs935-v1/specs935-v1-FA-P015098-U2OS-48h-P12-L1/2021-12-19/859/specs935-v1-FA-P015098-U2OS-48h-P12-L1_O17_s4_w5B6735E80-939B-4520-B301-CDA5407E20BF.npy,topoisomerase inhibitor
P015098,O17,s5,CBK309265,/mnt/micro-images-pvc/specs935-v1/specs935-v1-FA-P015098-U2OS-48h-P12-L1/2021-12-19/859/specs935-v1-FA-P015098-U2OS-48h-P12-L1_O17_s5_w5CBA50202-007A-4966-B24E-A7801F3C071C.npy,topoisomerase inhibitor
P015098,O17,s6,CBK309265,/mnt/micro-images-pvc/specs935-v1/specs935-v1-FA-P015098-U2OS-48h-P12-L1/2021-12-19/859/specs935-v1-FA-P015098-U2OS-48h-P12-L1_O17_s6_w5901A069C-F214-44C7-B14C-F9BC83B59B7A.npy,topoisomerase inhibitor
P015098,O17,s7,CBK309265,/mnt/micro-images-pvc/specs935-v1/specs935-v1-FA-P015098-U2OS-48h-P12-L1/2021-12-19/859/specs935-v1-FA-P015098-U2OS-48h-P12-L1_O17_s7_w5862CF2DD-8478-4037-BEE0-564C5DD40FC7.npy,topoisomerase inhibitor
P015098,O17,s8,CBK309265,/mnt/micro-images-pvc/specs935-v1/specs935-v1-FA-P015098-U2OS-48h-P12-L1/2021-12-19/859/specs935-v1-FA-P015098-U2OS-48h-P12-L1_O17_s8_w515FCCA75-C5A2-429D-AE3D-6DA829F2A9CF.npy,topoisomerase inhibitor
P015098,O17,s9,CBK309265,/mnt/micro-images-pvc/specs935-v1/specs935-v1-FA-P015098-U2OS-48h-P12-L1/2021-12-19/859/specs935-v1-FA-P015098-U2OS-48h-P12-L1_O17_s9_w5D0F04619-C7DC-4DDE-97F6-928285C06644.npy,topoisomerase inhibitor
P015098,O21,s1,CBK290683,/mnt/micro-images-pvc/specs935-v1/specs935-v1-FA-P015098-U2OS-48h-P12-L1/2021-12-19/859/specs935-v1-FA-P015098-U2OS-48h-P12-L1_O21_s1_w582280318-DD08-4127-B494-604BC1B59AF1.npy,topoisomerase inhibitor
P015098,O21,s2,CBK290683,/mnt/micro-images-pvc/specs935-v1/specs935-v1-FA-P015098-U2OS-48h-P12-L1/2021-12-19/859/specs935-v1-FA-P015098-U2OS-48h-P12-L1_O21_s2_w53936E51F-1C71-4A6C-8663-A32ECC90846C.npy,topoisomerase inhibitor
P015098,O21,s3,CBK290683,/mnt/micro-images-pvc/specs935-v1/specs935-v1-FA-P015098-U2OS-48h-P12-L1/2021-12-19/859/specs935-v1-FA-P015098-U2OS-48h-P12-L1_O21_s3_w527E74B58-C8F3-44DF-A4F7-0CA40CBE2C5B.npy,topoisomerase inhibitor
P015098,O21,s4,CBK290683,/mnt/micro-images-pvc/specs935-v1/specs935-v1-FA-P015098-U2OS-48h-P12-L1/2021-12-19/859/specs935-v1-FA-P015098-U2OS-48h-P12-L1_O21_s4_w5C5D7A10A-2CF7-4F3E-ADCE-77510428A754.npy,topoisomerase inhibitor
P015098,O21,s5,CBK290683,/mnt/micro-images-pvc/specs935-v1/specs935-v1-FA-P015098-U2OS-48h-P12-L1/2021-12-19/859/specs935-v1-FA-P015098-U2OS-48h-P12-L1_O21_s5_w572A63F22-BF98-47CB-8ACD-0422B6357887.npy,topoisomerase inhibitor
P015098,O21,s6,CBK290683,/mnt/micro-images-pvc/specs935-v1/specs935-v1-FA-P015098-U2OS-48h-P12-L1/2021-12-19/859/specs935-v1-FA-P015098-U2OS-48h-P12-L1_O21_s6_w5D1CC026B-D120-4A9F-A481-4B16522649ED.npy,topoisomerase inhibitor
P015098,O21,s7,CBK290683,/mnt/micro-images-pvc/specs935-v1/specs935-v1-FA-P015098-U2OS-48h-P12-L1/2021-12-19/859/specs935-v1-FA-P015098-U2OS-48h-P12-L1_O21_s7_w54A2E2E14-CBA4-4ABA-A57A-6073716986C0.npy,topoisomerase inhibitor
P015098,O21,s8,CBK290683,/mnt/micro-images-pvc/specs935-v1/specs935-v1-FA-P015098-U2OS-48h-P12-L1/2021-12-19/859/specs935-v1-FA-P015098-U2OS-48h-P12-L1_O21_s8_w5A99B60D1-E799-48F1-AC0C-80A253902E62.npy,topoisomerase inhibitor
P015098,O21,s9,CBK290683,/mnt/micro-images-pvc/specs935-v1/specs935-v1-FA-P015098-U2OS-48h-P12-L1/2021-12-19/859/specs935-v1-FA-P015098-U2OS-48h-P12-L1_O21_s9_w5C8C79CAD-C785-4959-A113-250DBF48E21B.npy,topoisomerase inhibitor
P015098,O22,s1,CBK290012,/mnt/micro-images-pvc/specs935-v1/specs935-v1-FA-P015098-U2OS-48h-P12-L1/2021-12-19/859/specs935-v1-FA-P015098-U2OS-48h-P12-L1_O22_s1_w53CF9CDF1-801F-4D1F-8E15-BBA822F29EFB.npy,retinoid receptor agonist
P015098,O22,s2,CBK290012,/mnt/micro-images-pvc/specs935-v1/specs935-v1-FA-P015098-U2OS-48h-P12-L1/2021-12-19/859/specs935-v1-FA-P015098-U2OS-48h-P12-L1_O22_s2_w5E3932112-E472-4917-BAA9-C25E0DCFC542.npy,retinoid receptor agonist
P015098,O22,s3,CBK290012,/mnt/micro-images-pvc/specs935-v1/specs935-v1-FA-P015098-U2OS-48h-P12-L1/2021-12-19/859/specs935-v1-FA-P015098-U2OS-48h-P12-L1_O22_s3_w5EFA9F9A5-10B7-4B76-ADCE-D8A11CCB6242.npy,retinoid receptor agonist
P015098,O22,s4,CBK290012,/mnt/micro-images-pvc/specs935-v1/specs935-v1-FA-P015098-U2OS-48h-P12-L1/2021-12-19/859/specs935-v1-FA-P015098-U2OS-48h-P12-L1_O22_s4_w552683A0F-FB3C-4679-81F0-218A4C701F28.npy,retinoid receptor agonist
P015098,O22,s5,CBK290012,/mnt/micro-images-pvc/specs935-v1/specs935-v1-FA-P015098-U2OS-48h-P12-L1/2021-12-19/859/specs935-v1-FA-P015098-U2OS-48h-P12-L1_O22_s5_w5DA88A3AB-9785-44A4-9996-EE01F1B6DEF3.npy,retinoid receptor agonist
P015098,O22,s6,CBK290012,/mnt/micro-images-pvc/specs935-v1/specs935-v1-FA-P015098-U2OS-48h-P12-L1/2021-12-19/859/specs935-v1-FA-P015098-U2OS-48h-P12-L1_O22_s6_w5AA6CB210-88AB-48B0-B332-F1DFABC7EDAB.npy,retinoid receptor agonist
P015098,O22,s7,CBK290012,/mnt/micro-images-pvc/specs935-v1/specs935-v1-FA-P015098-U2OS-48h-P12-L1/2021-12-19/859/specs935-v1-FA-P015098-U2OS-48h-P12-L1_O22_s7_w54899E318-CE5D-49DD-A913-27C265843DC0.npy,retinoid receptor agonist
P015098,O22,s8,CBK290012,/mnt/micro-images-pvc/specs935-v1/specs935-v1-FA-P015098-U2OS-48h-P12-L1/2021-12-19/859/specs935-v1-FA-P015098-U2OS-48h-P12-L1_O22_s8_w5F12FD92B-84F9-406F-91FA-6B9168C807D0.npy,retinoid receptor agonist
P015098,O22,s9,CBK290012,/mnt/micro-images-pvc/specs935-v1/specs935-v1-FA-P015098-U2OS-48h-P12-L1/2021-12-19/859/specs935-v1-FA-P015098-U2OS-48h-P12-L1_O22_s9_w5AB1F4634-FDDA-4D70-873C-C508D455F9E7.npy,retinoid receptor agonist
P015099,B02,s1,CBK308276,/mnt/micro-images-pvc/specs935-v1/specs935-v1-FA-P015099-U2OS-48h-P12-L2/2021-12-23/874/specs935-v1-FA-P015099-U2OS-48h-P12-L2_B02_s1_w574FE0BDC-38BC-495D-B3F8-2F48A166F0B8.npy,retinoid receptor agonist
P015099,B02,s2,CBK308276,/mnt/micro-images-pvc/specs935-v1/specs935-v1-FA-P015099-U2OS-48h-P12-L2/2021-12-23/874/specs935-v1-FA-P015099-U2OS-48h-P12-L2_B02_s2_w579854804-5877-419D-A69E-DD5372589798.npy,retinoid receptor agonist
P015099,B02,s3,CBK308276,/mnt/micro-images-pvc/specs935-v1/specs935-v1-FA-P015099-U2OS-48h-P12-L2/2021-12-23/874/specs935-v1-FA-P015099-U2OS-48h-P12-L2_B02_s3_w5D6E72066-E79B-4119-AA47-48FF505BF54B.npy,retinoid receptor agonist
P015099,B02,s4,CBK308276,/mnt/micro-images-pvc/specs935-v1/specs935-v1-FA-P015099-U2OS-48h-P12-L2/2021-12-23/874/specs935-v1-FA-P015099-U2OS-48h-P12-L2_B02_s4_w537846661-90F6-4CE3-B4DA-DEA5EC05A55B.npy,retinoid receptor agonist
P015099,B02,s5,CBK308276,/mnt/micro-images-pvc/specs935-v1/specs935-v1-FA-P015099-U2OS-48h-P12-L2/2021-12-23/874/specs935-v1-FA-P015099-U2OS-48h-P12-L2_B02_s5_w5994359A1-33C9-4E54-93C5-B986BC9F0BD5.npy,retinoid receptor agonist
P015099,B02,s6,CBK308276,/mnt/micro-images-pvc/specs935-v1/specs935-v1-FA-P015099-U2OS-48h-P12-L2/2021-12-23/874/specs935-v1-FA-P015099-U2OS-48h-P12-L2_B02_s6_w5F7F13A1E-D659-43B2-ACE7-958FDC2F5160.npy,retinoid receptor agonist
P015099,B02,s7,CBK308276,/mnt/micro-images-pvc/specs935-v1/specs935-v1-FA-P015099-U2OS-48h-P12-L2/2021-12-23/874/specs935-v1-FA-P015099-U2OS-48h-P12-L2_B02_s7_w5A1F3B494-D78F-4F4C-9FBB-92EDD386825D.npy,retinoid receptor agonist
P015099,B02,s8,CBK308276,/mnt/micro-images-pvc/specs935-v1/specs935-v1-FA-P015099-U2OS-48h-P12-L2/2021-12-23/874/specs935-v1-FA-P015099-U2OS-48h-P12-L2_B02_s8_w55F556E7A-993E-46D2-8C61-2C2D380431CB.npy,retinoid receptor agonist
P015099,B02,s9,CBK308276,/mnt/micro-images-pvc/specs935-v1/specs935-v1-FA-P015099-U2OS-48h-P12-L2/2021-12-23/874/specs935-v1-FA-P015099-U2OS-48h-P12-L2_B02_s9_w52CAA8BEE-8977-46AB-8ED7-02B12CC951AE.npy,retinoid receptor agonist
P015099,B03,s1,CBK309437,/mnt/micro-images-pvc/specs935-v1/specs935-v1-FA-P015099-U2OS-48h-P12-L2/2021-12-23/874/specs935-v1-FA-P015099-U2OS-48h-P12-L2_B03_s1_w5B3B5AD4F-49E3-4CCC-9CA7-02DB0200B796.npy,tubulin polymerization inhibitor
P015099,B03,s2,CBK309437,/mnt/micro-images-pvc/specs935-v1/specs935-v1-FA-P015099-U2OS-48h-P12-L2/2021-12-23/874/specs935-v1-FA-P015099-U2OS-48h-P12-L2_B03_s2_w58947016B-CBDF-4DCC-8F2F-90A9FBBC65D1.npy,tubulin polymerization inhibitor
P015099,B03,s3,CBK309437,/mnt/micro-images-pvc/specs935-v1/specs935-v1-FA-P015099-U2OS-48h-P12-L2/2021-12-23/874/specs935-v1-FA-P015099-U2OS-48h-P12-L2_B03_s3_w543C86431-7100-4774-832D-51CE85F82808.npy,tubulin polymerization inhibitor
P015099,B03,s4,CBK309437,/mnt/micro-images-pvc/specs935-v1/specs935-v1-FA-P015099-U2OS-48h-P12-L2/2021-12-23/874/specs935-v1-FA-P015099-U2OS-48h-P12-L2_B03_s4_w5C590600B-A1BB-44DB-8100-0D9BD9B3914F.npy,tubulin polymerization inhibitor
P015099,B03,s5,CBK309437,/mnt/micro-images-pvc/specs935-v1/specs935-v1-FA-P015099-U2OS-48h-P12-L2/2021-12-23/874/specs935-v1-FA-P015099-U2OS-48h-P12-L2_B03_s5_w5E6DCD3FB-819A-460B-8F93-E63E25A7DF59.npy,tubulin polymerization inhibitor
P015099,B03,s6,CBK309437,/mnt/micro-images-pvc/specs935-v1/specs935-v1-FA-P015099-U2OS-48h-P12-L2/2021-12-23/874/specs935-v1-FA-P015099-U2OS-48h-P12-L2_B03_s6_w5290B4DFD-385E-4BF7-9311-6427F89A5AA0.npy,tubulin polymerization inhibitor
P015099,B03,s7,CBK309437,/mnt/micro-images-pvc/specs935-v1/specs935-v1-FA-P015099-U2OS-48h-P12-L2/2021-12-23/874/specs935-v1-FA-P015099-U2OS-48h-P12-L2_B03_s7_w5F320E911-9337-45BC-803B-B30E7C18E347.npy,tubulin polymerization inhibitor
P015099,B03,s8,CBK309437,/mnt/micro-images-pvc/specs935-v1/specs935-v1-FA-P015099-U2OS-48h-P12-L2/2021-12-23/874/specs935-v1-FA-P015099-U2OS-48h-P12-L2_B03_s8_w52847C79D-D153-4F5E-BC52-005D8586866E.npy,tubulin polymerization inhibitor
P015099,B03,s9,CBK309437,/mnt/micro-images-pvc/specs935-v1/specs935-v1-FA-P015099-U2OS-48h-P12-L2/2021-12-23/874/specs935-v1-FA-P015099-U2OS-48h-P12-L2_B03_s9_w5D4D30173-94D0-43F0-AB41-BF25ECCD7DC6.npy,tubulin polymerization inhibitor
P015099,B05,s1,CBK290287,/mnt/micro-images-pvc/specs935-v1/specs935-v1-FA-P015099-U2OS-48h-P12-L2/2021-12-23/874/specs935-v1-FA-P015099-U2OS-48h-P12-L2_B05_s1_w51CFBFE8E-5061-4029-B118-5E059AB8EDAF.npy,retinoid receptor agonist
P015099,B05,s2,CBK290287,/mnt/micro-images-pvc/specs935-v1/specs935-v1-FA-P015099-U2OS-48h-P12-L2/2021-12-23/874/specs935-v1-FA-P015099-U2OS-48h-P12-L2_B05_s2_w5A930F105-1806-4F78-890D-B7A70B249938.npy,retinoid receptor agonist
P015099,B05,s3,CBK290287,/mnt/micro-images-pvc/specs935-v1/specs935-v1-FA-P015099-U2OS-48h-P12-L2/2021-12-23/874/specs935-v1-FA-P015099-U2OS-48h-P12-L2_B05_s3_w5B4D96A1A-3446-4D97-A063-6A6BF240C80F.npy,retinoid receptor agonist
P015099,B05,s4,CBK290287,/mnt/micro-images-pvc/specs935-v1/specs935-v1-FA-P015099-U2OS-48h-P12-L2/2021-12-23/874/specs935-v1-FA-P015099-U2OS-48h-P12-L2_B05_s4_w5CDB301E7-3FD8-4845-A697-1529A63AA0C6.npy,retinoid receptor agonist
P015099,B05,s5,CBK290287,/mnt/micro-images-pvc/specs935-v1/specs935-v1-FA-P015099-U2OS-48h-P12-L2/2021-12-23/874/specs935-v1-FA-P015099-U2OS-48h-P12-L2_B05_s5_w57B8B316F-D1B7-4564-A054-4D9545AC4E7A.npy,retinoid receptor agonist
P015099,B05,s6,CBK290287,/mnt/micro-images-pvc/specs935-v1/specs935-v1-FA-P015099-U2OS-48h-P12-L2/2021-12-23/874/specs935-v1-FA-P015099-U2OS-48h-P12-L2_B05_s6_w544803B5D-BFA9-475A-A8C3-812248AA6B0A.npy,retinoid receptor agonist
P015099,B05,s7,CBK290287,/mnt/micro-images-pvc/specs935-v1/specs935-v1-FA-P015099-U2OS-48h-P12-L2/2021-12-23/874/specs935-v1-FA-P015099-U2OS-48h-P12-L2_B05_s7_w581FF102C-46A8-4BFF-8449-6A0704869E5F.npy,retinoid receptor agonist
P015099,B05,s8,CBK290287,/mnt/micro-images-pvc/specs935-v1/specs935-v1-FA-P015099-U2OS-48h-P12-L2/2021-12-23/874/specs935-v1-FA-P015099-U2OS-48h-P12-L2_B05_s8_w514303C64-8249-4D62-A900-E7A35EDD28ED.npy,retinoid receptor agonist
P015099,B05,s9,CBK290287,/mnt/micro-images-pvc/specs935-v1/specs935-v1-FA-P015099-U2OS-48h-P12-L2/2021-12-23/874/specs935-v1-FA-P015099-U2OS-48h-P12-L2_B05_s9_w53D7FAAE5-8A79-4E18-81C5-A8225C07061C.npy,retinoid receptor agonist
P015099,B09,s1,CBK290251,/mnt/micro-images-pvc/specs935-v1/specs935-v1-FA-P015099-U2OS-48h-P12-L2/2021-12-23/874/specs935-v1-FA-P015099-U2OS-48h-P12-L2_B09_s1_w518713A1A-7C18-4968-918C-5557D01C7B2D.npy,topoisomerase inhibitor
P015099,B09,s2,CBK290251,/mnt/micro-images-pvc/specs935-v1/specs935-v1-FA-P015099-U2OS-48h-P12-L2/2021-12-23/874/specs935-v1-FA-P015099-U2OS-48h-P12-L2_B09_s2_w5C737725A-CB04-45F7-95CD-F08D59954827.npy,topoisomerase inhibitor
P015099,B09,s3,CBK290251,/mnt/micro-images-pvc/specs935-v1/specs935-v1-FA-P015099-U2OS-48h-P12-L2/2021-12-23/874/specs935-v1-FA-P015099-U2OS-48h-P12-L2_B09_s3_w58FDA221D-CB9C-44E3-BA5D-C376318798D6.npy,topoisomerase inhibitor
P015099,B09,s4,CBK290251,/mnt/micro-images-pvc/specs935-v1/specs935-v1-FA-P015099-U2OS-48h-P12-L2/2021-12-23/874/specs935-v1-FA-P015099-U2OS-48h-P12-L2_B09_s4_w580ADD9B5-C490-4A04-B6D0-1583277C31CC.npy,topoisomerase inhibitor
P015099,B09,s5,CBK290251,/mnt/micro-images-pvc/specs935-v1/specs935-v1-FA-P015099-U2OS-48h-P12-L2/2021-12-23/874/specs935-v1-FA-P015099-U2OS-48h-P12-L2_B09_s5_w5D6DBEB5F-5D7D-4EDD-9FA3-2351B0F295D4.npy,topoisomerase inhibitor
P015099,B09,s6,CBK290251,/mnt/micro-images-pvc/specs935-v1/specs935-v1-FA-P015099-U2OS-48h-P12-L2/2021-12-23/874/specs935-v1-FA-P015099-U2OS-48h-P12-L2_B09_s6_w5E908EE0D-56B5-4F33-9A87-CF355E7078FE.npy,topoisomerase inhibitor
P015099,B09,s7,CBK290251,/mnt/micro-images-pvc/specs935-v1/specs935-v1-FA-P015099-U2OS-48h-P12-L2/2021-12-23/874/specs935-v1-FA-P015099-U2OS-48h-P12-L2_B09_s7_w52DFE7035-7F91-43F6-AFA4-FB6C61D6E346.npy,topoisomerase inhibitor
P015099,B09,s8,CBK290251,/mnt/micro-images-pvc/specs935-v1/specs935-v1-FA-P015099-U2OS-48h-P12-L2/2021-12-23/874/specs935-v1-FA-P015099-U2OS-48h-P12-L2_B09_s8_w58FB3948E-2603-41AF-8289-3228A0BC7AD2.npy,topoisomerase inhibitor
P015099,B09,s9,CBK290251,/mnt/micro-images-pvc/specs935-v1/specs935-v1-FA-P015099-U2OS-48h-P12-L2/2021-12-23/874/specs935-v1-FA-P015099-U2OS-48h-P12-L2_B09_s9_w585459D94-A77F-4226-8319-F895637CCC77.npy,topoisomerase inhibitor
P015099,B10,s1,CBK307747,/mnt/micro-images-pvc/specs935-v1/specs935-v1-FA-P015099-U2OS-48h-P12-L2/2021-12-23/874/specs935-v1-FA-P015099-U2OS-48h-P12-L2_B10_s1_w52004B82B-9993-4E56-AFB4-0EDFF3E5FBE1.npy,tubulin polymerization inhibitor
P015099,B10,s2,CBK307747,/mnt/micro-images-pvc/specs935-v1/specs935-v1-FA-P015099-U2OS-48h-P12-L2/2021-12-23/874/specs935-v1-FA-P015099-U2OS-48h-P12-L2_B10_s2_w51514D8D5-5068-4662-88A5-C60E3F206C18.npy,tubulin polymerization inhibitor
P015099,B10,s3,CBK307747,/mnt/micro-images-pvc/specs935-v1/specs935-v1-FA-P015099-U2OS-48h-P12-L2/2021-12-23/874/specs935-v1-FA-P015099-U2OS-48h-P12-L2_B10_s3_w5D712C1F6-8753-46A4-A7DF-1D80589C4107.npy,tubulin polymerization inhibitor
P015099,B10,s4,CBK307747,/mnt/micro-images-pvc/specs935-v1/specs935-v1-FA-P015099-U2OS-48h-P12-L2/2021-12-23/874/specs935-v1-FA-P015099-U2OS-48h-P12-L2_B10_s4_w5454C3EA9-7BAA-4F12-9A37-52B35D0702A1.npy,tubulin polymerization inhibitor
P015099,B10,s5,CBK307747,/mnt/micro-images-pvc/specs935-v1/specs935-v1-FA-P015099-U2OS-48h-P12-L2/2021-12-23/874/specs935-v1-FA-P015099-U2OS-48h-P12-L2_B10_s5_w537B0A686-F547-444D-8521-33AB80C19C75.npy,tubulin polymerization inhibitor
P015099,B10,s6,CBK307747,/mnt/micro-images-pvc/specs935-v1/specs935-v1-FA-P015099-U2OS-48h-P12-L2/2021-12-23/874/specs935-v1-FA-P015099-U2OS-48h-P12-L2_B10_s6_w58235A504-3BD6-49D4-B470-FC7CD4D1AC30.npy,tubulin polymerization inhibitor
P015099,B10,s7,CBK307747,/mnt/micro-images-pvc/specs935-v1/specs935-v1-FA-P015099-U2OS-48h-P12-L2/2021-12-23/874/specs935-v1-FA-P015099-U2OS-48h-P12-L2_B10_s7_w567087B15-4CED-421C-9FE5-32C9BBE0C652.npy,tubulin polymerization inhibitor
P015099,B10,s8,CBK307747,/mnt/micro-images-pvc/specs935-v1/specs935-v1-FA-P015099-U2OS-48h-P12-L2/2021-12-23/874/specs935-v1-FA-P015099-U2OS-48h-P12-L2_B10_s8_w560E03AAF-2A46-49C5-99A9-6734F6FD5741.npy,tubulin polymerization inhibitor
P015099,B10,s9,CBK307747,/mnt/micro-images-pvc/specs935-v1/specs935-v1-FA-P015099-U2OS-48h-P12-L2/2021-12-23/874/specs935-v1-FA-P015099-U2OS-48h-P12-L2_B10_s9_w570A6D363-C002-4780-A6BD-D183CB0D5D4D.npy,tubulin polymerization inhibitor
P015099,B12,s1,CBK309040,/mnt/micro-images-pvc/specs935-v1/specs935-v1-FA-P015099-U2OS-48h-P12-L2/2021-12-23/874/specs935-v1-FA-P015099-U2OS-48h-P12-L2_B12_s1_w553AEF523-D1E1-4562-8C18-A91CB5A20D61.npy,topoisomerase inhibitor
P015099,B12,s2,CBK309040,/mnt/micro-images-pvc/specs935-v1/specs935-v1-FA-P015099-U2OS-48h-P12-L2/2021-12-23/874/specs935-v1-FA-P015099-U2OS-48h-P12-L2_B12_s2_w5EB4D9477-81D7-41D8-8F5D-5116736A697C.npy,topoisomerase inhibitor
P015099,B12,s3,CBK309040,/mnt/micro-images-pvc/specs935-v1/specs935-v1-FA-P015099-U2OS-48h-P12-L2/2021-12-23/874/specs935-v1-FA-P015099-U2OS-48h-P12-L2_B12_s3_w5B366B9C7-74CC-4EAA-A4B7-812CFA4F35F7.npy,topoisomerase inhibitor
P015099,B12,s4,CBK309040,/mnt/micro-images-pvc/specs935-v1/specs935-v1-FA-P015099-U2OS-48h-P12-L2/2021-12-23/874/specs935-v1-FA-P015099-U2OS-48h-P12-L2_B12_s4_w5B649CF6F-189A-4BA1-91E9-71C384CDFECF.npy,topoisomerase inhibitor
P015099,B12,s5,CBK309040,/mnt/micro-images-pvc/specs935-v1/specs935-v1-FA-P015099-U2OS-48h-P12-L2/2021-12-23/874/specs935-v1-FA-P015099-U2OS-48h-P12-L2_B12_s5_w590F3869A-0402-48FB-9CBC-038583DA0202.npy,topoisomerase inhibitor
P015099,B12,s6,CBK309040,/mnt/micro-images-pvc/specs935-v1/specs935-v1-FA-P015099-U2OS-48h-P12-L2/2021-12-23/874/specs935-v1-FA-P015099-U2OS-48h-P12-L2_B12_s6_w5D97C9BA5-B30C-4022-B635-D55881DE9289.npy,topoisomerase inhibitor
P015099,B12,s7,CBK309040,/mnt/micro-images-pvc/specs935-v1/specs935-v1-FA-P015099-U2OS-48h-P12-L2/2021-12-23/874/specs935-v1-FA-P015099-U2OS-48h-P12-L2_B12_s7_w5E2BA3C9B-8CAB-46E7-AE57-12632D928017.npy,topoisomerase inhibitor
P015099,B12,s8,CBK309040,/mnt/micro-images-pvc/specs935-v1/specs935-v1-FA-P015099-U2OS-48h-P12-L2/2021-12-23/874/specs935-v1-FA-P015099-U2OS-48h-P12-L2_B12_s8_w59215F464-BB64-4C7D-90BA-64629D24325B.npy,topoisomerase inhibitor
P015099,B12,s9,CBK309040,/mnt/micro-images-pvc/specs935-v1/specs935-v1-FA-P015099-U2OS-48h-P12-L2/2021-12-23/874/specs935-v1-FA-P015099-U2OS-48h-P12-L2_B12_s9_w50DF1F329-3DAB-4F28-8F24-3806C3BD0B90.npy,topoisomerase inhibitor
P015099,B13,s1,CBK201030,/mnt/micro-images-pvc/specs935-v1/specs935-v1-FA-P015099-U2OS-48h-P12-L2/2021-12-23/874/specs935-v1-FA-P015099-U2OS-48h-P12-L2_B13_s1_w552DDD0B5-0F5A-4FFA-9A03-F7460F08AC06.npy,topoisomerase inhibitor
P015099,B13,s2,CBK201030,/mnt/micro-images-pvc/specs935-v1/specs935-v1-FA-P015099-U2OS-48h-P12-L2/2021-12-23/874/specs935-v1-FA-P015099-U2OS-48h-P12-L2_B13_s2_w54EF4E076-3335-4FE3-87EB-AEE7121EE844.npy,topoisomerase inhibitor
P015099,B13,s3,CBK201030,/mnt/micro-images-pvc/specs935-v1/specs935-v1-FA-P015099-U2OS-48h-P12-L2/2021-12-23/874/specs935-v1-FA-P015099-U2OS-48h-P12-L2_B13_s3_w5234EC68D-9CF9-4409-BAD2-066D8FA35BAE.npy,topoisomerase inhibitor
P015099,B13,s4,CBK201030,/mnt/micro-images-pvc/specs935-v1/specs935-v1-FA-P015099-U2OS-48h-P12-L2/2021-12-23/874/specs935-v1-FA-P015099-U2OS-48h-P12-L2_B13_s4_w56178D69E-41DB-495B-8244-94BC41BFE56D.npy,topoisomerase inhibitor
P015099,B13,s5,CBK201030,/mnt/micro-images-pvc/specs935-v1/specs935-v1-FA-P015099-U2OS-48h-P12-L2/2021-12-23/874/specs935-v1-FA-P015099-U2OS-48h-P12-L2_B13_s5_w56BBEEDDE-2EB5-4439-8DFF-F6FF44832028.npy,topoisomerase inhibitor
P015099,B13,s6,CBK201030,/mnt/micro-images-pvc/specs935-v1/specs935-v1-FA-P015099-U2OS-48h-P12-L2/2021-12-23/874/specs935-v1-FA-P015099-U2OS-48h-P12-L2_B13_s6_w586C339E3-3692-4748-85FF-B33B0EDA9FD3.npy,topoisomerase inhibitor
P015099,B13,s7,CBK201030,/mnt/micro-images-pvc/specs935-v1/specs935-v1-FA-P015099-U2OS-48h-P12-L2/2021-12-23/874/specs935-v1-FA-P015099-U2OS-48h-P12-L2_B13_s7_w5EB766319-32A0-4743-9CF5-3B8B4A69BAD0.npy,topoisomerase inhibitor
P015099,B13,s8,CBK201030,/mnt/micro-images-pvc/specs935-v1/specs935-v1-FA-P015099-U2OS-48h-P12-L2/2021-12-23/874/specs935-v1-FA-P015099-U2OS-48h-P12-L2_B13_s8_w59A42D14D-4AED-4290-9406-2D35FEA648DB.npy,topoisomerase inhibitor
P015099,B13,s9,CBK201030,/mnt/micro-images-pvc/specs935-v1/specs935-v1-FA-P015099-U2OS-48h-P12-L2/2021-12-23/874/specs935-v1-FA-P015099-U2OS-48h-P12-L2_B13_s9_w5025C87CB-22F2-4210-AE27-EDC403FE8F42.npy,topoisomerase inhibitor
P015099,B16,s1,CBK309265,/mnt/micro-images-pvc/specs935-v1/specs935-v1-FA-P015099-U2OS-48h-P12-L2/2021-12-23/874/specs935-v1-FA-P015099-U2OS-48h-P12-L2_B16_s1_w560A34740-9214-426F-92B6-C2B100B0E582.npy,topoisomerase inhibitor
P015099,B16,s2,CBK309265,/mnt/micro-images-pvc/specs935-v1/specs935-v1-FA-P015099-U2OS-48h-P12-L2/2021-12-23/874/specs935-v1-FA-P015099-U2OS-48h-P12-L2_B16_s2_w5C9FC8284-1551-4610-ACDB-1CDD34A6A6F4.npy,topoisomerase inhibitor
P015099,B16,s3,CBK309265,/mnt/micro-images-pvc/specs935-v1/specs935-v1-FA-P015099-U2OS-48h-P12-L2/2021-12-23/874/specs935-v1-FA-P015099-U2OS-48h-P12-L2_B16_s3_w5F11297D6-907F-4E34-BBDE-89D44817019F.npy,topoisomerase inhibitor
P015099,B16,s4,CBK309265,/mnt/micro-images-pvc/specs935-v1/specs935-v1-FA-P015099-U2OS-48h-P12-L2/2021-12-23/874/specs935-v1-FA-P015099-U2OS-48h-P12-L2_B16_s4_w507BC6A62-CFBB-4779-B66E-C50C401B4036.npy,topoisomerase inhibitor
P015099,B16,s5,CBK309265,/mnt/micro-images-pvc/specs935-v1/specs935-v1-FA-P015099-U2OS-48h-P12-L2/2021-12-23/874/specs935-v1-FA-P015099-U2OS-48h-P12-L2_B16_s5_w5EE4C5608-5DE0-4C0A-92E2-3E8E1CA5E468.npy,topoisomerase inhibitor
P015099,B16,s6,CBK309265,/mnt/micro-images-pvc/specs935-v1/specs935-v1-FA-P015099-U2OS-48h-P12-L2/2021-12-23/874/specs935-v1-FA-P015099-U2OS-48h-P12-L2_B16_s6_w57E2CACE3-DC24-42C8-9625-F87EDF0FEE8F.npy,topoisomerase inhibitor
P015099,B16,s7,CBK309265,/mnt/micro-images-pvc/specs935-v1/specs935-v1-FA-P015099-U2OS-48h-P12-L2/2021-12-23/874/specs935-v1-FA-P015099-U2OS-48h-P12-L2_B16_s7_w5649A4927-8A06-4423-8C6B-55F34D483C00.npy,topoisomerase inhibitor
P015099,B16,s8,CBK309265,/mnt/micro-images-pvc/specs935-v1/specs935-v1-FA-P015099-U2OS-48h-P12-L2/2021-12-23/874/specs935-v1-FA-P015099-U2OS-48h-P12-L2_B16_s8_w53269C686-0C08-4BAC-B68B-6697CDA6425C.npy,topoisomerase inhibitor
P015099,B16,s9,CBK309265,/mnt/micro-images-pvc/specs935-v1/specs935-v1-FA-P015099-U2OS-48h-P12-L2/2021-12-23/874/specs935-v1-FA-P015099-U2OS-48h-P12-L2_B16_s9_w5FE356AE9-61D2-4F82-AE5E-B039BA9AEFF0.npy,topoisomerase inhibitor
P015099,B17,s1,CBK309016,/mnt/micro-images-pvc/specs935-v1/specs935-v1-FA-P015099-U2OS-48h-P12-L2/2021-12-23/874/specs935-v1-FA-P015099-U2OS-48h-P12-L2_B17_s1_w5445FE8F2-1C2F-4C07-A52D-5B3F658FD14C.npy,tubulin polymerization inhibitor
P015099,B17,s2,CBK309016,/mnt/micro-images-pvc/specs935-v1/specs935-v1-FA-P015099-U2OS-48h-P12-L2/2021-12-23/874/specs935-v1-FA-P015099-U2OS-48h-P12-L2_B17_s2_w535760EBD-FE27-4932-88F4-01D0896658E6.npy,tubulin polymerization inhibitor
P015099,B17,s3,CBK309016,/mnt/micro-images-pvc/specs935-v1/specs935-v1-FA-P015099-U2OS-48h-P12-L2/2021-12-23/874/specs935-v1-FA-P015099-U2OS-48h-P12-L2_B17_s3_w5DE9349DF-A173-4DE8-BDCD-E43D75A5965C.npy,tubulin polymerization inhibitor
P015099,B17,s4,CBK309016,/mnt/micro-images-pvc/specs935-v1/specs935-v1-FA-P015099-U2OS-48h-P12-L2/2021-12-23/874/specs935-v1-FA-P015099-U2OS-48h-P12-L2_B17_s4_w50BC47A49-9914-458A-B890-836980370B3D.npy,tubulin polymerization inhibitor
P015099,B17,s5,CBK309016,/mnt/micro-images-pvc/specs935-v1/specs935-v1-FA-P015099-U2OS-48h-P12-L2/2021-12-23/874/specs935-v1-FA-P015099-U2OS-48h-P12-L2_B17_s5_w5A6739C33-0C81-48FD-962F-9DF559E0226F.npy,tubulin polymerization inhibitor
P015099,B17,s6,CBK309016,/mnt/micro-images-pvc/specs935-v1/specs935-v1-FA-P015099-U2OS-48h-P12-L2/2021-12-23/874/specs935-v1-FA-P015099-U2OS-48h-P12-L2_B17_s6_w56C5CD0D0-4C65-4E6B-ABA2-B6190E7DE9F4.npy,tubulin polymerization inhibitor
P015099,B17,s7,CBK309016,/mnt/micro-images-pvc/specs935-v1/specs935-v1-FA-P015099-U2OS-48h-P12-L2/2021-12-23/874/specs935-v1-FA-P015099-U2OS-48h-P12-L2_B17_s7_w5FE7B7042-6491-442E-BCDC-851E3A0C0D92.npy,tubulin polymerization inhibitor
P015099,B17,s8,CBK309016,/mnt/micro-images-pvc/specs935-v1/specs935-v1-FA-P015099-U2OS-48h-P12-L2/2021-12-23/874/specs935-v1-FA-P015099-U2OS-48h-P12-L2_B17_s8_w5031662C1-EA88-4A7D-8443-4E123853816F.npy,tubulin polymerization inhibitor
P015099,B17,s9,CBK309016,/mnt/micro-images-pvc/specs935-v1/specs935-v1-FA-P015099-U2OS-48h-P12-L2/2021-12-23/874/specs935-v1-FA-P015099-U2OS-48h-P12-L2_B17_s9_w5F0955EF5-B0E1-4FB4-85C9-D36628095C97.npy,tubulin polymerization inhibitor
P015099,B22,s1,CBK307816,/mnt/micro-images-pvc/specs935-v1/specs935-v1-FA-P015099-U2OS-48h-P12-L2/2021-12-23/874/specs935-v1-FA-P015099-U2OS-48h-P12-L2_B22_s1_w51F66527D-9B31-4B05-8813-BCEB021C032E.npy,topoisomerase inhibitor
P015099,B22,s2,CBK307816,/mnt/micro-images-pvc/specs935-v1/specs935-v1-FA-P015099-U2OS-48h-P12-L2/2021-12-23/874/specs935-v1-FA-P015099-U2OS-48h-P12-L2_B22_s2_w5D56431D5-BB33-4BD5-B85F-9B50D885E8FF.npy,topoisomerase inhibitor
P015099,B22,s3,CBK307816,/mnt/micro-images-pvc/specs935-v1/specs935-v1-FA-P015099-U2OS-48h-P12-L2/2021-12-23/874/specs935-v1-FA-P015099-U2OS-48h-P12-L2_B22_s3_w5590C22DD-BF0E-46A3-9EA0-297257CF129F.npy,topoisomerase inhibitor
P015099,B22,s4,CBK307816,/mnt/micro-images-pvc/specs935-v1/specs935-v1-FA-P015099-U2OS-48h-P12-L2/2021-12-23/874/specs935-v1-FA-P015099-U2OS-48h-P12-L2_B22_s4_w589882FE8-C73B-4DEF-B5E7-27A662B58F25.npy,topoisomerase inhibitor
P015099,B22,s5,CBK307816,/mnt/micro-images-pvc/specs935-v1/specs935-v1-FA-P015099-U2OS-48h-P12-L2/2021-12-23/874/specs935-v1-FA-P015099-U2OS-48h-P12-L2_B22_s5_w513A9BDBD-FDA5-4AFB-B83A-EC443233508B.npy,topoisomerase inhibitor
P015099,B22,s6,CBK307816,/mnt/micro-images-pvc/specs935-v1/specs935-v1-FA-P015099-U2OS-48h-P12-L2/2021-12-23/874/specs935-v1-FA-P015099-U2OS-48h-P12-L2_B22_s6_w5345950D9-11BE-42BD-BDCB-A1BE84694487.npy,topoisomerase inhibitor
P015099,B22,s7,CBK307816,/mnt/micro-images-pvc/specs935-v1/specs935-v1-FA-P015099-U2OS-48h-P12-L2/2021-12-23/874/specs935-v1-FA-P015099-U2OS-48h-P12-L2_B22_s7_w5E5BC7E13-9EE0-4DD5-BEFE-CF14A42A0F13.npy,topoisomerase inhibitor
P015099,B22,s8,CBK307816,/mnt/micro-images-pvc/specs935-v1/specs935-v1-FA-P015099-U2OS-48h-P12-L2/2021-12-23/874/specs935-v1-FA-P015099-U2OS-48h-P12-L2_B22_s8_w59FE66D90-1617-4EF7-93F6-106533972B3D.npy,topoisomerase inhibitor
P015099,B22,s9,CBK307816,/mnt/micro-images-pvc/specs935-v1/specs935-v1-FA-P015099-U2OS-48h-P12-L2/2021-12-23/874/specs935-v1-FA-P015099-U2OS-48h-P12-L2_B22_s9_w5BC13EE1E-FB52-4E89-91DE-DAC6FB33157E.npy,topoisomerase inhibitor
P015099,C03,s1,CBK290287,/mnt/micro-images-pvc/specs935-v1/specs935-v1-FA-P015099-U2OS-48h-P12-L2/2021-12-23/874/specs935-v1-FA-P015099-U2OS-48h-P12-L2_C03_s1_w51F216BBC-3E8A-4BED-A56D-27AC456AE607.npy,retinoid receptor agonist
P015099,C03,s2,CBK290287,/mnt/micro-images-pvc/specs935-v1/specs935-v1-FA-P015099-U2OS-48h-P12-L2/2021-12-23/874/specs935-v1-FA-P015099-U2OS-48h-P12-L2_C03_s2_w5F64E47ED-1B6C-448C-86E9-E051206584D1.npy,retinoid receptor agonist
P015099,C03,s3,CBK290287,/mnt/micro-images-pvc/specs935-v1/specs935-v1-FA-P015099-U2OS-48h-P12-L2/2021-12-23/874/specs935-v1-FA-P015099-U2OS-48h-P12-L2_C03_s3_w5D95055EF-96BF-4187-BC62-FB07602866D5.npy,retinoid receptor agonist
P015099,C03,s4,CBK290287,/mnt/micro-images-pvc/specs935-v1/specs935-v1-FA-P015099-U2OS-48h-P12-L2/2021-12-23/874/specs935-v1-FA-P015099-U2OS-48h-P12-L2_C03_s4_w58F8BE4B3-182A-4E1B-82E9-9A79CEBC64C7.npy,retinoid receptor agonist
P015099,C03,s5,CBK290287,/mnt/micro-images-pvc/specs935-v1/specs935-v1-FA-P015099-U2OS-48h-P12-L2/2021-12-23/874/specs935-v1-FA-P015099-U2OS-48h-P12-L2_C03_s5_w5ADD6B6D8-9DDA-4074-BC0D-BBE9BE44C550.npy,retinoid receptor agonist
P015099,C03,s6,CBK290287,/mnt/micro-images-pvc/specs935-v1/specs935-v1-FA-P015099-U2OS-48h-P12-L2/2021-12-23/874/specs935-v1-FA-P015099-U2OS-48h-P12-L2_C03_s6_w5C743A2C0-4B03-4FCF-8E96-E7387D15CD64.npy,retinoid receptor agonist
P015099,C03,s7,CBK290287,/mnt/micro-images-pvc/specs935-v1/specs935-v1-FA-P015099-U2OS-48h-P12-L2/2021-12-23/874/specs935-v1-FA-P015099-U2OS-48h-P12-L2_C03_s7_w580D9D132-3B7F-4977-B7CB-467517FCCFFD.npy,retinoid receptor agonist
P015099,C03,s8,CBK290287,/mnt/micro-images-pvc/specs935-v1/specs935-v1-FA-P015099-U2OS-48h-P12-L2/2021-12-23/874/specs935-v1-FA-P015099-U2OS-48h-P12-L2_C03_s8_w5E1628147-5DEC-4B13-97E5-0994C6F4E7C4.npy,retinoid receptor agonist
P015099,C03,s9,CBK290287,/mnt/micro-images-pvc/specs935-v1/specs935-v1-FA-P015099-U2OS-48h-P12-L2/2021-12-23/874/specs935-v1-FA-P015099-U2OS-48h-P12-L2_C03_s9_w562E6E300-AAFE-4893-A27E-1B864E0F2029.npy,retinoid receptor agonist
P015099,C04,s1,CBK200593,/mnt/micro-images-pvc/specs935-v1/specs935-v1-FA-P015099-U2OS-48h-P12-L2/2021-12-23/874/specs935-v1-FA-P015099-U2OS-48h-P12-L2_C04_s1_w5B28EC071-2ABA-4F48-91EA-9E3904723125.npy,topoisomerase inhibitor
P015099,C04,s2,CBK200593,/mnt/micro-images-pvc/specs935-v1/specs935-v1-FA-P015099-U2OS-48h-P12-L2/2021-12-23/874/specs935-v1-FA-P015099-U2OS-48h-P12-L2_C04_s2_w54666856C-919B-4CD7-8177-C55E974ED116.npy,topoisomerase inhibitor
P015099,C04,s3,CBK200593,/mnt/micro-images-pvc/specs935-v1/specs935-v1-FA-P015099-U2OS-48h-P12-L2/2021-12-23/874/specs935-v1-FA-P015099-U2OS-48h-P12-L2_C04_s3_w58155BB4A-B9BE-4935-89DA-53CEBC2787E0.npy,topoisomerase inhibitor
P015099,C04,s4,CBK200593,/mnt/micro-images-pvc/specs935-v1/specs935-v1-FA-P015099-U2OS-48h-P12-L2/2021-12-23/874/specs935-v1-FA-P015099-U2OS-48h-P12-L2_C04_s4_w5B3B43F70-5ECA-41B6-A175-D4694E532D6C.npy,topoisomerase inhibitor
P015099,C04,s5,CBK200593,/mnt/micro-images-pvc/specs935-v1/specs935-v1-FA-P015099-U2OS-48h-P12-L2/2021-12-23/874/specs935-v1-FA-P015099-U2OS-48h-P12-L2_C04_s5_w5EB33B473-D0A6-4DD9-92D2-88BD0704F0D1.npy,topoisomerase inhibitor
P015099,C04,s6,CBK200593,/mnt/micro-images-pvc/specs935-v1/specs935-v1-FA-P015099-U2OS-48h-P12-L2/2021-12-23/874/specs935-v1-FA-P015099-U2OS-48h-P12-L2_C04_s6_w55C55624E-9EF8-44CC-9CFE-1E2F9ED39D02.npy,topoisomerase inhibitor
P015099,C04,s7,CBK200593,/mnt/micro-images-pvc/specs935-v1/specs935-v1-FA-P015099-U2OS-48h-P12-L2/2021-12-23/874/specs935-v1-FA-P015099-U2OS-48h-P12-L2_C04_s7_w5E9EB81B2-1009-4368-A4A5-DE96843144E9.npy,topoisomerase inhibitor
P015099,C04,s8,CBK200593,/mnt/micro-images-pvc/specs935-v1/specs935-v1-FA-P015099-U2OS-48h-P12-L2/2021-12-23/874/specs935-v1-FA-P015099-U2OS-48h-P12-L2_C04_s8_w552B381A4-D3CE-4A82-BB5D-C9653603C176.npy,topoisomerase inhibitor
P015099,C04,s9,CBK200593,/mnt/micro-images-pvc/specs935-v1/specs935-v1-FA-P015099-U2OS-48h-P12-L2/2021-12-23/874/specs935-v1-FA-P015099-U2OS-48h-P12-L2_C04_s9_w54B9D4061-C4F9-4B33-9B32-D16C284F4DAC.npy,topoisomerase inhibitor
P015099,C05,s1,CBK309538,/mnt/micro-images-pvc/specs935-v1/specs935-v1-FA-P015099-U2OS-48h-P12-L2/2021-12-23/874/specs935-v1-FA-P015099-U2OS-48h-P12-L2_C05_s1_w59371B054-1BF7-454A-AD89-8D1C59D0642B.npy,protein synthesis inhibitor
P015099,C05,s2,CBK309538,/mnt/micro-images-pvc/specs935-v1/specs935-v1-FA-P015099-U2OS-48h-P12-L2/2021-12-23/874/specs935-v1-FA-P015099-U2OS-48h-P12-L2_C05_s2_w506581EB8-0CD3-483C-999E-10509C6B61ED.npy,protein synthesis inhibitor
P015099,C05,s3,CBK309538,/mnt/micro-images-pvc/specs935-v1/specs935-v1-FA-P015099-U2OS-48h-P12-L2/2021-12-23/874/specs935-v1-FA-P015099-U2OS-48h-P12-L2_C05_s3_w50CB67F90-59BE-472A-B278-C0E5C7A6E7CC.npy,protein synthesis inhibitor
P015099,C05,s4,CBK309538,/mnt/micro-images-pvc/specs935-v1/specs935-v1-FA-P015099-U2OS-48h-P12-L2/2021-12-23/874/specs935-v1-FA-P015099-U2OS-48h-P12-L2_C05_s4_w55F0C94EB-D372-4B6D-90F2-B031E4490D9D.npy,protein synthesis inhibitor
P015099,C05,s5,CBK309538,/mnt/micro-images-pvc/specs935-v1/specs935-v1-FA-P015099-U2OS-48h-P12-L2/2021-12-23/874/specs935-v1-FA-P015099-U2OS-48h-P12-L2_C05_s5_w572658A06-D182-4372-BD8D-94A1D686F076.npy,protein synthesis inhibitor
P015099,C05,s6,CBK309538,/mnt/micro-images-pvc/specs935-v1/specs935-v1-FA-P015099-U2OS-48h-P12-L2/2021-12-23/874/specs935-v1-FA-P015099-U2OS-48h-P12-L2_C05_s6_w55CE51824-0406-4869-873E-C34741023080.npy,protein synthesis inhibitor
P015099,C05,s7,CBK309538,/mnt/micro-images-pvc/specs935-v1/specs935-v1-FA-P015099-U2OS-48h-P12-L2/2021-12-23/874/specs935-v1-FA-P015099-U2OS-48h-P12-L2_C05_s7_w52ED2C557-01E4-4401-B30C-18A9BD540AC3.npy,protein synthesis inhibitor
P015099,C05,s8,CBK309538,/mnt/micro-images-pvc/specs935-v1/specs935-v1-FA-P015099-U2OS-48h-P12-L2/2021-12-23/874/specs935-v1-FA-P015099-U2OS-48h-P12-L2_C05_s8_w5D3A26EE0-AD2E-4562-A13C-82355A2F6390.npy,protein synthesis inhibitor
P015099,C05,s9,CBK309538,/mnt/micro-images-pvc/specs935-v1/specs935-v1-FA-P015099-U2OS-48h-P12-L2/2021-12-23/874/specs935-v1-FA-P015099-U2OS-48h-P12-L2_C05_s9_w59AE0052A-46FE-4DB8-9F2F-414617F96631.npy,protein synthesis inhibitor
P015099,C06,s1,CBK308173,/mnt/micro-images-pvc/specs935-v1/specs935-v1-FA-P015099-U2OS-48h-P12-L2/2021-12-23/874/specs935-v1-FA-P015099-U2OS-48h-P12-L2_C06_s1_w5CDF88082-3799-401F-808D-45432C9F921A.npy,topoisomerase inhibitor
P015099,C06,s2,CBK308173,/mnt/micro-images-pvc/specs935-v1/specs935-v1-FA-P015099-U2OS-48h-P12-L2/2021-12-23/874/specs935-v1-FA-P015099-U2OS-48h-P12-L2_C06_s2_w5378A1043-9181-44D4-B19C-E77B16A3D011.npy,topoisomerase inhibitor
P015099,C06,s3,CBK308173,/mnt/micro-images-pvc/specs935-v1/specs935-v1-FA-P015099-U2OS-48h-P12-L2/2021-12-23/874/specs935-v1-FA-P015099-U2OS-48h-P12-L2_C06_s3_w52676679C-7C68-4253-A742-C324579C5F45.npy,topoisomerase inhibitor
P015099,C06,s4,CBK308173,/mnt/micro-images-pvc/specs935-v1/specs935-v1-FA-P015099-U2OS-48h-P12-L2/2021-12-23/874/specs935-v1-FA-P015099-U2OS-48h-P12-L2_C06_s4_w57AA95493-D4FD-4C7C-A8C6-E1ECF77ED56C.npy,topoisomerase inhibitor
P015099,C06,s5,CBK308173,/mnt/micro-images-pvc/specs935-v1/specs935-v1-FA-P015099-U2OS-48h-P12-L2/2021-12-23/874/specs935-v1-FA-P015099-U2OS-48h-P12-L2_C06_s5_w5C7F101C2-3539-4199-9D0A-0385E66AB55D.npy,topoisomerase inhibitor
P015099,C06,s6,CBK308173,/mnt/micro-images-pvc/specs935-v1/specs935-v1-FA-P015099-U2OS-48h-P12-L2/2021-12-23/874/specs935-v1-FA-P015099-U2OS-48h-P12-L2_C06_s6_w52DFF6F2F-252F-4E26-96DB-168CA3D9711B.npy,topoisomerase inhibitor
P015099,C06,s7,CBK308173,/mnt/micro-images-pvc/specs935-v1/specs935-v1-FA-P015099-U2OS-48h-P12-L2/2021-12-23/874/specs935-v1-FA-P015099-U2OS-48h-P12-L2_C06_s7_w51E9200FE-879E-4AF9-86AD-FA58B939D5B0.npy,topoisomerase inhibitor
P015099,C06,s8,CBK308173,/mnt/micro-images-pvc/specs935-v1/specs935-v1-FA-P015099-U2OS-48h-P12-L2/2021-12-23/874/specs935-v1-FA-P015099-U2OS-48h-P12-L2_C06_s8_w56BAC03DC-FC2B-4D37-9C24-341CD6DF11D8.npy,topoisomerase inhibitor
P015099,C06,s9,CBK308173,/mnt/micro-images-pvc/specs935-v1/specs935-v1-FA-P015099-U2OS-48h-P12-L2/2021-12-23/874/specs935-v1-FA-P015099-U2OS-48h-P12-L2_C06_s9_w54A4C4924-1F60-4122-8240-A67B8880E27F.npy,topoisomerase inhibitor
P015099,C07,s1,CBK290101,/mnt/micro-images-pvc/specs935-v1/specs935-v1-FA-P015099-U2OS-48h-P12-L2/2021-12-23/874/specs935-v1-FA-P015099-U2OS-48h-P12-L2_C07_s1_w52089B581-02CC-4F1B-8CEB-9645BA8C222B.npy,retinoid receptor agonist
P015099,C07,s2,CBK290101,/mnt/micro-images-pvc/specs935-v1/specs935-v1-FA-P015099-U2OS-48h-P12-L2/2021-12-23/874/specs935-v1-FA-P015099-U2OS-48h-P12-L2_C07_s2_w512E31B04-A7E5-4BE9-ADD9-101CB5B336A0.npy,retinoid receptor agonist
P015099,C07,s3,CBK290101,/mnt/micro-images-pvc/specs935-v1/specs935-v1-FA-P015099-U2OS-48h-P12-L2/2021-12-23/874/specs935-v1-FA-P015099-U2OS-48h-P12-L2_C07_s3_w5890873DF-4780-4993-8EB1-AC39FECF3ECF.npy,retinoid receptor agonist
P015099,C07,s4,CBK290101,/mnt/micro-images-pvc/specs935-v1/specs935-v1-FA-P015099-U2OS-48h-P12-L2/2021-12-23/874/specs935-v1-FA-P015099-U2OS-48h-P12-L2_C07_s4_w59662010E-AD7C-481A-9DB4-C40B31758344.npy,retinoid receptor agonist
P015099,C07,s5,CBK290101,/mnt/micro-images-pvc/specs935-v1/specs935-v1-FA-P015099-U2OS-48h-P12-L2/2021-12-23/874/specs935-v1-FA-P015099-U2OS-48h-P12-L2_C07_s5_w51B801790-994A-47B6-9D99-5590FC075504.npy,retinoid receptor agonist
P015099,C07,s6,CBK290101,/mnt/micro-images-pvc/specs935-v1/specs935-v1-FA-P015099-U2OS-48h-P12-L2/2021-12-23/874/specs935-v1-FA-P015099-U2OS-48h-P12-L2_C07_s6_w53E969FD8-4B96-47EB-9527-C731B0E094C6.npy,retinoid receptor agonist
P015099,C07,s7,CBK290101,/mnt/micro-images-pvc/specs935-v1/specs935-v1-FA-P015099-U2OS-48h-P12-L2/2021-12-23/874/specs935-v1-FA-P015099-U2OS-48h-P12-L2_C07_s7_w5BE527A66-5F72-4BCA-9739-9B424C591680.npy,retinoid receptor agonist
P015099,C07,s8,CBK290101,/mnt/micro-images-pvc/specs935-v1/specs935-v1-FA-P015099-U2OS-48h-P12-L2/2021-12-23/874/specs935-v1-FA-P015099-U2OS-48h-P12-L2_C07_s8_w5C06F3C65-EA88-4D75-8F8D-FC0AD6D30DAB.npy,retinoid receptor agonist
P015099,C07,s9,CBK290101,/mnt/micro-images-pvc/specs935-v1/specs935-v1-FA-P015099-U2OS-48h-P12-L2/2021-12-23/874/specs935-v1-FA-P015099-U2OS-48h-P12-L2_C07_s9_w573410F1C-B161-4604-B110-66673B0C8F64.npy,retinoid receptor agonist
P015099,C11,s1,CBK307798,/mnt/micro-images-pvc/specs935-v1/specs935-v1-FA-P015099-U2OS-48h-P12-L2/2021-12-23/874/specs935-v1-FA-P015099-U2OS-48h-P12-L2_C11_s1_w56EDCE6A8-945E-4FC5-8F9A-248B8DC0F240.npy,topoisomerase inhibitor
P015099,C11,s2,CBK307798,/mnt/micro-images-pvc/specs935-v1/specs935-v1-FA-P015099-U2OS-48h-P12-L2/2021-12-23/874/specs935-v1-FA-P015099-U2OS-48h-P12-L2_C11_s2_w559E36488-123A-4C47-857C-80ACD02C4201.npy,topoisomerase inhibitor
P015099,C11,s3,CBK307798,/mnt/micro-images-pvc/specs935-v1/specs935-v1-FA-P015099-U2OS-48h-P12-L2/2021-12-23/874/specs935-v1-FA-P015099-U2OS-48h-P12-L2_C11_s3_w507D8F7EC-1D1D-4A87-88B8-AD18C76D9C9E.npy,topoisomerase inhibitor
P015099,C11,s4,CBK307798,/mnt/micro-images-pvc/specs935-v1/specs935-v1-FA-P015099-U2OS-48h-P12-L2/2021-12-23/874/specs935-v1-FA-P015099-U2OS-48h-P12-L2_C11_s4_w5A8AAA4F3-A1AF-459F-8B70-2DC8F70930A2.npy,topoisomerase inhibitor
P015099,C11,s5,CBK307798,/mnt/micro-images-pvc/specs935-v1/specs935-v1-FA-P015099-U2OS-48h-P12-L2/2021-12-23/874/specs935-v1-FA-P015099-U2OS-48h-P12-L2_C11_s5_w573195776-BDEC-496B-82CD-15903515303E.npy,topoisomerase inhibitor
P015099,C11,s6,CBK307798,/mnt/micro-images-pvc/specs935-v1/specs935-v1-FA-P015099-U2OS-48h-P12-L2/2021-12-23/874/specs935-v1-FA-P015099-U2OS-48h-P12-L2_C11_s6_w5A6408924-4B87-4361-A622-65490935DA2A.npy,topoisomerase inhibitor
P015099,C11,s7,CBK307798,/mnt/micro-images-pvc/specs935-v1/specs935-v1-FA-P015099-U2OS-48h-P12-L2/2021-12-23/874/specs935-v1-FA-P015099-U2OS-48h-P12-L2_C11_s7_w53669C951-6376-4527-BC16-D95F0A3CC29B.npy,topoisomerase inhibitor
P015099,C11,s8,CBK307798,/mnt/micro-images-pvc/specs935-v1/specs935-v1-FA-P015099-U2OS-48h-P12-L2/2021-12-23/874/specs935-v1-FA-P015099-U2OS-48h-P12-L2_C11_s8_w5CA2B7F2B-EE62-4FAC-98D3-C71F09ACA3D7.npy,topoisomerase inhibitor
P015099,C11,s9,CBK307798,/mnt/micro-images-pvc/specs935-v1/specs935-v1-FA-P015099-U2OS-48h-P12-L2/2021-12-23/874/specs935-v1-FA-P015099-U2OS-48h-P12-L2_C11_s9_w51FDD17B6-5288-46B7-99EA-7165E261EB0D.npy,topoisomerase inhibitor
P015099,C14,s1,CBK309466,/mnt/micro-images-pvc/specs935-v1/specs935-v1-FA-P015099-U2OS-48h-P12-L2/2021-12-23/874/specs935-v1-FA-P015099-U2OS-48h-P12-L2_C14_s1_w5BFE1167C-E136-418F-945A-62E3AD500C2E.npy,retinoid receptor agonist
P015099,C14,s2,CBK309466,/mnt/micro-images-pvc/specs935-v1/specs935-v1-FA-P015099-U2OS-48h-P12-L2/2021-12-23/874/specs935-v1-FA-P015099-U2OS-48h-P12-L2_C14_s2_w54AD6CF7B-3C41-45DB-89BD-E1E41A7ED7B3.npy,retinoid receptor agonist
P015099,C14,s3,CBK309466,/mnt/micro-images-pvc/specs935-v1/specs935-v1-FA-P015099-U2OS-48h-P12-L2/2021-12-23/874/specs935-v1-FA-P015099-U2OS-48h-P12-L2_C14_s3_w51C7B1802-31C2-4516-8366-CA3B5524D1B5.npy,retinoid receptor agonist
P015099,C14,s4,CBK309466,/mnt/micro-images-pvc/specs935-v1/specs935-v1-FA-P015099-U2OS-48h-P12-L2/2021-12-23/874/specs935-v1-FA-P015099-U2OS-48h-P12-L2_C14_s4_w5EB0267C5-DED2-449F-9382-2B2CFDD1821E.npy,retinoid receptor agonist
P015099,C14,s5,CBK309466,/mnt/micro-images-pvc/specs935-v1/specs935-v1-FA-P015099-U2OS-48h-P12-L2/2021-12-23/874/specs935-v1-FA-P015099-U2OS-48h-P12-L2_C14_s5_w5DA0EED0B-127A-4BFC-92CF-446F25580EFF.npy,retinoid receptor agonist
P015099,C14,s6,CBK309466,/mnt/micro-images-pvc/specs935-v1/specs935-v1-FA-P015099-U2OS-48h-P12-L2/2021-12-23/874/specs935-v1-FA-P015099-U2OS-48h-P12-L2_C14_s6_w50FDC08F3-7A88-4EB9-A632-BFC37AD7A9E6.npy,retinoid receptor agonist
P015099,C14,s7,CBK309466,/mnt/micro-images-pvc/specs935-v1/specs935-v1-FA-P015099-U2OS-48h-P12-L2/2021-12-23/874/specs935-v1-FA-P015099-U2OS-48h-P12-L2_C14_s7_w5C1C7CAAC-95A4-4319-8969-D6EAD2FC7CC1.npy,retinoid receptor agonist
P015099,C14,s8,CBK309466,/mnt/micro-images-pvc/specs935-v1/specs935-v1-FA-P015099-U2OS-48h-P12-L2/2021-12-23/874/specs935-v1-FA-P015099-U2OS-48h-P12-L2_C14_s8_w5863C90DF-D419-44C2-9AAD-8287E5C0B904.npy,retinoid receptor agonist
P015099,C14,s9,CBK309466,/mnt/micro-images-pvc/specs935-v1/specs935-v1-FA-P015099-U2OS-48h-P12-L2/2021-12-23/874/specs935-v1-FA-P015099-U2OS-48h-P12-L2_C14_s9_w52977DF6D-E93C-4A55-BB00-13991F4170C9.npy,retinoid receptor agonist
P015099,C16,s1,CBK290217,/mnt/micro-images-pvc/specs935-v1/specs935-v1-FA-P015099-U2OS-48h-P12-L2/2021-12-23/874/specs935-v1-FA-P015099-U2OS-48h-P12-L2_C16_s1_w5D1B8CD84-786B-43D8-9FB2-C59B7C5AC00F.npy,retinoid receptor agonist
P015099,C16,s2,CBK290217,/mnt/micro-images-pvc/specs935-v1/specs935-v1-FA-P015099-U2OS-48h-P12-L2/2021-12-23/874/specs935-v1-FA-P015099-U2OS-48h-P12-L2_C16_s2_w55F69B5B9-518D-4BBF-826B-52C6D2DDF7C8.npy,retinoid receptor agonist
P015099,C16,s3,CBK290217,/mnt/micro-images-pvc/specs935-v1/specs935-v1-FA-P015099-U2OS-48h-P12-L2/2021-12-23/874/specs935-v1-FA-P015099-U2OS-48h-P12-L2_C16_s3_w51D8F0F3C-0B68-4E8C-AA44-9299A4A2A785.npy,retinoid receptor agonist
P015099,C16,s4,CBK290217,/mnt/micro-images-pvc/specs935-v1/specs935-v1-FA-P015099-U2OS-48h-P12-L2/2021-12-23/874/specs935-v1-FA-P015099-U2OS-48h-P12-L2_C16_s4_w53B10908D-7672-4941-8684-A4BAE1F29559.npy,retinoid receptor agonist
P015099,C16,s5,CBK290217,/mnt/micro-images-pvc/specs935-v1/specs935-v1-FA-P015099-U2OS-48h-P12-L2/2021-12-23/874/specs935-v1-FA-P015099-U2OS-48h-P12-L2_C16_s5_w581145DBA-BBB9-4778-98F6-3D8C908E50E8.npy,retinoid receptor agonist
P015099,C16,s6,CBK290217,/mnt/micro-images-pvc/specs935-v1/specs935-v1-FA-P015099-U2OS-48h-P12-L2/2021-12-23/874/specs935-v1-FA-P015099-U2OS-48h-P12-L2_C16_s6_w518A1767F-3364-49AF-8CED-201EB6C40F23.npy,retinoid receptor agonist
P015099,C16,s7,CBK290217,/mnt/micro-images-pvc/specs935-v1/specs935-v1-FA-P015099-U2OS-48h-P12-L2/2021-12-23/874/specs935-v1-FA-P015099-U2OS-48h-P12-L2_C16_s7_w5F697578F-561C-4C66-9102-7A6C48399CF3.npy,retinoid receptor agonist
P015099,C16,s8,CBK290217,/mnt/micro-images-pvc/specs935-v1/specs935-v1-FA-P015099-U2OS-48h-P12-L2/2021-12-23/874/specs935-v1-FA-P015099-U2OS-48h-P12-L2_C16_s8_w56966AD3D-2A0B-4F2D-94CF-030A1A97DF1F.npy,retinoid receptor agonist
P015099,C16,s9,CBK290217,/mnt/micro-images-pvc/specs935-v1/specs935-v1-FA-P015099-U2OS-48h-P12-L2/2021-12-23/874/specs935-v1-FA-P015099-U2OS-48h-P12-L2_C16_s9_w5F1216FAB-1BA0-4CFC-9DD9-EC20F029AC2C.npy,retinoid receptor agonist
P015099,C18,s1,CBK308097,/mnt/micro-images-pvc/specs935-v1/specs935-v1-FA-P015099-U2OS-48h-P12-L2/2021-12-23/874/specs935-v1-FA-P015099-U2OS-48h-P12-L2_C18_s1_w51BE673E4-0029-4DD9-8D46-3B8AD895559E.npy,retinoid receptor agonist
P015099,C18,s2,CBK308097,/mnt/micro-images-pvc/specs935-v1/specs935-v1-FA-P015099-U2OS-48h-P12-L2/2021-12-23/874/specs935-v1-FA-P015099-U2OS-48h-P12-L2_C18_s2_w53D5D819D-E17D-48EF-BF37-F52A4FE68BD8.npy,retinoid receptor agonist
P015099,C18,s3,CBK308097,/mnt/micro-images-pvc/specs935-v1/specs935-v1-FA-P015099-U2OS-48h-P12-L2/2021-12-23/874/specs935-v1-FA-P015099-U2OS-48h-P12-L2_C18_s3_w57992D648-36D0-4439-B39E-3E18C46EA34C.npy,retinoid receptor agonist
P015099,C18,s4,CBK308097,/mnt/micro-images-pvc/specs935-v1/specs935-v1-FA-P015099-U2OS-48h-P12-L2/2021-12-23/874/specs935-v1-FA-P015099-U2OS-48h-P12-L2_C18_s4_w5FAA022FE-8DA0-4F87-ACFF-FAD284D2CE10.npy,retinoid receptor agonist
P015099,C18,s5,CBK308097,/mnt/micro-images-pvc/specs935-v1/specs935-v1-FA-P015099-U2OS-48h-P12-L2/2021-12-23/874/specs935-v1-FA-P015099-U2OS-48h-P12-L2_C18_s5_w59C4A52FA-5EC7-4AD0-92F0-52A07B67BFFE.npy,retinoid receptor agonist
P015099,C18,s6,CBK308097,/mnt/micro-images-pvc/specs935-v1/specs935-v1-FA-P015099-U2OS-48h-P12-L2/2021-12-23/874/specs935-v1-FA-P015099-U2OS-48h-P12-L2_C18_s6_w5050F6A27-B64C-4F33-8168-D3BD6B49ABB8.npy,retinoid receptor agonist
P015099,C18,s7,CBK308097,/mnt/micro-images-pvc/specs935-v1/specs935-v1-FA-P015099-U2OS-48h-P12-L2/2021-12-23/874/specs935-v1-FA-P015099-U2OS-48h-P12-L2_C18_s7_w5A2513641-D12A-4ED8-93D6-FFCC52AC7EC8.npy,retinoid receptor agonist
P015099,C18,s8,CBK308097,/mnt/micro-images-pvc/specs935-v1/specs935-v1-FA-P015099-U2OS-48h-P12-L2/2021-12-23/874/specs935-v1-FA-P015099-U2OS-48h-P12-L2_C18_s8_w5CCEFEA85-F4B4-4093-8B58-F99D066067EA.npy,retinoid receptor agonist
P015099,C18,s9,CBK308097,/mnt/micro-images-pvc/specs935-v1/specs935-v1-FA-P015099-U2OS-48h-P12-L2/2021-12-23/874/specs935-v1-FA-P015099-U2OS-48h-P12-L2_C18_s9_w5CB018A45-785B-4BE3-ACA8-EDF9EB7EB54D.npy,retinoid receptor agonist
P015099,C19,s1,CBK011613,/mnt/micro-images-pvc/specs935-v1/specs935-v1-FA-P015099-U2OS-48h-P12-L2/2021-12-23/874/specs935-v1-FA-P015099-U2OS-48h-P12-L2_C19_s1_w5E9594D5F-703E-49D3-AE3E-7922D6152C07.npy,retinoid receptor agonist
P015099,C19,s2,CBK011613,/mnt/micro-images-pvc/specs935-v1/specs935-v1-FA-P015099-U2OS-48h-P12-L2/2021-12-23/874/specs935-v1-FA-P015099-U2OS-48h-P12-L2_C19_s2_w5CE7530F3-8BAB-4312-802B-39D56E683FDD.npy,retinoid receptor agonist
P015099,C19,s3,CBK011613,/mnt/micro-images-pvc/specs935-v1/specs935-v1-FA-P015099-U2OS-48h-P12-L2/2021-12-23/874/specs935-v1-FA-P015099-U2OS-48h-P12-L2_C19_s3_w5D0E24195-B0F3-438D-9942-AC054B6828DF.npy,retinoid receptor agonist
P015099,C19,s4,CBK011613,/mnt/micro-images-pvc/specs935-v1/specs935-v1-FA-P015099-U2OS-48h-P12-L2/2021-12-23/874/specs935-v1-FA-P015099-U2OS-48h-P12-L2_C19_s4_w544B80CF2-0EC0-4113-A25A-7E2811A56ACC.npy,retinoid receptor agonist
P015099,C19,s5,CBK011613,/mnt/micro-images-pvc/specs935-v1/specs935-v1-FA-P015099-U2OS-48h-P12-L2/2021-12-23/874/specs935-v1-FA-P015099-U2OS-48h-P12-L2_C19_s5_w5E35740D2-5EFD-4CE3-B622-4C6886A05BD4.npy,retinoid receptor agonist
P015099,C19,s6,CBK011613,/mnt/micro-images-pvc/specs935-v1/specs935-v1-FA-P015099-U2OS-48h-P12-L2/2021-12-23/874/specs935-v1-FA-P015099-U2OS-48h-P12-L2_C19_s6_w50B7DC113-33A0-480D-BA34-2E23AEC35108.npy,retinoid receptor agonist
P015099,C19,s7,CBK011613,/mnt/micro-images-pvc/specs935-v1/specs935-v1-FA-P015099-U2OS-48h-P12-L2/2021-12-23/874/specs935-v1-FA-P015099-U2OS-48h-P12-L2_C19_s7_w58BD26F7A-4F3E-47E1-B97F-1C575BA4143F.npy,retinoid receptor agonist
P015099,C19,s8,CBK011613,/mnt/micro-images-pvc/specs935-v1/specs935-v1-FA-P015099-U2OS-48h-P12-L2/2021-12-23/874/specs935-v1-FA-P015099-U2OS-48h-P12-L2_C19_s8_w59029438E-E16F-4BCA-852A-295C8550837F.npy,retinoid receptor agonist
P015099,C19,s9,CBK011613,/mnt/micro-images-pvc/specs935-v1/specs935-v1-FA-P015099-U2OS-48h-P12-L2/2021-12-23/874/specs935-v1-FA-P015099-U2OS-48h-P12-L2_C19_s9_w5DF56F792-95D8-4817-A725-226690E55D4F.npy,retinoid receptor agonist
P015099,C20,s1,CBK277909,/mnt/micro-images-pvc/specs935-v1/specs935-v1-FA-P015099-U2OS-48h-P12-L2/2021-12-23/874/specs935-v1-FA-P015099-U2OS-48h-P12-L2_C20_s1_w53B32290E-FB1D-4A91-8B41-7C27FA7ABD51.npy,topoisomerase inhibitor
P015099,C20,s2,CBK277909,/mnt/micro-images-pvc/specs935-v1/specs935-v1-FA-P015099-U2OS-48h-P12-L2/2021-12-23/874/specs935-v1-FA-P015099-U2OS-48h-P12-L2_C20_s2_w5CE5D8A89-4858-4EF0-9B80-BF5B3D85ED15.npy,topoisomerase inhibitor
P015099,C20,s3,CBK277909,/mnt/micro-images-pvc/specs935-v1/specs935-v1-FA-P015099-U2OS-48h-P12-L2/2021-12-23/874/specs935-v1-FA-P015099-U2OS-48h-P12-L2_C20_s3_w559582ECE-792D-4C4A-BF77-BD9CDCFD89A9.npy,topoisomerase inhibitor
P015099,C20,s4,CBK277909,/mnt/micro-images-pvc/specs935-v1/specs935-v1-FA-P015099-U2OS-48h-P12-L2/2021-12-23/874/specs935-v1-FA-P015099-U2OS-48h-P12-L2_C20_s4_w57492059E-CE7B-473F-BBA9-9851747E2B39.npy,topoisomerase inhibitor
P015099,C20,s5,CBK277909,/mnt/micro-images-pvc/specs935-v1/specs935-v1-FA-P015099-U2OS-48h-P12-L2/2021-12-23/874/specs935-v1-FA-P015099-U2OS-48h-P12-L2_C20_s5_w520BB008F-3396-4609-9F8C-F680986FA41A.npy,topoisomerase inhibitor
P015099,C20,s6,CBK277909,/mnt/micro-images-pvc/specs935-v1/specs935-v1-FA-P015099-U2OS-48h-P12-L2/2021-12-23/874/specs935-v1-FA-P015099-U2OS-48h-P12-L2_C20_s6_w5238A0B87-4C01-4505-B0A1-F4C102410833.npy,topoisomerase inhibitor
P015099,C20,s7,CBK277909,/mnt/micro-images-pvc/specs935-v1/specs935-v1-FA-P015099-U2OS-48h-P12-L2/2021-12-23/874/specs935-v1-FA-P015099-U2OS-48h-P12-L2_C20_s7_w5E29A3A40-D4D6-4D20-B682-143E3EE8D2FD.npy,topoisomerase inhibitor
P015099,C20,s8,CBK277909,/mnt/micro-images-pvc/specs935-v1/specs935-v1-FA-P015099-U2OS-48h-P12-L2/2021-12-23/874/specs935-v1-FA-P015099-U2OS-48h-P12-L2_C20_s8_w516671782-B533-4C74-810E-3EC8687592C7.npy,topoisomerase inhibitor
P015099,C20,s9,CBK277909,/mnt/micro-images-pvc/specs935-v1/specs935-v1-FA-P015099-U2OS-48h-P12-L2/2021-12-23/874/specs935-v1-FA-P015099-U2OS-48h-P12-L2_C20_s9_w504A59389-9BC2-4A29-A90B-1F6713799CB5.npy,topoisomerase inhibitor
P015099,C22,s1,CBK308276,/mnt/micro-images-pvc/specs935-v1/specs935-v1-FA-P015099-U2OS-48h-P12-L2/2021-12-23/874/specs935-v1-FA-P015099-U2OS-48h-P12-L2_C22_s1_w51F1F067E-2BF5-4577-8C27-3493C20B2441.npy,retinoid receptor agonist
P015099,C22,s2,CBK308276,/mnt/micro-images-pvc/specs935-v1/specs935-v1-FA-P015099-U2OS-48h-P12-L2/2021-12-23/874/specs935-v1-FA-P015099-U2OS-48h-P12-L2_C22_s2_w52B2440BE-3A53-47B0-A950-6F50EDA63B29.npy,retinoid receptor agonist
P015099,C22,s3,CBK308276,/mnt/micro-images-pvc/specs935-v1/specs935-v1-FA-P015099-U2OS-48h-P12-L2/2021-12-23/874/specs935-v1-FA-P015099-U2OS-48h-P12-L2_C22_s3_w52396F336-ADC5-412B-AA4D-FFE68B5545BD.npy,retinoid receptor agonist
P015099,C22,s4,CBK308276,/mnt/micro-images-pvc/specs935-v1/specs935-v1-FA-P015099-U2OS-48h-P12-L2/2021-12-23/874/specs935-v1-FA-P015099-U2OS-48h-P12-L2_C22_s4_w58DA23E82-33F0-4CAC-9DAF-BB4CD527D8A1.npy,retinoid receptor agonist
P015099,C22,s5,CBK308276,/mnt/micro-images-pvc/specs935-v1/specs935-v1-FA-P015099-U2OS-48h-P12-L2/2021-12-23/874/specs935-v1-FA-P015099-U2OS-48h-P12-L2_C22_s5_w57E6BD55E-62FB-4521-850E-A9D0113446BA.npy,retinoid receptor agonist
P015099,C22,s6,CBK308276,/mnt/micro-images-pvc/specs935-v1/specs935-v1-FA-P015099-U2OS-48h-P12-L2/2021-12-23/874/specs935-v1-FA-P015099-U2OS-48h-P12-L2_C22_s6_w5C9FB3907-F4FC-4671-A5F1-71D5918F8C71.npy,retinoid receptor agonist
P015099,C22,s7,CBK308276,/mnt/micro-images-pvc/specs935-v1/specs935-v1-FA-P015099-U2OS-48h-P12-L2/2021-12-23/874/specs935-v1-FA-P015099-U2OS-48h-P12-L2_C22_s7_w55CC425B1-EA78-4F74-9C9D-B2FFDD60FC24.npy,retinoid receptor agonist
P015099,C22,s8,CBK308276,/mnt/micro-images-pvc/specs935-v1/specs935-v1-FA-P015099-U2OS-48h-P12-L2/2021-12-23/874/specs935-v1-FA-P015099-U2OS-48h-P12-L2_C22_s8_w5BAC6E7D9-9995-44C1-BDFD-1EDC0A2FA7E7.npy,retinoid receptor agonist
P015099,C22,s9,CBK308276,/mnt/micro-images-pvc/specs935-v1/specs935-v1-FA-P015099-U2OS-48h-P12-L2/2021-12-23/874/specs935-v1-FA-P015099-U2OS-48h-P12-L2_C22_s9_w5E7FCBB17-6A52-4113-970C-DFED471B0A18.npy,retinoid receptor agonist
P015099,C23,s1,CBK041003,/mnt/micro-images-pvc/specs935-v1/specs935-v1-FA-P015099-U2OS-48h-P12-L2/2021-12-23/874/specs935-v1-FA-P015099-U2OS-48h-P12-L2_C23_s1_w5247CB4F3-98E5-45BD-9128-369E15A0E05E.npy,retinoid receptor agonist
P015099,C23,s2,CBK041003,/mnt/micro-images-pvc/specs935-v1/specs935-v1-FA-P015099-U2OS-48h-P12-L2/2021-12-23/874/specs935-v1-FA-P015099-U2OS-48h-P12-L2_C23_s2_w517802EF5-952B-48D4-86AD-84E7A297273C.npy,retinoid receptor agonist
P015099,C23,s3,CBK041003,/mnt/micro-images-pvc/specs935-v1/specs935-v1-FA-P015099-U2OS-48h-P12-L2/2021-12-23/874/specs935-v1-FA-P015099-U2OS-48h-P12-L2_C23_s3_w5E1A2935F-B265-4076-B557-B4378B2FA681.npy,retinoid receptor agonist
P015099,C23,s4,CBK041003,/mnt/micro-images-pvc/specs935-v1/specs935-v1-FA-P015099-U2OS-48h-P12-L2/2021-12-23/874/specs935-v1-FA-P015099-U2OS-48h-P12-L2_C23_s4_w5E7D04894-C33D-4E15-A95C-B67792E94A4C.npy,retinoid receptor agonist
P015099,C23,s5,CBK041003,/mnt/micro-images-pvc/specs935-v1/specs935-v1-FA-P015099-U2OS-48h-P12-L2/2021-12-23/874/specs935-v1-FA-P015099-U2OS-48h-P12-L2_C23_s5_w58069CEFB-1C0D-4B32-8AFB-6B3C7E3BCB84.npy,retinoid receptor agonist
P015099,C23,s6,CBK041003,/mnt/micro-images-pvc/specs935-v1/specs935-v1-FA-P015099-U2OS-48h-P12-L2/2021-12-23/874/specs935-v1-FA-P015099-U2OS-48h-P12-L2_C23_s6_w5F1EA8183-5E9E-4DD3-9483-0BF75520F677.npy,retinoid receptor agonist
P015099,C23,s7,CBK041003,/mnt/micro-images-pvc/specs935-v1/specs935-v1-FA-P015099-U2OS-48h-P12-L2/2021-12-23/874/specs935-v1-FA-P015099-U2OS-48h-P12-L2_C23_s7_w5FE3330EC-81EC-4C14-82EE-2FC7248BCA03.npy,retinoid receptor agonist
P015099,C23,s8,CBK041003,/mnt/micro-images-pvc/specs935-v1/specs935-v1-FA-P015099-U2OS-48h-P12-L2/2021-12-23/874/specs935-v1-FA-P015099-U2OS-48h-P12-L2_C23_s8_w5F6ECE5FF-F2B2-42F7-9DED-F8D05659D86B.npy,retinoid receptor agonist
P015099,C23,s9,CBK041003,/mnt/micro-images-pvc/specs935-v1/specs935-v1-FA-P015099-U2OS-48h-P12-L2/2021-12-23/874/specs935-v1-FA-P015099-U2OS-48h-P12-L2_C23_s9_w55721FBD8-DF27-4C10-A380-04F9987354EF.npy,retinoid receptor agonist
P015099,D04,s1,CBK308819,/mnt/micro-images-pvc/specs935-v1/specs935-v1-FA-P015099-U2OS-48h-P12-L2/2021-12-23/874/specs935-v1-FA-P015099-U2OS-48h-P12-L2_D04_s1_w50301A4BF-ABB2-47B4-9963-B565BD315E2C.npy,topoisomerase inhibitor
P015099,D04,s2,CBK308819,/mnt/micro-images-pvc/specs935-v1/specs935-v1-FA-P015099-U2OS-48h-P12-L2/2021-12-23/874/specs935-v1-FA-P015099-U2OS-48h-P12-L2_D04_s2_w564ABA9F4-1BB0-47CF-853D-9D2A3FDB4B9E.npy,topoisomerase inhibitor
P015099,D04,s3,CBK308819,/mnt/micro-images-pvc/specs935-v1/specs935-v1-FA-P015099-U2OS-48h-P12-L2/2021-12-23/874/specs935-v1-FA-P015099-U2OS-48h-P12-L2_D04_s3_w51C858A46-61F7-4CA4-B8F4-719890C02329.npy,topoisomerase inhibitor
P015099,D04,s4,CBK308819,/mnt/micro-images-pvc/specs935-v1/specs935-v1-FA-P015099-U2OS-48h-P12-L2/2021-12-23/874/specs935-v1-FA-P015099-U2OS-48h-P12-L2_D04_s4_w5362A1F4A-2BF8-4C09-996C-EFEAB293C613.npy,topoisomerase inhibitor
P015099,D04,s5,CBK308819,/mnt/micro-images-pvc/specs935-v1/specs935-v1-FA-P015099-U2OS-48h-P12-L2/2021-12-23/874/specs935-v1-FA-P015099-U2OS-48h-P12-L2_D04_s5_w5F4BE1A61-E15D-4404-8DCA-AD0B3710D9CF.npy,topoisomerase inhibitor
P015099,D04,s6,CBK308819,/mnt/micro-images-pvc/specs935-v1/specs935-v1-FA-P015099-U2OS-48h-P12-L2/2021-12-23/874/specs935-v1-FA-P015099-U2OS-48h-P12-L2_D04_s6_w5CDD03C5E-9B3C-45A5-B67C-BC64F23B1818.npy,topoisomerase inhibitor
P015099,D04,s7,CBK308819,/mnt/micro-images-pvc/specs935-v1/specs935-v1-FA-P015099-U2OS-48h-P12-L2/2021-12-23/874/specs935-v1-FA-P015099-U2OS-48h-P12-L2_D04_s7_w5C58ABA0D-3953-43CF-B780-7F53D780FFA0.npy,topoisomerase inhibitor
P015099,D04,s8,CBK308819,/mnt/micro-images-pvc/specs935-v1/specs935-v1-FA-P015099-U2OS-48h-P12-L2/2021-12-23/874/specs935-v1-FA-P015099-U2OS-48h-P12-L2_D04_s8_w598E3A66D-AFBC-4FDF-A656-5969CFCFFB05.npy,topoisomerase inhibitor
P015099,D04,s9,CBK308819,/mnt/micro-images-pvc/specs935-v1/specs935-v1-FA-P015099-U2OS-48h-P12-L2/2021-12-23/874/specs935-v1-FA-P015099-U2OS-48h-P12-L2_D04_s9_w5373E0718-1A53-4CE6-94A4-3271D3F032A5.npy,topoisomerase inhibitor
P015099,D05,s1,CBK016139,/mnt/micro-images-pvc/specs935-v1/specs935-v1-FA-P015099-U2OS-48h-P12-L2/2021-12-23/874/specs935-v1-FA-P015099-U2OS-48h-P12-L2_D05_s1_w5C1C9C5EA-4F09-4D69-A802-3B60A4FEEEA2.npy,tubulin polymerization inhibitor
P015099,D05,s2,CBK016139,/mnt/micro-images-pvc/specs935-v1/specs935-v1-FA-P015099-U2OS-48h-P12-L2/2021-12-23/874/specs935-v1-FA-P015099-U2OS-48h-P12-L2_D05_s2_w52DAA36CB-87A4-4985-8CFC-888DCFAF65C4.npy,tubulin polymerization inhibitor
P015099,D05,s3,CBK016139,/mnt/micro-images-pvc/specs935-v1/specs935-v1-FA-P015099-U2OS-48h-P12-L2/2021-12-23/874/specs935-v1-FA-P015099-U2OS-48h-P12-L2_D05_s3_w51D2174FB-CD37-4A3F-8E2F-55503C428792.npy,tubulin polymerization inhibitor
P015099,D05,s4,CBK016139,/mnt/micro-images-pvc/specs935-v1/specs935-v1-FA-P015099-U2OS-48h-P12-L2/2021-12-23/874/specs935-v1-FA-P015099-U2OS-48h-P12-L2_D05_s4_w5F5BEDB99-3961-4544-86A2-9CBA26BAC159.npy,tubulin polymerization inhibitor
P015099,D05,s5,CBK016139,/mnt/micro-images-pvc/specs935-v1/specs935-v1-FA-P015099-U2OS-48h-P12-L2/2021-12-23/874/specs935-v1-FA-P015099-U2OS-48h-P12-L2_D05_s5_w55F43A6B9-C801-4B04-838F-DFAF89F23BD7.npy,tubulin polymerization inhibitor
P015099,D05,s6,CBK016139,/mnt/micro-images-pvc/specs935-v1/specs935-v1-FA-P015099-U2OS-48h-P12-L2/2021-12-23/874/specs935-v1-FA-P015099-U2OS-48h-P12-L2_D05_s6_w518538C8C-481E-4CED-98F9-254087ACDB09.npy,tubulin polymerization inhibitor
P015099,D05,s7,CBK016139,/mnt/micro-images-pvc/specs935-v1/specs935-v1-FA-P015099-U2OS-48h-P12-L2/2021-12-23/874/specs935-v1-FA-P015099-U2OS-48h-P12-L2_D05_s7_w5EEC00E41-40E6-4784-9A98-22E8FF4222A1.npy,tubulin polymerization inhibitor
P015099,D05,s8,CBK016139,/mnt/micro-images-pvc/specs935-v1/specs935-v1-FA-P015099-U2OS-48h-P12-L2/2021-12-23/874/specs935-v1-FA-P015099-U2OS-48h-P12-L2_D05_s8_w58732B643-9925-4520-A871-9474D02C01C6.npy,tubulin polymerization inhibitor
P015099,D05,s9,CBK016139,/mnt/micro-images-pvc/specs935-v1/specs935-v1-FA-P015099-U2OS-48h-P12-L2/2021-12-23/874/specs935-v1-FA-P015099-U2OS-48h-P12-L2_D05_s9_w5E9C4C458-6826-4A85-A744-7602CD08E2E4.npy,tubulin polymerization inhibitor
P015099,D06,s1,CBK041770,/mnt/micro-images-pvc/specs935-v1/specs935-v1-FA-P015099-U2OS-48h-P12-L2/2021-12-23/874/specs935-v1-FA-P015099-U2OS-48h-P12-L2_D06_s1_w58E6FDC9F-4BBA-484C-BAA8-28974AADC573.npy,topoisomerase inhibitor
P015099,D06,s2,CBK041770,/mnt/micro-images-pvc/specs935-v1/specs935-v1-FA-P015099-U2OS-48h-P12-L2/2021-12-23/874/specs935-v1-FA-P015099-U2OS-48h-P12-L2_D06_s2_w5720C80D1-08C6-40E3-A41E-F1AB624F052C.npy,topoisomerase inhibitor
P015099,D06,s3,CBK041770,/mnt/micro-images-pvc/specs935-v1/specs935-v1-FA-P015099-U2OS-48h-P12-L2/2021-12-23/874/specs935-v1-FA-P015099-U2OS-48h-P12-L2_D06_s3_w5C0F67BC3-0E0C-456A-929D-EBC6D34FDF9B.npy,topoisomerase inhibitor
P015099,D06,s4,CBK041770,/mnt/micro-images-pvc/specs935-v1/specs935-v1-FA-P015099-U2OS-48h-P12-L2/2021-12-23/874/specs935-v1-FA-P015099-U2OS-48h-P12-L2_D06_s4_w5FD32B312-0A7C-4C57-BC16-2A69B3E8601F.npy,topoisomerase inhibitor
P015099,D06,s5,CBK041770,/mnt/micro-images-pvc/specs935-v1/specs935-v1-FA-P015099-U2OS-48h-P12-L2/2021-12-23/874/specs935-v1-FA-P015099-U2OS-48h-P12-L2_D06_s5_w54E286B06-4715-4177-99C5-DDC042634EA8.npy,topoisomerase inhibitor
P015099,D06,s6,CBK041770,/mnt/micro-images-pvc/specs935-v1/specs935-v1-FA-P015099-U2OS-48h-P12-L2/2021-12-23/874/specs935-v1-FA-P015099-U2OS-48h-P12-L2_D06_s6_w57C1782A6-0CBC-48DA-A760-7BDFA932FFF2.npy,topoisomerase inhibitor
P015099,D06,s7,CBK041770,/mnt/micro-images-pvc/specs935-v1/specs935-v1-FA-P015099-U2OS-48h-P12-L2/2021-12-23/874/specs935-v1-FA-P015099-U2OS-48h-P12-L2_D06_s7_w55BD11E38-ED9B-4C7F-A17D-98A0BB859450.npy,topoisomerase inhibitor
P015099,D06,s8,CBK041770,/mnt/micro-images-pvc/specs935-v1/specs935-v1-FA-P015099-U2OS-48h-P12-L2/2021-12-23/874/specs935-v1-FA-P015099-U2OS-48h-P12-L2_D06_s8_w5455DEC0B-BD0B-464B-9A10-C36550D55A1B.npy,topoisomerase inhibitor
P015099,D06,s9,CBK041770,/mnt/micro-images-pvc/specs935-v1/specs935-v1-FA-P015099-U2OS-48h-P12-L2/2021-12-23/874/specs935-v1-FA-P015099-U2OS-48h-P12-L2_D06_s9_w5954C8B94-AC64-4236-A89F-2F246620E2DE.npy,topoisomerase inhibitor
P015099,D08,s1,CBK290101,/mnt/micro-images-pvc/specs935-v1/specs935-v1-FA-P015099-U2OS-48h-P12-L2/2021-12-23/874/specs935-v1-FA-P015099-U2OS-48h-P12-L2_D08_s1_w5564F02C4-CD23-412E-80B4-0C17428550EF.npy,retinoid receptor agonist
P015099,D08,s2,CBK290101,/mnt/micro-images-pvc/specs935-v1/specs935-v1-FA-P015099-U2OS-48h-P12-L2/2021-12-23/874/specs935-v1-FA-P015099-U2OS-48h-P12-L2_D08_s2_w5ECECB8D0-6831-4BF8-A1EE-1A0E3F046715.npy,retinoid receptor agonist
P015099,D08,s3,CBK290101,/mnt/micro-images-pvc/specs935-v1/specs935-v1-FA-P015099-U2OS-48h-P12-L2/2021-12-23/874/specs935-v1-FA-P015099-U2OS-48h-P12-L2_D08_s3_w5F3E0DFCF-1C17-439A-8C0C-34888C5F7F9A.npy,retinoid receptor agonist
P015099,D08,s4,CBK290101,/mnt/micro-images-pvc/specs935-v1/specs935-v1-FA-P015099-U2OS-48h-P12-L2/2021-12-23/874/specs935-v1-FA-P015099-U2OS-48h-P12-L2_D08_s4_w5374C0A44-28B5-42BB-9D23-CB33D2541FC2.npy,retinoid receptor agonist
P015099,D08,s5,CBK290101,/mnt/micro-images-pvc/specs935-v1/specs935-v1-FA-P015099-U2OS-48h-P12-L2/2021-12-23/874/specs935-v1-FA-P015099-U2OS-48h-P12-L2_D08_s5_w54C18A90A-6233-406F-98DB-D53D8968055C.npy,retinoid receptor agonist
P015099,D08,s6,CBK290101,/mnt/micro-images-pvc/specs935-v1/specs935-v1-FA-P015099-U2OS-48h-P12-L2/2021-12-23/874/specs935-v1-FA-P015099-U2OS-48h-P12-L2_D08_s6_w57BB40BCE-7BB5-4263-B19B-C143674B282D.npy,retinoid receptor agonist
P015099,D08,s7,CBK290101,/mnt/micro-images-pvc/specs935-v1/specs935-v1-FA-P015099-U2OS-48h-P12-L2/2021-12-23/874/specs935-v1-FA-P015099-U2OS-48h-P12-L2_D08_s7_w508A0FFBE-85D3-4725-B46E-4F42D5B0D5A7.npy,retinoid receptor agonist
P015099,D08,s8,CBK290101,/mnt/micro-images-pvc/specs935-v1/specs935-v1-FA-P015099-U2OS-48h-P12-L2/2021-12-23/874/specs935-v1-FA-P015099-U2OS-48h-P12-L2_D08_s8_w5D24E26C4-97F0-4036-9ACC-DC9C4D9398ED.npy,retinoid receptor agonist
P015099,D08,s9,CBK290101,/mnt/micro-images-pvc/specs935-v1/specs935-v1-FA-P015099-U2OS-48h-P12-L2/2021-12-23/874/specs935-v1-FA-P015099-U2OS-48h-P12-L2_D08_s9_w50989C088-2630-4A14-9D19-2723112ACA50.npy,retinoid receptor agonist
P015099,D09,s1,CBK309265,/mnt/micro-images-pvc/specs935-v1/specs935-v1-FA-P015099-U2OS-48h-P12-L2/2021-12-23/874/specs935-v1-FA-P015099-U2OS-48h-P12-L2_D09_s1_w5BEF4BBE3-9097-48C7-A373-368089F45EAE.npy,topoisomerase inhibitor
P015099,D09,s2,CBK309265,/mnt/micro-images-pvc/specs935-v1/specs935-v1-FA-P015099-U2OS-48h-P12-L2/2021-12-23/874/specs935-v1-FA-P015099-U2OS-48h-P12-L2_D09_s2_w5093573E9-5E79-425F-A6E1-E647F4924FD7.npy,topoisomerase inhibitor
P015099,D09,s3,CBK309265,/mnt/micro-images-pvc/specs935-v1/specs935-v1-FA-P015099-U2OS-48h-P12-L2/2021-12-23/874/specs935-v1-FA-P015099-U2OS-48h-P12-L2_D09_s3_w58B0DBE4B-58DD-4C01-9286-7839E44D03D4.npy,topoisomerase inhibitor
P015099,D09,s4,CBK309265,/mnt/micro-images-pvc/specs935-v1/specs935-v1-FA-P015099-U2OS-48h-P12-L2/2021-12-23/874/specs935-v1-FA-P015099-U2OS-48h-P12-L2_D09_s4_w53E9D81E6-E867-4A2B-B8F0-35CC8FBF6D45.npy,topoisomerase inhibitor
P015099,D09,s5,CBK309265,/mnt/micro-images-pvc/specs935-v1/specs935-v1-FA-P015099-U2OS-48h-P12-L2/2021-12-23/874/specs935-v1-FA-P015099-U2OS-48h-P12-L2_D09_s5_w5BAC9DB05-9008-48D2-95A5-15D997914D46.npy,topoisomerase inhibitor
P015099,D09,s6,CBK309265,/mnt/micro-images-pvc/specs935-v1/specs935-v1-FA-P015099-U2OS-48h-P12-L2/2021-12-23/874/specs935-v1-FA-P015099-U2OS-48h-P12-L2_D09_s6_w5DBB3F228-67F3-4A0D-B33B-765490CEC9EB.npy,topoisomerase inhibitor
P015099,D09,s7,CBK309265,/mnt/micro-images-pvc/specs935-v1/specs935-v1-FA-P015099-U2OS-48h-P12-L2/2021-12-23/874/specs935-v1-FA-P015099-U2OS-48h-P12-L2_D09_s7_w5BD87BE9D-6735-4483-8A87-727672575D23.npy,topoisomerase inhibitor
P015099,D09,s8,CBK309265,/mnt/micro-images-pvc/specs935-v1/specs935-v1-FA-P015099-U2OS-48h-P12-L2/2021-12-23/874/specs935-v1-FA-P015099-U2OS-48h-P12-L2_D09_s8_w5DFC1B1BC-CF80-49C2-A711-78E34B506DDD.npy,topoisomerase inhibitor
P015099,D09,s9,CBK309265,/mnt/micro-images-pvc/specs935-v1/specs935-v1-FA-P015099-U2OS-48h-P12-L2/2021-12-23/874/specs935-v1-FA-P015099-U2OS-48h-P12-L2_D09_s9_w56454C0DB-E9FC-47D2-B396-1A1493EEF6E2.npy,topoisomerase inhibitor
P015099,D11,s1,CBK271643,/mnt/micro-images-pvc/specs935-v1/specs935-v1-FA-P015099-U2OS-48h-P12-L2/2021-12-23/874/specs935-v1-FA-P015099-U2OS-48h-P12-L2_D11_s1_w52C44F938-4797-4CE4-B8A6-2FBB29D27CEE.npy,retinoid receptor agonist
P015099,D11,s2,CBK271643,/mnt/micro-images-pvc/specs935-v1/specs935-v1-FA-P015099-U2OS-48h-P12-L2/2021-12-23/874/specs935-v1-FA-P015099-U2OS-48h-P12-L2_D11_s2_w5C40EE0D6-4598-4BCA-8B94-85B86145AE1F.npy,retinoid receptor agonist
P015099,D11,s3,CBK271643,/mnt/micro-images-pvc/specs935-v1/specs935-v1-FA-P015099-U2OS-48h-P12-L2/2021-12-23/874/specs935-v1-FA-P015099-U2OS-48h-P12-L2_D11_s3_w5230EFD51-3F51-4836-BD21-A4762AA76464.npy,retinoid receptor agonist
P015099,D11,s4,CBK271643,/mnt/micro-images-pvc/specs935-v1/specs935-v1-FA-P015099-U2OS-48h-P12-L2/2021-12-23/874/specs935-v1-FA-P015099-U2OS-48h-P12-L2_D11_s4_w595611FC1-DABD-462E-898A-E5E9C20DC807.npy,retinoid receptor agonist
P015099,D11,s5,CBK271643,/mnt/micro-images-pvc/specs935-v1/specs935-v1-FA-P015099-U2OS-48h-P12-L2/2021-12-23/874/specs935-v1-FA-P015099-U2OS-48h-P12-L2_D11_s5_w5CFCBEE96-25AF-4BED-A23D-68B2B577E507.npy,retinoid receptor agonist
P015099,D11,s6,CBK271643,/mnt/micro-images-pvc/specs935-v1/specs935-v1-FA-P015099-U2OS-48h-P12-L2/2021-12-23/874/specs935-v1-FA-P015099-U2OS-48h-P12-L2_D11_s6_w5DCED2071-E43C-40D7-B9E6-3C4DE17A3079.npy,retinoid receptor agonist
P015099,D11,s7,CBK271643,/mnt/micro-images-pvc/specs935-v1/specs935-v1-FA-P015099-U2OS-48h-P12-L2/2021-12-23/874/specs935-v1-FA-P015099-U2OS-48h-P12-L2_D11_s7_w5F442D339-53C0-4056-8A03-E3C642AB1E52.npy,retinoid receptor agonist
P015099,D11,s8,CBK271643,/mnt/micro-images-pvc/specs935-v1/specs935-v1-FA-P015099-U2OS-48h-P12-L2/2021-12-23/874/specs935-v1-FA-P015099-U2OS-48h-P12-L2_D11_s8_w5B11A1A6A-6607-4975-A367-295BA2BC76D2.npy,retinoid receptor agonist
P015099,D11,s9,CBK271643,/mnt/micro-images-pvc/specs935-v1/specs935-v1-FA-P015099-U2OS-48h-P12-L2/2021-12-23/874/specs935-v1-FA-P015099-U2OS-48h-P12-L2_D11_s9_w5CE2BBCC4-1206-4721-8A89-88F2670447D7.npy,retinoid receptor agonist
P015099,D14,s1,CBK277969,/mnt/micro-images-pvc/specs935-v1/specs935-v1-FA-P015099-U2OS-48h-P12-L2/2021-12-23/874/specs935-v1-FA-P015099-U2OS-48h-P12-L2_D14_s1_w57E64DA83-0A0C-4F7A-9F4C-B9383D9A2608.npy,tubulin polymerization inhibitor
P015099,D14,s2,CBK277969,/mnt/micro-images-pvc/specs935-v1/specs935-v1-FA-P015099-U2OS-48h-P12-L2/2021-12-23/874/specs935-v1-FA-P015099-U2OS-48h-P12-L2_D14_s2_w54F890422-E6D3-4456-98D5-06535D145736.npy,tubulin polymerization inhibitor
P015099,D14,s3,CBK277969,/mnt/micro-images-pvc/specs935-v1/specs935-v1-FA-P015099-U2OS-48h-P12-L2/2021-12-23/874/specs935-v1-FA-P015099-U2OS-48h-P12-L2_D14_s3_w501388457-905B-4A76-8EAE-00DA817EA997.npy,tubulin polymerization inhibitor
P015099,D14,s4,CBK277969,/mnt/micro-images-pvc/specs935-v1/specs935-v1-FA-P015099-U2OS-48h-P12-L2/2021-12-23/874/specs935-v1-FA-P015099-U2OS-48h-P12-L2_D14_s4_w592540E33-4B09-477D-AC7B-59380B5B905F.npy,tubulin polymerization inhibitor
P015099,D14,s5,CBK277969,/mnt/micro-images-pvc/specs935-v1/specs935-v1-FA-P015099-U2OS-48h-P12-L2/2021-12-23/874/specs935-v1-FA-P015099-U2OS-48h-P12-L2_D14_s5_w51689ECC2-750C-4703-A599-FC4711A34ABC.npy,tubulin polymerization inhibitor
P015099,D14,s6,CBK277969,/mnt/micro-images-pvc/specs935-v1/specs935-v1-FA-P015099-U2OS-48h-P12-L2/2021-12-23/874/specs935-v1-FA-P015099-U2OS-48h-P12-L2_D14_s6_w5E3AEE400-04B0-4F73-95DB-E0AD86498491.npy,tubulin polymerization inhibitor
P015099,D14,s7,CBK277969,/mnt/micro-images-pvc/specs935-v1/specs935-v1-FA-P015099-U2OS-48h-P12-L2/2021-12-23/874/specs935-v1-FA-P015099-U2OS-48h-P12-L2_D14_s7_w522920C29-D3C3-4F46-A656-F14B191C04E1.npy,tubulin polymerization inhibitor
P015099,D14,s8,CBK277969,/mnt/micro-images-pvc/specs935-v1/specs935-v1-FA-P015099-U2OS-48h-P12-L2/2021-12-23/874/specs935-v1-FA-P015099-U2OS-48h-P12-L2_D14_s8_w57611F1A8-CD18-47BB-9203-31E708A56100.npy,tubulin polymerization inhibitor
P015099,D14,s9,CBK277969,/mnt/micro-images-pvc/specs935-v1/specs935-v1-FA-P015099-U2OS-48h-P12-L2/2021-12-23/874/specs935-v1-FA-P015099-U2OS-48h-P12-L2_D14_s9_w5B7886782-E270-44B6-8B6D-BF34079528C1.npy,tubulin polymerization inhibitor
P015099,D18,s1,CBK308090,/mnt/micro-images-pvc/specs935-v1/specs935-v1-FA-P015099-U2OS-48h-P12-L2/2021-12-23/874/specs935-v1-FA-P015099-U2OS-48h-P12-L2_D18_s1_w5EA269849-E467-4B5B-8C43-CE9FC6323A27.npy,retinoid receptor agonist
P015099,D18,s2,CBK308090,/mnt/micro-images-pvc/specs935-v1/specs935-v1-FA-P015099-U2OS-48h-P12-L2/2021-12-23/874/specs935-v1-FA-P015099-U2OS-48h-P12-L2_D18_s2_w500FE1013-E985-4977-A60C-9C265938B3F6.npy,retinoid receptor agonist
P015099,D18,s3,CBK308090,/mnt/micro-images-pvc/specs935-v1/specs935-v1-FA-P015099-U2OS-48h-P12-L2/2021-12-23/874/specs935-v1-FA-P015099-U2OS-48h-P12-L2_D18_s3_w50F738F4A-AEBF-4451-9E0B-2529FB318EEE.npy,retinoid receptor agonist
P015099,D18,s4,CBK308090,/mnt/micro-images-pvc/specs935-v1/specs935-v1-FA-P015099-U2OS-48h-P12-L2/2021-12-23/874/specs935-v1-FA-P015099-U2OS-48h-P12-L2_D18_s4_w575A7340C-FC3A-4846-A7C1-CD1EF62D2F01.npy,retinoid receptor agonist
P015099,D18,s5,CBK308090,/mnt/micro-images-pvc/specs935-v1/specs935-v1-FA-P015099-U2OS-48h-P12-L2/2021-12-23/874/specs935-v1-FA-P015099-U2OS-48h-P12-L2_D18_s5_w5C6E44157-076C-4E55-AC26-63E0FA241C6E.npy,retinoid receptor agonist
P015099,D18,s6,CBK308090,/mnt/micro-images-pvc/specs935-v1/specs935-v1-FA-P015099-U2OS-48h-P12-L2/2021-12-23/874/specs935-v1-FA-P015099-U2OS-48h-P12-L2_D18_s6_w549C9717B-065E-4A90-BD34-B76C9BE3BABE.npy,retinoid receptor agonist
P015099,D18,s7,CBK308090,/mnt/micro-images-pvc/specs935-v1/specs935-v1-FA-P015099-U2OS-48h-P12-L2/2021-12-23/874/specs935-v1-FA-P015099-U2OS-48h-P12-L2_D18_s7_w5FC22E460-86C6-477E-BCE9-8588FEBCBC2D.npy,retinoid receptor agonist
P015099,D18,s8,CBK308090,/mnt/micro-images-pvc/specs935-v1/specs935-v1-FA-P015099-U2OS-48h-P12-L2/2021-12-23/874/specs935-v1-FA-P015099-U2OS-48h-P12-L2_D18_s8_w5CCA9E24D-BC56-4BB7-8745-A80AEDBB8EF0.npy,retinoid receptor agonist
P015099,D18,s9,CBK308090,/mnt/micro-images-pvc/specs935-v1/specs935-v1-FA-P015099-U2OS-48h-P12-L2/2021-12-23/874/specs935-v1-FA-P015099-U2OS-48h-P12-L2_D18_s9_w5294F6311-5BAC-4BC9-86DF-37E293D1A9D8.npy,retinoid receptor agonist
P015099,D20,s1,CBK308276,/mnt/micro-images-pvc/specs935-v1/specs935-v1-FA-P015099-U2OS-48h-P12-L2/2021-12-23/874/specs935-v1-FA-P015099-U2OS-48h-P12-L2_D20_s1_w5C503518D-A714-4B91-9624-49F075B64FC9.npy,retinoid receptor agonist
P015099,D20,s2,CBK308276,/mnt/micro-images-pvc/specs935-v1/specs935-v1-FA-P015099-U2OS-48h-P12-L2/2021-12-23/874/specs935-v1-FA-P015099-U2OS-48h-P12-L2_D20_s2_w54D96D245-8F9A-4D8E-91F8-5B420ECD16FD.npy,retinoid receptor agonist
P015099,D20,s3,CBK308276,/mnt/micro-images-pvc/specs935-v1/specs935-v1-FA-P015099-U2OS-48h-P12-L2/2021-12-23/874/specs935-v1-FA-P015099-U2OS-48h-P12-L2_D20_s3_w581E7EB6C-0A92-476B-8D7C-8547D7C93CD8.npy,retinoid receptor agonist
P015099,D20,s4,CBK308276,/mnt/micro-images-pvc/specs935-v1/specs935-v1-FA-P015099-U2OS-48h-P12-L2/2021-12-23/874/specs935-v1-FA-P015099-U2OS-48h-P12-L2_D20_s4_w5402D8AC8-AB0C-4A49-BA34-4CD53F4E85D4.npy,retinoid receptor agonist
P015099,D20,s5,CBK308276,/mnt/micro-images-pvc/specs935-v1/specs935-v1-FA-P015099-U2OS-48h-P12-L2/2021-12-23/874/specs935-v1-FA-P015099-U2OS-48h-P12-L2_D20_s5_w5E406770A-7CFD-40F3-B901-D4A056F76E30.npy,retinoid receptor agonist
P015099,D20,s6,CBK308276,/mnt/micro-images-pvc/specs935-v1/specs935-v1-FA-P015099-U2OS-48h-P12-L2/2021-12-23/874/specs935-v1-FA-P015099-U2OS-48h-P12-L2_D20_s6_w592AE7E87-4CE7-4B89-BACC-D9EDB4B3FB97.npy,retinoid receptor agonist
P015099,D20,s7,CBK308276,/mnt/micro-images-pvc/specs935-v1/specs935-v1-FA-P015099-U2OS-48h-P12-L2/2021-12-23/874/specs935-v1-FA-P015099-U2OS-48h-P12-L2_D20_s7_w5AE581480-C0D6-4746-963F-32AB6635D923.npy,retinoid receptor agonist
P015099,D20,s8,CBK308276,/mnt/micro-images-pvc/specs935-v1/specs935-v1-FA-P015099-U2OS-48h-P12-L2/2021-12-23/874/specs935-v1-FA-P015099-U2OS-48h-P12-L2_D20_s8_w5FB417E91-197D-40DD-9704-8023E9399E10.npy,retinoid receptor agonist
P015099,D20,s9,CBK308276,/mnt/micro-images-pvc/specs935-v1/specs935-v1-FA-P015099-U2OS-48h-P12-L2/2021-12-23/874/specs935-v1-FA-P015099-U2OS-48h-P12-L2_D20_s9_w58D797D23-CB6B-49A8-9DC3-2E485CAD7378.npy,retinoid receptor agonist
P015099,D22,s1,CBK308484,/mnt/micro-images-pvc/specs935-v1/specs935-v1-FA-P015099-U2OS-48h-P12-L2/2021-12-23/874/specs935-v1-FA-P015099-U2OS-48h-P12-L2_D22_s1_w5FEE9378A-C19C-4E27-B550-1D70C693A76E.npy,topoisomerase inhibitor
P015099,D22,s2,CBK308484,/mnt/micro-images-pvc/specs935-v1/specs935-v1-FA-P015099-U2OS-48h-P12-L2/2021-12-23/874/specs935-v1-FA-P015099-U2OS-48h-P12-L2_D22_s2_w5AA4BB539-4689-42B9-8635-5A6447EC3739.npy,topoisomerase inhibitor
P015099,D22,s3,CBK308484,/mnt/micro-images-pvc/specs935-v1/specs935-v1-FA-P015099-U2OS-48h-P12-L2/2021-12-23/874/specs935-v1-FA-P015099-U2OS-48h-P12-L2_D22_s3_w57DEEA144-75DC-4BED-8DF9-9BFC8F6C69BC.npy,topoisomerase inhibitor
P015099,D22,s4,CBK308484,/mnt/micro-images-pvc/specs935-v1/specs935-v1-FA-P015099-U2OS-48h-P12-L2/2021-12-23/874/specs935-v1-FA-P015099-U2OS-48h-P12-L2_D22_s4_w52E89787C-7865-4188-978E-ACEF565ED4DB.npy,topoisomerase inhibitor
P015099,D22,s5,CBK308484,/mnt/micro-images-pvc/specs935-v1/specs935-v1-FA-P015099-U2OS-48h-P12-L2/2021-12-23/874/specs935-v1-FA-P015099-U2OS-48h-P12-L2_D22_s5_w5E20C0FB7-A8F8-44F1-B75B-AEE36A712AD6.npy,topoisomerase inhibitor
P015099,D22,s6,CBK308484,/mnt/micro-images-pvc/specs935-v1/specs935-v1-FA-P015099-U2OS-48h-P12-L2/2021-12-23/874/specs935-v1-FA-P015099-U2OS-48h-P12-L2_D22_s6_w576DFAE43-018B-4CC7-810A-EE28984ED57A.npy,topoisomerase inhibitor
P015099,D22,s7,CBK308484,/mnt/micro-images-pvc/specs935-v1/specs935-v1-FA-P015099-U2OS-48h-P12-L2/2021-12-23/874/specs935-v1-FA-P015099-U2OS-48h-P12-L2_D22_s7_w5D3484A3F-72DF-4FFB-82F9-F15D3FF18324.npy,topoisomerase inhibitor
P015099,D22,s8,CBK308484,/mnt/micro-images-pvc/specs935-v1/specs935-v1-FA-P015099-U2OS-48h-P12-L2/2021-12-23/874/specs935-v1-FA-P015099-U2OS-48h-P12-L2_D22_s8_w57B30EAB9-9FE7-4B13-B9A6-DA2B9DEF75E5.npy,topoisomerase inhibitor
P015099,D22,s9,CBK308484,/mnt/micro-images-pvc/specs935-v1/specs935-v1-FA-P015099-U2OS-48h-P12-L2/2021-12-23/874/specs935-v1-FA-P015099-U2OS-48h-P12-L2_D22_s9_w5A3F26B54-6865-4783-92FB-5AD8F41B7727.npy,topoisomerase inhibitor
P015099,E02,s1,CBK309040,/mnt/micro-images-pvc/specs935-v1/specs935-v1-FA-P015099-U2OS-48h-P12-L2/2021-12-23/874/specs935-v1-FA-P015099-U2OS-48h-P12-L2_E02_s1_w591BB594D-6D8F-473E-8C01-6EC75F251745.npy,topoisomerase inhibitor
P015099,E02,s2,CBK309040,/mnt/micro-images-pvc/specs935-v1/specs935-v1-FA-P015099-U2OS-48h-P12-L2/2021-12-23/874/specs935-v1-FA-P015099-U2OS-48h-P12-L2_E02_s2_w567FFC08B-30D7-4883-B58F-A08EC31B6601.npy,topoisomerase inhibitor
P015099,E02,s3,CBK309040,/mnt/micro-images-pvc/specs935-v1/specs935-v1-FA-P015099-U2OS-48h-P12-L2/2021-12-23/874/specs935-v1-FA-P015099-U2OS-48h-P12-L2_E02_s3_w510109667-774B-4BC8-BC7D-DEF955711571.npy,topoisomerase inhibitor
P015099,E02,s4,CBK309040,/mnt/micro-images-pvc/specs935-v1/specs935-v1-FA-P015099-U2OS-48h-P12-L2/2021-12-23/874/specs935-v1-FA-P015099-U2OS-48h-P12-L2_E02_s4_w5D1BA0FC7-4F9B-4E6B-AD84-DACD43BFC564.npy,topoisomerase inhibitor
P015099,E02,s5,CBK309040,/mnt/micro-images-pvc/specs935-v1/specs935-v1-FA-P015099-U2OS-48h-P12-L2/2021-12-23/874/specs935-v1-FA-P015099-U2OS-48h-P12-L2_E02_s5_w5EC41ADCF-8708-48C7-B30F-F776C7563519.npy,topoisomerase inhibitor
P015099,E02,s6,CBK309040,/mnt/micro-images-pvc/specs935-v1/specs935-v1-FA-P015099-U2OS-48h-P12-L2/2021-12-23/874/specs935-v1-FA-P015099-U2OS-48h-P12-L2_E02_s6_w56991737A-3263-4640-B1DE-832D76CDF8AF.npy,topoisomerase inhibitor
P015099,E02,s7,CBK309040,/mnt/micro-images-pvc/specs935-v1/specs935-v1-FA-P015099-U2OS-48h-P12-L2/2021-12-23/874/specs935-v1-FA-P015099-U2OS-48h-P12-L2_E02_s7_w508CC0F84-7B98-4E54-B0B2-28E38E1C2FAD.npy,topoisomerase inhibitor
P015099,E02,s8,CBK309040,/mnt/micro-images-pvc/specs935-v1/specs935-v1-FA-P015099-U2OS-48h-P12-L2/2021-12-23/874/specs935-v1-FA-P015099-U2OS-48h-P12-L2_E02_s8_w56D30CE61-E145-44F8-B575-317246E3BEE4.npy,topoisomerase inhibitor
P015099,E02,s9,CBK309040,/mnt/micro-images-pvc/specs935-v1/specs935-v1-FA-P015099-U2OS-48h-P12-L2/2021-12-23/874/specs935-v1-FA-P015099-U2OS-48h-P12-L2_E02_s9_w516FC29F3-F261-45E4-9E0D-DE0CDF40D7AF.npy,topoisomerase inhibitor
P015099,E03,s1,CBK309639,/mnt/micro-images-pvc/specs935-v1/specs935-v1-FA-P015099-U2OS-48h-P12-L2/2021-12-23/874/specs935-v1-FA-P015099-U2OS-48h-P12-L2_E03_s1_w5A487595D-3B8C-4EEF-A6F4-E60EDA64AB0F.npy,topoisomerase inhibitor
P015099,E03,s2,CBK309639,/mnt/micro-images-pvc/specs935-v1/specs935-v1-FA-P015099-U2OS-48h-P12-L2/2021-12-23/874/specs935-v1-FA-P015099-U2OS-48h-P12-L2_E03_s2_w5F8C9E9AF-ED7A-4FA1-AF78-C06D332A8DEA.npy,topoisomerase inhibitor
P015099,E03,s3,CBK309639,/mnt/micro-images-pvc/specs935-v1/specs935-v1-FA-P015099-U2OS-48h-P12-L2/2021-12-23/874/specs935-v1-FA-P015099-U2OS-48h-P12-L2_E03_s3_w553D76E3E-0786-4078-A11F-CC5AB2745CCA.npy,topoisomerase inhibitor
P015099,E03,s4,CBK309639,/mnt/micro-images-pvc/specs935-v1/specs935-v1-FA-P015099-U2OS-48h-P12-L2/2021-12-23/874/specs935-v1-FA-P015099-U2OS-48h-P12-L2_E03_s4_w572A5CF52-EC77-44E8-80DB-C7AB74151236.npy,topoisomerase inhibitor
P015099,E03,s5,CBK309639,/mnt/micro-images-pvc/specs935-v1/specs935-v1-FA-P015099-U2OS-48h-P12-L2/2021-12-23/874/specs935-v1-FA-P015099-U2OS-48h-P12-L2_E03_s5_w555E6108B-7E05-4788-B5CD-C9BC8F41C70F.npy,topoisomerase inhibitor
P015099,E03,s6,CBK309639,/mnt/micro-images-pvc/specs935-v1/specs935-v1-FA-P015099-U2OS-48h-P12-L2/2021-12-23/874/specs935-v1-FA-P015099-U2OS-48h-P12-L2_E03_s6_w531D466E2-E39B-4D98-86FC-671F01CACB58.npy,topoisomerase inhibitor
P015099,E03,s7,CBK309639,/mnt/micro-images-pvc/specs935-v1/specs935-v1-FA-P015099-U2OS-48h-P12-L2/2021-12-23/874/specs935-v1-FA-P015099-U2OS-48h-P12-L2_E03_s7_w52AF203CE-0E5D-498F-8178-5FD1DFD0EA3E.npy,topoisomerase inhibitor
P015099,E03,s8,CBK309639,/mnt/micro-images-pvc/specs935-v1/specs935-v1-FA-P015099-U2OS-48h-P12-L2/2021-12-23/874/specs935-v1-FA-P015099-U2OS-48h-P12-L2_E03_s8_w5D25165C4-CED8-4453-A995-751E198F53EE.npy,topoisomerase inhibitor
P015099,E03,s9,CBK309639,/mnt/micro-images-pvc/specs935-v1/specs935-v1-FA-P015099-U2OS-48h-P12-L2/2021-12-23/874/specs935-v1-FA-P015099-U2OS-48h-P12-L2_E03_s9_w55540B4B2-090B-40C0-A5B6-5E1BE5FD9F89.npy,topoisomerase inhibitor
P015099,E04,s1,CBK290287,/mnt/micro-images-pvc/specs935-v1/specs935-v1-FA-P015099-U2OS-48h-P12-L2/2021-12-23/874/specs935-v1-FA-P015099-U2OS-48h-P12-L2_E04_s1_w581BA0960-2E42-4CAA-8F0B-19DDDD76F81D.npy,retinoid receptor agonist
P015099,E04,s2,CBK290287,/mnt/micro-images-pvc/specs935-v1/specs935-v1-FA-P015099-U2OS-48h-P12-L2/2021-12-23/874/specs935-v1-FA-P015099-U2OS-48h-P12-L2_E04_s2_w5AF5D7DD5-5248-448A-B1A0-B6E1C2CB63B3.npy,retinoid receptor agonist
P015099,E04,s3,CBK290287,/mnt/micro-images-pvc/specs935-v1/specs935-v1-FA-P015099-U2OS-48h-P12-L2/2021-12-23/874/specs935-v1-FA-P015099-U2OS-48h-P12-L2_E04_s3_w5E6E5483E-C720-43FA-B716-62E523C5EFFA.npy,retinoid receptor agonist
P015099,E04,s4,CBK290287,/mnt/micro-images-pvc/specs935-v1/specs935-v1-FA-P015099-U2OS-48h-P12-L2/2021-12-23/874/specs935-v1-FA-P015099-U2OS-48h-P12-L2_E04_s4_w5B66E9D16-A4BC-43AD-849A-1A652131EC79.npy,retinoid receptor agonist
P015099,E04,s5,CBK290287,/mnt/micro-images-pvc/specs935-v1/specs935-v1-FA-P015099-U2OS-48h-P12-L2/2021-12-23/874/specs935-v1-FA-P015099-U2OS-48h-P12-L2_E04_s5_w53D312490-1397-4163-9BCE-F0EC5A57C9DE.npy,retinoid receptor agonist
P015099,E04,s6,CBK290287,/mnt/micro-images-pvc/specs935-v1/specs935-v1-FA-P015099-U2OS-48h-P12-L2/2021-12-23/874/specs935-v1-FA-P015099-U2OS-48h-P12-L2_E04_s6_w5C24919B6-ABF2-4B40-B627-6EBA961514FE.npy,retinoid receptor agonist
P015099,E04,s7,CBK290287,/mnt/micro-images-pvc/specs935-v1/specs935-v1-FA-P015099-U2OS-48h-P12-L2/2021-12-23/874/specs935-v1-FA-P015099-U2OS-48h-P12-L2_E04_s7_w54098BBA2-94B8-4B8E-91C0-5C7AA7259BCA.npy,retinoid receptor agonist
P015099,E04,s8,CBK290287,/mnt/micro-images-pvc/specs935-v1/specs935-v1-FA-P015099-U2OS-48h-P12-L2/2021-12-23/874/specs935-v1-FA-P015099-U2OS-48h-P12-L2_E04_s8_w5DBFF5936-58AE-44AA-BF6D-8FCAC6B4287F.npy,retinoid receptor agonist
P015099,E04,s9,CBK290287,/mnt/micro-images-pvc/specs935-v1/specs935-v1-FA-P015099-U2OS-48h-P12-L2/2021-12-23/874/specs935-v1-FA-P015099-U2OS-48h-P12-L2_E04_s9_w51B90F739-FF14-4074-A6B9-ECFAA269B1A3.npy,retinoid receptor agonist
P015099,E06,s1,CBK309049,/mnt/micro-images-pvc/specs935-v1/specs935-v1-FA-P015099-U2OS-48h-P12-L2/2021-12-23/874/specs935-v1-FA-P015099-U2OS-48h-P12-L2_E06_s1_w5D002105A-7F38-4145-9B60-EF0447E37D65.npy,retinoid receptor agonist
P015099,E06,s2,CBK309049,/mnt/micro-images-pvc/specs935-v1/specs935-v1-FA-P015099-U2OS-48h-P12-L2/2021-12-23/874/specs935-v1-FA-P015099-U2OS-48h-P12-L2_E06_s2_w5E2501F77-CF89-469B-9C80-B333DAD25584.npy,retinoid receptor agonist
P015099,E06,s3,CBK309049,/mnt/micro-images-pvc/specs935-v1/specs935-v1-FA-P015099-U2OS-48h-P12-L2/2021-12-23/874/specs935-v1-FA-P015099-U2OS-48h-P12-L2_E06_s3_w55A2C435D-1EAF-4DEF-AA10-1CC8D8FC7A83.npy,retinoid receptor agonist
P015099,E06,s4,CBK309049,/mnt/micro-images-pvc/specs935-v1/specs935-v1-FA-P015099-U2OS-48h-P12-L2/2021-12-23/874/specs935-v1-FA-P015099-U2OS-48h-P12-L2_E06_s4_w5F249EFCF-1648-4313-A315-E46D334450E0.npy,retinoid receptor agonist
P015099,E06,s5,CBK309049,/mnt/micro-images-pvc/specs935-v1/specs935-v1-FA-P015099-U2OS-48h-P12-L2/2021-12-23/874/specs935-v1-FA-P015099-U2OS-48h-P12-L2_E06_s5_w50CBB4843-1A4E-43C9-BDBB-338F55452A0F.npy,retinoid receptor agonist
P015099,E06,s6,CBK309049,/mnt/micro-images-pvc/specs935-v1/specs935-v1-FA-P015099-U2OS-48h-P12-L2/2021-12-23/874/specs935-v1-FA-P015099-U2OS-48h-P12-L2_E06_s6_w5B424F072-4F30-4A6B-BF86-BB85AA0B8DE8.npy,retinoid receptor agonist
P015099,E06,s7,CBK309049,/mnt/micro-images-pvc/specs935-v1/specs935-v1-FA-P015099-U2OS-48h-P12-L2/2021-12-23/874/specs935-v1-FA-P015099-U2OS-48h-P12-L2_E06_s7_w5AF390ED4-FDDD-4883-B5D4-1B4CE94A53A7.npy,retinoid receptor agonist
P015099,E06,s8,CBK309049,/mnt/micro-images-pvc/specs935-v1/specs935-v1-FA-P015099-U2OS-48h-P12-L2/2021-12-23/874/specs935-v1-FA-P015099-U2OS-48h-P12-L2_E06_s8_w59E31E292-8EB8-4004-B4AC-0D043F433D5F.npy,retinoid receptor agonist
P015099,E06,s9,CBK309049,/mnt/micro-images-pvc/specs935-v1/specs935-v1-FA-P015099-U2OS-48h-P12-L2/2021-12-23/874/specs935-v1-FA-P015099-U2OS-48h-P12-L2_E06_s9_w51FB81EE7-4241-43E3-A2B1-DC5DAF7D7FFC.npy,retinoid receptor agonist
P015099,E07,s1,CBK308090,/mnt/micro-images-pvc/specs935-v1/specs935-v1-FA-P015099-U2OS-48h-P12-L2/2021-12-23/874/specs935-v1-FA-P015099-U2OS-48h-P12-L2_E07_s1_w56E283C98-A0CE-4FAC-BD9C-1D4367374943.npy,retinoid receptor agonist
P015099,E07,s2,CBK308090,/mnt/micro-images-pvc/specs935-v1/specs935-v1-FA-P015099-U2OS-48h-P12-L2/2021-12-23/874/specs935-v1-FA-P015099-U2OS-48h-P12-L2_E07_s2_w54CA4D0C8-BAEB-4B17-8289-0B00A6BCEE8A.npy,retinoid receptor agonist
P015099,E07,s3,CBK308090,/mnt/micro-images-pvc/specs935-v1/specs935-v1-FA-P015099-U2OS-48h-P12-L2/2021-12-23/874/specs935-v1-FA-P015099-U2OS-48h-P12-L2_E07_s3_w515EA8092-5DC4-4FA3-918A-4228BB694A7B.npy,retinoid receptor agonist
P015099,E07,s4,CBK308090,/mnt/micro-images-pvc/specs935-v1/specs935-v1-FA-P015099-U2OS-48h-P12-L2/2021-12-23/874/specs935-v1-FA-P015099-U2OS-48h-P12-L2_E07_s4_w57B10B463-4C1F-4A96-A5E7-F2DF80780BF6.npy,retinoid receptor agonist
P015099,E07,s5,CBK308090,/mnt/micro-images-pvc/specs935-v1/specs935-v1-FA-P015099-U2OS-48h-P12-L2/2021-12-23/874/specs935-v1-FA-P015099-U2OS-48h-P12-L2_E07_s5_w502978BA8-758B-4AF2-83E4-BDE3510A6751.npy,retinoid receptor agonist
P015099,E07,s6,CBK308090,/mnt/micro-images-pvc/specs935-v1/specs935-v1-FA-P015099-U2OS-48h-P12-L2/2021-12-23/874/specs935-v1-FA-P015099-U2OS-48h-P12-L2_E07_s6_w579DA46F7-2EAC-402B-84A1-FB8D980A2B76.npy,retinoid receptor agonist
P015099,E07,s7,CBK308090,/mnt/micro-images-pvc/specs935-v1/specs935-v1-FA-P015099-U2OS-48h-P12-L2/2021-12-23/874/specs935-v1-FA-P015099-U2OS-48h-P12-L2_E07_s7_w5A5361D88-7682-434A-977C-38491D75EFDD.npy,retinoid receptor agonist
P015099,E07,s8,CBK308090,/mnt/micro-images-pvc/specs935-v1/specs935-v1-FA-P015099-U2OS-48h-P12-L2/2021-12-23/874/specs935-v1-FA-P015099-U2OS-48h-P12-L2_E07_s8_w5DB201A35-51F7-4B06-8904-CDE4F62E87F2.npy,retinoid receptor agonist
P015099,E07,s9,CBK308090,/mnt/micro-images-pvc/specs935-v1/specs935-v1-FA-P015099-U2OS-48h-P12-L2/2021-12-23/874/specs935-v1-FA-P015099-U2OS-48h-P12-L2_E07_s9_w5BB2ECE66-6D2D-4C38-A2C2-188135930B56.npy,retinoid receptor agonist
P015099,E09,s1,CBK041184,/mnt/micro-images-pvc/specs935-v1/specs935-v1-FA-P015099-U2OS-48h-P12-L2/2021-12-23/874/specs935-v1-FA-P015099-U2OS-48h-P12-L2_E09_s1_w5FB15FEB2-FAE5-4AF6-80AC-FCCC814A4E8E.npy,tubulin polymerization inhibitor
P015099,E09,s2,CBK041184,/mnt/micro-images-pvc/specs935-v1/specs935-v1-FA-P015099-U2OS-48h-P12-L2/2021-12-23/874/specs935-v1-FA-P015099-U2OS-48h-P12-L2_E09_s2_w5709708F3-8907-4DFF-9E02-01397D28C9D5.npy,tubulin polymerization inhibitor
P015099,E09,s3,CBK041184,/mnt/micro-images-pvc/specs935-v1/specs935-v1-FA-P015099-U2OS-48h-P12-L2/2021-12-23/874/specs935-v1-FA-P015099-U2OS-48h-P12-L2_E09_s3_w5AAB1FA39-B63B-46D4-B882-6B60D9E981E6.npy,tubulin polymerization inhibitor
P015099,E09,s4,CBK041184,/mnt/micro-images-pvc/specs935-v1/specs935-v1-FA-P015099-U2OS-48h-P12-L2/2021-12-23/874/specs935-v1-FA-P015099-U2OS-48h-P12-L2_E09_s4_w54FA5F4C0-E5CE-48AF-9662-78780D9C6077.npy,tubulin polymerization inhibitor
P015099,E09,s5,CBK041184,/mnt/micro-images-pvc/specs935-v1/specs935-v1-FA-P015099-U2OS-48h-P12-L2/2021-12-23/874/specs935-v1-FA-P015099-U2OS-48h-P12-L2_E09_s5_w53BCBE25B-DE9C-4B9F-84BD-BD488C7D2487.npy,tubulin polymerization inhibitor
P015099,E09,s6,CBK041184,/mnt/micro-images-pvc/specs935-v1/specs935-v1-FA-P015099-U2OS-48h-P12-L2/2021-12-23/874/specs935-v1-FA-P015099-U2OS-48h-P12-L2_E09_s6_w5C50DB3A7-4076-4DD6-89E9-5410C8185694.npy,tubulin polymerization inhibitor
P015099,E09,s7,CBK041184,/mnt/micro-images-pvc/specs935-v1/specs935-v1-FA-P015099-U2OS-48h-P12-L2/2021-12-23/874/specs935-v1-FA-P015099-U2OS-48h-P12-L2_E09_s7_w5D6B79CC3-C8A5-40F9-A5CF-360F85935344.npy,tubulin polymerization inhibitor
P015099,E09,s8,CBK041184,/mnt/micro-images-pvc/specs935-v1/specs935-v1-FA-P015099-U2OS-48h-P12-L2/2021-12-23/874/specs935-v1-FA-P015099-U2OS-48h-P12-L2_E09_s8_w5D9EA1734-4D1F-4DD6-B3BD-5FEE506D3DA5.npy,tubulin polymerization inhibitor
P015099,E09,s9,CBK041184,/mnt/micro-images-pvc/specs935-v1/specs935-v1-FA-P015099-U2OS-48h-P12-L2/2021-12-23/874/specs935-v1-FA-P015099-U2OS-48h-P12-L2_E09_s9_w56CDF3BF6-494E-4EFA-B08E-736BFC4A0F9F.npy,tubulin polymerization inhibitor
P015099,E10,s1,CBK041761,/mnt/micro-images-pvc/specs935-v1/specs935-v1-FA-P015099-U2OS-48h-P12-L2/2021-12-23/874/specs935-v1-FA-P015099-U2OS-48h-P12-L2_E10_s1_w5FB7B45AD-A150-459E-B7D5-29B7D2E60A0D.npy,tubulin polymerization inhibitor
P015099,E10,s2,CBK041761,/mnt/micro-images-pvc/specs935-v1/specs935-v1-FA-P015099-U2OS-48h-P12-L2/2021-12-23/874/specs935-v1-FA-P015099-U2OS-48h-P12-L2_E10_s2_w50F6E3847-3763-4BAB-B9E0-C69398B78F9A.npy,tubulin polymerization inhibitor
P015099,E10,s3,CBK041761,/mnt/micro-images-pvc/specs935-v1/specs935-v1-FA-P015099-U2OS-48h-P12-L2/2021-12-23/874/specs935-v1-FA-P015099-U2OS-48h-P12-L2_E10_s3_w58A102910-C2B1-4499-8741-B418AB46E967.npy,tubulin polymerization inhibitor
P015099,E10,s4,CBK041761,/mnt/micro-images-pvc/specs935-v1/specs935-v1-FA-P015099-U2OS-48h-P12-L2/2021-12-23/874/specs935-v1-FA-P015099-U2OS-48h-P12-L2_E10_s4_w561638F97-244A-41F1-9CF8-DA983DEDF3EF.npy,tubulin polymerization inhibitor
P015099,E10,s5,CBK041761,/mnt/micro-images-pvc/specs935-v1/specs935-v1-FA-P015099-U2OS-48h-P12-L2/2021-12-23/874/specs935-v1-FA-P015099-U2OS-48h-P12-L2_E10_s5_w5085D9B15-F4E1-4851-9C8D-2B9B1D0F4D99.npy,tubulin polymerization inhibitor
P015099,E10,s6,CBK041761,/mnt/micro-images-pvc/specs935-v1/specs935-v1-FA-P015099-U2OS-48h-P12-L2/2021-12-23/874/specs935-v1-FA-P015099-U2OS-48h-P12-L2_E10_s6_w5C6CB1FF1-31F5-425E-8FE1-AEBEE0BB6652.npy,tubulin polymerization inhibitor
P015099,E10,s7,CBK041761,/mnt/micro-images-pvc/specs935-v1/specs935-v1-FA-P015099-U2OS-48h-P12-L2/2021-12-23/874/specs935-v1-FA-P015099-U2OS-48h-P12-L2_E10_s7_w581529889-D213-4208-B7BD-F985478EA82C.npy,tubulin polymerization inhibitor
P015099,E10,s8,CBK041761,/mnt/micro-images-pvc/specs935-v1/specs935-v1-FA-P015099-U2OS-48h-P12-L2/2021-12-23/874/specs935-v1-FA-P015099-U2OS-48h-P12-L2_E10_s8_w5937507E1-DF82-4CE6-AB63-6630E78A15A7.npy,tubulin polymerization inhibitor
P015099,E10,s9,CBK041761,/mnt/micro-images-pvc/specs935-v1/specs935-v1-FA-P015099-U2OS-48h-P12-L2/2021-12-23/874/specs935-v1-FA-P015099-U2OS-48h-P12-L2_E10_s9_w528C6E2A1-CB05-4AF1-A0ED-38D8D0AB6D00.npy,tubulin polymerization inhibitor
P015099,E13,s1,CBK307816,/mnt/micro-images-pvc/specs935-v1/specs935-v1-FA-P015099-U2OS-48h-P12-L2/2021-12-23/874/specs935-v1-FA-P015099-U2OS-48h-P12-L2_E13_s1_w50CBEA740-C6DE-4B72-8F36-977F73AD695D.npy,topoisomerase inhibitor
P015099,E13,s2,CBK307816,/mnt/micro-images-pvc/specs935-v1/specs935-v1-FA-P015099-U2OS-48h-P12-L2/2021-12-23/874/specs935-v1-FA-P015099-U2OS-48h-P12-L2_E13_s2_w5F60CA0D2-AFEE-475F-AF4B-99591103B9DA.npy,topoisomerase inhibitor
P015099,E13,s3,CBK307816,/mnt/micro-images-pvc/specs935-v1/specs935-v1-FA-P015099-U2OS-48h-P12-L2/2021-12-23/874/specs935-v1-FA-P015099-U2OS-48h-P12-L2_E13_s3_w55F62B7AB-7297-4772-BC66-F7DDEAA96D36.npy,topoisomerase inhibitor
P015099,E13,s4,CBK307816,/mnt/micro-images-pvc/specs935-v1/specs935-v1-FA-P015099-U2OS-48h-P12-L2/2021-12-23/874/specs935-v1-FA-P015099-U2OS-48h-P12-L2_E13_s4_w5E330EF44-4E67-4579-81D2-B4C155B73DCF.npy,topoisomerase inhibitor
P015099,E13,s5,CBK307816,/mnt/micro-images-pvc/specs935-v1/specs935-v1-FA-P015099-U2OS-48h-P12-L2/2021-12-23/874/specs935-v1-FA-P015099-U2OS-48h-P12-L2_E13_s5_w5500678C4-3271-4081-AB45-917C6DE48252.npy,topoisomerase inhibitor
P015099,E13,s6,CBK307816,/mnt/micro-images-pvc/specs935-v1/specs935-v1-FA-P015099-U2OS-48h-P12-L2/2021-12-23/874/specs935-v1-FA-P015099-U2OS-48h-P12-L2_E13_s6_w5F596A08F-AC87-4E5C-AD5B-6FAB71E35F43.npy,topoisomerase inhibitor
P015099,E13,s7,CBK307816,/mnt/micro-images-pvc/specs935-v1/specs935-v1-FA-P015099-U2OS-48h-P12-L2/2021-12-23/874/specs935-v1-FA-P015099-U2OS-48h-P12-L2_E13_s7_w5023670B2-49B5-4187-A56D-1A7C5A0E7311.npy,topoisomerase inhibitor
P015099,E13,s8,CBK307816,/mnt/micro-images-pvc/specs935-v1/specs935-v1-FA-P015099-U2OS-48h-P12-L2/2021-12-23/874/specs935-v1-FA-P015099-U2OS-48h-P12-L2_E13_s8_w5388547FD-8B64-4411-977C-516B55F31286.npy,topoisomerase inhibitor
P015099,E13,s9,CBK307816,/mnt/micro-images-pvc/specs935-v1/specs935-v1-FA-P015099-U2OS-48h-P12-L2/2021-12-23/874/specs935-v1-FA-P015099-U2OS-48h-P12-L2_E13_s9_w5312314A7-00E4-4EFE-97DE-82565655E157.npy,topoisomerase inhibitor
P015099,E16,s1,CBK041585,/mnt/micro-images-pvc/specs935-v1/specs935-v1-FA-P015099-U2OS-48h-P12-L2/2021-12-23/874/specs935-v1-FA-P015099-U2OS-48h-P12-L2_E16_s1_w561533A18-5D5A-4979-90FC-FAB072BD90BD.npy,topoisomerase inhibitor
P015099,E16,s2,CBK041585,/mnt/micro-images-pvc/specs935-v1/specs935-v1-FA-P015099-U2OS-48h-P12-L2/2021-12-23/874/specs935-v1-FA-P015099-U2OS-48h-P12-L2_E16_s2_w53275EC16-3736-4F00-A750-E61F1CA64AE2.npy,topoisomerase inhibitor
P015099,E16,s3,CBK041585,/mnt/micro-images-pvc/specs935-v1/specs935-v1-FA-P015099-U2OS-48h-P12-L2/2021-12-23/874/specs935-v1-FA-P015099-U2OS-48h-P12-L2_E16_s3_w55CCEC102-6F1E-4272-8D6A-101FFDF16A47.npy,topoisomerase inhibitor
P015099,E16,s4,CBK041585,/mnt/micro-images-pvc/specs935-v1/specs935-v1-FA-P015099-U2OS-48h-P12-L2/2021-12-23/874/specs935-v1-FA-P015099-U2OS-48h-P12-L2_E16_s4_w58829BB79-C2FB-4D99-85CE-4D2F31490FC4.npy,topoisomerase inhibitor
P015099,E16,s5,CBK041585,/mnt/micro-images-pvc/specs935-v1/specs935-v1-FA-P015099-U2OS-48h-P12-L2/2021-12-23/874/specs935-v1-FA-P015099-U2OS-48h-P12-L2_E16_s5_w57BCDEEFF-9406-49BC-AA1E-F2E02C742976.npy,topoisomerase inhibitor
P015099,E16,s6,CBK041585,/mnt/micro-images-pvc/specs935-v1/specs935-v1-FA-P015099-U2OS-48h-P12-L2/2021-12-23/874/specs935-v1-FA-P015099-U2OS-48h-P12-L2_E16_s6_w565085D54-675E-4F0C-AFCA-851FFC03A120.npy,topoisomerase inhibitor
P015099,E16,s7,CBK041585,/mnt/micro-images-pvc/specs935-v1/specs935-v1-FA-P015099-U2OS-48h-P12-L2/2021-12-23/874/specs935-v1-FA-P015099-U2OS-48h-P12-L2_E16_s7_w557B254EB-BC23-4FAA-9CA0-2BB179134EE8.npy,topoisomerase inhibitor
P015099,E16,s8,CBK041585,/mnt/micro-images-pvc/specs935-v1/specs935-v1-FA-P015099-U2OS-48h-P12-L2/2021-12-23/874/specs935-v1-FA-P015099-U2OS-48h-P12-L2_E16_s8_w543C293FB-929B-4460-8154-9B29D7544BDF.npy,topoisomerase inhibitor
P015099,E16,s9,CBK041585,/mnt/micro-images-pvc/specs935-v1/specs935-v1-FA-P015099-U2OS-48h-P12-L2/2021-12-23/874/specs935-v1-FA-P015099-U2OS-48h-P12-L2_E16_s9_w5A1915ABB-DDFE-4C24-A47E-F9A0EDE34166.npy,topoisomerase inhibitor
P015099,E18,s1,CBK290012,/mnt/micro-images-pvc/specs935-v1/specs935-v1-FA-P015099-U2OS-48h-P12-L2/2021-12-23/874/specs935-v1-FA-P015099-U2OS-48h-P12-L2_E18_s1_w56B0DC9EF-5037-4F0F-9981-4F6092BC0515.npy,retinoid receptor agonist
P015099,E18,s2,CBK290012,/mnt/micro-images-pvc/specs935-v1/specs935-v1-FA-P015099-U2OS-48h-P12-L2/2021-12-23/874/specs935-v1-FA-P015099-U2OS-48h-P12-L2_E18_s2_w56F54A882-EA50-4724-9263-66CAE6F1CD00.npy,retinoid receptor agonist
P015099,E18,s3,CBK290012,/mnt/micro-images-pvc/specs935-v1/specs935-v1-FA-P015099-U2OS-48h-P12-L2/2021-12-23/874/specs935-v1-FA-P015099-U2OS-48h-P12-L2_E18_s3_w56BB3AA2F-91FF-4399-928D-6474337F3BB9.npy,retinoid receptor agonist
P015099,E18,s4,CBK290012,/mnt/micro-images-pvc/specs935-v1/specs935-v1-FA-P015099-U2OS-48h-P12-L2/2021-12-23/874/specs935-v1-FA-P015099-U2OS-48h-P12-L2_E18_s4_w5D1D40389-BBB9-4C7F-A7B6-4A1928ADB815.npy,retinoid receptor agonist
P015099,E18,s5,CBK290012,/mnt/micro-images-pvc/specs935-v1/specs935-v1-FA-P015099-U2OS-48h-P12-L2/2021-12-23/874/specs935-v1-FA-P015099-U2OS-48h-P12-L2_E18_s5_w540098688-6DD9-4968-92CD-A13BAE9010B3.npy,retinoid receptor agonist
P015099,E18,s6,CBK290012,/mnt/micro-images-pvc/specs935-v1/specs935-v1-FA-P015099-U2OS-48h-P12-L2/2021-12-23/874/specs935-v1-FA-P015099-U2OS-48h-P12-L2_E18_s6_w5EA7C992C-4609-48B7-AB40-F649026A2040.npy,retinoid receptor agonist
P015099,E18,s7,CBK290012,/mnt/micro-images-pvc/specs935-v1/specs935-v1-FA-P015099-U2OS-48h-P12-L2/2021-12-23/874/specs935-v1-FA-P015099-U2OS-48h-P12-L2_E18_s7_w5C142A524-2152-45C9-93E3-A2A5E4404532.npy,retinoid receptor agonist
P015099,E18,s8,CBK290012,/mnt/micro-images-pvc/specs935-v1/specs935-v1-FA-P015099-U2OS-48h-P12-L2/2021-12-23/874/specs935-v1-FA-P015099-U2OS-48h-P12-L2_E18_s8_w5A063D742-35CE-4349-B88A-17947746D82D.npy,retinoid receptor agonist
P015099,E18,s9,CBK290012,/mnt/micro-images-pvc/specs935-v1/specs935-v1-FA-P015099-U2OS-48h-P12-L2/2021-12-23/874/specs935-v1-FA-P015099-U2OS-48h-P12-L2_E18_s9_w54F9D3C6A-D70B-474A-B272-36F924903679.npy,retinoid receptor agonist
P015099,E19,s1,CBK016139,/mnt/micro-images-pvc/specs935-v1/specs935-v1-FA-P015099-U2OS-48h-P12-L2/2021-12-23/874/specs935-v1-FA-P015099-U2OS-48h-P12-L2_E19_s1_w551BE005E-B58E-4A9F-B49B-8D594797F0AC.npy,tubulin polymerization inhibitor
P015099,E19,s2,CBK016139,/mnt/micro-images-pvc/specs935-v1/specs935-v1-FA-P015099-U2OS-48h-P12-L2/2021-12-23/874/specs935-v1-FA-P015099-U2OS-48h-P12-L2_E19_s2_w5346E5655-F553-40F8-95F4-47C01EFC6C89.npy,tubulin polymerization inhibitor
P015099,E19,s3,CBK016139,/mnt/micro-images-pvc/specs935-v1/specs935-v1-FA-P015099-U2OS-48h-P12-L2/2021-12-23/874/specs935-v1-FA-P015099-U2OS-48h-P12-L2_E19_s3_w56CDFDA1D-6282-459C-BACA-32B94DB1E3BF.npy,tubulin polymerization inhibitor
P015099,E19,s4,CBK016139,/mnt/micro-images-pvc/specs935-v1/specs935-v1-FA-P015099-U2OS-48h-P12-L2/2021-12-23/874/specs935-v1-FA-P015099-U2OS-48h-P12-L2_E19_s4_w583CEA49C-47A8-4BE6-8F41-B1A1D5FFABE7.npy,tubulin polymerization inhibitor
P015099,E19,s5,CBK016139,/mnt/micro-images-pvc/specs935-v1/specs935-v1-FA-P015099-U2OS-48h-P12-L2/2021-12-23/874/specs935-v1-FA-P015099-U2OS-48h-P12-L2_E19_s5_w5B3FFC4DA-BC99-44F4-8FF2-79B8C62A8896.npy,tubulin polymerization inhibitor
P015099,E19,s6,CBK016139,/mnt/micro-images-pvc/specs935-v1/specs935-v1-FA-P015099-U2OS-48h-P12-L2/2021-12-23/874/specs935-v1-FA-P015099-U2OS-48h-P12-L2_E19_s6_w5F023EF2D-CD36-4B8E-ACC9-608EFB81838C.npy,tubulin polymerization inhibitor
P015099,E19,s7,CBK016139,/mnt/micro-images-pvc/specs935-v1/specs935-v1-FA-P015099-U2OS-48h-P12-L2/2021-12-23/874/specs935-v1-FA-P015099-U2OS-48h-P12-L2_E19_s7_w5390A255A-8512-4155-932C-2152C961444B.npy,tubulin polymerization inhibitor
P015099,E19,s8,CBK016139,/mnt/micro-images-pvc/specs935-v1/specs935-v1-FA-P015099-U2OS-48h-P12-L2/2021-12-23/874/specs935-v1-FA-P015099-U2OS-48h-P12-L2_E19_s8_w5CE37C63A-87C6-4278-B1C9-57448B442CE5.npy,tubulin polymerization inhibitor
P015099,E19,s9,CBK016139,/mnt/micro-images-pvc/specs935-v1/specs935-v1-FA-P015099-U2OS-48h-P12-L2/2021-12-23/874/specs935-v1-FA-P015099-U2OS-48h-P12-L2_E19_s9_w5CB805417-3913-405C-9408-B502B688A578.npy,tubulin polymerization inhibitor
P015099,F02,s1,CBK011613,/mnt/micro-images-pvc/specs935-v1/specs935-v1-FA-P015099-U2OS-48h-P12-L2/2021-12-23/874/specs935-v1-FA-P015099-U2OS-48h-P12-L2_F02_s1_w5392966FB-6875-4FD0-8FDA-CE950B29A738.npy,retinoid receptor agonist
P015099,F02,s2,CBK011613,/mnt/micro-images-pvc/specs935-v1/specs935-v1-FA-P015099-U2OS-48h-P12-L2/2021-12-23/874/specs935-v1-FA-P015099-U2OS-48h-P12-L2_F02_s2_w5D95697F1-CBB5-4E9E-B9AA-E70074EAB21A.npy,retinoid receptor agonist
P015099,F02,s3,CBK011613,/mnt/micro-images-pvc/specs935-v1/specs935-v1-FA-P015099-U2OS-48h-P12-L2/2021-12-23/874/specs935-v1-FA-P015099-U2OS-48h-P12-L2_F02_s3_w5623FF87D-7153-4253-8D12-2CDE4C58678E.npy,retinoid receptor agonist
P015099,F02,s4,CBK011613,/mnt/micro-images-pvc/specs935-v1/specs935-v1-FA-P015099-U2OS-48h-P12-L2/2021-12-23/874/specs935-v1-FA-P015099-U2OS-48h-P12-L2_F02_s4_w52E38DB2C-8F84-4BC6-9735-ABCC20621286.npy,retinoid receptor agonist
P015099,F02,s5,CBK011613,/mnt/micro-images-pvc/specs935-v1/specs935-v1-FA-P015099-U2OS-48h-P12-L2/2021-12-23/874/specs935-v1-FA-P015099-U2OS-48h-P12-L2_F02_s5_w5A8063C40-763C-493D-9CA7-EC640DEE8BBA.npy,retinoid receptor agonist
P015099,F02,s6,CBK011613,/mnt/micro-images-pvc/specs935-v1/specs935-v1-FA-P015099-U2OS-48h-P12-L2/2021-12-23/874/specs935-v1-FA-P015099-U2OS-48h-P12-L2_F02_s6_w595DF9996-95C7-45D0-8946-7A60E0804EA0.npy,retinoid receptor agonist
P015099,F02,s7,CBK011613,/mnt/micro-images-pvc/specs935-v1/specs935-v1-FA-P015099-U2OS-48h-P12-L2/2021-12-23/874/specs935-v1-FA-P015099-U2OS-48h-P12-L2_F02_s7_w5D542B52A-5E92-4FD7-A8E8-2B613E676613.npy,retinoid receptor agonist
P015099,F02,s8,CBK011613,/mnt/micro-images-pvc/specs935-v1/specs935-v1-FA-P015099-U2OS-48h-P12-L2/2021-12-23/874/specs935-v1-FA-P015099-U2OS-48h-P12-L2_F02_s8_w5BF410530-C5D4-4011-8F12-69EC25019AD0.npy,retinoid receptor agonist
P015099,F02,s9,CBK011613,/mnt/micro-images-pvc/specs935-v1/specs935-v1-FA-P015099-U2OS-48h-P12-L2/2021-12-23/874/specs935-v1-FA-P015099-U2OS-48h-P12-L2_F02_s9_w594D48F4F-821D-405C-9DC4-97A68E60F857.npy,retinoid receptor agonist
P015099,F07,s1,CBK308966,/mnt/micro-images-pvc/specs935-v1/specs935-v1-FA-P015099-U2OS-48h-P12-L2/2021-12-23/874/specs935-v1-FA-P015099-U2OS-48h-P12-L2_F07_s1_w510B4775C-6CAD-4ABC-A96D-2814C0C8AAC5.npy,tubulin polymerization inhibitor
P015099,F07,s2,CBK308966,/mnt/micro-images-pvc/specs935-v1/specs935-v1-FA-P015099-U2OS-48h-P12-L2/2021-12-23/874/specs935-v1-FA-P015099-U2OS-48h-P12-L2_F07_s2_w583BAB5AE-F9E8-480B-B2E8-EB01DA25AD72.npy,tubulin polymerization inhibitor
P015099,F07,s3,CBK308966,/mnt/micro-images-pvc/specs935-v1/specs935-v1-FA-P015099-U2OS-48h-P12-L2/2021-12-23/874/specs935-v1-FA-P015099-U2OS-48h-P12-L2_F07_s3_w5C0E82DB1-6AB1-43F8-88DF-05EDBF5628AD.npy,tubulin polymerization inhibitor
P015099,F07,s4,CBK308966,/mnt/micro-images-pvc/specs935-v1/specs935-v1-FA-P015099-U2OS-48h-P12-L2/2021-12-23/874/specs935-v1-FA-P015099-U2OS-48h-P12-L2_F07_s4_w5D16968AE-C33F-4A99-B490-D595686C3403.npy,tubulin polymerization inhibitor
P015099,F07,s5,CBK308966,/mnt/micro-images-pvc/specs935-v1/specs935-v1-FA-P015099-U2OS-48h-P12-L2/2021-12-23/874/specs935-v1-FA-P015099-U2OS-48h-P12-L2_F07_s5_w56DDC3805-18B7-4FF3-AEE2-17CE04ACA1EB.npy,tubulin polymerization inhibitor
P015099,F07,s6,CBK308966,/mnt/micro-images-pvc/specs935-v1/specs935-v1-FA-P015099-U2OS-48h-P12-L2/2021-12-23/874/specs935-v1-FA-P015099-U2OS-48h-P12-L2_F07_s6_w5AFB1ED82-5EB3-4F86-B5AC-D7C600D103B0.npy,tubulin polymerization inhibitor
P015099,F07,s7,CBK308966,/mnt/micro-images-pvc/specs935-v1/specs935-v1-FA-P015099-U2OS-48h-P12-L2/2021-12-23/874/specs935-v1-FA-P015099-U2OS-48h-P12-L2_F07_s7_w525D1B69C-B746-4957-9A33-CCE457A3A1F1.npy,tubulin polymerization inhibitor
P015099,F07,s8,CBK308966,/mnt/micro-images-pvc/specs935-v1/specs935-v1-FA-P015099-U2OS-48h-P12-L2/2021-12-23/874/specs935-v1-FA-P015099-U2OS-48h-P12-L2_F07_s8_w5103024B0-05D8-4ABC-814C-3EF0CCC0A7D7.npy,tubulin polymerization inhibitor
P015099,F07,s9,CBK308966,/mnt/micro-images-pvc/specs935-v1/specs935-v1-FA-P015099-U2OS-48h-P12-L2/2021-12-23/874/specs935-v1-FA-P015099-U2OS-48h-P12-L2_F07_s9_w5004677F1-56FD-4FD5-95CA-B7164D014446.npy,tubulin polymerization inhibitor
P015099,F08,s1,CBK309601,/mnt/micro-images-pvc/specs935-v1/specs935-v1-FA-P015099-U2OS-48h-P12-L2/2021-12-23/874/specs935-v1-FA-P015099-U2OS-48h-P12-L2_F08_s1_w55C74601A-0ACA-4C04-B316-1D11982F16FA.npy,protein synthesis inhibitor
P015099,F08,s2,CBK309601,/mnt/micro-images-pvc/specs935-v1/specs935-v1-FA-P015099-U2OS-48h-P12-L2/2021-12-23/874/specs935-v1-FA-P015099-U2OS-48h-P12-L2_F08_s2_w5F660430C-9781-4976-B68D-9206A808FE77.npy,protein synthesis inhibitor
P015099,F08,s3,CBK309601,/mnt/micro-images-pvc/specs935-v1/specs935-v1-FA-P015099-U2OS-48h-P12-L2/2021-12-23/874/specs935-v1-FA-P015099-U2OS-48h-P12-L2_F08_s3_w582D79061-8B7B-4F47-BCCF-F594427A773B.npy,protein synthesis inhibitor
P015099,F08,s4,CBK309601,/mnt/micro-images-pvc/specs935-v1/specs935-v1-FA-P015099-U2OS-48h-P12-L2/2021-12-23/874/specs935-v1-FA-P015099-U2OS-48h-P12-L2_F08_s4_w5A36B5C61-4CAB-4E1D-A0A1-CBA4C42141AF.npy,protein synthesis inhibitor
P015099,F08,s5,CBK309601,/mnt/micro-images-pvc/specs935-v1/specs935-v1-FA-P015099-U2OS-48h-P12-L2/2021-12-23/874/specs935-v1-FA-P015099-U2OS-48h-P12-L2_F08_s5_w594425407-970F-4663-A8EA-D806BAAA8430.npy,protein synthesis inhibitor
P015099,F08,s6,CBK309601,/mnt/micro-images-pvc/specs935-v1/specs935-v1-FA-P015099-U2OS-48h-P12-L2/2021-12-23/874/specs935-v1-FA-P015099-U2OS-48h-P12-L2_F08_s6_w588C78CE8-ADCE-42E5-B655-ABCA0CBA2CE9.npy,protein synthesis inhibitor
P015099,F08,s7,CBK309601,/mnt/micro-images-pvc/specs935-v1/specs935-v1-FA-P015099-U2OS-48h-P12-L2/2021-12-23/874/specs935-v1-FA-P015099-U2OS-48h-P12-L2_F08_s7_w5EFEC09A6-6E1B-4D1E-B7AB-B77D2CDC9BE0.npy,protein synthesis inhibitor
P015099,F08,s8,CBK309601,/mnt/micro-images-pvc/specs935-v1/specs935-v1-FA-P015099-U2OS-48h-P12-L2/2021-12-23/874/specs935-v1-FA-P015099-U2OS-48h-P12-L2_F08_s8_w5CDDCBFA1-EF60-452B-BFFC-2082D76B91F0.npy,protein synthesis inhibitor
P015099,F08,s9,CBK309601,/mnt/micro-images-pvc/specs935-v1/specs935-v1-FA-P015099-U2OS-48h-P12-L2/2021-12-23/874/specs935-v1-FA-P015099-U2OS-48h-P12-L2_F08_s9_w5C899A8AE-7F9F-4D56-AD6B-2C779377A0CC.npy,protein synthesis inhibitor
P015099,F12,s1,CBK290251,/mnt/micro-images-pvc/specs935-v1/specs935-v1-FA-P015099-U2OS-48h-P12-L2/2021-12-23/874/specs935-v1-FA-P015099-U2OS-48h-P12-L2_F12_s1_w57EF69CC1-AEB5-434B-A284-A86A302247B0.npy,topoisomerase inhibitor
P015099,F12,s2,CBK290251,/mnt/micro-images-pvc/specs935-v1/specs935-v1-FA-P015099-U2OS-48h-P12-L2/2021-12-23/874/specs935-v1-FA-P015099-U2OS-48h-P12-L2_F12_s2_w5EEAD8C58-B502-4F54-A8BF-5188B9E6A259.npy,topoisomerase inhibitor
P015099,F12,s3,CBK290251,/mnt/micro-images-pvc/specs935-v1/specs935-v1-FA-P015099-U2OS-48h-P12-L2/2021-12-23/874/specs935-v1-FA-P015099-U2OS-48h-P12-L2_F12_s3_w55028E9D4-DE95-4FAD-B16D-59E73CC41252.npy,topoisomerase inhibitor
P015099,F12,s4,CBK290251,/mnt/micro-images-pvc/specs935-v1/specs935-v1-FA-P015099-U2OS-48h-P12-L2/2021-12-23/874/specs935-v1-FA-P015099-U2OS-48h-P12-L2_F12_s4_w5978E1360-FC4C-4A02-87DB-457D5737CB0B.npy,topoisomerase inhibitor
P015099,F12,s5,CBK290251,/mnt/micro-images-pvc/specs935-v1/specs935-v1-FA-P015099-U2OS-48h-P12-L2/2021-12-23/874/specs935-v1-FA-P015099-U2OS-48h-P12-L2_F12_s5_w50FDA6BD2-C4B3-4C46-A663-09F63B92DA25.npy,topoisomerase inhibitor
P015099,F12,s6,CBK290251,/mnt/micro-images-pvc/specs935-v1/specs935-v1-FA-P015099-U2OS-48h-P12-L2/2021-12-23/874/specs935-v1-FA-P015099-U2OS-48h-P12-L2_F12_s6_w56350752D-A0AB-434E-BA60-FDD8232D7376.npy,topoisomerase inhibitor
P015099,F12,s7,CBK290251,/mnt/micro-images-pvc/specs935-v1/specs935-v1-FA-P015099-U2OS-48h-P12-L2/2021-12-23/874/specs935-v1-FA-P015099-U2OS-48h-P12-L2_F12_s7_w50370156B-8C62-4770-9CA1-8D52674FCFE0.npy,topoisomerase inhibitor
P015099,F12,s8,CBK290251,/mnt/micro-images-pvc/specs935-v1/specs935-v1-FA-P015099-U2OS-48h-P12-L2/2021-12-23/874/specs935-v1-FA-P015099-U2OS-48h-P12-L2_F12_s8_w5DE881819-CA37-4004-A6BA-6452E149D738.npy,topoisomerase inhibitor
P015099,F12,s9,CBK290251,/mnt/micro-images-pvc/specs935-v1/specs935-v1-FA-P015099-U2OS-48h-P12-L2/2021-12-23/874/specs935-v1-FA-P015099-U2OS-48h-P12-L2_F12_s9_w51FDC41C3-326F-47D5-B7A8-C4411C345879.npy,topoisomerase inhibitor
P015099,F15,s1,CBK201032,/mnt/micro-images-pvc/specs935-v1/specs935-v1-FA-P015099-U2OS-48h-P12-L2/2021-12-23/874/specs935-v1-FA-P015099-U2OS-48h-P12-L2_F15_s1_w5F779D39E-8FE1-421E-9A55-CD914230577D.npy,tubulin polymerization inhibitor
P015099,F15,s2,CBK201032,/mnt/micro-images-pvc/specs935-v1/specs935-v1-FA-P015099-U2OS-48h-P12-L2/2021-12-23/874/specs935-v1-FA-P015099-U2OS-48h-P12-L2_F15_s2_w58F40FE71-C269-4E4B-9F43-780EFC22D0F2.npy,tubulin polymerization inhibitor
P015099,F15,s3,CBK201032,/mnt/micro-images-pvc/specs935-v1/specs935-v1-FA-P015099-U2OS-48h-P12-L2/2021-12-23/874/specs935-v1-FA-P015099-U2OS-48h-P12-L2_F15_s3_w533FCD706-45E6-499A-9CC9-6A3DF34D4172.npy,tubulin polymerization inhibitor
P015099,F15,s4,CBK201032,/mnt/micro-images-pvc/specs935-v1/specs935-v1-FA-P015099-U2OS-48h-P12-L2/2021-12-23/874/specs935-v1-FA-P015099-U2OS-48h-P12-L2_F15_s4_w571358130-89B8-4F71-84E8-CFE900F5834B.npy,tubulin polymerization inhibitor
P015099,F15,s5,CBK201032,/mnt/micro-images-pvc/specs935-v1/specs935-v1-FA-P015099-U2OS-48h-P12-L2/2021-12-23/874/specs935-v1-FA-P015099-U2OS-48h-P12-L2_F15_s5_w5EB9ACDB4-F103-440F-91A7-91FA51FDCC79.npy,tubulin polymerization inhibitor
P015099,F15,s6,CBK201032,/mnt/micro-images-pvc/specs935-v1/specs935-v1-FA-P015099-U2OS-48h-P12-L2/2021-12-23/874/specs935-v1-FA-P015099-U2OS-48h-P12-L2_F15_s6_w5CBF9B292-F0BC-488D-8259-AB14E991CDCF.npy,tubulin polymerization inhibitor
P015099,F15,s7,CBK201032,/mnt/micro-images-pvc/specs935-v1/specs935-v1-FA-P015099-U2OS-48h-P12-L2/2021-12-23/874/specs935-v1-FA-P015099-U2OS-48h-P12-L2_F15_s7_w51F4A21D1-17A8-4DA3-AA07-49BA93BBD1F4.npy,tubulin polymerization inhibitor
P015099,F15,s8,CBK201032,/mnt/micro-images-pvc/specs935-v1/specs935-v1-FA-P015099-U2OS-48h-P12-L2/2021-12-23/874/specs935-v1-FA-P015099-U2OS-48h-P12-L2_F15_s8_w52868D969-A867-46B0-A9F9-99D35902AF57.npy,tubulin polymerization inhibitor
P015099,F15,s9,CBK201032,/mnt/micro-images-pvc/specs935-v1/specs935-v1-FA-P015099-U2OS-48h-P12-L2/2021-12-23/874/specs935-v1-FA-P015099-U2OS-48h-P12-L2_F15_s9_w503A7C8FA-CC15-432F-8251-CD0CBDF8A30C.npy,tubulin polymerization inhibitor
P015099,F18,s1,CBK041678,/mnt/micro-images-pvc/specs935-v1/specs935-v1-FA-P015099-U2OS-48h-P12-L2/2021-12-23/874/specs935-v1-FA-P015099-U2OS-48h-P12-L2_F18_s1_w5C6E116A2-5D7B-4A71-A84C-0FC187A99679.npy,topoisomerase inhibitor
P015099,F18,s2,CBK041678,/mnt/micro-images-pvc/specs935-v1/specs935-v1-FA-P015099-U2OS-48h-P12-L2/2021-12-23/874/specs935-v1-FA-P015099-U2OS-48h-P12-L2_F18_s2_w5BA2DA5BE-E06B-46FB-9AC8-A89A519F7E2B.npy,topoisomerase inhibitor
P015099,F18,s3,CBK041678,/mnt/micro-images-pvc/specs935-v1/specs935-v1-FA-P015099-U2OS-48h-P12-L2/2021-12-23/874/specs935-v1-FA-P015099-U2OS-48h-P12-L2_F18_s3_w54F4446E5-8601-4963-A5D7-CCFA3E8837A7.npy,topoisomerase inhibitor
P015099,F18,s4,CBK041678,/mnt/micro-images-pvc/specs935-v1/specs935-v1-FA-P015099-U2OS-48h-P12-L2/2021-12-23/874/specs935-v1-FA-P015099-U2OS-48h-P12-L2_F18_s4_w5338D5D99-6D3F-4BB5-BC75-66C218178EA8.npy,topoisomerase inhibitor
P015099,F18,s5,CBK041678,/mnt/micro-images-pvc/specs935-v1/specs935-v1-FA-P015099-U2OS-48h-P12-L2/2021-12-23/874/specs935-v1-FA-P015099-U2OS-48h-P12-L2_F18_s5_w51D7D8C6E-07B3-4429-9D36-7972D3B48FE3.npy,topoisomerase inhibitor
P015099,F18,s6,CBK041678,/mnt/micro-images-pvc/specs935-v1/specs935-v1-FA-P015099-U2OS-48h-P12-L2/2021-12-23/874/specs935-v1-FA-P015099-U2OS-48h-P12-L2_F18_s6_w514CA0E64-AD19-4C6B-A849-E041073B10F2.npy,topoisomerase inhibitor
P015099,F18,s7,CBK041678,/mnt/micro-images-pvc/specs935-v1/specs935-v1-FA-P015099-U2OS-48h-P12-L2/2021-12-23/874/specs935-v1-FA-P015099-U2OS-48h-P12-L2_F18_s7_w525C7BE57-1946-42BF-9474-678F1EDA07B2.npy,topoisomerase inhibitor
P015099,F18,s8,CBK041678,/mnt/micro-images-pvc/specs935-v1/specs935-v1-FA-P015099-U2OS-48h-P12-L2/2021-12-23/874/specs935-v1-FA-P015099-U2OS-48h-P12-L2_F18_s8_w531EC438F-35BB-426B-82C9-04AEE1412C61.npy,topoisomerase inhibitor
P015099,F18,s9,CBK041678,/mnt/micro-images-pvc/specs935-v1/specs935-v1-FA-P015099-U2OS-48h-P12-L2/2021-12-23/874/specs935-v1-FA-P015099-U2OS-48h-P12-L2_F18_s9_w5365F8174-19C1-45DE-AE9C-84860C5E5367.npy,topoisomerase inhibitor
P015099,F23,s1,CBK041506,/mnt/micro-images-pvc/specs935-v1/specs935-v1-FA-P015099-U2OS-48h-P12-L2/2021-12-23/874/specs935-v1-FA-P015099-U2OS-48h-P12-L2_F23_s1_w58341EB75-C969-40A0-8660-49503F5F78DF.npy,topoisomerase inhibitor
P015099,F23,s2,CBK041506,/mnt/micro-images-pvc/specs935-v1/specs935-v1-FA-P015099-U2OS-48h-P12-L2/2021-12-23/874/specs935-v1-FA-P015099-U2OS-48h-P12-L2_F23_s2_w5B5EC4214-FCFC-4DBB-9659-D79228AC67A1.npy,topoisomerase inhibitor
P015099,F23,s3,CBK041506,/mnt/micro-images-pvc/specs935-v1/specs935-v1-FA-P015099-U2OS-48h-P12-L2/2021-12-23/874/specs935-v1-FA-P015099-U2OS-48h-P12-L2_F23_s3_w5E57F5C4F-80B2-4A5F-B7C2-D14C3EFA19DD.npy,topoisomerase inhibitor
P015099,F23,s4,CBK041506,/mnt/micro-images-pvc/specs935-v1/specs935-v1-FA-P015099-U2OS-48h-P12-L2/2021-12-23/874/specs935-v1-FA-P015099-U2OS-48h-P12-L2_F23_s4_w52AAA2D1B-6968-4823-BE02-3B03C39FB9EB.npy,topoisomerase inhibitor
P015099,F23,s5,CBK041506,/mnt/micro-images-pvc/specs935-v1/specs935-v1-FA-P015099-U2OS-48h-P12-L2/2021-12-23/874/specs935-v1-FA-P015099-U2OS-48h-P12-L2_F23_s5_w5799117FE-D5BF-434F-8479-76AF54D11DB2.npy,topoisomerase inhibitor
P015099,F23,s6,CBK041506,/mnt/micro-images-pvc/specs935-v1/specs935-v1-FA-P015099-U2OS-48h-P12-L2/2021-12-23/874/specs935-v1-FA-P015099-U2OS-48h-P12-L2_F23_s6_w51DF96C01-1539-4E28-B6C9-C4E87ECD8988.npy,topoisomerase inhibitor
P015099,F23,s7,CBK041506,/mnt/micro-images-pvc/specs935-v1/specs935-v1-FA-P015099-U2OS-48h-P12-L2/2021-12-23/874/specs935-v1-FA-P015099-U2OS-48h-P12-L2_F23_s7_w5704C4600-5AEA-40F9-90AE-9E84B66D1111.npy,topoisomerase inhibitor
P015099,F23,s8,CBK041506,/mnt/micro-images-pvc/specs935-v1/specs935-v1-FA-P015099-U2OS-48h-P12-L2/2021-12-23/874/specs935-v1-FA-P015099-U2OS-48h-P12-L2_F23_s8_w5B732B2BD-750F-4602-AA95-21B5D93EC7C2.npy,topoisomerase inhibitor
P015099,F23,s9,CBK041506,/mnt/micro-images-pvc/specs935-v1/specs935-v1-FA-P015099-U2OS-48h-P12-L2/2021-12-23/874/specs935-v1-FA-P015099-U2OS-48h-P12-L2_F23_s9_w5795CF82F-75B4-4FC2-BE2D-29818E03F2E1.npy,topoisomerase inhibitor
P015099,G03,s1,CBK271643,/mnt/micro-images-pvc/specs935-v1/specs935-v1-FA-P015099-U2OS-48h-P12-L2/2021-12-23/874/specs935-v1-FA-P015099-U2OS-48h-P12-L2_G03_s1_w50C494A73-389A-4D9C-9994-0959462AB452.npy,retinoid receptor agonist
P015099,G03,s2,CBK271643,/mnt/micro-images-pvc/specs935-v1/specs935-v1-FA-P015099-U2OS-48h-P12-L2/2021-12-23/874/specs935-v1-FA-P015099-U2OS-48h-P12-L2_G03_s2_w5CE4B89D1-FB8E-4377-B499-A0233274018A.npy,retinoid receptor agonist
P015099,G03,s3,CBK271643,/mnt/micro-images-pvc/specs935-v1/specs935-v1-FA-P015099-U2OS-48h-P12-L2/2021-12-23/874/specs935-v1-FA-P015099-U2OS-48h-P12-L2_G03_s3_w5B0BB00CD-DE7D-4E2C-BF80-A55CC47CBE29.npy,retinoid receptor agonist
P015099,G03,s4,CBK271643,/mnt/micro-images-pvc/specs935-v1/specs935-v1-FA-P015099-U2OS-48h-P12-L2/2021-12-23/874/specs935-v1-FA-P015099-U2OS-48h-P12-L2_G03_s4_w530F4F1E8-88FF-4B86-BF50-5EE877146288.npy,retinoid receptor agonist
P015099,G03,s5,CBK271643,/mnt/micro-images-pvc/specs935-v1/specs935-v1-FA-P015099-U2OS-48h-P12-L2/2021-12-23/874/specs935-v1-FA-P015099-U2OS-48h-P12-L2_G03_s5_w54A943FCE-77A9-46F4-A551-C2B8289B312E.npy,retinoid receptor agonist
P015099,G03,s6,CBK271643,/mnt/micro-images-pvc/specs935-v1/specs935-v1-FA-P015099-U2OS-48h-P12-L2/2021-12-23/874/specs935-v1-FA-P015099-U2OS-48h-P12-L2_G03_s6_w5E4107959-4121-45C7-9068-C96765AB0F37.npy,retinoid receptor agonist
P015099,G03,s7,CBK271643,/mnt/micro-images-pvc/specs935-v1/specs935-v1-FA-P015099-U2OS-48h-P12-L2/2021-12-23/874/specs935-v1-FA-P015099-U2OS-48h-P12-L2_G03_s7_w5DF90D5C2-FC05-46C9-9195-236F7D07B993.npy,retinoid receptor agonist
P015099,G03,s8,CBK271643,/mnt/micro-images-pvc/specs935-v1/specs935-v1-FA-P015099-U2OS-48h-P12-L2/2021-12-23/874/specs935-v1-FA-P015099-U2OS-48h-P12-L2_G03_s8_w57C9903CD-BD1C-4FCA-8BE0-6D21D345362B.npy,retinoid receptor agonist
P015099,G03,s9,CBK271643,/mnt/micro-images-pvc/specs935-v1/specs935-v1-FA-P015099-U2OS-48h-P12-L2/2021-12-23/874/specs935-v1-FA-P015099-U2OS-48h-P12-L2_G03_s9_w572B91BB7-4B7D-4225-BB30-CE19588EBAE4.npy,retinoid receptor agonist
P015099,G04,s1,CBK309016,/mnt/micro-images-pvc/specs935-v1/specs935-v1-FA-P015099-U2OS-48h-P12-L2/2021-12-23/874/specs935-v1-FA-P015099-U2OS-48h-P12-L2_G04_s1_w57FE2505D-18FA-47FA-AFEA-D74994B959AE.npy,tubulin polymerization inhibitor
P015099,G04,s2,CBK309016,/mnt/micro-images-pvc/specs935-v1/specs935-v1-FA-P015099-U2OS-48h-P12-L2/2021-12-23/874/specs935-v1-FA-P015099-U2OS-48h-P12-L2_G04_s2_w5642C33F3-71BC-43FA-85DF-6055AA52DD67.npy,tubulin polymerization inhibitor
P015099,G04,s3,CBK309016,/mnt/micro-images-pvc/specs935-v1/specs935-v1-FA-P015099-U2OS-48h-P12-L2/2021-12-23/874/specs935-v1-FA-P015099-U2OS-48h-P12-L2_G04_s3_w5F9A150AC-677B-4556-BC78-0C89888A8E9C.npy,tubulin polymerization inhibitor
P015099,G04,s4,CBK309016,/mnt/micro-images-pvc/specs935-v1/specs935-v1-FA-P015099-U2OS-48h-P12-L2/2021-12-23/874/specs935-v1-FA-P015099-U2OS-48h-P12-L2_G04_s4_w5A0416AE9-6D1E-4D99-9EBD-7019EB154AD0.npy,tubulin polymerization inhibitor
P015099,G04,s5,CBK309016,/mnt/micro-images-pvc/specs935-v1/specs935-v1-FA-P015099-U2OS-48h-P12-L2/2021-12-23/874/specs935-v1-FA-P015099-U2OS-48h-P12-L2_G04_s5_w59F067091-7A21-400C-82A7-468045F3964F.npy,tubulin polymerization inhibitor
P015099,G04,s6,CBK309016,/mnt/micro-images-pvc/specs935-v1/specs935-v1-FA-P015099-U2OS-48h-P12-L2/2021-12-23/874/specs935-v1-FA-P015099-U2OS-48h-P12-L2_G04_s6_w5DB938D0A-B416-4CD9-99DE-C8FDBFA92105.npy,tubulin polymerization inhibitor
P015099,G04,s7,CBK309016,/mnt/micro-images-pvc/specs935-v1/specs935-v1-FA-P015099-U2OS-48h-P12-L2/2021-12-23/874/specs935-v1-FA-P015099-U2OS-48h-P12-L2_G04_s7_w526198B97-8042-463F-877E-B6A4A7464E20.npy,tubulin polymerization inhibitor
P015099,G04,s8,CBK309016,/mnt/micro-images-pvc/specs935-v1/specs935-v1-FA-P015099-U2OS-48h-P12-L2/2021-12-23/874/specs935-v1-FA-P015099-U2OS-48h-P12-L2_G04_s8_w59F593341-1E7F-406A-BE73-0E7DBD5EA51B.npy,tubulin polymerization inhibitor
P015099,G04,s9,CBK309016,/mnt/micro-images-pvc/specs935-v1/specs935-v1-FA-P015099-U2OS-48h-P12-L2/2021-12-23/874/specs935-v1-FA-P015099-U2OS-48h-P12-L2_G04_s9_w5390825F5-8216-4181-B88D-D3B755427CDA.npy,tubulin polymerization inhibitor
P015099,G06,s1,CBK016139,/mnt/micro-images-pvc/specs935-v1/specs935-v1-FA-P015099-U2OS-48h-P12-L2/2021-12-23/874/specs935-v1-FA-P015099-U2OS-48h-P12-L2_G06_s1_w55AB2AE60-E7A1-42B0-B049-8CB42964B6B4.npy,tubulin polymerization inhibitor
P015099,G06,s2,CBK016139,/mnt/micro-images-pvc/specs935-v1/specs935-v1-FA-P015099-U2OS-48h-P12-L2/2021-12-23/874/specs935-v1-FA-P015099-U2OS-48h-P12-L2_G06_s2_w5F4282EDE-5BEA-4C51-8E74-3487A698A8D6.npy,tubulin polymerization inhibitor
P015099,G06,s3,CBK016139,/mnt/micro-images-pvc/specs935-v1/specs935-v1-FA-P015099-U2OS-48h-P12-L2/2021-12-23/874/specs935-v1-FA-P015099-U2OS-48h-P12-L2_G06_s3_w5E800EC24-1E38-4E82-B6CF-A2A0C5DAB7C2.npy,tubulin polymerization inhibitor
P015099,G06,s4,CBK016139,/mnt/micro-images-pvc/specs935-v1/specs935-v1-FA-P015099-U2OS-48h-P12-L2/2021-12-23/874/specs935-v1-FA-P015099-U2OS-48h-P12-L2_G06_s4_w57F76F75B-9432-43AA-9334-A7F1BDE283E8.npy,tubulin polymerization inhibitor
P015099,G06,s5,CBK016139,/mnt/micro-images-pvc/specs935-v1/specs935-v1-FA-P015099-U2OS-48h-P12-L2/2021-12-23/874/specs935-v1-FA-P015099-U2OS-48h-P12-L2_G06_s5_w55541B3B7-8BBE-4E1D-9098-C9253B0F77CC.npy,tubulin polymerization inhibitor
P015099,G06,s6,CBK016139,/mnt/micro-images-pvc/specs935-v1/specs935-v1-FA-P015099-U2OS-48h-P12-L2/2021-12-23/874/specs935-v1-FA-P015099-U2OS-48h-P12-L2_G06_s6_w59E0460B4-F027-4997-BFCB-1AA0FD114D7C.npy,tubulin polymerization inhibitor
P015099,G06,s7,CBK016139,/mnt/micro-images-pvc/specs935-v1/specs935-v1-FA-P015099-U2OS-48h-P12-L2/2021-12-23/874/specs935-v1-FA-P015099-U2OS-48h-P12-L2_G06_s7_w5C0E1332E-7D85-4961-9FD2-5BC6693E258C.npy,tubulin polymerization inhibitor
P015099,G06,s8,CBK016139,/mnt/micro-images-pvc/specs935-v1/specs935-v1-FA-P015099-U2OS-48h-P12-L2/2021-12-23/874/specs935-v1-FA-P015099-U2OS-48h-P12-L2_G06_s8_w56EDE5F19-FA4A-4910-BD90-741F57DA4C52.npy,tubulin polymerization inhibitor
P015099,G06,s9,CBK016139,/mnt/micro-images-pvc/specs935-v1/specs935-v1-FA-P015099-U2OS-48h-P12-L2/2021-12-23/874/specs935-v1-FA-P015099-U2OS-48h-P12-L2_G06_s9_w588CE5651-3443-46EC-AEBA-8043C960B80A.npy,tubulin polymerization inhibitor
P015099,G08,s1,CBK309538,/mnt/micro-images-pvc/specs935-v1/specs935-v1-FA-P015099-U2OS-48h-P12-L2/2021-12-23/874/specs935-v1-FA-P015099-U2OS-48h-P12-L2_G08_s1_w56CAD3D33-7824-4E63-AFDF-F424CB73074C.npy,protein synthesis inhibitor
P015099,G08,s2,CBK309538,/mnt/micro-images-pvc/specs935-v1/specs935-v1-FA-P015099-U2OS-48h-P12-L2/2021-12-23/874/specs935-v1-FA-P015099-U2OS-48h-P12-L2_G08_s2_w5A333C94D-772D-4D2E-925D-463E17EE16DF.npy,protein synthesis inhibitor
P015099,G08,s3,CBK309538,/mnt/micro-images-pvc/specs935-v1/specs935-v1-FA-P015099-U2OS-48h-P12-L2/2021-12-23/874/specs935-v1-FA-P015099-U2OS-48h-P12-L2_G08_s3_w5C64A50C6-AE12-4D60-98AB-9218F630EF3F.npy,protein synthesis inhibitor
P015099,G08,s4,CBK309538,/mnt/micro-images-pvc/specs935-v1/specs935-v1-FA-P015099-U2OS-48h-P12-L2/2021-12-23/874/specs935-v1-FA-P015099-U2OS-48h-P12-L2_G08_s4_w5034D227F-DE69-4F68-81A2-B126DBFA2DB8.npy,protein synthesis inhibitor
P015099,G08,s5,CBK309538,/mnt/micro-images-pvc/specs935-v1/specs935-v1-FA-P015099-U2OS-48h-P12-L2/2021-12-23/874/specs935-v1-FA-P015099-U2OS-48h-P12-L2_G08_s5_w55F6532EE-C0AF-4241-B773-0801398F0DF3.npy,protein synthesis inhibitor
P015099,G08,s6,CBK309538,/mnt/micro-images-pvc/specs935-v1/specs935-v1-FA-P015099-U2OS-48h-P12-L2/2021-12-23/874/specs935-v1-FA-P015099-U2OS-48h-P12-L2_G08_s6_w52CA67E1B-8842-44A2-BDB2-E0E4857FB7B7.npy,protein synthesis inhibitor
P015099,G08,s7,CBK309538,/mnt/micro-images-pvc/specs935-v1/specs935-v1-FA-P015099-U2OS-48h-P12-L2/2021-12-23/874/specs935-v1-FA-P015099-U2OS-48h-P12-L2_G08_s7_w53A1EEFE4-8747-4F01-97CA-A9DDF8003EFB.npy,protein synthesis inhibitor
P015099,G08,s8,CBK309538,/mnt/micro-images-pvc/specs935-v1/specs935-v1-FA-P015099-U2OS-48h-P12-L2/2021-12-23/874/specs935-v1-FA-P015099-U2OS-48h-P12-L2_G08_s8_w5424EDC46-E283-463E-9CB4-B53F6B224726.npy,protein synthesis inhibitor
P015099,G08,s9,CBK309538,/mnt/micro-images-pvc/specs935-v1/specs935-v1-FA-P015099-U2OS-48h-P12-L2/2021-12-23/874/specs935-v1-FA-P015099-U2OS-48h-P12-L2_G08_s9_w5A126BBC0-464B-4301-8A25-6C3BC01E3FA6.npy,protein synthesis inhibitor
P015099,G10,s1,CBK290683,/mnt/micro-images-pvc/specs935-v1/specs935-v1-FA-P015099-U2OS-48h-P12-L2/2021-12-23/874/specs935-v1-FA-P015099-U2OS-48h-P12-L2_G10_s1_w55A49B865-6674-43AE-9F80-8F90F462EAA5.npy,topoisomerase inhibitor
P015099,G10,s2,CBK290683,/mnt/micro-images-pvc/specs935-v1/specs935-v1-FA-P015099-U2OS-48h-P12-L2/2021-12-23/874/specs935-v1-FA-P015099-U2OS-48h-P12-L2_G10_s2_w5274F4FD9-6BAD-4A4A-90BA-6246433D9312.npy,topoisomerase inhibitor
P015099,G10,s3,CBK290683,/mnt/micro-images-pvc/specs935-v1/specs935-v1-FA-P015099-U2OS-48h-P12-L2/2021-12-23/874/specs935-v1-FA-P015099-U2OS-48h-P12-L2_G10_s3_w552A4350C-CF7F-465A-ADC1-7EBE0E46ED55.npy,topoisomerase inhibitor
P015099,G10,s4,CBK290683,/mnt/micro-images-pvc/specs935-v1/specs935-v1-FA-P015099-U2OS-48h-P12-L2/2021-12-23/874/specs935-v1-FA-P015099-U2OS-48h-P12-L2_G10_s4_w5191483A0-0C3B-4498-B8E6-AC6F3D3FC7FD.npy,topoisomerase inhibitor
P015099,G10,s5,CBK290683,/mnt/micro-images-pvc/specs935-v1/specs935-v1-FA-P015099-U2OS-48h-P12-L2/2021-12-23/874/specs935-v1-FA-P015099-U2OS-48h-P12-L2_G10_s5_w5A60DAAE1-49E7-4182-AD97-36B60F84C6DF.npy,topoisomerase inhibitor
P015099,G10,s6,CBK290683,/mnt/micro-images-pvc/specs935-v1/specs935-v1-FA-P015099-U2OS-48h-P12-L2/2021-12-23/874/specs935-v1-FA-P015099-U2OS-48h-P12-L2_G10_s6_w585C7E5C3-355A-4FCB-BD46-CC2D9BE44F7E.npy,topoisomerase inhibitor
P015099,G10,s7,CBK290683,/mnt/micro-images-pvc/specs935-v1/specs935-v1-FA-P015099-U2OS-48h-P12-L2/2021-12-23/874/specs935-v1-FA-P015099-U2OS-48h-P12-L2_G10_s7_w597975BFF-9579-4720-9583-DF90727152A3.npy,topoisomerase inhibitor
P015099,G10,s8,CBK290683,/mnt/micro-images-pvc/specs935-v1/specs935-v1-FA-P015099-U2OS-48h-P12-L2/2021-12-23/874/specs935-v1-FA-P015099-U2OS-48h-P12-L2_G10_s8_w52E35424B-B643-4EE9-92FB-44132DA46083.npy,topoisomerase inhibitor
P015099,G10,s9,CBK290683,/mnt/micro-images-pvc/specs935-v1/specs935-v1-FA-P015099-U2OS-48h-P12-L2/2021-12-23/874/specs935-v1-FA-P015099-U2OS-48h-P12-L2_G10_s9_w59DAC8843-C1F9-49FE-8082-3EC62E2DD14A.npy,topoisomerase inhibitor
P015099,G12,s1,CBK307798,/mnt/micro-images-pvc/specs935-v1/specs935-v1-FA-P015099-U2OS-48h-P12-L2/2021-12-23/874/specs935-v1-FA-P015099-U2OS-48h-P12-L2_G12_s1_w5AAC9644C-7DE0-4050-B361-150F6FB902CD.npy,topoisomerase inhibitor
P015099,G12,s2,CBK307798,/mnt/micro-images-pvc/specs935-v1/specs935-v1-FA-P015099-U2OS-48h-P12-L2/2021-12-23/874/specs935-v1-FA-P015099-U2OS-48h-P12-L2_G12_s2_w5134672D2-9141-4F62-B2C5-DE569619050A.npy,topoisomerase inhibitor
P015099,G12,s3,CBK307798,/mnt/micro-images-pvc/specs935-v1/specs935-v1-FA-P015099-U2OS-48h-P12-L2/2021-12-23/874/specs935-v1-FA-P015099-U2OS-48h-P12-L2_G12_s3_w5671B3F19-B707-49B1-B07B-D0CACFC42151.npy,topoisomerase inhibitor
P015099,G12,s4,CBK307798,/mnt/micro-images-pvc/specs935-v1/specs935-v1-FA-P015099-U2OS-48h-P12-L2/2021-12-23/874/specs935-v1-FA-P015099-U2OS-48h-P12-L2_G12_s4_w5496C2026-873F-4932-B3DE-C0CE7D129EE4.npy,topoisomerase inhibitor
P015099,G12,s5,CBK307798,/mnt/micro-images-pvc/specs935-v1/specs935-v1-FA-P015099-U2OS-48h-P12-L2/2021-12-23/874/specs935-v1-FA-P015099-U2OS-48h-P12-L2_G12_s5_w5EF62D38B-67FD-4FEF-BEDC-ED23B7028BA0.npy,topoisomerase inhibitor
P015099,G12,s6,CBK307798,/mnt/micro-images-pvc/specs935-v1/specs935-v1-FA-P015099-U2OS-48h-P12-L2/2021-12-23/874/specs935-v1-FA-P015099-U2OS-48h-P12-L2_G12_s6_w5425B743B-E95B-418E-BF64-D193584B0492.npy,topoisomerase inhibitor
P015099,G12,s7,CBK307798,/mnt/micro-images-pvc/specs935-v1/specs935-v1-FA-P015099-U2OS-48h-P12-L2/2021-12-23/874/specs935-v1-FA-P015099-U2OS-48h-P12-L2_G12_s7_w54F2A5A89-4898-49DE-871D-992DA9DB7A81.npy,topoisomerase inhibitor
P015099,G12,s8,CBK307798,/mnt/micro-images-pvc/specs935-v1/specs935-v1-FA-P015099-U2OS-48h-P12-L2/2021-12-23/874/specs935-v1-FA-P015099-U2OS-48h-P12-L2_G12_s8_w56F2F68E2-7FFC-4708-AF0E-EC6BC73EB28C.npy,topoisomerase inhibitor
P015099,G12,s9,CBK307798,/mnt/micro-images-pvc/specs935-v1/specs935-v1-FA-P015099-U2OS-48h-P12-L2/2021-12-23/874/specs935-v1-FA-P015099-U2OS-48h-P12-L2_G12_s9_w53E4080D9-0905-4259-A9AC-80EE22356C33.npy,topoisomerase inhibitor
P015099,G14,s1,CBK308090,/mnt/micro-images-pvc/specs935-v1/specs935-v1-FA-P015099-U2OS-48h-P12-L2/2021-12-23/874/specs935-v1-FA-P015099-U2OS-48h-P12-L2_G14_s1_w5ECDCC873-DB38-4EE3-A525-FA43D59973EF.npy,retinoid receptor agonist
P015099,G14,s2,CBK308090,/mnt/micro-images-pvc/specs935-v1/specs935-v1-FA-P015099-U2OS-48h-P12-L2/2021-12-23/874/specs935-v1-FA-P015099-U2OS-48h-P12-L2_G14_s2_w5AF3F9DB2-D795-4891-A7CD-737826FAD383.npy,retinoid receptor agonist
P015099,G14,s3,CBK308090,/mnt/micro-images-pvc/specs935-v1/specs935-v1-FA-P015099-U2OS-48h-P12-L2/2021-12-23/874/specs935-v1-FA-P015099-U2OS-48h-P12-L2_G14_s3_w5D8F78E7A-E53C-4847-97E3-0D0009C8B3F5.npy,retinoid receptor agonist
P015099,G14,s4,CBK308090,/mnt/micro-images-pvc/specs935-v1/specs935-v1-FA-P015099-U2OS-48h-P12-L2/2021-12-23/874/specs935-v1-FA-P015099-U2OS-48h-P12-L2_G14_s4_w518EA59FB-87DA-40D9-BBEE-F1F636470259.npy,retinoid receptor agonist
P015099,G14,s5,CBK308090,/mnt/micro-images-pvc/specs935-v1/specs935-v1-FA-P015099-U2OS-48h-P12-L2/2021-12-23/874/specs935-v1-FA-P015099-U2OS-48h-P12-L2_G14_s5_w533B329B7-1995-4FED-B1E3-AAD5BBA387BD.npy,retinoid receptor agonist
P015099,G14,s6,CBK308090,/mnt/micro-images-pvc/specs935-v1/specs935-v1-FA-P015099-U2OS-48h-P12-L2/2021-12-23/874/specs935-v1-FA-P015099-U2OS-48h-P12-L2_G14_s6_w5B139ACC3-172A-413F-85B1-543DC2601E90.npy,retinoid receptor agonist
P015099,G14,s7,CBK308090,/mnt/micro-images-pvc/specs935-v1/specs935-v1-FA-P015099-U2OS-48h-P12-L2/2021-12-23/874/specs935-v1-FA-P015099-U2OS-48h-P12-L2_G14_s7_w577E08C14-84BF-4C83-A195-98CF3F5B6B78.npy,retinoid receptor agonist
P015099,G14,s8,CBK308090,/mnt/micro-images-pvc/specs935-v1/specs935-v1-FA-P015099-U2OS-48h-P12-L2/2021-12-23/874/specs935-v1-FA-P015099-U2OS-48h-P12-L2_G14_s8_w541755821-7F77-44FA-87B2-76E6FD7B2748.npy,retinoid receptor agonist
P015099,G14,s9,CBK308090,/mnt/micro-images-pvc/specs935-v1/specs935-v1-FA-P015099-U2OS-48h-P12-L2/2021-12-23/874/specs935-v1-FA-P015099-U2OS-48h-P12-L2_G14_s9_w5E0073150-E17E-41AD-8F2D-CADD4A545488.npy,retinoid receptor agonist
P015099,G15,s1,CBK290012,/mnt/micro-images-pvc/specs935-v1/specs935-v1-FA-P015099-U2OS-48h-P12-L2/2021-12-23/874/specs935-v1-FA-P015099-U2OS-48h-P12-L2_G15_s1_w523C1077F-CD21-48B1-A296-FFE82688CE88.npy,retinoid receptor agonist
P015099,G15,s2,CBK290012,/mnt/micro-images-pvc/specs935-v1/specs935-v1-FA-P015099-U2OS-48h-P12-L2/2021-12-23/874/specs935-v1-FA-P015099-U2OS-48h-P12-L2_G15_s2_w5C5300C4D-15E3-44BA-9EC9-16B4C48FAA82.npy,retinoid receptor agonist
P015099,G15,s3,CBK290012,/mnt/micro-images-pvc/specs935-v1/specs935-v1-FA-P015099-U2OS-48h-P12-L2/2021-12-23/874/specs935-v1-FA-P015099-U2OS-48h-P12-L2_G15_s3_w5ABA3BC36-5556-4FC8-A238-287C638C6929.npy,retinoid receptor agonist
P015099,G15,s4,CBK290012,/mnt/micro-images-pvc/specs935-v1/specs935-v1-FA-P015099-U2OS-48h-P12-L2/2021-12-23/874/specs935-v1-FA-P015099-U2OS-48h-P12-L2_G15_s4_w568D3FEB6-0829-4791-8413-106C6DE29C29.npy,retinoid receptor agonist
P015099,G15,s5,CBK290012,/mnt/micro-images-pvc/specs935-v1/specs935-v1-FA-P015099-U2OS-48h-P12-L2/2021-12-23/874/specs935-v1-FA-P015099-U2OS-48h-P12-L2_G15_s5_w5D7EECB4B-3E25-4701-9217-7CCF2EF16FEF.npy,retinoid receptor agonist
P015099,G15,s6,CBK290012,/mnt/micro-images-pvc/specs935-v1/specs935-v1-FA-P015099-U2OS-48h-P12-L2/2021-12-23/874/specs935-v1-FA-P015099-U2OS-48h-P12-L2_G15_s6_w5E848F8B3-1B8C-4DB8-851F-95DE082070A1.npy,retinoid receptor agonist
P015099,G15,s7,CBK290012,/mnt/micro-images-pvc/specs935-v1/specs935-v1-FA-P015099-U2OS-48h-P12-L2/2021-12-23/874/specs935-v1-FA-P015099-U2OS-48h-P12-L2_G15_s7_w5F8947217-AE57-49FA-BE46-0D7E991FF030.npy,retinoid receptor agonist
P015099,G15,s8,CBK290012,/mnt/micro-images-pvc/specs935-v1/specs935-v1-FA-P015099-U2OS-48h-P12-L2/2021-12-23/874/specs935-v1-FA-P015099-U2OS-48h-P12-L2_G15_s8_w5A95CD313-DB01-44F5-95DB-A9E3ED8206AF.npy,retinoid receptor agonist
P015099,G15,s9,CBK290012,/mnt/micro-images-pvc/specs935-v1/specs935-v1-FA-P015099-U2OS-48h-P12-L2/2021-12-23/874/specs935-v1-FA-P015099-U2OS-48h-P12-L2_G15_s9_w555F62983-3AD0-465A-AEF1-8FCC59BE527A.npy,retinoid receptor agonist
P015099,G16,s1,CBK041770,/mnt/micro-images-pvc/specs935-v1/specs935-v1-FA-P015099-U2OS-48h-P12-L2/2021-12-23/874/specs935-v1-FA-P015099-U2OS-48h-P12-L2_G16_s1_w5EE947976-8CE4-450E-91F0-8652B30E582D.npy,topoisomerase inhibitor
P015099,G16,s2,CBK041770,/mnt/micro-images-pvc/specs935-v1/specs935-v1-FA-P015099-U2OS-48h-P12-L2/2021-12-23/874/specs935-v1-FA-P015099-U2OS-48h-P12-L2_G16_s2_w5A5CD5BB5-6B79-4788-8BC0-12612B8E7155.npy,topoisomerase inhibitor
P015099,G16,s3,CBK041770,/mnt/micro-images-pvc/specs935-v1/specs935-v1-FA-P015099-U2OS-48h-P12-L2/2021-12-23/874/specs935-v1-FA-P015099-U2OS-48h-P12-L2_G16_s3_w5882C6896-A5E4-440F-8E26-CE92341CBC4F.npy,topoisomerase inhibitor
P015099,G16,s4,CBK041770,/mnt/micro-images-pvc/specs935-v1/specs935-v1-FA-P015099-U2OS-48h-P12-L2/2021-12-23/874/specs935-v1-FA-P015099-U2OS-48h-P12-L2_G16_s4_w59C842AFC-55B6-4A0D-B511-6FD477274CFE.npy,topoisomerase inhibitor
P015099,G16,s5,CBK041770,/mnt/micro-images-pvc/specs935-v1/specs935-v1-FA-P015099-U2OS-48h-P12-L2/2021-12-23/874/specs935-v1-FA-P015099-U2OS-48h-P12-L2_G16_s5_w5A5947EF1-7BDA-485F-AE09-AC4DD4F160C5.npy,topoisomerase inhibitor
P015099,G16,s6,CBK041770,/mnt/micro-images-pvc/specs935-v1/specs935-v1-FA-P015099-U2OS-48h-P12-L2/2021-12-23/874/specs935-v1-FA-P015099-U2OS-48h-P12-L2_G16_s6_w5D6D82A4D-F766-40C4-A30E-994ECDB4462A.npy,topoisomerase inhibitor
P015099,G16,s7,CBK041770,/mnt/micro-images-pvc/specs935-v1/specs935-v1-FA-P015099-U2OS-48h-P12-L2/2021-12-23/874/specs935-v1-FA-P015099-U2OS-48h-P12-L2_G16_s7_w5DCA5D0CF-3AB7-4119-91B6-5E2538209E38.npy,topoisomerase inhibitor
P015099,G16,s8,CBK041770,/mnt/micro-images-pvc/specs935-v1/specs935-v1-FA-P015099-U2OS-48h-P12-L2/2021-12-23/874/specs935-v1-FA-P015099-U2OS-48h-P12-L2_G16_s8_w5EAF92BFB-A823-4A94-810F-82BB193867C4.npy,topoisomerase inhibitor
P015099,G16,s9,CBK041770,/mnt/micro-images-pvc/specs935-v1/specs935-v1-FA-P015099-U2OS-48h-P12-L2/2021-12-23/874/specs935-v1-FA-P015099-U2OS-48h-P12-L2_G16_s9_w5CCBEC85E-B4A7-41E3-A251-17021A1B32E0.npy,topoisomerase inhibitor
P015099,G19,s1,CBK309265,/mnt/micro-images-pvc/specs935-v1/specs935-v1-FA-P015099-U2OS-48h-P12-L2/2021-12-23/874/specs935-v1-FA-P015099-U2OS-48h-P12-L2_G19_s1_w54BDEF057-107B-40E3-B85A-478536155003.npy,topoisomerase inhibitor
P015099,G19,s2,CBK309265,/mnt/micro-images-pvc/specs935-v1/specs935-v1-FA-P015099-U2OS-48h-P12-L2/2021-12-23/874/specs935-v1-FA-P015099-U2OS-48h-P12-L2_G19_s2_w5CC6888A5-8FA4-4D52-8436-04FFA84BCB2B.npy,topoisomerase inhibitor
P015099,G19,s3,CBK309265,/mnt/micro-images-pvc/specs935-v1/specs935-v1-FA-P015099-U2OS-48h-P12-L2/2021-12-23/874/specs935-v1-FA-P015099-U2OS-48h-P12-L2_G19_s3_w51C149550-3645-48F2-BB77-72607036AD77.npy,topoisomerase inhibitor
P015099,G19,s4,CBK309265,/mnt/micro-images-pvc/specs935-v1/specs935-v1-FA-P015099-U2OS-48h-P12-L2/2021-12-23/874/specs935-v1-FA-P015099-U2OS-48h-P12-L2_G19_s4_w56F8A7043-5407-4278-B206-8AA0961182B8.npy,topoisomerase inhibitor
P015099,G19,s5,CBK309265,/mnt/micro-images-pvc/specs935-v1/specs935-v1-FA-P015099-U2OS-48h-P12-L2/2021-12-23/874/specs935-v1-FA-P015099-U2OS-48h-P12-L2_G19_s5_w5D09E9288-3EAF-4AE7-A6A3-54E2654DAA29.npy,topoisomerase inhibitor
P015099,G19,s6,CBK309265,/mnt/micro-images-pvc/specs935-v1/specs935-v1-FA-P015099-U2OS-48h-P12-L2/2021-12-23/874/specs935-v1-FA-P015099-U2OS-48h-P12-L2_G19_s6_w5FAA89A52-9745-4005-8B5C-15005FF95C88.npy,topoisomerase inhibitor
P015099,G19,s7,CBK309265,/mnt/micro-images-pvc/specs935-v1/specs935-v1-FA-P015099-U2OS-48h-P12-L2/2021-12-23/874/specs935-v1-FA-P015099-U2OS-48h-P12-L2_G19_s7_w5C13E926E-3563-4CA5-9830-F7AAFF9BB3DB.npy,topoisomerase inhibitor
P015099,G19,s8,CBK309265,/mnt/micro-images-pvc/specs935-v1/specs935-v1-FA-P015099-U2OS-48h-P12-L2/2021-12-23/874/specs935-v1-FA-P015099-U2OS-48h-P12-L2_G19_s8_w55E959AFB-24FD-41DD-B829-9C1FA2F7FB47.npy,topoisomerase inhibitor
P015099,G19,s9,CBK309265,/mnt/micro-images-pvc/specs935-v1/specs935-v1-FA-P015099-U2OS-48h-P12-L2/2021-12-23/874/specs935-v1-FA-P015099-U2OS-48h-P12-L2_G19_s9_w595138C48-DC67-4725-8DEC-E895F0D4400A.npy,topoisomerase inhibitor
P015099,G22,s1,CBK201030,/mnt/micro-images-pvc/specs935-v1/specs935-v1-FA-P015099-U2OS-48h-P12-L2/2021-12-23/874/specs935-v1-FA-P015099-U2OS-48h-P12-L2_G22_s1_w5B6B846E9-719F-4990-BCC7-3B8DB35432C8.npy,topoisomerase inhibitor
P015099,G22,s2,CBK201030,/mnt/micro-images-pvc/specs935-v1/specs935-v1-FA-P015099-U2OS-48h-P12-L2/2021-12-23/874/specs935-v1-FA-P015099-U2OS-48h-P12-L2_G22_s2_w5881496E8-FC5C-45BD-8C68-E4577676D25C.npy,topoisomerase inhibitor
P015099,G22,s3,CBK201030,/mnt/micro-images-pvc/specs935-v1/specs935-v1-FA-P015099-U2OS-48h-P12-L2/2021-12-23/874/specs935-v1-FA-P015099-U2OS-48h-P12-L2_G22_s3_w51389DD8C-9D04-4DC1-BBF0-6916D0281B5F.npy,topoisomerase inhibitor
P015099,G22,s4,CBK201030,/mnt/micro-images-pvc/specs935-v1/specs935-v1-FA-P015099-U2OS-48h-P12-L2/2021-12-23/874/specs935-v1-FA-P015099-U2OS-48h-P12-L2_G22_s4_w55F005937-F224-411F-98FE-68F5231725BB.npy,topoisomerase inhibitor
P015099,G22,s5,CBK201030,/mnt/micro-images-pvc/specs935-v1/specs935-v1-FA-P015099-U2OS-48h-P12-L2/2021-12-23/874/specs935-v1-FA-P015099-U2OS-48h-P12-L2_G22_s5_w51F8DA902-9407-471C-876C-77EFA3684A90.npy,topoisomerase inhibitor
P015099,G22,s6,CBK201030,/mnt/micro-images-pvc/specs935-v1/specs935-v1-FA-P015099-U2OS-48h-P12-L2/2021-12-23/874/specs935-v1-FA-P015099-U2OS-48h-P12-L2_G22_s6_w53ADC1D50-44BD-4026-A0A9-E0FEA177905F.npy,topoisomerase inhibitor
P015099,G22,s7,CBK201030,/mnt/micro-images-pvc/specs935-v1/specs935-v1-FA-P015099-U2OS-48h-P12-L2/2021-12-23/874/specs935-v1-FA-P015099-U2OS-48h-P12-L2_G22_s7_w5B0941DC0-7773-4A9F-8D79-523FCB381D32.npy,topoisomerase inhibitor
P015099,G22,s8,CBK201030,/mnt/micro-images-pvc/specs935-v1/specs935-v1-FA-P015099-U2OS-48h-P12-L2/2021-12-23/874/specs935-v1-FA-P015099-U2OS-48h-P12-L2_G22_s8_w5B2627166-7007-40D2-9885-0F89B00D82BF.npy,topoisomerase inhibitor
P015099,G22,s9,CBK201030,/mnt/micro-images-pvc/specs935-v1/specs935-v1-FA-P015099-U2OS-48h-P12-L2/2021-12-23/874/specs935-v1-FA-P015099-U2OS-48h-P12-L2_G22_s9_w5ACC8B625-EAA8-4F91-8733-080B7AEF7561.npy,topoisomerase inhibitor
P015099,G23,s1,CBK308819,/mnt/micro-images-pvc/specs935-v1/specs935-v1-FA-P015099-U2OS-48h-P12-L2/2021-12-23/874/specs935-v1-FA-P015099-U2OS-48h-P12-L2_G23_s1_w537DFFD34-8CAE-4D5E-A406-2E4FDFA79BB7.npy,topoisomerase inhibitor
P015099,G23,s2,CBK308819,/mnt/micro-images-pvc/specs935-v1/specs935-v1-FA-P015099-U2OS-48h-P12-L2/2021-12-23/874/specs935-v1-FA-P015099-U2OS-48h-P12-L2_G23_s2_w5ABB45E4E-C5E9-4349-8104-CA2848F0A250.npy,topoisomerase inhibitor
P015099,G23,s3,CBK308819,/mnt/micro-images-pvc/specs935-v1/specs935-v1-FA-P015099-U2OS-48h-P12-L2/2021-12-23/874/specs935-v1-FA-P015099-U2OS-48h-P12-L2_G23_s3_w59F6935E7-8352-4D6E-9CD1-0ADAA6126D16.npy,topoisomerase inhibitor
P015099,G23,s4,CBK308819,/mnt/micro-images-pvc/specs935-v1/specs935-v1-FA-P015099-U2OS-48h-P12-L2/2021-12-23/874/specs935-v1-FA-P015099-U2OS-48h-P12-L2_G23_s4_w519F80AA6-9757-4503-8921-4FFD93202D59.npy,topoisomerase inhibitor
P015099,G23,s5,CBK308819,/mnt/micro-images-pvc/specs935-v1/specs935-v1-FA-P015099-U2OS-48h-P12-L2/2021-12-23/874/specs935-v1-FA-P015099-U2OS-48h-P12-L2_G23_s5_w5DFBCE565-F1E0-4F6C-8445-B7E7B8690B9B.npy,topoisomerase inhibitor
P015099,G23,s6,CBK308819,/mnt/micro-images-pvc/specs935-v1/specs935-v1-FA-P015099-U2OS-48h-P12-L2/2021-12-23/874/specs935-v1-FA-P015099-U2OS-48h-P12-L2_G23_s6_w5876848C9-435B-4340-AB8E-67A0B79D9A69.npy,topoisomerase inhibitor
P015099,G23,s7,CBK308819,/mnt/micro-images-pvc/specs935-v1/specs935-v1-FA-P015099-U2OS-48h-P12-L2/2021-12-23/874/specs935-v1-FA-P015099-U2OS-48h-P12-L2_G23_s7_w5C67EED9F-2566-4B8F-9FDA-2200DCFAD4B6.npy,topoisomerase inhibitor
P015099,G23,s8,CBK308819,/mnt/micro-images-pvc/specs935-v1/specs935-v1-FA-P015099-U2OS-48h-P12-L2/2021-12-23/874/specs935-v1-FA-P015099-U2OS-48h-P12-L2_G23_s8_w58A9D8224-6776-43C4-83A0-59C47ADB9711.npy,topoisomerase inhibitor
P015099,G23,s9,CBK308819,/mnt/micro-images-pvc/specs935-v1/specs935-v1-FA-P015099-U2OS-48h-P12-L2/2021-12-23/874/specs935-v1-FA-P015099-U2OS-48h-P12-L2_G23_s9_w570B79467-CFC4-4B9F-BEFF-F782B0791CA0.npy,topoisomerase inhibitor
P015099,H06,s1,CBK041678,/mnt/micro-images-pvc/specs935-v1/specs935-v1-FA-P015099-U2OS-48h-P12-L2/2021-12-23/874/specs935-v1-FA-P015099-U2OS-48h-P12-L2_H06_s1_w5333BE4C0-62DB-4B7B-BDA6-64EE4EEEF43B.npy,topoisomerase inhibitor
P015099,H06,s2,CBK041678,/mnt/micro-images-pvc/specs935-v1/specs935-v1-FA-P015099-U2OS-48h-P12-L2/2021-12-23/874/specs935-v1-FA-P015099-U2OS-48h-P12-L2_H06_s2_w55D284149-B08A-4C06-8C14-6C1F841BB6C0.npy,topoisomerase inhibitor
P015099,H06,s3,CBK041678,/mnt/micro-images-pvc/specs935-v1/specs935-v1-FA-P015099-U2OS-48h-P12-L2/2021-12-23/874/specs935-v1-FA-P015099-U2OS-48h-P12-L2_H06_s3_w5C0CF3B91-59E3-481C-9FB4-E83D33B3B578.npy,topoisomerase inhibitor
P015099,H06,s4,CBK041678,/mnt/micro-images-pvc/specs935-v1/specs935-v1-FA-P015099-U2OS-48h-P12-L2/2021-12-23/874/specs935-v1-FA-P015099-U2OS-48h-P12-L2_H06_s4_w5E12C9F22-5BD9-4CDB-BEA4-F238C70AAB7D.npy,topoisomerase inhibitor
P015099,H06,s5,CBK041678,/mnt/micro-images-pvc/specs935-v1/specs935-v1-FA-P015099-U2OS-48h-P12-L2/2021-12-23/874/specs935-v1-FA-P015099-U2OS-48h-P12-L2_H06_s5_w59C177B8F-396A-420B-BD15-A8036B295DF0.npy,topoisomerase inhibitor
P015099,H06,s6,CBK041678,/mnt/micro-images-pvc/specs935-v1/specs935-v1-FA-P015099-U2OS-48h-P12-L2/2021-12-23/874/specs935-v1-FA-P015099-U2OS-48h-P12-L2_H06_s6_w5E8459570-2BD6-4E28-83E2-36EC78EEBD4B.npy,topoisomerase inhibitor
P015099,H06,s7,CBK041678,/mnt/micro-images-pvc/specs935-v1/specs935-v1-FA-P015099-U2OS-48h-P12-L2/2021-12-23/874/specs935-v1-FA-P015099-U2OS-48h-P12-L2_H06_s7_w502D68682-A109-42E8-B98F-11042AECC944.npy,topoisomerase inhibitor
P015099,H06,s8,CBK041678,/mnt/micro-images-pvc/specs935-v1/specs935-v1-FA-P015099-U2OS-48h-P12-L2/2021-12-23/874/specs935-v1-FA-P015099-U2OS-48h-P12-L2_H06_s8_w5DF261992-56A7-4EE8-82CA-D03BAFBD32C6.npy,topoisomerase inhibitor
P015099,H06,s9,CBK041678,/mnt/micro-images-pvc/specs935-v1/specs935-v1-FA-P015099-U2OS-48h-P12-L2/2021-12-23/874/specs935-v1-FA-P015099-U2OS-48h-P12-L2_H06_s9_w5FD3685AE-6FB0-4D22-8B68-1E5BF62762F6.npy,topoisomerase inhibitor
P015099,H07,s1,CBK308097,/mnt/micro-images-pvc/specs935-v1/specs935-v1-FA-P015099-U2OS-48h-P12-L2/2021-12-23/874/specs935-v1-FA-P015099-U2OS-48h-P12-L2_H07_s1_w5B44A9267-3BAF-4D29-9350-CD8A116641B5.npy,retinoid receptor agonist
P015099,H07,s2,CBK308097,/mnt/micro-images-pvc/specs935-v1/specs935-v1-FA-P015099-U2OS-48h-P12-L2/2021-12-23/874/specs935-v1-FA-P015099-U2OS-48h-P12-L2_H07_s2_w53104A755-74C0-4018-969D-5154A9E39E26.npy,retinoid receptor agonist
P015099,H07,s3,CBK308097,/mnt/micro-images-pvc/specs935-v1/specs935-v1-FA-P015099-U2OS-48h-P12-L2/2021-12-23/874/specs935-v1-FA-P015099-U2OS-48h-P12-L2_H07_s3_w5563D9505-7025-47FD-B0EC-301BB21295AA.npy,retinoid receptor agonist
P015099,H07,s4,CBK308097,/mnt/micro-images-pvc/specs935-v1/specs935-v1-FA-P015099-U2OS-48h-P12-L2/2021-12-23/874/specs935-v1-FA-P015099-U2OS-48h-P12-L2_H07_s4_w56EF5E6E0-1930-4181-B97A-43D657F03407.npy,retinoid receptor agonist
P015099,H07,s5,CBK308097,/mnt/micro-images-pvc/specs935-v1/specs935-v1-FA-P015099-U2OS-48h-P12-L2/2021-12-23/874/specs935-v1-FA-P015099-U2OS-48h-P12-L2_H07_s5_w53DB02B58-9EE3-4DB7-8DCC-8962F37A0DC8.npy,retinoid receptor agonist
P015099,H07,s6,CBK308097,/mnt/micro-images-pvc/specs935-v1/specs935-v1-FA-P015099-U2OS-48h-P12-L2/2021-12-23/874/specs935-v1-FA-P015099-U2OS-48h-P12-L2_H07_s6_w5B733D580-2068-4D76-94F1-41A72F7A0B75.npy,retinoid receptor agonist
P015099,H07,s7,CBK308097,/mnt/micro-images-pvc/specs935-v1/specs935-v1-FA-P015099-U2OS-48h-P12-L2/2021-12-23/874/specs935-v1-FA-P015099-U2OS-48h-P12-L2_H07_s7_w553514E2D-BA8B-4763-AFAF-9A583F139B27.npy,retinoid receptor agonist
P015099,H07,s8,CBK308097,/mnt/micro-images-pvc/specs935-v1/specs935-v1-FA-P015099-U2OS-48h-P12-L2/2021-12-23/874/specs935-v1-FA-P015099-U2OS-48h-P12-L2_H07_s8_w5C86C584A-0D76-4AA9-923B-3D565CBC6577.npy,retinoid receptor agonist
P015099,H07,s9,CBK308097,/mnt/micro-images-pvc/specs935-v1/specs935-v1-FA-P015099-U2OS-48h-P12-L2/2021-12-23/874/specs935-v1-FA-P015099-U2OS-48h-P12-L2_H07_s9_w54FCD7EA0-DECF-4AE9-9D18-44317C0D61E8.npy,retinoid receptor agonist
P015099,H08,s1,CBK309655,/mnt/micro-images-pvc/specs935-v1/specs935-v1-FA-P015099-U2OS-48h-P12-L2/2021-12-23/874/specs935-v1-FA-P015099-U2OS-48h-P12-L2_H08_s1_w5E8D8664E-F945-4E66-8E56-D1DD181D1893.npy,topoisomerase inhibitor
P015099,H08,s2,CBK309655,/mnt/micro-images-pvc/specs935-v1/specs935-v1-FA-P015099-U2OS-48h-P12-L2/2021-12-23/874/specs935-v1-FA-P015099-U2OS-48h-P12-L2_H08_s2_w5A4D88064-C660-4813-A184-24CD0BF3FCE6.npy,topoisomerase inhibitor
P015099,H08,s3,CBK309655,/mnt/micro-images-pvc/specs935-v1/specs935-v1-FA-P015099-U2OS-48h-P12-L2/2021-12-23/874/specs935-v1-FA-P015099-U2OS-48h-P12-L2_H08_s3_w54C821CF0-ECCB-4957-A586-4B8D47425C24.npy,topoisomerase inhibitor
P015099,H08,s4,CBK309655,/mnt/micro-images-pvc/specs935-v1/specs935-v1-FA-P015099-U2OS-48h-P12-L2/2021-12-23/874/specs935-v1-FA-P015099-U2OS-48h-P12-L2_H08_s4_w54DD15095-9BE6-4AE7-BF96-3832610B183D.npy,topoisomerase inhibitor
P015099,H08,s5,CBK309655,/mnt/micro-images-pvc/specs935-v1/specs935-v1-FA-P015099-U2OS-48h-P12-L2/2021-12-23/874/specs935-v1-FA-P015099-U2OS-48h-P12-L2_H08_s5_w5CB74D4A7-769C-49E2-825C-8FC19D4A52DB.npy,topoisomerase inhibitor
P015099,H08,s6,CBK309655,/mnt/micro-images-pvc/specs935-v1/specs935-v1-FA-P015099-U2OS-48h-P12-L2/2021-12-23/874/specs935-v1-FA-P015099-U2OS-48h-P12-L2_H08_s6_w51CEC84B1-7782-4B8B-A941-09974467B6C8.npy,topoisomerase inhibitor
P015099,H08,s7,CBK309655,/mnt/micro-images-pvc/specs935-v1/specs935-v1-FA-P015099-U2OS-48h-P12-L2/2021-12-23/874/specs935-v1-FA-P015099-U2OS-48h-P12-L2_H08_s7_w5B841AC9A-2483-4619-8F1E-300DAFA9752D.npy,topoisomerase inhibitor
P015099,H08,s8,CBK309655,/mnt/micro-images-pvc/specs935-v1/specs935-v1-FA-P015099-U2OS-48h-P12-L2/2021-12-23/874/specs935-v1-FA-P015099-U2OS-48h-P12-L2_H08_s8_w505E80BA7-C15E-443E-A0D4-DFEF98A3AFC9.npy,topoisomerase inhibitor
P015099,H08,s9,CBK309655,/mnt/micro-images-pvc/specs935-v1/specs935-v1-FA-P015099-U2OS-48h-P12-L2/2021-12-23/874/specs935-v1-FA-P015099-U2OS-48h-P12-L2_H08_s9_w5C3AC98EC-649B-41E5-B1D1-F3B5C2FC0F29.npy,topoisomerase inhibitor
P015099,H09,s1,CBK041003,/mnt/micro-images-pvc/specs935-v1/specs935-v1-FA-P015099-U2OS-48h-P12-L2/2021-12-23/874/specs935-v1-FA-P015099-U2OS-48h-P12-L2_H09_s1_w5D50230E7-ED63-456D-AC06-BA3C18B02719.npy,retinoid receptor agonist
P015099,H09,s2,CBK041003,/mnt/micro-images-pvc/specs935-v1/specs935-v1-FA-P015099-U2OS-48h-P12-L2/2021-12-23/874/specs935-v1-FA-P015099-U2OS-48h-P12-L2_H09_s2_w50F2F8524-A040-498F-9B88-7A8FBABFD264.npy,retinoid receptor agonist
P015099,H09,s3,CBK041003,/mnt/micro-images-pvc/specs935-v1/specs935-v1-FA-P015099-U2OS-48h-P12-L2/2021-12-23/874/specs935-v1-FA-P015099-U2OS-48h-P12-L2_H09_s3_w58B8B744B-087A-4C5A-84B0-E5BBB5D788FC.npy,retinoid receptor agonist
P015099,H09,s4,CBK041003,/mnt/micro-images-pvc/specs935-v1/specs935-v1-FA-P015099-U2OS-48h-P12-L2/2021-12-23/874/specs935-v1-FA-P015099-U2OS-48h-P12-L2_H09_s4_w5C09E1E85-7C41-4741-B325-53D8C91E9D20.npy,retinoid receptor agonist
P015099,H09,s5,CBK041003,/mnt/micro-images-pvc/specs935-v1/specs935-v1-FA-P015099-U2OS-48h-P12-L2/2021-12-23/874/specs935-v1-FA-P015099-U2OS-48h-P12-L2_H09_s5_w5BEEDE1BA-F29B-4821-8C60-36E1EA8A6B0D.npy,retinoid receptor agonist
P015099,H09,s6,CBK041003,/mnt/micro-images-pvc/specs935-v1/specs935-v1-FA-P015099-U2OS-48h-P12-L2/2021-12-23/874/specs935-v1-FA-P015099-U2OS-48h-P12-L2_H09_s6_w58AA3AF39-81AE-4F20-A483-BF372BC5CEB2.npy,retinoid receptor agonist
P015099,H09,s7,CBK041003,/mnt/micro-images-pvc/specs935-v1/specs935-v1-FA-P015099-U2OS-48h-P12-L2/2021-12-23/874/specs935-v1-FA-P015099-U2OS-48h-P12-L2_H09_s7_w54B0CC632-9197-4653-83C5-4EE9945EB8BB.npy,retinoid receptor agonist
P015099,H09,s8,CBK041003,/mnt/micro-images-pvc/specs935-v1/specs935-v1-FA-P015099-U2OS-48h-P12-L2/2021-12-23/874/specs935-v1-FA-P015099-U2OS-48h-P12-L2_H09_s8_w5907FC667-3AEC-4D22-BBF6-DC1593C3AAB4.npy,retinoid receptor agonist
P015099,H09,s9,CBK041003,/mnt/micro-images-pvc/specs935-v1/specs935-v1-FA-P015099-U2OS-48h-P12-L2/2021-12-23/874/specs935-v1-FA-P015099-U2OS-48h-P12-L2_H09_s9_w5F179BC32-FFA6-4640-B254-ABD2E24EDD7B.npy,retinoid receptor agonist
P015099,H11,s1,CBK290683,/mnt/micro-images-pvc/specs935-v1/specs935-v1-FA-P015099-U2OS-48h-P12-L2/2021-12-23/874/specs935-v1-FA-P015099-U2OS-48h-P12-L2_H11_s1_w583FEEB4A-4551-4541-8CD0-895E9670AAFC.npy,topoisomerase inhibitor
P015099,H11,s2,CBK290683,/mnt/micro-images-pvc/specs935-v1/specs935-v1-FA-P015099-U2OS-48h-P12-L2/2021-12-23/874/specs935-v1-FA-P015099-U2OS-48h-P12-L2_H11_s2_w55754EE79-99B4-49FD-8A98-319F19191F66.npy,topoisomerase inhibitor
P015099,H11,s3,CBK290683,/mnt/micro-images-pvc/specs935-v1/specs935-v1-FA-P015099-U2OS-48h-P12-L2/2021-12-23/874/specs935-v1-FA-P015099-U2OS-48h-P12-L2_H11_s3_w593C0E4E9-0660-4696-ACC0-1E51956BE5C0.npy,topoisomerase inhibitor
P015099,H11,s4,CBK290683,/mnt/micro-images-pvc/specs935-v1/specs935-v1-FA-P015099-U2OS-48h-P12-L2/2021-12-23/874/specs935-v1-FA-P015099-U2OS-48h-P12-L2_H11_s4_w5D62C525B-07C3-4E4A-AFC0-04076A04744B.npy,topoisomerase inhibitor
P015099,H11,s5,CBK290683,/mnt/micro-images-pvc/specs935-v1/specs935-v1-FA-P015099-U2OS-48h-P12-L2/2021-12-23/874/specs935-v1-FA-P015099-U2OS-48h-P12-L2_H11_s5_w502A65DE9-82FE-42B8-84EB-5E9676768FE5.npy,topoisomerase inhibitor
P015099,H11,s6,CBK290683,/mnt/micro-images-pvc/specs935-v1/specs935-v1-FA-P015099-U2OS-48h-P12-L2/2021-12-23/874/specs935-v1-FA-P015099-U2OS-48h-P12-L2_H11_s6_w5C19FAEE2-DF07-49BF-BEE1-2929D0319F48.npy,topoisomerase inhibitor
P015099,H11,s7,CBK290683,/mnt/micro-images-pvc/specs935-v1/specs935-v1-FA-P015099-U2OS-48h-P12-L2/2021-12-23/874/specs935-v1-FA-P015099-U2OS-48h-P12-L2_H11_s7_w5CDE30051-FDD8-43DA-BD0F-7F4D91696220.npy,topoisomerase inhibitor
P015099,H11,s8,CBK290683,/mnt/micro-images-pvc/specs935-v1/specs935-v1-FA-P015099-U2OS-48h-P12-L2/2021-12-23/874/specs935-v1-FA-P015099-U2OS-48h-P12-L2_H11_s8_w5533891FB-0733-473C-9486-2E2521E2B642.npy,topoisomerase inhibitor
P015099,H11,s9,CBK290683,/mnt/micro-images-pvc/specs935-v1/specs935-v1-FA-P015099-U2OS-48h-P12-L2/2021-12-23/874/specs935-v1-FA-P015099-U2OS-48h-P12-L2_H11_s9_w572B530F8-58BA-4117-ADA5-F05B4BAFC35F.npy,topoisomerase inhibitor
P015099,H12,s1,CBK309466,/mnt/micro-images-pvc/specs935-v1/specs935-v1-FA-P015099-U2OS-48h-P12-L2/2021-12-23/874/specs935-v1-FA-P015099-U2OS-48h-P12-L2_H12_s1_w521D5D81E-965E-4CAF-8966-3A3249699510.npy,retinoid receptor agonist
P015099,H12,s2,CBK309466,/mnt/micro-images-pvc/specs935-v1/specs935-v1-FA-P015099-U2OS-48h-P12-L2/2021-12-23/874/specs935-v1-FA-P015099-U2OS-48h-P12-L2_H12_s2_w5116AE5DB-6D4D-4A09-82D1-975CE7AF3122.npy,retinoid receptor agonist
P015099,H12,s3,CBK309466,/mnt/micro-images-pvc/specs935-v1/specs935-v1-FA-P015099-U2OS-48h-P12-L2/2021-12-23/874/specs935-v1-FA-P015099-U2OS-48h-P12-L2_H12_s3_w57D586DCB-81C3-4924-84BB-2B90BC4BFF4D.npy,retinoid receptor agonist
P015099,H12,s4,CBK309466,/mnt/micro-images-pvc/specs935-v1/specs935-v1-FA-P015099-U2OS-48h-P12-L2/2021-12-23/874/specs935-v1-FA-P015099-U2OS-48h-P12-L2_H12_s4_w5644964B4-6CAE-4917-9C97-6094361B6666.npy,retinoid receptor agonist
P015099,H12,s5,CBK309466,/mnt/micro-images-pvc/specs935-v1/specs935-v1-FA-P015099-U2OS-48h-P12-L2/2021-12-23/874/specs935-v1-FA-P015099-U2OS-48h-P12-L2_H12_s5_w5E758FF7B-E51E-410E-A1FC-AAEF8EEB8946.npy,retinoid receptor agonist
P015099,H12,s6,CBK309466,/mnt/micro-images-pvc/specs935-v1/specs935-v1-FA-P015099-U2OS-48h-P12-L2/2021-12-23/874/specs935-v1-FA-P015099-U2OS-48h-P12-L2_H12_s6_w5E0AECC7E-9E0B-4B34-88EC-83AD3C1C6F94.npy,retinoid receptor agonist
P015099,H12,s7,CBK309466,/mnt/micro-images-pvc/specs935-v1/specs935-v1-FA-P015099-U2OS-48h-P12-L2/2021-12-23/874/specs935-v1-FA-P015099-U2OS-48h-P12-L2_H12_s7_w5A921224B-D06C-49B9-9097-F3EF2B182FC6.npy,retinoid receptor agonist
P015099,H12,s8,CBK309466,/mnt/micro-images-pvc/specs935-v1/specs935-v1-FA-P015099-U2OS-48h-P12-L2/2021-12-23/874/specs935-v1-FA-P015099-U2OS-48h-P12-L2_H12_s8_w5AB0F8A67-3F44-4D9A-ABEA-1E157EE9DC42.npy,retinoid receptor agonist
P015099,H12,s9,CBK309466,/mnt/micro-images-pvc/specs935-v1/specs935-v1-FA-P015099-U2OS-48h-P12-L2/2021-12-23/874/specs935-v1-FA-P015099-U2OS-48h-P12-L2_H12_s9_w599857A1F-92BC-495D-8E14-304A94D67B87.npy,retinoid receptor agonist
P015099,H14,s1,CBK307798,/mnt/micro-images-pvc/specs935-v1/specs935-v1-FA-P015099-U2OS-48h-P12-L2/2021-12-23/874/specs935-v1-FA-P015099-U2OS-48h-P12-L2_H14_s1_w576701FF2-314A-4215-879D-E8C54EE5AED9.npy,topoisomerase inhibitor
P015099,H14,s2,CBK307798,/mnt/micro-images-pvc/specs935-v1/specs935-v1-FA-P015099-U2OS-48h-P12-L2/2021-12-23/874/specs935-v1-FA-P015099-U2OS-48h-P12-L2_H14_s2_w5C84AAC90-393C-4498-915E-676DED34550F.npy,topoisomerase inhibitor
P015099,H14,s3,CBK307798,/mnt/micro-images-pvc/specs935-v1/specs935-v1-FA-P015099-U2OS-48h-P12-L2/2021-12-23/874/specs935-v1-FA-P015099-U2OS-48h-P12-L2_H14_s3_w54BAB9278-D1E6-4B87-9569-5493647A7978.npy,topoisomerase inhibitor
P015099,H14,s4,CBK307798,/mnt/micro-images-pvc/specs935-v1/specs935-v1-FA-P015099-U2OS-48h-P12-L2/2021-12-23/874/specs935-v1-FA-P015099-U2OS-48h-P12-L2_H14_s4_w5A21870ED-7DA2-45F8-AEEB-44BD3DF1A186.npy,topoisomerase inhibitor
P015099,H14,s5,CBK307798,/mnt/micro-images-pvc/specs935-v1/specs935-v1-FA-P015099-U2OS-48h-P12-L2/2021-12-23/874/specs935-v1-FA-P015099-U2OS-48h-P12-L2_H14_s5_w537439378-E056-49DF-9F50-E982B31A91A5.npy,topoisomerase inhibitor
P015099,H14,s6,CBK307798,/mnt/micro-images-pvc/specs935-v1/specs935-v1-FA-P015099-U2OS-48h-P12-L2/2021-12-23/874/specs935-v1-FA-P015099-U2OS-48h-P12-L2_H14_s6_w5B7061FCD-DDBB-4490-BF22-F2F5C006A8EB.npy,topoisomerase inhibitor
P015099,H14,s7,CBK307798,/mnt/micro-images-pvc/specs935-v1/specs935-v1-FA-P015099-U2OS-48h-P12-L2/2021-12-23/874/specs935-v1-FA-P015099-U2OS-48h-P12-L2_H14_s7_w5ED5D46C3-1C2B-437A-8619-974FE2846A9F.npy,topoisomerase inhibitor
P015099,H14,s8,CBK307798,/mnt/micro-images-pvc/specs935-v1/specs935-v1-FA-P015099-U2OS-48h-P12-L2/2021-12-23/874/specs935-v1-FA-P015099-U2OS-48h-P12-L2_H14_s8_w597FCBAD8-296C-4B8A-AF78-D3F4F63C508A.npy,topoisomerase inhibitor
P015099,H14,s9,CBK307798,/mnt/micro-images-pvc/specs935-v1/specs935-v1-FA-P015099-U2OS-48h-P12-L2/2021-12-23/874/specs935-v1-FA-P015099-U2OS-48h-P12-L2_H14_s9_w5275BC4C0-54E3-4624-B57B-D294E011E1E7.npy,topoisomerase inhibitor
P015099,H15,s1,CBK309084,/mnt/micro-images-pvc/specs935-v1/specs935-v1-FA-P015099-U2OS-48h-P12-L2/2021-12-23/874/specs935-v1-FA-P015099-U2OS-48h-P12-L2_H15_s1_w56547D7C7-77CC-4064-A32B-E39A8795E5BD.npy,topoisomerase inhibitor
P015099,H15,s2,CBK309084,/mnt/micro-images-pvc/specs935-v1/specs935-v1-FA-P015099-U2OS-48h-P12-L2/2021-12-23/874/specs935-v1-FA-P015099-U2OS-48h-P12-L2_H15_s2_w58751E79C-0CCA-4F26-891A-E8028A5AD50B.npy,topoisomerase inhibitor
P015099,H15,s3,CBK309084,/mnt/micro-images-pvc/specs935-v1/specs935-v1-FA-P015099-U2OS-48h-P12-L2/2021-12-23/874/specs935-v1-FA-P015099-U2OS-48h-P12-L2_H15_s3_w5C1001792-D453-4DE6-BA98-8ED3D3B575E9.npy,topoisomerase inhibitor
P015099,H15,s4,CBK309084,/mnt/micro-images-pvc/specs935-v1/specs935-v1-FA-P015099-U2OS-48h-P12-L2/2021-12-23/874/specs935-v1-FA-P015099-U2OS-48h-P12-L2_H15_s4_w5EDBA2C7C-67C3-49F7-8198-FCC659B385E4.npy,topoisomerase inhibitor
P015099,H15,s5,CBK309084,/mnt/micro-images-pvc/specs935-v1/specs935-v1-FA-P015099-U2OS-48h-P12-L2/2021-12-23/874/specs935-v1-FA-P015099-U2OS-48h-P12-L2_H15_s5_w5944B4FC7-5633-46BD-835E-2CDD3D9BABCC.npy,topoisomerase inhibitor
P015099,H15,s6,CBK309084,/mnt/micro-images-pvc/specs935-v1/specs935-v1-FA-P015099-U2OS-48h-P12-L2/2021-12-23/874/specs935-v1-FA-P015099-U2OS-48h-P12-L2_H15_s6_w52FB341EC-F2DD-42D2-A752-53D4E51B9DCA.npy,topoisomerase inhibitor
P015099,H15,s7,CBK309084,/mnt/micro-images-pvc/specs935-v1/specs935-v1-FA-P015099-U2OS-48h-P12-L2/2021-12-23/874/specs935-v1-FA-P015099-U2OS-48h-P12-L2_H15_s7_w51B0337A2-90D8-4427-A27E-3CDFE0B101C0.npy,topoisomerase inhibitor
P015099,H15,s8,CBK309084,/mnt/micro-images-pvc/specs935-v1/specs935-v1-FA-P015099-U2OS-48h-P12-L2/2021-12-23/874/specs935-v1-FA-P015099-U2OS-48h-P12-L2_H15_s8_w5018F0AD5-D72A-48FF-9A9F-D01035B11B3D.npy,topoisomerase inhibitor
P015099,H15,s9,CBK309084,/mnt/micro-images-pvc/specs935-v1/specs935-v1-FA-P015099-U2OS-48h-P12-L2/2021-12-23/874/specs935-v1-FA-P015099-U2OS-48h-P12-L2_H15_s9_w581144189-E0EA-4FF5-AC23-A953F48D6276.npy,topoisomerase inhibitor
P015099,H18,s1,CBK308876,/mnt/micro-images-pvc/specs935-v1/specs935-v1-FA-P015099-U2OS-48h-P12-L2/2021-12-23/874/specs935-v1-FA-P015099-U2OS-48h-P12-L2_H18_s1_w57100B5FE-9480-4DFD-8583-73BF806012A0.npy,retinoid receptor agonist
P015099,H18,s2,CBK308876,/mnt/micro-images-pvc/specs935-v1/specs935-v1-FA-P015099-U2OS-48h-P12-L2/2021-12-23/874/specs935-v1-FA-P015099-U2OS-48h-P12-L2_H18_s2_w51679F5E7-56CB-4F78-87DF-4DBE24A626CD.npy,retinoid receptor agonist
P015099,H18,s3,CBK308876,/mnt/micro-images-pvc/specs935-v1/specs935-v1-FA-P015099-U2OS-48h-P12-L2/2021-12-23/874/specs935-v1-FA-P015099-U2OS-48h-P12-L2_H18_s3_w505215936-CB98-4201-B9BA-F90BFB091BD4.npy,retinoid receptor agonist
P015099,H18,s4,CBK308876,/mnt/micro-images-pvc/specs935-v1/specs935-v1-FA-P015099-U2OS-48h-P12-L2/2021-12-23/874/specs935-v1-FA-P015099-U2OS-48h-P12-L2_H18_s4_w5E0F590CD-66AB-4DD8-A09B-992553125D8B.npy,retinoid receptor agonist
P015099,H18,s5,CBK308876,/mnt/micro-images-pvc/specs935-v1/specs935-v1-FA-P015099-U2OS-48h-P12-L2/2021-12-23/874/specs935-v1-FA-P015099-U2OS-48h-P12-L2_H18_s5_w5F978D144-C90C-4FEE-897E-02BB8CF88B31.npy,retinoid receptor agonist
P015099,H18,s6,CBK308876,/mnt/micro-images-pvc/specs935-v1/specs935-v1-FA-P015099-U2OS-48h-P12-L2/2021-12-23/874/specs935-v1-FA-P015099-U2OS-48h-P12-L2_H18_s6_w51A62038F-E4C8-46AF-B9BC-060832AF175E.npy,retinoid receptor agonist
P015099,H18,s7,CBK308876,/mnt/micro-images-pvc/specs935-v1/specs935-v1-FA-P015099-U2OS-48h-P12-L2/2021-12-23/874/specs935-v1-FA-P015099-U2OS-48h-P12-L2_H18_s7_w5C50CE1C9-1168-45EA-9F08-A3F6FEEDA006.npy,retinoid receptor agonist
P015099,H18,s8,CBK308876,/mnt/micro-images-pvc/specs935-v1/specs935-v1-FA-P015099-U2OS-48h-P12-L2/2021-12-23/874/specs935-v1-FA-P015099-U2OS-48h-P12-L2_H18_s8_w59F475BA5-DA45-4F2B-9526-63E82139D4D9.npy,retinoid receptor agonist
P015099,H18,s9,CBK308876,/mnt/micro-images-pvc/specs935-v1/specs935-v1-FA-P015099-U2OS-48h-P12-L2/2021-12-23/874/specs935-v1-FA-P015099-U2OS-48h-P12-L2_H18_s9_w5FBCA5F9C-9164-4CD5-9CC5-915AD01E18DB.npy,retinoid receptor agonist
P015099,H20,s1,CBK271643,/mnt/micro-images-pvc/specs935-v1/specs935-v1-FA-P015099-U2OS-48h-P12-L2/2021-12-23/874/specs935-v1-FA-P015099-U2OS-48h-P12-L2_H20_s1_w576048FCE-D396-45E7-8C9F-6A018F0BC27A.npy,retinoid receptor agonist
P015099,H20,s2,CBK271643,/mnt/micro-images-pvc/specs935-v1/specs935-v1-FA-P015099-U2OS-48h-P12-L2/2021-12-23/874/specs935-v1-FA-P015099-U2OS-48h-P12-L2_H20_s2_w5EED2361D-1CF6-4E15-9697-F82BC780103C.npy,retinoid receptor agonist
P015099,H20,s3,CBK271643,/mnt/micro-images-pvc/specs935-v1/specs935-v1-FA-P015099-U2OS-48h-P12-L2/2021-12-23/874/specs935-v1-FA-P015099-U2OS-48h-P12-L2_H20_s3_w552553961-125E-4B27-9D95-778366795D75.npy,retinoid receptor agonist
P015099,H20,s4,CBK271643,/mnt/micro-images-pvc/specs935-v1/specs935-v1-FA-P015099-U2OS-48h-P12-L2/2021-12-23/874/specs935-v1-FA-P015099-U2OS-48h-P12-L2_H20_s4_w584489E4E-1F8C-45C5-8984-083454A176FC.npy,retinoid receptor agonist
P015099,H20,s5,CBK271643,/mnt/micro-images-pvc/specs935-v1/specs935-v1-FA-P015099-U2OS-48h-P12-L2/2021-12-23/874/specs935-v1-FA-P015099-U2OS-48h-P12-L2_H20_s5_w53ED42836-4338-414B-BDD5-20150C9F6DC8.npy,retinoid receptor agonist
P015099,H20,s6,CBK271643,/mnt/micro-images-pvc/specs935-v1/specs935-v1-FA-P015099-U2OS-48h-P12-L2/2021-12-23/874/specs935-v1-FA-P015099-U2OS-48h-P12-L2_H20_s6_w5FB339122-3686-47E4-A5DB-55BB0C24FD34.npy,retinoid receptor agonist
P015099,H20,s7,CBK271643,/mnt/micro-images-pvc/specs935-v1/specs935-v1-FA-P015099-U2OS-48h-P12-L2/2021-12-23/874/specs935-v1-FA-P015099-U2OS-48h-P12-L2_H20_s7_w50859C229-A5E2-4BBD-8B08-64729217DBD7.npy,retinoid receptor agonist
P015099,H20,s8,CBK271643,/mnt/micro-images-pvc/specs935-v1/specs935-v1-FA-P015099-U2OS-48h-P12-L2/2021-12-23/874/specs935-v1-FA-P015099-U2OS-48h-P12-L2_H20_s8_w54A1F0AEF-D341-4D88-A96F-61AC74C0B1EB.npy,retinoid receptor agonist
P015099,H20,s9,CBK271643,/mnt/micro-images-pvc/specs935-v1/specs935-v1-FA-P015099-U2OS-48h-P12-L2/2021-12-23/874/specs935-v1-FA-P015099-U2OS-48h-P12-L2_H20_s9_w50BF84248-4EAF-40BB-9A89-ED4B107A7E8E.npy,retinoid receptor agonist
P015099,H21,s1,CBK309040,/mnt/micro-images-pvc/specs935-v1/specs935-v1-FA-P015099-U2OS-48h-P12-L2/2021-12-23/874/specs935-v1-FA-P015099-U2OS-48h-P12-L2_H21_s1_w55E1E4C08-6318-4620-A43A-9E0CF4F2503A.npy,topoisomerase inhibitor
P015099,H21,s2,CBK309040,/mnt/micro-images-pvc/specs935-v1/specs935-v1-FA-P015099-U2OS-48h-P12-L2/2021-12-23/874/specs935-v1-FA-P015099-U2OS-48h-P12-L2_H21_s2_w539C9546C-F115-4834-AB91-99D5C6AF4514.npy,topoisomerase inhibitor
P015099,H21,s3,CBK309040,/mnt/micro-images-pvc/specs935-v1/specs935-v1-FA-P015099-U2OS-48h-P12-L2/2021-12-23/874/specs935-v1-FA-P015099-U2OS-48h-P12-L2_H21_s3_w5E8167EB7-AACE-4EA8-BACB-F264D4D03213.npy,topoisomerase inhibitor
P015099,H21,s4,CBK309040,/mnt/micro-images-pvc/specs935-v1/specs935-v1-FA-P015099-U2OS-48h-P12-L2/2021-12-23/874/specs935-v1-FA-P015099-U2OS-48h-P12-L2_H21_s4_w559ADF996-2566-4FC6-BB88-5C0A7452ED13.npy,topoisomerase inhibitor
P015099,H21,s5,CBK309040,/mnt/micro-images-pvc/specs935-v1/specs935-v1-FA-P015099-U2OS-48h-P12-L2/2021-12-23/874/specs935-v1-FA-P015099-U2OS-48h-P12-L2_H21_s5_w5C63FBD69-4162-46AE-A3FE-849D4993839E.npy,topoisomerase inhibitor
P015099,H21,s6,CBK309040,/mnt/micro-images-pvc/specs935-v1/specs935-v1-FA-P015099-U2OS-48h-P12-L2/2021-12-23/874/specs935-v1-FA-P015099-U2OS-48h-P12-L2_H21_s6_w59226FE06-1213-46E0-ACF8-26481AF294BF.npy,topoisomerase inhibitor
P015099,H21,s7,CBK309040,/mnt/micro-images-pvc/specs935-v1/specs935-v1-FA-P015099-U2OS-48h-P12-L2/2021-12-23/874/specs935-v1-FA-P015099-U2OS-48h-P12-L2_H21_s7_w5CC1DC214-82A6-4F45-916C-2D693B352A34.npy,topoisomerase inhibitor
P015099,H21,s8,CBK309040,/mnt/micro-images-pvc/specs935-v1/specs935-v1-FA-P015099-U2OS-48h-P12-L2/2021-12-23/874/specs935-v1-FA-P015099-U2OS-48h-P12-L2_H21_s8_w5E92875D4-D49D-4C63-9C38-A85EE916E0D1.npy,topoisomerase inhibitor
P015099,H21,s9,CBK309040,/mnt/micro-images-pvc/specs935-v1/specs935-v1-FA-P015099-U2OS-48h-P12-L2/2021-12-23/874/specs935-v1-FA-P015099-U2OS-48h-P12-L2_H21_s9_w571E824E1-0430-4AFE-BF5A-C9676DA68446.npy,topoisomerase inhibitor
P015099,H23,s1,CBK041585,/mnt/micro-images-pvc/specs935-v1/specs935-v1-FA-P015099-U2OS-48h-P12-L2/2021-12-23/874/specs935-v1-FA-P015099-U2OS-48h-P12-L2_H23_s1_w53C2126FE-4324-4860-95C4-BA71FD2C21CB.npy,topoisomerase inhibitor
P015099,H23,s2,CBK041585,/mnt/micro-images-pvc/specs935-v1/specs935-v1-FA-P015099-U2OS-48h-P12-L2/2021-12-23/874/specs935-v1-FA-P015099-U2OS-48h-P12-L2_H23_s2_w5451E86FE-9ACA-4173-BE8A-840FE22C7F50.npy,topoisomerase inhibitor
P015099,H23,s3,CBK041585,/mnt/micro-images-pvc/specs935-v1/specs935-v1-FA-P015099-U2OS-48h-P12-L2/2021-12-23/874/specs935-v1-FA-P015099-U2OS-48h-P12-L2_H23_s3_w55CE6302F-D477-479E-A9B5-591FBBDE502F.npy,topoisomerase inhibitor
P015099,H23,s4,CBK041585,/mnt/micro-images-pvc/specs935-v1/specs935-v1-FA-P015099-U2OS-48h-P12-L2/2021-12-23/874/specs935-v1-FA-P015099-U2OS-48h-P12-L2_H23_s4_w57FA86AD6-51E3-43FF-8E74-20C50CE11BB0.npy,topoisomerase inhibitor
P015099,H23,s5,CBK041585,/mnt/micro-images-pvc/specs935-v1/specs935-v1-FA-P015099-U2OS-48h-P12-L2/2021-12-23/874/specs935-v1-FA-P015099-U2OS-48h-P12-L2_H23_s5_w5CD114F6C-23A9-4177-ACC7-7908E1D221C3.npy,topoisomerase inhibitor
P015099,H23,s6,CBK041585,/mnt/micro-images-pvc/specs935-v1/specs935-v1-FA-P015099-U2OS-48h-P12-L2/2021-12-23/874/specs935-v1-FA-P015099-U2OS-48h-P12-L2_H23_s6_w542167A08-6774-4C4F-9030-8289E2DC0062.npy,topoisomerase inhibitor
P015099,H23,s7,CBK041585,/mnt/micro-images-pvc/specs935-v1/specs935-v1-FA-P015099-U2OS-48h-P12-L2/2021-12-23/874/specs935-v1-FA-P015099-U2OS-48h-P12-L2_H23_s7_w55C1F5F60-6A0F-4613-8B25-A6566DCA4616.npy,topoisomerase inhibitor
P015099,H23,s8,CBK041585,/mnt/micro-images-pvc/specs935-v1/specs935-v1-FA-P015099-U2OS-48h-P12-L2/2021-12-23/874/specs935-v1-FA-P015099-U2OS-48h-P12-L2_H23_s8_w57AC158C5-D063-4013-B050-B9ED43255FC7.npy,topoisomerase inhibitor
P015099,H23,s9,CBK041585,/mnt/micro-images-pvc/specs935-v1/specs935-v1-FA-P015099-U2OS-48h-P12-L2/2021-12-23/874/specs935-v1-FA-P015099-U2OS-48h-P12-L2_H23_s9_w568F51E7C-BE0C-487D-9041-E3D2D37F1DAA.npy,topoisomerase inhibitor
P015099,I03,s1,CBK309655,/mnt/micro-images-pvc/specs935-v1/specs935-v1-FA-P015099-U2OS-48h-P12-L2/2021-12-23/874/specs935-v1-FA-P015099-U2OS-48h-P12-L2_I03_s1_w5AFB1FA0B-E2DA-4E80-BD01-98ECDC8C89CA.npy,topoisomerase inhibitor
P015099,I03,s2,CBK309655,/mnt/micro-images-pvc/specs935-v1/specs935-v1-FA-P015099-U2OS-48h-P12-L2/2021-12-23/874/specs935-v1-FA-P015099-U2OS-48h-P12-L2_I03_s2_w55BFC8F5D-3664-4EB5-83E2-10669E795E49.npy,topoisomerase inhibitor
P015099,I03,s3,CBK309655,/mnt/micro-images-pvc/specs935-v1/specs935-v1-FA-P015099-U2OS-48h-P12-L2/2021-12-23/874/specs935-v1-FA-P015099-U2OS-48h-P12-L2_I03_s3_w5B222DECB-7C67-47F0-8E70-0F678803CEFA.npy,topoisomerase inhibitor
P015099,I03,s4,CBK309655,/mnt/micro-images-pvc/specs935-v1/specs935-v1-FA-P015099-U2OS-48h-P12-L2/2021-12-23/874/specs935-v1-FA-P015099-U2OS-48h-P12-L2_I03_s4_w5B1DC2DAE-B093-4EE4-8312-14D99B9F21BD.npy,topoisomerase inhibitor
P015099,I03,s5,CBK309655,/mnt/micro-images-pvc/specs935-v1/specs935-v1-FA-P015099-U2OS-48h-P12-L2/2021-12-23/874/specs935-v1-FA-P015099-U2OS-48h-P12-L2_I03_s5_w5ED46CB44-E634-4741-8397-A3318AE6E156.npy,topoisomerase inhibitor
P015099,I03,s6,CBK309655,/mnt/micro-images-pvc/specs935-v1/specs935-v1-FA-P015099-U2OS-48h-P12-L2/2021-12-23/874/specs935-v1-FA-P015099-U2OS-48h-P12-L2_I03_s6_w5E1A1FD01-2E42-492A-ADC4-AEC83B1DD012.npy,topoisomerase inhibitor
P015099,I03,s7,CBK309655,/mnt/micro-images-pvc/specs935-v1/specs935-v1-FA-P015099-U2OS-48h-P12-L2/2021-12-23/874/specs935-v1-FA-P015099-U2OS-48h-P12-L2_I03_s7_w5B8538AFD-15DA-4B2D-87EF-670DB4194B63.npy,topoisomerase inhibitor
P015099,I03,s8,CBK309655,/mnt/micro-images-pvc/specs935-v1/specs935-v1-FA-P015099-U2OS-48h-P12-L2/2021-12-23/874/specs935-v1-FA-P015099-U2OS-48h-P12-L2_I03_s8_w54A34F9BB-089D-40D0-A423-4F0BC06C6180.npy,topoisomerase inhibitor
P015099,I03,s9,CBK309655,/mnt/micro-images-pvc/specs935-v1/specs935-v1-FA-P015099-U2OS-48h-P12-L2/2021-12-23/874/specs935-v1-FA-P015099-U2OS-48h-P12-L2_I03_s9_w531E7825E-E308-4D0A-AA51-4C8C80262C25.npy,topoisomerase inhibitor
P015099,I07,s1,CBK041770,/mnt/micro-images-pvc/specs935-v1/specs935-v1-FA-P015099-U2OS-48h-P12-L2/2021-12-23/874/specs935-v1-FA-P015099-U2OS-48h-P12-L2_I07_s1_w54E1D7EC6-9CDD-40CB-9DCF-E5C8E8A81DC8.npy,topoisomerase inhibitor
P015099,I07,s2,CBK041770,/mnt/micro-images-pvc/specs935-v1/specs935-v1-FA-P015099-U2OS-48h-P12-L2/2021-12-23/874/specs935-v1-FA-P015099-U2OS-48h-P12-L2_I07_s2_w5FD61BF63-92FF-421F-A497-7A83D5F8599B.npy,topoisomerase inhibitor
P015099,I07,s3,CBK041770,/mnt/micro-images-pvc/specs935-v1/specs935-v1-FA-P015099-U2OS-48h-P12-L2/2021-12-23/874/specs935-v1-FA-P015099-U2OS-48h-P12-L2_I07_s3_w5DAA8C938-54E0-4BBC-AE23-38B6118E3121.npy,topoisomerase inhibitor
P015099,I07,s4,CBK041770,/mnt/micro-images-pvc/specs935-v1/specs935-v1-FA-P015099-U2OS-48h-P12-L2/2021-12-23/874/specs935-v1-FA-P015099-U2OS-48h-P12-L2_I07_s4_w5871DF40C-1C91-4C1E-AB64-259EA32D84F7.npy,topoisomerase inhibitor
P015099,I07,s5,CBK041770,/mnt/micro-images-pvc/specs935-v1/specs935-v1-FA-P015099-U2OS-48h-P12-L2/2021-12-23/874/specs935-v1-FA-P015099-U2OS-48h-P12-L2_I07_s5_w57BF77BA2-ACDF-413A-AAE5-19993B29E186.npy,topoisomerase inhibitor
P015099,I07,s6,CBK041770,/mnt/micro-images-pvc/specs935-v1/specs935-v1-FA-P015099-U2OS-48h-P12-L2/2021-12-23/874/specs935-v1-FA-P015099-U2OS-48h-P12-L2_I07_s6_w5FC0AED42-2686-47C1-BC61-C3B8E6910D87.npy,topoisomerase inhibitor
P015099,I07,s7,CBK041770,/mnt/micro-images-pvc/specs935-v1/specs935-v1-FA-P015099-U2OS-48h-P12-L2/2021-12-23/874/specs935-v1-FA-P015099-U2OS-48h-P12-L2_I07_s7_w54CF23672-97E3-41F3-9B98-6038EC20C942.npy,topoisomerase inhibitor
P015099,I07,s8,CBK041770,/mnt/micro-images-pvc/specs935-v1/specs935-v1-FA-P015099-U2OS-48h-P12-L2/2021-12-23/874/specs935-v1-FA-P015099-U2OS-48h-P12-L2_I07_s8_w5F17EBC3B-7FDB-4C63-B6A2-8DA90287C489.npy,topoisomerase inhibitor
P015099,I07,s9,CBK041770,/mnt/micro-images-pvc/specs935-v1/specs935-v1-FA-P015099-U2OS-48h-P12-L2/2021-12-23/874/specs935-v1-FA-P015099-U2OS-48h-P12-L2_I07_s9_w54680DA25-C050-4893-B0C4-0F564C8B3906.npy,topoisomerase inhibitor
P015099,I08,s1,CBK307964,/mnt/micro-images-pvc/specs935-v1/specs935-v1-FA-P015099-U2OS-48h-P12-L2/2021-12-23/874/specs935-v1-FA-P015099-U2OS-48h-P12-L2_I08_s1_w50586293D-F029-4D19-9F20-2CD36AFA590A.npy,tubulin polymerization inhibitor
P015099,I08,s2,CBK307964,/mnt/micro-images-pvc/specs935-v1/specs935-v1-FA-P015099-U2OS-48h-P12-L2/2021-12-23/874/specs935-v1-FA-P015099-U2OS-48h-P12-L2_I08_s2_w5EFDCB9E6-3A00-41D8-B290-F75ABF387AAA.npy,tubulin polymerization inhibitor
P015099,I08,s3,CBK307964,/mnt/micro-images-pvc/specs935-v1/specs935-v1-FA-P015099-U2OS-48h-P12-L2/2021-12-23/874/specs935-v1-FA-P015099-U2OS-48h-P12-L2_I08_s3_w5AD70B389-4F5C-4C57-B713-F8CA036B5CA5.npy,tubulin polymerization inhibitor
P015099,I08,s4,CBK307964,/mnt/micro-images-pvc/specs935-v1/specs935-v1-FA-P015099-U2OS-48h-P12-L2/2021-12-23/874/specs935-v1-FA-P015099-U2OS-48h-P12-L2_I08_s4_w5F150B288-D1CC-490D-8F0E-3E4AB3F909A5.npy,tubulin polymerization inhibitor
P015099,I08,s5,CBK307964,/mnt/micro-images-pvc/specs935-v1/specs935-v1-FA-P015099-U2OS-48h-P12-L2/2021-12-23/874/specs935-v1-FA-P015099-U2OS-48h-P12-L2_I08_s5_w5671DE516-4994-462B-A8A1-C50C9184CE4A.npy,tubulin polymerization inhibitor
P015099,I08,s6,CBK307964,/mnt/micro-images-pvc/specs935-v1/specs935-v1-FA-P015099-U2OS-48h-P12-L2/2021-12-23/874/specs935-v1-FA-P015099-U2OS-48h-P12-L2_I08_s6_w53A3E87C7-F2F0-4417-BE69-14C091AEC397.npy,tubulin polymerization inhibitor
P015099,I08,s7,CBK307964,/mnt/micro-images-pvc/specs935-v1/specs935-v1-FA-P015099-U2OS-48h-P12-L2/2021-12-23/874/specs935-v1-FA-P015099-U2OS-48h-P12-L2_I08_s7_w579FD59CE-258E-4817-853F-1EC8FC1A9C07.npy,tubulin polymerization inhibitor
P015099,I08,s8,CBK307964,/mnt/micro-images-pvc/specs935-v1/specs935-v1-FA-P015099-U2OS-48h-P12-L2/2021-12-23/874/specs935-v1-FA-P015099-U2OS-48h-P12-L2_I08_s8_w50FED0877-0E4E-4C41-97AC-4D98DBE73C8D.npy,tubulin polymerization inhibitor
P015099,I08,s9,CBK307964,/mnt/micro-images-pvc/specs935-v1/specs935-v1-FA-P015099-U2OS-48h-P12-L2/2021-12-23/874/specs935-v1-FA-P015099-U2OS-48h-P12-L2_I08_s9_w5999EB793-2DF8-47F6-88BA-877CCC8C76E6.npy,tubulin polymerization inhibitor
P015099,I09,s1,CBK277969,/mnt/micro-images-pvc/specs935-v1/specs935-v1-FA-P015099-U2OS-48h-P12-L2/2021-12-23/874/specs935-v1-FA-P015099-U2OS-48h-P12-L2_I09_s1_w52BA5BDB5-FA80-4404-A2F0-84166DD40ED8.npy,tubulin polymerization inhibitor
P015099,I09,s2,CBK277969,/mnt/micro-images-pvc/specs935-v1/specs935-v1-FA-P015099-U2OS-48h-P12-L2/2021-12-23/874/specs935-v1-FA-P015099-U2OS-48h-P12-L2_I09_s2_w5A9CB1F85-0AFA-41A3-9593-D430C1E40A3D.npy,tubulin polymerization inhibitor
P015099,I09,s3,CBK277969,/mnt/micro-images-pvc/specs935-v1/specs935-v1-FA-P015099-U2OS-48h-P12-L2/2021-12-23/874/specs935-v1-FA-P015099-U2OS-48h-P12-L2_I09_s3_w57A1BBF46-6A6A-4B93-A6FE-2F47DDE08C90.npy,tubulin polymerization inhibitor
P015099,I09,s4,CBK277969,/mnt/micro-images-pvc/specs935-v1/specs935-v1-FA-P015099-U2OS-48h-P12-L2/2021-12-23/874/specs935-v1-FA-P015099-U2OS-48h-P12-L2_I09_s4_w5182D8E81-74C4-47D3-86C9-DA08E5A01236.npy,tubulin polymerization inhibitor
P015099,I09,s5,CBK277969,/mnt/micro-images-pvc/specs935-v1/specs935-v1-FA-P015099-U2OS-48h-P12-L2/2021-12-23/874/specs935-v1-FA-P015099-U2OS-48h-P12-L2_I09_s5_w558CD5352-5FAA-4FCF-B5A9-82A0A1BCE933.npy,tubulin polymerization inhibitor
P015099,I09,s6,CBK277969,/mnt/micro-images-pvc/specs935-v1/specs935-v1-FA-P015099-U2OS-48h-P12-L2/2021-12-23/874/specs935-v1-FA-P015099-U2OS-48h-P12-L2_I09_s6_w5CA2A3284-3A1B-496F-AB5C-F01D386F6E8D.npy,tubulin polymerization inhibitor
P015099,I09,s7,CBK277969,/mnt/micro-images-pvc/specs935-v1/specs935-v1-FA-P015099-U2OS-48h-P12-L2/2021-12-23/874/specs935-v1-FA-P015099-U2OS-48h-P12-L2_I09_s7_w52D0E6C97-65B4-4BF6-A1F2-12512701ABBA.npy,tubulin polymerization inhibitor
P015099,I09,s8,CBK277969,/mnt/micro-images-pvc/specs935-v1/specs935-v1-FA-P015099-U2OS-48h-P12-L2/2021-12-23/874/specs935-v1-FA-P015099-U2OS-48h-P12-L2_I09_s8_w57ADDA691-11E0-4A25-A31B-E023AC1C1F23.npy,tubulin polymerization inhibitor
P015099,I09,s9,CBK277969,/mnt/micro-images-pvc/specs935-v1/specs935-v1-FA-P015099-U2OS-48h-P12-L2/2021-12-23/874/specs935-v1-FA-P015099-U2OS-48h-P12-L2_I09_s9_w5B9A27712-8856-41A5-8CE0-A1AC4385242B.npy,tubulin polymerization inhibitor
P015099,I12,s1,CBK041003,/mnt/micro-images-pvc/specs935-v1/specs935-v1-FA-P015099-U2OS-48h-P12-L2/2021-12-23/874/specs935-v1-FA-P015099-U2OS-48h-P12-L2_I12_s1_w55CABBFCC-0547-4F54-AFF4-8B118C843A9E.npy,retinoid receptor agonist
P015099,I12,s2,CBK041003,/mnt/micro-images-pvc/specs935-v1/specs935-v1-FA-P015099-U2OS-48h-P12-L2/2021-12-23/874/specs935-v1-FA-P015099-U2OS-48h-P12-L2_I12_s2_w52AE89A70-B281-41C7-B455-1C803D5F553C.npy,retinoid receptor agonist
P015099,I12,s3,CBK041003,/mnt/micro-images-pvc/specs935-v1/specs935-v1-FA-P015099-U2OS-48h-P12-L2/2021-12-23/874/specs935-v1-FA-P015099-U2OS-48h-P12-L2_I12_s3_w5BF32FC74-898B-44C5-95D5-F80072BFC26C.npy,retinoid receptor agonist
P015099,I12,s4,CBK041003,/mnt/micro-images-pvc/specs935-v1/specs935-v1-FA-P015099-U2OS-48h-P12-L2/2021-12-23/874/specs935-v1-FA-P015099-U2OS-48h-P12-L2_I12_s4_w5C6B35C56-9E67-4F36-AB3C-B04450929D22.npy,retinoid receptor agonist
P015099,I12,s5,CBK041003,/mnt/micro-images-pvc/specs935-v1/specs935-v1-FA-P015099-U2OS-48h-P12-L2/2021-12-23/874/specs935-v1-FA-P015099-U2OS-48h-P12-L2_I12_s5_w5661D5DCF-97A6-43C7-AE9B-17B1005ED587.npy,retinoid receptor agonist
P015099,I12,s6,CBK041003,/mnt/micro-images-pvc/specs935-v1/specs935-v1-FA-P015099-U2OS-48h-P12-L2/2021-12-23/874/specs935-v1-FA-P015099-U2OS-48h-P12-L2_I12_s6_w5CC4DAED5-DD09-4468-A5B6-A80F4E9037C9.npy,retinoid receptor agonist
P015099,I12,s7,CBK041003,/mnt/micro-images-pvc/specs935-v1/specs935-v1-FA-P015099-U2OS-48h-P12-L2/2021-12-23/874/specs935-v1-FA-P015099-U2OS-48h-P12-L2_I12_s7_w5F0BB5DD6-D8FF-4751-A0EF-9B1D16992707.npy,retinoid receptor agonist
P015099,I12,s8,CBK041003,/mnt/micro-images-pvc/specs935-v1/specs935-v1-FA-P015099-U2OS-48h-P12-L2/2021-12-23/874/specs935-v1-FA-P015099-U2OS-48h-P12-L2_I12_s8_w5ABC4268E-EB10-4216-B249-99393A0E977A.npy,retinoid receptor agonist
P015099,I12,s9,CBK041003,/mnt/micro-images-pvc/specs935-v1/specs935-v1-FA-P015099-U2OS-48h-P12-L2/2021-12-23/874/specs935-v1-FA-P015099-U2OS-48h-P12-L2_I12_s9_w5E2410CAA-6019-4B85-9F4B-ED8558C312BF.npy,retinoid receptor agonist
P015099,I14,s1,CBK289760,/mnt/micro-images-pvc/specs935-v1/specs935-v1-FA-P015099-U2OS-48h-P12-L2/2021-12-23/874/specs935-v1-FA-P015099-U2OS-48h-P12-L2_I14_s1_w5A6B5BB1B-5C94-46A2-8943-E3224C4BAEDC.npy,topoisomerase inhibitor
P015099,I14,s2,CBK289760,/mnt/micro-images-pvc/specs935-v1/specs935-v1-FA-P015099-U2OS-48h-P12-L2/2021-12-23/874/specs935-v1-FA-P015099-U2OS-48h-P12-L2_I14_s2_w50ABEEF02-A9CD-49D3-AFDE-CB159B08F8F9.npy,topoisomerase inhibitor
P015099,I14,s3,CBK289760,/mnt/micro-images-pvc/specs935-v1/specs935-v1-FA-P015099-U2OS-48h-P12-L2/2021-12-23/874/specs935-v1-FA-P015099-U2OS-48h-P12-L2_I14_s3_w5619D3793-7F3F-4C44-B7C9-A8D0BB3346E6.npy,topoisomerase inhibitor
P015099,I14,s4,CBK289760,/mnt/micro-images-pvc/specs935-v1/specs935-v1-FA-P015099-U2OS-48h-P12-L2/2021-12-23/874/specs935-v1-FA-P015099-U2OS-48h-P12-L2_I14_s4_w529086E0C-4F68-49B5-927C-90E541B7463A.npy,topoisomerase inhibitor
P015099,I14,s5,CBK289760,/mnt/micro-images-pvc/specs935-v1/specs935-v1-FA-P015099-U2OS-48h-P12-L2/2021-12-23/874/specs935-v1-FA-P015099-U2OS-48h-P12-L2_I14_s5_w52DA07E0C-2A25-4379-8455-394CC6790724.npy,topoisomerase inhibitor
P015099,I14,s6,CBK289760,/mnt/micro-images-pvc/specs935-v1/specs935-v1-FA-P015099-U2OS-48h-P12-L2/2021-12-23/874/specs935-v1-FA-P015099-U2OS-48h-P12-L2_I14_s6_w55987A0F1-018C-4181-BB0D-1C5777684043.npy,topoisomerase inhibitor
P015099,I14,s7,CBK289760,/mnt/micro-images-pvc/specs935-v1/specs935-v1-FA-P015099-U2OS-48h-P12-L2/2021-12-23/874/specs935-v1-FA-P015099-U2OS-48h-P12-L2_I14_s7_w5F89F9C97-6937-48F7-BFA5-C997C7E5C95A.npy,topoisomerase inhibitor
P015099,I14,s8,CBK289760,/mnt/micro-images-pvc/specs935-v1/specs935-v1-FA-P015099-U2OS-48h-P12-L2/2021-12-23/874/specs935-v1-FA-P015099-U2OS-48h-P12-L2_I14_s8_w50C4F41A7-9013-4406-95F5-72D484F6D3B1.npy,topoisomerase inhibitor
P015099,I14,s9,CBK289760,/mnt/micro-images-pvc/specs935-v1/specs935-v1-FA-P015099-U2OS-48h-P12-L2/2021-12-23/874/specs935-v1-FA-P015099-U2OS-48h-P12-L2_I14_s9_w5ED5AF91A-B7CF-475C-956D-81BA11D40321.npy,topoisomerase inhibitor
P015099,I16,s1,CBK308876,/mnt/micro-images-pvc/specs935-v1/specs935-v1-FA-P015099-U2OS-48h-P12-L2/2021-12-23/874/specs935-v1-FA-P015099-U2OS-48h-P12-L2_I16_s1_w56275B3DB-45A6-4C7B-BB1E-7EDDDE589C76.npy,retinoid receptor agonist
P015099,I16,s2,CBK308876,/mnt/micro-images-pvc/specs935-v1/specs935-v1-FA-P015099-U2OS-48h-P12-L2/2021-12-23/874/specs935-v1-FA-P015099-U2OS-48h-P12-L2_I16_s2_w5FB892093-7482-4913-9F6A-80AB4194F123.npy,retinoid receptor agonist
P015099,I16,s3,CBK308876,/mnt/micro-images-pvc/specs935-v1/specs935-v1-FA-P015099-U2OS-48h-P12-L2/2021-12-23/874/specs935-v1-FA-P015099-U2OS-48h-P12-L2_I16_s3_w5E5CD2977-070E-4FF6-A50D-E424D9498F4C.npy,retinoid receptor agonist
P015099,I16,s4,CBK308876,/mnt/micro-images-pvc/specs935-v1/specs935-v1-FA-P015099-U2OS-48h-P12-L2/2021-12-23/874/specs935-v1-FA-P015099-U2OS-48h-P12-L2_I16_s4_w5A38CF307-F00C-422D-AE09-9F5EB756504C.npy,retinoid receptor agonist
P015099,I16,s5,CBK308876,/mnt/micro-images-pvc/specs935-v1/specs935-v1-FA-P015099-U2OS-48h-P12-L2/2021-12-23/874/specs935-v1-FA-P015099-U2OS-48h-P12-L2_I16_s5_w5463CE5E6-B839-4FAA-AED4-BBC495C40279.npy,retinoid receptor agonist
P015099,I16,s6,CBK308876,/mnt/micro-images-pvc/specs935-v1/specs935-v1-FA-P015099-U2OS-48h-P12-L2/2021-12-23/874/specs935-v1-FA-P015099-U2OS-48h-P12-L2_I16_s6_w5BCA295AF-2A04-4D29-B6C4-39E16818CA64.npy,retinoid receptor agonist
P015099,I16,s7,CBK308876,/mnt/micro-images-pvc/specs935-v1/specs935-v1-FA-P015099-U2OS-48h-P12-L2/2021-12-23/874/specs935-v1-FA-P015099-U2OS-48h-P12-L2_I16_s7_w56BE0BE7A-B1FA-4067-B482-7C920E5BA29D.npy,retinoid receptor agonist
P015099,I16,s8,CBK308876,/mnt/micro-images-pvc/specs935-v1/specs935-v1-FA-P015099-U2OS-48h-P12-L2/2021-12-23/874/specs935-v1-FA-P015099-U2OS-48h-P12-L2_I16_s8_w5013C5667-9E13-4E07-827C-982FC0013679.npy,retinoid receptor agonist
P015099,I16,s9,CBK308876,/mnt/micro-images-pvc/specs935-v1/specs935-v1-FA-P015099-U2OS-48h-P12-L2/2021-12-23/874/specs935-v1-FA-P015099-U2OS-48h-P12-L2_I16_s9_w5E00500D7-279D-4825-BA5C-8FE6AE2246D1.npy,retinoid receptor agonist
P015099,I21,s1,CBK277937,/mnt/micro-images-pvc/specs935-v1/specs935-v1-FA-P015099-U2OS-48h-P12-L2/2021-12-23/874/specs935-v1-FA-P015099-U2OS-48h-P12-L2_I21_s1_w52E383B0B-58BD-422D-8D8B-638E0CAEF63D.npy,tubulin polymerization inhibitor
P015099,I21,s2,CBK277937,/mnt/micro-images-pvc/specs935-v1/specs935-v1-FA-P015099-U2OS-48h-P12-L2/2021-12-23/874/specs935-v1-FA-P015099-U2OS-48h-P12-L2_I21_s2_w54B594379-6884-43D2-A981-39B59C631BE9.npy,tubulin polymerization inhibitor
P015099,I21,s3,CBK277937,/mnt/micro-images-pvc/specs935-v1/specs935-v1-FA-P015099-U2OS-48h-P12-L2/2021-12-23/874/specs935-v1-FA-P015099-U2OS-48h-P12-L2_I21_s3_w59B025747-B822-435A-9B67-1850190C92E3.npy,tubulin polymerization inhibitor
P015099,I21,s4,CBK277937,/mnt/micro-images-pvc/specs935-v1/specs935-v1-FA-P015099-U2OS-48h-P12-L2/2021-12-23/874/specs935-v1-FA-P015099-U2OS-48h-P12-L2_I21_s4_w57627903F-B487-4B19-BD32-1CAF82BE2700.npy,tubulin polymerization inhibitor
P015099,I21,s5,CBK277937,/mnt/micro-images-pvc/specs935-v1/specs935-v1-FA-P015099-U2OS-48h-P12-L2/2021-12-23/874/specs935-v1-FA-P015099-U2OS-48h-P12-L2_I21_s5_w50A4C2158-7BC3-47B7-AC95-C92DBE02CAA8.npy,tubulin polymerization inhibitor
P015099,I21,s6,CBK277937,/mnt/micro-images-pvc/specs935-v1/specs935-v1-FA-P015099-U2OS-48h-P12-L2/2021-12-23/874/specs935-v1-FA-P015099-U2OS-48h-P12-L2_I21_s6_w5008F46A6-15EF-4430-80A6-67FFC7821C38.npy,tubulin polymerization inhibitor
P015099,I21,s7,CBK277937,/mnt/micro-images-pvc/specs935-v1/specs935-v1-FA-P015099-U2OS-48h-P12-L2/2021-12-23/874/specs935-v1-FA-P015099-U2OS-48h-P12-L2_I21_s7_w5F36A36C3-FBF6-49D3-B5EB-1DC9167DA718.npy,tubulin polymerization inhibitor
P015099,I21,s8,CBK277937,/mnt/micro-images-pvc/specs935-v1/specs935-v1-FA-P015099-U2OS-48h-P12-L2/2021-12-23/874/specs935-v1-FA-P015099-U2OS-48h-P12-L2_I21_s8_w532C7E366-A243-45BD-857E-4B208719E357.npy,tubulin polymerization inhibitor
P015099,I21,s9,CBK277937,/mnt/micro-images-pvc/specs935-v1/specs935-v1-FA-P015099-U2OS-48h-P12-L2/2021-12-23/874/specs935-v1-FA-P015099-U2OS-48h-P12-L2_I21_s9_w5AC4BB857-7BA0-4698-A80A-466E6F178204.npy,tubulin polymerization inhibitor
P015099,I22,s1,CBK309084,/mnt/micro-images-pvc/specs935-v1/specs935-v1-FA-P015099-U2OS-48h-P12-L2/2021-12-23/874/specs935-v1-FA-P015099-U2OS-48h-P12-L2_I22_s1_w528874A05-30AD-4DA0-8ED0-27EEE064EAE3.npy,topoisomerase inhibitor
P015099,I22,s2,CBK309084,/mnt/micro-images-pvc/specs935-v1/specs935-v1-FA-P015099-U2OS-48h-P12-L2/2021-12-23/874/specs935-v1-FA-P015099-U2OS-48h-P12-L2_I22_s2_w5CE8AC562-C392-40DC-8376-43194C08A3AC.npy,topoisomerase inhibitor
P015099,I22,s3,CBK309084,/mnt/micro-images-pvc/specs935-v1/specs935-v1-FA-P015099-U2OS-48h-P12-L2/2021-12-23/874/specs935-v1-FA-P015099-U2OS-48h-P12-L2_I22_s3_w5B8383909-CCBC-4B75-B23D-DF80831F92AD.npy,topoisomerase inhibitor
P015099,I22,s4,CBK309084,/mnt/micro-images-pvc/specs935-v1/specs935-v1-FA-P015099-U2OS-48h-P12-L2/2021-12-23/874/specs935-v1-FA-P015099-U2OS-48h-P12-L2_I22_s4_w55F52408E-A884-47E6-9A29-F996377027A1.npy,topoisomerase inhibitor
P015099,I22,s5,CBK309084,/mnt/micro-images-pvc/specs935-v1/specs935-v1-FA-P015099-U2OS-48h-P12-L2/2021-12-23/874/specs935-v1-FA-P015099-U2OS-48h-P12-L2_I22_s5_w58DD8FC33-7743-4430-86F8-60AABA4CAEA7.npy,topoisomerase inhibitor
P015099,I22,s6,CBK309084,/mnt/micro-images-pvc/specs935-v1/specs935-v1-FA-P015099-U2OS-48h-P12-L2/2021-12-23/874/specs935-v1-FA-P015099-U2OS-48h-P12-L2_I22_s6_w5447BE394-CD51-435C-AC92-34CFFE8E47CF.npy,topoisomerase inhibitor
P015099,I22,s7,CBK309084,/mnt/micro-images-pvc/specs935-v1/specs935-v1-FA-P015099-U2OS-48h-P12-L2/2021-12-23/874/specs935-v1-FA-P015099-U2OS-48h-P12-L2_I22_s7_w5D90AFC8D-6167-48BE-B5D1-B68CF6659712.npy,topoisomerase inhibitor
P015099,I22,s8,CBK309084,/mnt/micro-images-pvc/specs935-v1/specs935-v1-FA-P015099-U2OS-48h-P12-L2/2021-12-23/874/specs935-v1-FA-P015099-U2OS-48h-P12-L2_I22_s8_w5DA06F351-8644-4FCB-83B5-BE05B3E2BEE9.npy,topoisomerase inhibitor
P015099,I22,s9,CBK309084,/mnt/micro-images-pvc/specs935-v1/specs935-v1-FA-P015099-U2OS-48h-P12-L2/2021-12-23/874/specs935-v1-FA-P015099-U2OS-48h-P12-L2_I22_s9_w52F312ED0-B251-4494-A967-81FD6669B7D9.npy,topoisomerase inhibitor
P015099,I23,s1,CBK290251,/mnt/micro-images-pvc/specs935-v1/specs935-v1-FA-P015099-U2OS-48h-P12-L2/2021-12-23/874/specs935-v1-FA-P015099-U2OS-48h-P12-L2_I23_s1_w5D7714C2E-8404-483F-AEF2-D504D2B9CA5D.npy,topoisomerase inhibitor
P015099,I23,s2,CBK290251,/mnt/micro-images-pvc/specs935-v1/specs935-v1-FA-P015099-U2OS-48h-P12-L2/2021-12-23/874/specs935-v1-FA-P015099-U2OS-48h-P12-L2_I23_s2_w5059A9256-5F9D-4089-ABE7-35C2536B82AF.npy,topoisomerase inhibitor
P015099,I23,s3,CBK290251,/mnt/micro-images-pvc/specs935-v1/specs935-v1-FA-P015099-U2OS-48h-P12-L2/2021-12-23/874/specs935-v1-FA-P015099-U2OS-48h-P12-L2_I23_s3_w5DFC10248-EF4D-4361-B228-EF4C49FD1B8A.npy,topoisomerase inhibitor
P015099,I23,s4,CBK290251,/mnt/micro-images-pvc/specs935-v1/specs935-v1-FA-P015099-U2OS-48h-P12-L2/2021-12-23/874/specs935-v1-FA-P015099-U2OS-48h-P12-L2_I23_s4_w5CCD6AF7E-332E-4486-97DE-DE43686133CD.npy,topoisomerase inhibitor
P015099,I23,s5,CBK290251,/mnt/micro-images-pvc/specs935-v1/specs935-v1-FA-P015099-U2OS-48h-P12-L2/2021-12-23/874/specs935-v1-FA-P015099-U2OS-48h-P12-L2_I23_s5_w5E964F1AC-F8D8-43CE-B14A-858980D3D833.npy,topoisomerase inhibitor
P015099,I23,s6,CBK290251,/mnt/micro-images-pvc/specs935-v1/specs935-v1-FA-P015099-U2OS-48h-P12-L2/2021-12-23/874/specs935-v1-FA-P015099-U2OS-48h-P12-L2_I23_s6_w5F0CEC356-D7CB-448E-9F94-5076477AB277.npy,topoisomerase inhibitor
P015099,I23,s7,CBK290251,/mnt/micro-images-pvc/specs935-v1/specs935-v1-FA-P015099-U2OS-48h-P12-L2/2021-12-23/874/specs935-v1-FA-P015099-U2OS-48h-P12-L2_I23_s7_w5C6D1A68D-413E-48D2-87D9-3DADBD3A30E3.npy,topoisomerase inhibitor
P015099,I23,s8,CBK290251,/mnt/micro-images-pvc/specs935-v1/specs935-v1-FA-P015099-U2OS-48h-P12-L2/2021-12-23/874/specs935-v1-FA-P015099-U2OS-48h-P12-L2_I23_s8_w5D9C707EA-7AE7-4E25-BD88-07847C286313.npy,topoisomerase inhibitor
P015099,I23,s9,CBK290251,/mnt/micro-images-pvc/specs935-v1/specs935-v1-FA-P015099-U2OS-48h-P12-L2/2021-12-23/874/specs935-v1-FA-P015099-U2OS-48h-P12-L2_I23_s9_w5ABDEB97E-B2F5-4365-AC92-9F1A5B48B32E.npy,topoisomerase inhibitor
P015099,J05,s1,CBK308966,/mnt/micro-images-pvc/specs935-v1/specs935-v1-FA-P015099-U2OS-48h-P12-L2/2021-12-23/874/specs935-v1-FA-P015099-U2OS-48h-P12-L2_J05_s1_w5334D1D67-BE5D-41A9-BF2C-E64B88BA040F.npy,tubulin polymerization inhibitor
P015099,J05,s2,CBK308966,/mnt/micro-images-pvc/specs935-v1/specs935-v1-FA-P015099-U2OS-48h-P12-L2/2021-12-23/874/specs935-v1-FA-P015099-U2OS-48h-P12-L2_J05_s2_w5B1C9194E-4411-4843-849B-8F5F4EBE5BB1.npy,tubulin polymerization inhibitor
P015099,J05,s3,CBK308966,/mnt/micro-images-pvc/specs935-v1/specs935-v1-FA-P015099-U2OS-48h-P12-L2/2021-12-23/874/specs935-v1-FA-P015099-U2OS-48h-P12-L2_J05_s3_w562C566AF-7D42-4170-B812-FB9FB2C19087.npy,tubulin polymerization inhibitor
P015099,J05,s4,CBK308966,/mnt/micro-images-pvc/specs935-v1/specs935-v1-FA-P015099-U2OS-48h-P12-L2/2021-12-23/874/specs935-v1-FA-P015099-U2OS-48h-P12-L2_J05_s4_w562161490-DB27-4EC9-903B-95F96630ADC6.npy,tubulin polymerization inhibitor
P015099,J05,s5,CBK308966,/mnt/micro-images-pvc/specs935-v1/specs935-v1-FA-P015099-U2OS-48h-P12-L2/2021-12-23/874/specs935-v1-FA-P015099-U2OS-48h-P12-L2_J05_s5_w57FEBE95B-5284-4D55-9E5C-A69AF9BEFCF9.npy,tubulin polymerization inhibitor
P015099,J05,s6,CBK308966,/mnt/micro-images-pvc/specs935-v1/specs935-v1-FA-P015099-U2OS-48h-P12-L2/2021-12-23/874/specs935-v1-FA-P015099-U2OS-48h-P12-L2_J05_s6_w590DD121E-4508-4DCF-BCC6-970C9FEE1229.npy,tubulin polymerization inhibitor
P015099,J05,s7,CBK308966,/mnt/micro-images-pvc/specs935-v1/specs935-v1-FA-P015099-U2OS-48h-P12-L2/2021-12-23/874/specs935-v1-FA-P015099-U2OS-48h-P12-L2_J05_s7_w599333128-2A9F-470E-9708-D392101153C6.npy,tubulin polymerization inhibitor
P015099,J05,s8,CBK308966,/mnt/micro-images-pvc/specs935-v1/specs935-v1-FA-P015099-U2OS-48h-P12-L2/2021-12-23/874/specs935-v1-FA-P015099-U2OS-48h-P12-L2_J05_s8_w556969741-3EE5-400A-A231-1ADC5BDE9A75.npy,tubulin polymerization inhibitor
P015099,J05,s9,CBK308966,/mnt/micro-images-pvc/specs935-v1/specs935-v1-FA-P015099-U2OS-48h-P12-L2/2021-12-23/874/specs935-v1-FA-P015099-U2OS-48h-P12-L2_J05_s9_w557B61196-74AA-419E-BC3C-FA2B7D3A1D83.npy,tubulin polymerization inhibitor
P015099,J06,s1,CBK307964,/mnt/micro-images-pvc/specs935-v1/specs935-v1-FA-P015099-U2OS-48h-P12-L2/2021-12-23/874/specs935-v1-FA-P015099-U2OS-48h-P12-L2_J06_s1_w516F047E0-4BA9-4FB2-9B75-F1F13790C091.npy,tubulin polymerization inhibitor
P015099,J06,s2,CBK307964,/mnt/micro-images-pvc/specs935-v1/specs935-v1-FA-P015099-U2OS-48h-P12-L2/2021-12-23/874/specs935-v1-FA-P015099-U2OS-48h-P12-L2_J06_s2_w52B714704-4040-4607-97A3-028FBC7E1D8A.npy,tubulin polymerization inhibitor
P015099,J06,s3,CBK307964,/mnt/micro-images-pvc/specs935-v1/specs935-v1-FA-P015099-U2OS-48h-P12-L2/2021-12-23/874/specs935-v1-FA-P015099-U2OS-48h-P12-L2_J06_s3_w5AB2614A9-EEA1-4547-A90C-1D9C1312AA30.npy,tubulin polymerization inhibitor
P015099,J06,s4,CBK307964,/mnt/micro-images-pvc/specs935-v1/specs935-v1-FA-P015099-U2OS-48h-P12-L2/2021-12-23/874/specs935-v1-FA-P015099-U2OS-48h-P12-L2_J06_s4_w5F234600A-9BC2-497F-95B1-4E0136D7D4ED.npy,tubulin polymerization inhibitor
P015099,J06,s5,CBK307964,/mnt/micro-images-pvc/specs935-v1/specs935-v1-FA-P015099-U2OS-48h-P12-L2/2021-12-23/874/specs935-v1-FA-P015099-U2OS-48h-P12-L2_J06_s5_w583C9194E-CC9C-4A9A-8D8E-8417915EB2F3.npy,tubulin polymerization inhibitor
P015099,J06,s6,CBK307964,/mnt/micro-images-pvc/specs935-v1/specs935-v1-FA-P015099-U2OS-48h-P12-L2/2021-12-23/874/specs935-v1-FA-P015099-U2OS-48h-P12-L2_J06_s6_w5A8D3C930-060F-408F-BC4C-44CF1FF13897.npy,tubulin polymerization inhibitor
P015099,J06,s7,CBK307964,/mnt/micro-images-pvc/specs935-v1/specs935-v1-FA-P015099-U2OS-48h-P12-L2/2021-12-23/874/specs935-v1-FA-P015099-U2OS-48h-P12-L2_J06_s7_w5D3D779A6-3701-4EF2-90BA-4C4AE7EABB4A.npy,tubulin polymerization inhibitor
P015099,J06,s8,CBK307964,/mnt/micro-images-pvc/specs935-v1/specs935-v1-FA-P015099-U2OS-48h-P12-L2/2021-12-23/874/specs935-v1-FA-P015099-U2OS-48h-P12-L2_J06_s8_w5A745A31B-ECD9-412A-87E6-3FE84BA7E4DD.npy,tubulin polymerization inhibitor
P015099,J06,s9,CBK307964,/mnt/micro-images-pvc/specs935-v1/specs935-v1-FA-P015099-U2OS-48h-P12-L2/2021-12-23/874/specs935-v1-FA-P015099-U2OS-48h-P12-L2_J06_s9_w55DCD22AE-79F6-4B1F-B9A6-A4F5F754D659.npy,tubulin polymerization inhibitor
P015099,J10,s1,CBK200945,/mnt/micro-images-pvc/specs935-v1/specs935-v1-FA-P015099-U2OS-48h-P12-L2/2021-12-23/874/specs935-v1-FA-P015099-U2OS-48h-P12-L2_J10_s1_w5D0CE5169-CD5E-466B-8B98-9BC70A41FB73.npy,tubulin polymerization inhibitor
P015099,J10,s2,CBK200945,/mnt/micro-images-pvc/specs935-v1/specs935-v1-FA-P015099-U2OS-48h-P12-L2/2021-12-23/874/specs935-v1-FA-P015099-U2OS-48h-P12-L2_J10_s2_w532CB080D-FF51-4289-B8EF-410B656FFEFC.npy,tubulin polymerization inhibitor
P015099,J10,s3,CBK200945,/mnt/micro-images-pvc/specs935-v1/specs935-v1-FA-P015099-U2OS-48h-P12-L2/2021-12-23/874/specs935-v1-FA-P015099-U2OS-48h-P12-L2_J10_s3_w58F1ACFB3-C97B-4205-B319-1ADEB9089563.npy,tubulin polymerization inhibitor
P015099,J10,s4,CBK200945,/mnt/micro-images-pvc/specs935-v1/specs935-v1-FA-P015099-U2OS-48h-P12-L2/2021-12-23/874/specs935-v1-FA-P015099-U2OS-48h-P12-L2_J10_s4_w539468DB1-C40A-4479-B6E1-32C58AC66753.npy,tubulin polymerization inhibitor
P015099,J10,s5,CBK200945,/mnt/micro-images-pvc/specs935-v1/specs935-v1-FA-P015099-U2OS-48h-P12-L2/2021-12-23/874/specs935-v1-FA-P015099-U2OS-48h-P12-L2_J10_s5_w502B041E1-64DF-449B-8EB6-4EA733E0FB4D.npy,tubulin polymerization inhibitor
P015099,J10,s6,CBK200945,/mnt/micro-images-pvc/specs935-v1/specs935-v1-FA-P015099-U2OS-48h-P12-L2/2021-12-23/874/specs935-v1-FA-P015099-U2OS-48h-P12-L2_J10_s6_w56112327A-124B-49B2-9A1D-E24047515148.npy,tubulin polymerization inhibitor
P015099,J10,s7,CBK200945,/mnt/micro-images-pvc/specs935-v1/specs935-v1-FA-P015099-U2OS-48h-P12-L2/2021-12-23/874/specs935-v1-FA-P015099-U2OS-48h-P12-L2_J10_s7_w539F860C1-0BCB-466C-9A52-EF5568ADFE95.npy,tubulin polymerization inhibitor
P015099,J10,s8,CBK200945,/mnt/micro-images-pvc/specs935-v1/specs935-v1-FA-P015099-U2OS-48h-P12-L2/2021-12-23/874/specs935-v1-FA-P015099-U2OS-48h-P12-L2_J10_s8_w5C5ACAB37-4AB1-496D-8A36-5228C9234B65.npy,tubulin polymerization inhibitor
P015099,J10,s9,CBK200945,/mnt/micro-images-pvc/specs935-v1/specs935-v1-FA-P015099-U2OS-48h-P12-L2/2021-12-23/874/specs935-v1-FA-P015099-U2OS-48h-P12-L2_J10_s9_w53F18CCA9-9712-416F-A119-08DDD3E41BFD.npy,tubulin polymerization inhibitor
P015099,J12,s1,CBK309639,/mnt/micro-images-pvc/specs935-v1/specs935-v1-FA-P015099-U2OS-48h-P12-L2/2021-12-23/874/specs935-v1-FA-P015099-U2OS-48h-P12-L2_J12_s1_w5AA098DD2-062C-41D7-AD1F-522B1D9C4E84.npy,topoisomerase inhibitor
P015099,J12,s2,CBK309639,/mnt/micro-images-pvc/specs935-v1/specs935-v1-FA-P015099-U2OS-48h-P12-L2/2021-12-23/874/specs935-v1-FA-P015099-U2OS-48h-P12-L2_J12_s2_w5FA325BB0-B1C2-4851-B650-5A7B1F508CF2.npy,topoisomerase inhibitor
P015099,J12,s3,CBK309639,/mnt/micro-images-pvc/specs935-v1/specs935-v1-FA-P015099-U2OS-48h-P12-L2/2021-12-23/874/specs935-v1-FA-P015099-U2OS-48h-P12-L2_J12_s3_w56A3BFE69-3CAF-4698-9772-99F482D1884C.npy,topoisomerase inhibitor
P015099,J12,s4,CBK309639,/mnt/micro-images-pvc/specs935-v1/specs935-v1-FA-P015099-U2OS-48h-P12-L2/2021-12-23/874/specs935-v1-FA-P015099-U2OS-48h-P12-L2_J12_s4_w5932F966D-8DFA-4FF1-905D-5A99709DB108.npy,topoisomerase inhibitor
P015099,J12,s5,CBK309639,/mnt/micro-images-pvc/specs935-v1/specs935-v1-FA-P015099-U2OS-48h-P12-L2/2021-12-23/874/specs935-v1-FA-P015099-U2OS-48h-P12-L2_J12_s5_w52C1D8C31-2EA4-4E70-982B-9EEF6A838DF8.npy,topoisomerase inhibitor
P015099,J12,s6,CBK309639,/mnt/micro-images-pvc/specs935-v1/specs935-v1-FA-P015099-U2OS-48h-P12-L2/2021-12-23/874/specs935-v1-FA-P015099-U2OS-48h-P12-L2_J12_s6_w5E124965B-40DB-4C5C-AD17-CBD82071F19B.npy,topoisomerase inhibitor
P015099,J12,s7,CBK309639,/mnt/micro-images-pvc/specs935-v1/specs935-v1-FA-P015099-U2OS-48h-P12-L2/2021-12-23/874/specs935-v1-FA-P015099-U2OS-48h-P12-L2_J12_s7_w5668766B8-7C98-4555-9EFC-FE04D0BC9D8B.npy,topoisomerase inhibitor
P015099,J12,s8,CBK309639,/mnt/micro-images-pvc/specs935-v1/specs935-v1-FA-P015099-U2OS-48h-P12-L2/2021-12-23/874/specs935-v1-FA-P015099-U2OS-48h-P12-L2_J12_s8_w525E04D61-1CC4-4B6B-A55B-A96FD18310CA.npy,topoisomerase inhibitor
P015099,J12,s9,CBK309639,/mnt/micro-images-pvc/specs935-v1/specs935-v1-FA-P015099-U2OS-48h-P12-L2/2021-12-23/874/specs935-v1-FA-P015099-U2OS-48h-P12-L2_J12_s9_w53CF41D48-463B-4B54-B9C6-73AA2488B7A4.npy,topoisomerase inhibitor
P015099,J14,s1,CBK309437,/mnt/micro-images-pvc/specs935-v1/specs935-v1-FA-P015099-U2OS-48h-P12-L2/2021-12-23/874/specs935-v1-FA-P015099-U2OS-48h-P12-L2_J14_s1_w5CD855FC9-6130-494C-8C2B-C5F6EA30461F.npy,tubulin polymerization inhibitor
P015099,J14,s2,CBK309437,/mnt/micro-images-pvc/specs935-v1/specs935-v1-FA-P015099-U2OS-48h-P12-L2/2021-12-23/874/specs935-v1-FA-P015099-U2OS-48h-P12-L2_J14_s2_w507308883-BDA2-411A-9D00-44B7E3F656FC.npy,tubulin polymerization inhibitor
P015099,J14,s3,CBK309437,/mnt/micro-images-pvc/specs935-v1/specs935-v1-FA-P015099-U2OS-48h-P12-L2/2021-12-23/874/specs935-v1-FA-P015099-U2OS-48h-P12-L2_J14_s3_w557C0E254-3031-4EA4-91B1-F069220FB794.npy,tubulin polymerization inhibitor
P015099,J14,s4,CBK309437,/mnt/micro-images-pvc/specs935-v1/specs935-v1-FA-P015099-U2OS-48h-P12-L2/2021-12-23/874/specs935-v1-FA-P015099-U2OS-48h-P12-L2_J14_s4_w502713DA4-D7B5-489A-8A89-D1361C5F7BE1.npy,tubulin polymerization inhibitor
P015099,J14,s5,CBK309437,/mnt/micro-images-pvc/specs935-v1/specs935-v1-FA-P015099-U2OS-48h-P12-L2/2021-12-23/874/specs935-v1-FA-P015099-U2OS-48h-P12-L2_J14_s5_w5E9031BD2-9199-4C88-8FB0-A498FE977F47.npy,tubulin polymerization inhibitor
P015099,J14,s6,CBK309437,/mnt/micro-images-pvc/specs935-v1/specs935-v1-FA-P015099-U2OS-48h-P12-L2/2021-12-23/874/specs935-v1-FA-P015099-U2OS-48h-P12-L2_J14_s6_w54241DA0D-1402-4ED8-933D-3041A9CA1D61.npy,tubulin polymerization inhibitor
P015099,J14,s7,CBK309437,/mnt/micro-images-pvc/specs935-v1/specs935-v1-FA-P015099-U2OS-48h-P12-L2/2021-12-23/874/specs935-v1-FA-P015099-U2OS-48h-P12-L2_J14_s7_w526C9CFD0-6AA6-4FE2-A601-DAB4B709D229.npy,tubulin polymerization inhibitor
P015099,J14,s8,CBK309437,/mnt/micro-images-pvc/specs935-v1/specs935-v1-FA-P015099-U2OS-48h-P12-L2/2021-12-23/874/specs935-v1-FA-P015099-U2OS-48h-P12-L2_J14_s8_w539A58B89-B5B8-4FF0-BAB9-B2D358B3806E.npy,tubulin polymerization inhibitor
P015099,J14,s9,CBK309437,/mnt/micro-images-pvc/specs935-v1/specs935-v1-FA-P015099-U2OS-48h-P12-L2/2021-12-23/874/specs935-v1-FA-P015099-U2OS-48h-P12-L2_J14_s9_w5026F51D4-F1BD-49EF-B96B-BB7E664E4D63.npy,tubulin polymerization inhibitor
P015099,J15,s1,CBK309049,/mnt/micro-images-pvc/specs935-v1/specs935-v1-FA-P015099-U2OS-48h-P12-L2/2021-12-23/874/specs935-v1-FA-P015099-U2OS-48h-P12-L2_J15_s1_w5412675E9-B692-4069-AF6C-B0A0CA374CDF.npy,retinoid receptor agonist
P015099,J15,s2,CBK309049,/mnt/micro-images-pvc/specs935-v1/specs935-v1-FA-P015099-U2OS-48h-P12-L2/2021-12-23/874/specs935-v1-FA-P015099-U2OS-48h-P12-L2_J15_s2_w5741B4D36-06E8-4068-AB77-8F85B6E0FF03.npy,retinoid receptor agonist
P015099,J15,s3,CBK309049,/mnt/micro-images-pvc/specs935-v1/specs935-v1-FA-P015099-U2OS-48h-P12-L2/2021-12-23/874/specs935-v1-FA-P015099-U2OS-48h-P12-L2_J15_s3_w5A494135A-AA49-4F68-9918-CAD2FDBCD7A3.npy,retinoid receptor agonist
P015099,J15,s4,CBK309049,/mnt/micro-images-pvc/specs935-v1/specs935-v1-FA-P015099-U2OS-48h-P12-L2/2021-12-23/874/specs935-v1-FA-P015099-U2OS-48h-P12-L2_J15_s4_w5FB3D606B-71B5-4562-A72C-C6190C155188.npy,retinoid receptor agonist
P015099,J15,s5,CBK309049,/mnt/micro-images-pvc/specs935-v1/specs935-v1-FA-P015099-U2OS-48h-P12-L2/2021-12-23/874/specs935-v1-FA-P015099-U2OS-48h-P12-L2_J15_s5_w52CB5BCF3-1EA9-4C81-8268-275C7D81F947.npy,retinoid receptor agonist
P015099,J15,s6,CBK309049,/mnt/micro-images-pvc/specs935-v1/specs935-v1-FA-P015099-U2OS-48h-P12-L2/2021-12-23/874/specs935-v1-FA-P015099-U2OS-48h-P12-L2_J15_s6_w584616D2A-72B8-49C5-AEF1-A967146A5F0A.npy,retinoid receptor agonist
P015099,J15,s7,CBK309049,/mnt/micro-images-pvc/specs935-v1/specs935-v1-FA-P015099-U2OS-48h-P12-L2/2021-12-23/874/specs935-v1-FA-P015099-U2OS-48h-P12-L2_J15_s7_w5C2D0CD1B-8E0F-442B-9C06-8F7EE9C59FA1.npy,retinoid receptor agonist
P015099,J15,s8,CBK309049,/mnt/micro-images-pvc/specs935-v1/specs935-v1-FA-P015099-U2OS-48h-P12-L2/2021-12-23/874/specs935-v1-FA-P015099-U2OS-48h-P12-L2_J15_s8_w5D176FFB2-D858-4257-8B8C-DD7E30F11575.npy,retinoid receptor agonist
P015099,J15,s9,CBK309049,/mnt/micro-images-pvc/specs935-v1/specs935-v1-FA-P015099-U2OS-48h-P12-L2/2021-12-23/874/specs935-v1-FA-P015099-U2OS-48h-P12-L2_J15_s9_w5DC1A0DF9-8E92-42F9-A3D7-A5DDAD0B9458.npy,retinoid receptor agonist
P015099,J16,s1,CBK309020,/mnt/micro-images-pvc/specs935-v1/specs935-v1-FA-P015099-U2OS-48h-P12-L2/2021-12-23/874/specs935-v1-FA-P015099-U2OS-48h-P12-L2_J16_s1_w51461AD44-47FE-435F-A095-7500C311BBD7.npy,topoisomerase inhibitor
P015099,J16,s2,CBK309020,/mnt/micro-images-pvc/specs935-v1/specs935-v1-FA-P015099-U2OS-48h-P12-L2/2021-12-23/874/specs935-v1-FA-P015099-U2OS-48h-P12-L2_J16_s2_w5117714EB-AD2B-4CA7-83D9-E86AB826E1F2.npy,topoisomerase inhibitor
P015099,J16,s3,CBK309020,/mnt/micro-images-pvc/specs935-v1/specs935-v1-FA-P015099-U2OS-48h-P12-L2/2021-12-23/874/specs935-v1-FA-P015099-U2OS-48h-P12-L2_J16_s3_w5871ED998-EAF4-4ACF-A37E-3770F86E92D8.npy,topoisomerase inhibitor
P015099,J16,s4,CBK309020,/mnt/micro-images-pvc/specs935-v1/specs935-v1-FA-P015099-U2OS-48h-P12-L2/2021-12-23/874/specs935-v1-FA-P015099-U2OS-48h-P12-L2_J16_s4_w5DF7CB844-AE50-4261-9834-D32308E855CF.npy,topoisomerase inhibitor
P015099,J16,s5,CBK309020,/mnt/micro-images-pvc/specs935-v1/specs935-v1-FA-P015099-U2OS-48h-P12-L2/2021-12-23/874/specs935-v1-FA-P015099-U2OS-48h-P12-L2_J16_s5_w5B987F9DB-B538-428F-AC72-490A6DBFF0C5.npy,topoisomerase inhibitor
P015099,J16,s6,CBK309020,/mnt/micro-images-pvc/specs935-v1/specs935-v1-FA-P015099-U2OS-48h-P12-L2/2021-12-23/874/specs935-v1-FA-P015099-U2OS-48h-P12-L2_J16_s6_w5099C04EA-BB26-42B9-AB04-BCF33D4440E8.npy,topoisomerase inhibitor
P015099,J16,s7,CBK309020,/mnt/micro-images-pvc/specs935-v1/specs935-v1-FA-P015099-U2OS-48h-P12-L2/2021-12-23/874/specs935-v1-FA-P015099-U2OS-48h-P12-L2_J16_s7_w5E2395872-F0BF-401F-9632-F29991265BCF.npy,topoisomerase inhibitor
P015099,J16,s8,CBK309020,/mnt/micro-images-pvc/specs935-v1/specs935-v1-FA-P015099-U2OS-48h-P12-L2/2021-12-23/874/specs935-v1-FA-P015099-U2OS-48h-P12-L2_J16_s8_w581711EF1-644D-42DD-BBE9-2BDA3C83F93D.npy,topoisomerase inhibitor
P015099,J16,s9,CBK309020,/mnt/micro-images-pvc/specs935-v1/specs935-v1-FA-P015099-U2OS-48h-P12-L2/2021-12-23/874/specs935-v1-FA-P015099-U2OS-48h-P12-L2_J16_s9_w5B9900E97-1242-40CD-89E0-927A5F001255.npy,topoisomerase inhibitor
P015099,J17,s1,CBK308484,/mnt/micro-images-pvc/specs935-v1/specs935-v1-FA-P015099-U2OS-48h-P12-L2/2021-12-23/874/specs935-v1-FA-P015099-U2OS-48h-P12-L2_J17_s1_w55E6D0C78-44F7-4183-A614-B2B60D7313DE.npy,topoisomerase inhibitor
P015099,J17,s2,CBK308484,/mnt/micro-images-pvc/specs935-v1/specs935-v1-FA-P015099-U2OS-48h-P12-L2/2021-12-23/874/specs935-v1-FA-P015099-U2OS-48h-P12-L2_J17_s2_w52D9DF9C8-6D83-4C10-8D9A-BCEA8FAFEDCE.npy,topoisomerase inhibitor
P015099,J17,s3,CBK308484,/mnt/micro-images-pvc/specs935-v1/specs935-v1-FA-P015099-U2OS-48h-P12-L2/2021-12-23/874/specs935-v1-FA-P015099-U2OS-48h-P12-L2_J17_s3_w5F607418D-66BC-447F-B022-162D809D4BE8.npy,topoisomerase inhibitor
P015099,J17,s4,CBK308484,/mnt/micro-images-pvc/specs935-v1/specs935-v1-FA-P015099-U2OS-48h-P12-L2/2021-12-23/874/specs935-v1-FA-P015099-U2OS-48h-P12-L2_J17_s4_w55447D7EC-235C-4CB9-9DF8-5813472AB74E.npy,topoisomerase inhibitor
P015099,J17,s5,CBK308484,/mnt/micro-images-pvc/specs935-v1/specs935-v1-FA-P015099-U2OS-48h-P12-L2/2021-12-23/874/specs935-v1-FA-P015099-U2OS-48h-P12-L2_J17_s5_w53A454832-71C5-49D2-A1D0-FF1E66858A08.npy,topoisomerase inhibitor
P015099,J17,s6,CBK308484,/mnt/micro-images-pvc/specs935-v1/specs935-v1-FA-P015099-U2OS-48h-P12-L2/2021-12-23/874/specs935-v1-FA-P015099-U2OS-48h-P12-L2_J17_s6_w58B02C05F-53AB-4D97-B87D-96F78257FCD5.npy,topoisomerase inhibitor
P015099,J17,s7,CBK308484,/mnt/micro-images-pvc/specs935-v1/specs935-v1-FA-P015099-U2OS-48h-P12-L2/2021-12-23/874/specs935-v1-FA-P015099-U2OS-48h-P12-L2_J17_s7_w57CA926FD-7AB1-4227-B547-6A224F373B94.npy,topoisomerase inhibitor
P015099,J17,s8,CBK308484,/mnt/micro-images-pvc/specs935-v1/specs935-v1-FA-P015099-U2OS-48h-P12-L2/2021-12-23/874/specs935-v1-FA-P015099-U2OS-48h-P12-L2_J17_s8_w56BD44D24-0289-488E-B2B3-3E69BCBCFA50.npy,topoisomerase inhibitor
P015099,J17,s9,CBK308484,/mnt/micro-images-pvc/specs935-v1/specs935-v1-FA-P015099-U2OS-48h-P12-L2/2021-12-23/874/specs935-v1-FA-P015099-U2OS-48h-P12-L2_J17_s9_w56526CCEA-C453-4A4D-8524-86449CD86202.npy,topoisomerase inhibitor
P015099,J19,s1,CBK309391,/mnt/micro-images-pvc/specs935-v1/specs935-v1-FA-P015099-U2OS-48h-P12-L2/2021-12-23/874/specs935-v1-FA-P015099-U2OS-48h-P12-L2_J19_s1_w5CD34A4AC-070D-4BFA-AD91-9E3E96570570.npy,tubulin polymerization inhibitor
P015099,J19,s2,CBK309391,/mnt/micro-images-pvc/specs935-v1/specs935-v1-FA-P015099-U2OS-48h-P12-L2/2021-12-23/874/specs935-v1-FA-P015099-U2OS-48h-P12-L2_J19_s2_w54791E078-BCBF-47B2-8358-FEBC87765B05.npy,tubulin polymerization inhibitor
P015099,J19,s3,CBK309391,/mnt/micro-images-pvc/specs935-v1/specs935-v1-FA-P015099-U2OS-48h-P12-L2/2021-12-23/874/specs935-v1-FA-P015099-U2OS-48h-P12-L2_J19_s3_w5C1D4075A-5955-42D3-BBA1-85AED6E2C7BF.npy,tubulin polymerization inhibitor
P015099,J19,s4,CBK309391,/mnt/micro-images-pvc/specs935-v1/specs935-v1-FA-P015099-U2OS-48h-P12-L2/2021-12-23/874/specs935-v1-FA-P015099-U2OS-48h-P12-L2_J19_s4_w5A88A481F-7403-40F8-BEA9-73DEA4B88230.npy,tubulin polymerization inhibitor
P015099,J19,s5,CBK309391,/mnt/micro-images-pvc/specs935-v1/specs935-v1-FA-P015099-U2OS-48h-P12-L2/2021-12-23/874/specs935-v1-FA-P015099-U2OS-48h-P12-L2_J19_s5_w5F27922C6-E86D-454C-9590-B0E56EC8A119.npy,tubulin polymerization inhibitor
P015099,J19,s6,CBK309391,/mnt/micro-images-pvc/specs935-v1/specs935-v1-FA-P015099-U2OS-48h-P12-L2/2021-12-23/874/specs935-v1-FA-P015099-U2OS-48h-P12-L2_J19_s6_w58505C700-ED2E-48C7-9E05-25828E6E93D2.npy,tubulin polymerization inhibitor
P015099,J19,s7,CBK309391,/mnt/micro-images-pvc/specs935-v1/specs935-v1-FA-P015099-U2OS-48h-P12-L2/2021-12-23/874/specs935-v1-FA-P015099-U2OS-48h-P12-L2_J19_s7_w53C6ECE3F-A55A-4822-953F-AEE9E0200942.npy,tubulin polymerization inhibitor
P015099,J19,s8,CBK309391,/mnt/micro-images-pvc/specs935-v1/specs935-v1-FA-P015099-U2OS-48h-P12-L2/2021-12-23/874/specs935-v1-FA-P015099-U2OS-48h-P12-L2_J19_s8_w550C7E11C-6515-41E0-89F1-866ABF8C32E8.npy,tubulin polymerization inhibitor
P015099,J19,s9,CBK309391,/mnt/micro-images-pvc/specs935-v1/specs935-v1-FA-P015099-U2OS-48h-P12-L2/2021-12-23/874/specs935-v1-FA-P015099-U2OS-48h-P12-L2_J19_s9_w51A1D6E1D-401D-486B-835B-E35982919DE7.npy,tubulin polymerization inhibitor
P015099,J22,s1,CBK277937,/mnt/micro-images-pvc/specs935-v1/specs935-v1-FA-P015099-U2OS-48h-P12-L2/2021-12-23/874/specs935-v1-FA-P015099-U2OS-48h-P12-L2_J22_s1_w5560B6054-EDCA-4234-BE75-C9F084C6E62B.npy,tubulin polymerization inhibitor
P015099,J22,s2,CBK277937,/mnt/micro-images-pvc/specs935-v1/specs935-v1-FA-P015099-U2OS-48h-P12-L2/2021-12-23/874/specs935-v1-FA-P015099-U2OS-48h-P12-L2_J22_s2_w5CBB2D729-6722-4694-A272-4CB403CED838.npy,tubulin polymerization inhibitor
P015099,J22,s3,CBK277937,/mnt/micro-images-pvc/specs935-v1/specs935-v1-FA-P015099-U2OS-48h-P12-L2/2021-12-23/874/specs935-v1-FA-P015099-U2OS-48h-P12-L2_J22_s3_w5D07C50CC-62ED-4F5A-A416-813334EE4F68.npy,tubulin polymerization inhibitor
P015099,J22,s4,CBK277937,/mnt/micro-images-pvc/specs935-v1/specs935-v1-FA-P015099-U2OS-48h-P12-L2/2021-12-23/874/specs935-v1-FA-P015099-U2OS-48h-P12-L2_J22_s4_w587530D5A-A9C8-4EE0-B222-293B8C2FFBF0.npy,tubulin polymerization inhibitor
P015099,J22,s5,CBK277937,/mnt/micro-images-pvc/specs935-v1/specs935-v1-FA-P015099-U2OS-48h-P12-L2/2021-12-23/874/specs935-v1-FA-P015099-U2OS-48h-P12-L2_J22_s5_w50D8B7CD4-FB46-4905-8333-45D7430AF32E.npy,tubulin polymerization inhibitor
P015099,J22,s6,CBK277937,/mnt/micro-images-pvc/specs935-v1/specs935-v1-FA-P015099-U2OS-48h-P12-L2/2021-12-23/874/specs935-v1-FA-P015099-U2OS-48h-P12-L2_J22_s6_w53A9777FC-543F-413E-9C83-8A51972EA5F6.npy,tubulin polymerization inhibitor
P015099,J22,s7,CBK277937,/mnt/micro-images-pvc/specs935-v1/specs935-v1-FA-P015099-U2OS-48h-P12-L2/2021-12-23/874/specs935-v1-FA-P015099-U2OS-48h-P12-L2_J22_s7_w5F7A6CF45-F1BE-4122-84ED-676EB38C09D3.npy,tubulin polymerization inhibitor
P015099,J22,s8,CBK277937,/mnt/micro-images-pvc/specs935-v1/specs935-v1-FA-P015099-U2OS-48h-P12-L2/2021-12-23/874/specs935-v1-FA-P015099-U2OS-48h-P12-L2_J22_s8_w528A1D1EB-B56A-4823-A111-152FA107AE6B.npy,tubulin polymerization inhibitor
P015099,J22,s9,CBK277937,/mnt/micro-images-pvc/specs935-v1/specs935-v1-FA-P015099-U2OS-48h-P12-L2/2021-12-23/874/specs935-v1-FA-P015099-U2OS-48h-P12-L2_J22_s9_w5DA4C0A5C-42A7-4BEB-9FB4-318C4147BDE6.npy,tubulin polymerization inhibitor
P015099,K02,s1,CBK200945,/mnt/micro-images-pvc/specs935-v1/specs935-v1-FA-P015099-U2OS-48h-P12-L2/2021-12-23/874/specs935-v1-FA-P015099-U2OS-48h-P12-L2_K02_s1_w5365440F7-5D32-46C1-BC14-C02678D5C5CD.npy,tubulin polymerization inhibitor
P015099,K02,s2,CBK200945,/mnt/micro-images-pvc/specs935-v1/specs935-v1-FA-P015099-U2OS-48h-P12-L2/2021-12-23/874/specs935-v1-FA-P015099-U2OS-48h-P12-L2_K02_s2_w53BA88776-C5BC-4F7A-A5D3-9886E2E5BD1E.npy,tubulin polymerization inhibitor
P015099,K02,s3,CBK200945,/mnt/micro-images-pvc/specs935-v1/specs935-v1-FA-P015099-U2OS-48h-P12-L2/2021-12-23/874/specs935-v1-FA-P015099-U2OS-48h-P12-L2_K02_s3_w52F79FC95-7755-4B7F-9E3E-15AC116F801C.npy,tubulin polymerization inhibitor
P015099,K02,s4,CBK200945,/mnt/micro-images-pvc/specs935-v1/specs935-v1-FA-P015099-U2OS-48h-P12-L2/2021-12-23/874/specs935-v1-FA-P015099-U2OS-48h-P12-L2_K02_s4_w5426AAF11-A2D1-4008-B4C7-51777BED9D82.npy,tubulin polymerization inhibitor
P015099,K02,s5,CBK200945,/mnt/micro-images-pvc/specs935-v1/specs935-v1-FA-P015099-U2OS-48h-P12-L2/2021-12-23/874/specs935-v1-FA-P015099-U2OS-48h-P12-L2_K02_s5_w53871EBEC-E137-4E51-84EA-1CEC326F3C33.npy,tubulin polymerization inhibitor
P015099,K02,s6,CBK200945,/mnt/micro-images-pvc/specs935-v1/specs935-v1-FA-P015099-U2OS-48h-P12-L2/2021-12-23/874/specs935-v1-FA-P015099-U2OS-48h-P12-L2_K02_s6_w52C1E0EB0-93A6-4F1A-B864-289CCB81E7CC.npy,tubulin polymerization inhibitor
P015099,K02,s7,CBK200945,/mnt/micro-images-pvc/specs935-v1/specs935-v1-FA-P015099-U2OS-48h-P12-L2/2021-12-23/874/specs935-v1-FA-P015099-U2OS-48h-P12-L2_K02_s7_w58D8C99BC-F426-4F4F-B218-057E52525344.npy,tubulin polymerization inhibitor
P015099,K02,s8,CBK200945,/mnt/micro-images-pvc/specs935-v1/specs935-v1-FA-P015099-U2OS-48h-P12-L2/2021-12-23/874/specs935-v1-FA-P015099-U2OS-48h-P12-L2_K02_s8_w589CA1EFA-CB9E-467E-B6A4-FBDABB80174E.npy,tubulin polymerization inhibitor
P015099,K02,s9,CBK200945,/mnt/micro-images-pvc/specs935-v1/specs935-v1-FA-P015099-U2OS-48h-P12-L2/2021-12-23/874/specs935-v1-FA-P015099-U2OS-48h-P12-L2_K02_s9_w5147E63A3-D5E4-4077-B11D-CD206AC2BE95.npy,tubulin polymerization inhibitor
P015099,K07,s1,CBK041506,/mnt/micro-images-pvc/specs935-v1/specs935-v1-FA-P015099-U2OS-48h-P12-L2/2021-12-23/874/specs935-v1-FA-P015099-U2OS-48h-P12-L2_K07_s1_w5D9ADB5DE-1F01-43CB-B528-527703A8E4E3.npy,topoisomerase inhibitor
P015099,K07,s2,CBK041506,/mnt/micro-images-pvc/specs935-v1/specs935-v1-FA-P015099-U2OS-48h-P12-L2/2021-12-23/874/specs935-v1-FA-P015099-U2OS-48h-P12-L2_K07_s2_w52C532F2E-A2DB-488F-93FA-6AD43EA2099E.npy,topoisomerase inhibitor
P015099,K07,s3,CBK041506,/mnt/micro-images-pvc/specs935-v1/specs935-v1-FA-P015099-U2OS-48h-P12-L2/2021-12-23/874/specs935-v1-FA-P015099-U2OS-48h-P12-L2_K07_s3_w5689DFC31-DDAF-4FAA-9468-9F1C331F2B5B.npy,topoisomerase inhibitor
P015099,K07,s4,CBK041506,/mnt/micro-images-pvc/specs935-v1/specs935-v1-FA-P015099-U2OS-48h-P12-L2/2021-12-23/874/specs935-v1-FA-P015099-U2OS-48h-P12-L2_K07_s4_w5FF56F137-648E-47A0-A318-C706D9FEC860.npy,topoisomerase inhibitor
P015099,K07,s5,CBK041506,/mnt/micro-images-pvc/specs935-v1/specs935-v1-FA-P015099-U2OS-48h-P12-L2/2021-12-23/874/specs935-v1-FA-P015099-U2OS-48h-P12-L2_K07_s5_w50547D083-A36F-44D5-ABAB-070F1C0EFFBE.npy,topoisomerase inhibitor
P015099,K07,s6,CBK041506,/mnt/micro-images-pvc/specs935-v1/specs935-v1-FA-P015099-U2OS-48h-P12-L2/2021-12-23/874/specs935-v1-FA-P015099-U2OS-48h-P12-L2_K07_s6_w594BEEA28-9A87-4084-B68A-D31CA836D725.npy,topoisomerase inhibitor
P015099,K07,s7,CBK041506,/mnt/micro-images-pvc/specs935-v1/specs935-v1-FA-P015099-U2OS-48h-P12-L2/2021-12-23/874/specs935-v1-FA-P015099-U2OS-48h-P12-L2_K07_s7_w5A62D4E35-8600-4B4B-A0DC-570C406BCF59.npy,topoisomerase inhibitor
P015099,K07,s8,CBK041506,/mnt/micro-images-pvc/specs935-v1/specs935-v1-FA-P015099-U2OS-48h-P12-L2/2021-12-23/874/specs935-v1-FA-P015099-U2OS-48h-P12-L2_K07_s8_w5C79B83DD-F069-4AD8-80A5-40F9B1C2CCF0.npy,topoisomerase inhibitor
P015099,K07,s9,CBK041506,/mnt/micro-images-pvc/specs935-v1/specs935-v1-FA-P015099-U2OS-48h-P12-L2/2021-12-23/874/specs935-v1-FA-P015099-U2OS-48h-P12-L2_K07_s9_w570DDD3FE-CB52-4934-8528-23C243E3949F.npy,topoisomerase inhibitor
P015099,K08,s1,CBK308876,/mnt/micro-images-pvc/specs935-v1/specs935-v1-FA-P015099-U2OS-48h-P12-L2/2021-12-23/874/specs935-v1-FA-P015099-U2OS-48h-P12-L2_K08_s1_w5D5DE3754-F0EF-45DC-B72C-45E311B1E1A8.npy,retinoid receptor agonist
P015099,K08,s2,CBK308876,/mnt/micro-images-pvc/specs935-v1/specs935-v1-FA-P015099-U2OS-48h-P12-L2/2021-12-23/874/specs935-v1-FA-P015099-U2OS-48h-P12-L2_K08_s2_w5907B79F9-6DD0-4EF9-8144-20DAF403359C.npy,retinoid receptor agonist
P015099,K08,s3,CBK308876,/mnt/micro-images-pvc/specs935-v1/specs935-v1-FA-P015099-U2OS-48h-P12-L2/2021-12-23/874/specs935-v1-FA-P015099-U2OS-48h-P12-L2_K08_s3_w5460A5618-B743-4BD2-A379-045E8985B571.npy,retinoid receptor agonist
P015099,K08,s4,CBK308876,/mnt/micro-images-pvc/specs935-v1/specs935-v1-FA-P015099-U2OS-48h-P12-L2/2021-12-23/874/specs935-v1-FA-P015099-U2OS-48h-P12-L2_K08_s4_w54B22C746-7935-4D80-A9B4-425008F38214.npy,retinoid receptor agonist
P015099,K08,s5,CBK308876,/mnt/micro-images-pvc/specs935-v1/specs935-v1-FA-P015099-U2OS-48h-P12-L2/2021-12-23/874/specs935-v1-FA-P015099-U2OS-48h-P12-L2_K08_s5_w5B30D5E92-2465-4697-A436-D7A6C1506EB3.npy,retinoid receptor agonist
P015099,K08,s6,CBK308876,/mnt/micro-images-pvc/specs935-v1/specs935-v1-FA-P015099-U2OS-48h-P12-L2/2021-12-23/874/specs935-v1-FA-P015099-U2OS-48h-P12-L2_K08_s6_w5101440D9-F713-451E-8092-443304150228.npy,retinoid receptor agonist
P015099,K08,s7,CBK308876,/mnt/micro-images-pvc/specs935-v1/specs935-v1-FA-P015099-U2OS-48h-P12-L2/2021-12-23/874/specs935-v1-FA-P015099-U2OS-48h-P12-L2_K08_s7_w5C7E6A392-F03C-4B69-9C71-BFEA638B9C85.npy,retinoid receptor agonist
P015099,K08,s8,CBK308876,/mnt/micro-images-pvc/specs935-v1/specs935-v1-FA-P015099-U2OS-48h-P12-L2/2021-12-23/874/specs935-v1-FA-P015099-U2OS-48h-P12-L2_K08_s8_w5DE636054-439A-4A12-AF50-1F204D6E5CCA.npy,retinoid receptor agonist
P015099,K08,s9,CBK308876,/mnt/micro-images-pvc/specs935-v1/specs935-v1-FA-P015099-U2OS-48h-P12-L2/2021-12-23/874/specs935-v1-FA-P015099-U2OS-48h-P12-L2_K08_s9_w5710431AC-4B86-4945-B4E8-5EFD7D7CF8C0.npy,retinoid receptor agonist
P015099,K09,s1,CBK290217,/mnt/micro-images-pvc/specs935-v1/specs935-v1-FA-P015099-U2OS-48h-P12-L2/2021-12-23/874/specs935-v1-FA-P015099-U2OS-48h-P12-L2_K09_s1_w5E9694C23-3C55-4FA0-AA9C-3BAFC3AD6C56.npy,retinoid receptor agonist
P015099,K09,s2,CBK290217,/mnt/micro-images-pvc/specs935-v1/specs935-v1-FA-P015099-U2OS-48h-P12-L2/2021-12-23/874/specs935-v1-FA-P015099-U2OS-48h-P12-L2_K09_s2_w5BD8796A6-697C-43C6-9026-F765EF6A9BF3.npy,retinoid receptor agonist
P015099,K09,s3,CBK290217,/mnt/micro-images-pvc/specs935-v1/specs935-v1-FA-P015099-U2OS-48h-P12-L2/2021-12-23/874/specs935-v1-FA-P015099-U2OS-48h-P12-L2_K09_s3_w5C61CE436-DA3E-4A81-AED7-468E91A5B923.npy,retinoid receptor agonist
P015099,K09,s4,CBK290217,/mnt/micro-images-pvc/specs935-v1/specs935-v1-FA-P015099-U2OS-48h-P12-L2/2021-12-23/874/specs935-v1-FA-P015099-U2OS-48h-P12-L2_K09_s4_w50FF4FCDA-4F52-496C-BAE1-89850372002A.npy,retinoid receptor agonist
P015099,K09,s5,CBK290217,/mnt/micro-images-pvc/specs935-v1/specs935-v1-FA-P015099-U2OS-48h-P12-L2/2021-12-23/874/specs935-v1-FA-P015099-U2OS-48h-P12-L2_K09_s5_w540160C0B-B6F9-48FC-9FD8-95597442A6E6.npy,retinoid receptor agonist
P015099,K09,s6,CBK290217,/mnt/micro-images-pvc/specs935-v1/specs935-v1-FA-P015099-U2OS-48h-P12-L2/2021-12-23/874/specs935-v1-FA-P015099-U2OS-48h-P12-L2_K09_s6_w5CCF80638-6D18-497A-944D-4BEF1A118C3E.npy,retinoid receptor agonist
P015099,K09,s7,CBK290217,/mnt/micro-images-pvc/specs935-v1/specs935-v1-FA-P015099-U2OS-48h-P12-L2/2021-12-23/874/specs935-v1-FA-P015099-U2OS-48h-P12-L2_K09_s7_w582978EB0-22C8-4480-9A97-577D67230696.npy,retinoid receptor agonist
P015099,K09,s8,CBK290217,/mnt/micro-images-pvc/specs935-v1/specs935-v1-FA-P015099-U2OS-48h-P12-L2/2021-12-23/874/specs935-v1-FA-P015099-U2OS-48h-P12-L2_K09_s8_w58A8DCD98-C48D-4144-BDD1-8AA529DB7E89.npy,retinoid receptor agonist
P015099,K09,s9,CBK290217,/mnt/micro-images-pvc/specs935-v1/specs935-v1-FA-P015099-U2OS-48h-P12-L2/2021-12-23/874/specs935-v1-FA-P015099-U2OS-48h-P12-L2_K09_s9_w5D16D599D-6DC2-47F2-9E60-9FD89BD100CC.npy,retinoid receptor agonist
P015099,K14,s1,CBK277937,/mnt/micro-images-pvc/specs935-v1/specs935-v1-FA-P015099-U2OS-48h-P12-L2/2021-12-23/874/specs935-v1-FA-P015099-U2OS-48h-P12-L2_K14_s1_w5360ACB32-D56C-4529-B59A-26124AAE379B.npy,tubulin polymerization inhibitor
P015099,K14,s2,CBK277937,/mnt/micro-images-pvc/specs935-v1/specs935-v1-FA-P015099-U2OS-48h-P12-L2/2021-12-23/874/specs935-v1-FA-P015099-U2OS-48h-P12-L2_K14_s2_w507D31933-2624-406A-82CD-10F6E542C694.npy,tubulin polymerization inhibitor
P015099,K14,s3,CBK277937,/mnt/micro-images-pvc/specs935-v1/specs935-v1-FA-P015099-U2OS-48h-P12-L2/2021-12-23/874/specs935-v1-FA-P015099-U2OS-48h-P12-L2_K14_s3_w56B8EEA84-783E-4166-AA4A-91E7BC6B3869.npy,tubulin polymerization inhibitor
P015099,K14,s4,CBK277937,/mnt/micro-images-pvc/specs935-v1/specs935-v1-FA-P015099-U2OS-48h-P12-L2/2021-12-23/874/specs935-v1-FA-P015099-U2OS-48h-P12-L2_K14_s4_w58A27CA0C-0835-49F3-9D0C-D1318FDD6499.npy,tubulin polymerization inhibitor
P015099,K14,s5,CBK277937,/mnt/micro-images-pvc/specs935-v1/specs935-v1-FA-P015099-U2OS-48h-P12-L2/2021-12-23/874/specs935-v1-FA-P015099-U2OS-48h-P12-L2_K14_s5_w5FBB6520A-FD03-4794-91E9-8316063E945C.npy,tubulin polymerization inhibitor
P015099,K14,s6,CBK277937,/mnt/micro-images-pvc/specs935-v1/specs935-v1-FA-P015099-U2OS-48h-P12-L2/2021-12-23/874/specs935-v1-FA-P015099-U2OS-48h-P12-L2_K14_s6_w549B65669-EC5C-4ECE-A4D7-F4157FF96CA8.npy,tubulin polymerization inhibitor
P015099,K14,s7,CBK277937,/mnt/micro-images-pvc/specs935-v1/specs935-v1-FA-P015099-U2OS-48h-P12-L2/2021-12-23/874/specs935-v1-FA-P015099-U2OS-48h-P12-L2_K14_s7_w5CFA1188F-8D7E-47C0-B918-57CCE88BB8B8.npy,tubulin polymerization inhibitor
P015099,K14,s8,CBK277937,/mnt/micro-images-pvc/specs935-v1/specs935-v1-FA-P015099-U2OS-48h-P12-L2/2021-12-23/874/specs935-v1-FA-P015099-U2OS-48h-P12-L2_K14_s8_w57F344D16-FF7F-422D-9113-58DD0711A394.npy,tubulin polymerization inhibitor
P015099,K14,s9,CBK277937,/mnt/micro-images-pvc/specs935-v1/specs935-v1-FA-P015099-U2OS-48h-P12-L2/2021-12-23/874/specs935-v1-FA-P015099-U2OS-48h-P12-L2_K14_s9_w52368AA74-A42B-4158-A5A8-932707B6B05C.npy,tubulin polymerization inhibitor
P015099,K16,s1,CBK277909,/mnt/micro-images-pvc/specs935-v1/specs935-v1-FA-P015099-U2OS-48h-P12-L2/2021-12-23/874/specs935-v1-FA-P015099-U2OS-48h-P12-L2_K16_s1_w5531D43EF-AFDC-4052-B9C4-F547FFD903F6.npy,topoisomerase inhibitor
P015099,K16,s2,CBK277909,/mnt/micro-images-pvc/specs935-v1/specs935-v1-FA-P015099-U2OS-48h-P12-L2/2021-12-23/874/specs935-v1-FA-P015099-U2OS-48h-P12-L2_K16_s2_w53C48DDDA-9C50-42DF-8994-B18F52A84F0C.npy,topoisomerase inhibitor
P015099,K16,s3,CBK277909,/mnt/micro-images-pvc/specs935-v1/specs935-v1-FA-P015099-U2OS-48h-P12-L2/2021-12-23/874/specs935-v1-FA-P015099-U2OS-48h-P12-L2_K16_s3_w59C6C5B0E-BFC9-412C-9FAD-F849DA9D074A.npy,topoisomerase inhibitor
P015099,K16,s4,CBK277909,/mnt/micro-images-pvc/specs935-v1/specs935-v1-FA-P015099-U2OS-48h-P12-L2/2021-12-23/874/specs935-v1-FA-P015099-U2OS-48h-P12-L2_K16_s4_w50FC23A39-ED95-4FF0-86F3-DC583CA165FD.npy,topoisomerase inhibitor
P015099,K16,s5,CBK277909,/mnt/micro-images-pvc/specs935-v1/specs935-v1-FA-P015099-U2OS-48h-P12-L2/2021-12-23/874/specs935-v1-FA-P015099-U2OS-48h-P12-L2_K16_s5_w59F77C8F3-F880-4AB1-A9DE-1803ED1D9484.npy,topoisomerase inhibitor
P015099,K16,s6,CBK277909,/mnt/micro-images-pvc/specs935-v1/specs935-v1-FA-P015099-U2OS-48h-P12-L2/2021-12-23/874/specs935-v1-FA-P015099-U2OS-48h-P12-L2_K16_s6_w5EF64E13F-86F1-4803-8DE4-4B134CD1501A.npy,topoisomerase inhibitor
P015099,K16,s7,CBK277909,/mnt/micro-images-pvc/specs935-v1/specs935-v1-FA-P015099-U2OS-48h-P12-L2/2021-12-23/874/specs935-v1-FA-P015099-U2OS-48h-P12-L2_K16_s7_w5FB36B5D8-7797-4A2D-ADD0-D40C97DA14AA.npy,topoisomerase inhibitor
P015099,K16,s8,CBK277909,/mnt/micro-images-pvc/specs935-v1/specs935-v1-FA-P015099-U2OS-48h-P12-L2/2021-12-23/874/specs935-v1-FA-P015099-U2OS-48h-P12-L2_K16_s8_w520F5D6C7-C3B0-419C-8FE1-2AE8B5ECB1D8.npy,topoisomerase inhibitor
P015099,K16,s9,CBK277909,/mnt/micro-images-pvc/specs935-v1/specs935-v1-FA-P015099-U2OS-48h-P12-L2/2021-12-23/874/specs935-v1-FA-P015099-U2OS-48h-P12-L2_K16_s9_w59EEB0C50-42C5-497D-B314-4E66929237ED.npy,topoisomerase inhibitor
P015099,K17,s1,CBK041184,/mnt/micro-images-pvc/specs935-v1/specs935-v1-FA-P015099-U2OS-48h-P12-L2/2021-12-23/874/specs935-v1-FA-P015099-U2OS-48h-P12-L2_K17_s1_w5BF7F812D-243B-4912-BE57-887E4722D07F.npy,tubulin polymerization inhibitor
P015099,K17,s2,CBK041184,/mnt/micro-images-pvc/specs935-v1/specs935-v1-FA-P015099-U2OS-48h-P12-L2/2021-12-23/874/specs935-v1-FA-P015099-U2OS-48h-P12-L2_K17_s2_w545CDBB09-E1E0-41A2-846E-5298BAF29F11.npy,tubulin polymerization inhibitor
P015099,K17,s3,CBK041184,/mnt/micro-images-pvc/specs935-v1/specs935-v1-FA-P015099-U2OS-48h-P12-L2/2021-12-23/874/specs935-v1-FA-P015099-U2OS-48h-P12-L2_K17_s3_w58CBBE484-646A-49A3-955C-12E10642DDBF.npy,tubulin polymerization inhibitor
P015099,K17,s4,CBK041184,/mnt/micro-images-pvc/specs935-v1/specs935-v1-FA-P015099-U2OS-48h-P12-L2/2021-12-23/874/specs935-v1-FA-P015099-U2OS-48h-P12-L2_K17_s4_w593BA6CE7-01AC-4B43-968C-E3A3347CF388.npy,tubulin polymerization inhibitor
P015099,K17,s5,CBK041184,/mnt/micro-images-pvc/specs935-v1/specs935-v1-FA-P015099-U2OS-48h-P12-L2/2021-12-23/874/specs935-v1-FA-P015099-U2OS-48h-P12-L2_K17_s5_w53F584477-8F7E-4675-886B-2C3CB848BB4C.npy,tubulin polymerization inhibitor
P015099,K17,s6,CBK041184,/mnt/micro-images-pvc/specs935-v1/specs935-v1-FA-P015099-U2OS-48h-P12-L2/2021-12-23/874/specs935-v1-FA-P015099-U2OS-48h-P12-L2_K17_s6_w5BBDADB77-2670-43B6-8834-72D49687E6DE.npy,tubulin polymerization inhibitor
P015099,K17,s7,CBK041184,/mnt/micro-images-pvc/specs935-v1/specs935-v1-FA-P015099-U2OS-48h-P12-L2/2021-12-23/874/specs935-v1-FA-P015099-U2OS-48h-P12-L2_K17_s7_w54B8AE5B8-3B13-4385-81CB-F1140D554CEF.npy,tubulin polymerization inhibitor
P015099,K17,s8,CBK041184,/mnt/micro-images-pvc/specs935-v1/specs935-v1-FA-P015099-U2OS-48h-P12-L2/2021-12-23/874/specs935-v1-FA-P015099-U2OS-48h-P12-L2_K17_s8_w57C06C202-FEA2-4BC1-8267-C6995596CC9C.npy,tubulin polymerization inhibitor
P015099,K17,s9,CBK041184,/mnt/micro-images-pvc/specs935-v1/specs935-v1-FA-P015099-U2OS-48h-P12-L2/2021-12-23/874/specs935-v1-FA-P015099-U2OS-48h-P12-L2_K17_s9_w55F1E72B7-16B1-45FD-AF3B-EEA1C21E93D4.npy,tubulin polymerization inhibitor
P015099,K21,s1,CBK041761,/mnt/micro-images-pvc/specs935-v1/specs935-v1-FA-P015099-U2OS-48h-P12-L2/2021-12-23/874/specs935-v1-FA-P015099-U2OS-48h-P12-L2_K21_s1_w5E828A345-486D-4656-8D07-B446E15AF744.npy,tubulin polymerization inhibitor
P015099,K21,s2,CBK041761,/mnt/micro-images-pvc/specs935-v1/specs935-v1-FA-P015099-U2OS-48h-P12-L2/2021-12-23/874/specs935-v1-FA-P015099-U2OS-48h-P12-L2_K21_s2_w529E77FC7-7C03-432A-B264-78E67666E3C1.npy,tubulin polymerization inhibitor
P015099,K21,s3,CBK041761,/mnt/micro-images-pvc/specs935-v1/specs935-v1-FA-P015099-U2OS-48h-P12-L2/2021-12-23/874/specs935-v1-FA-P015099-U2OS-48h-P12-L2_K21_s3_w53C4CCFFB-3B52-4CE8-B5A9-0C0564064656.npy,tubulin polymerization inhibitor
P015099,K21,s4,CBK041761,/mnt/micro-images-pvc/specs935-v1/specs935-v1-FA-P015099-U2OS-48h-P12-L2/2021-12-23/874/specs935-v1-FA-P015099-U2OS-48h-P12-L2_K21_s4_w568AA0C2B-4694-4107-B6C5-377875AD6F63.npy,tubulin polymerization inhibitor
P015099,K21,s5,CBK041761,/mnt/micro-images-pvc/specs935-v1/specs935-v1-FA-P015099-U2OS-48h-P12-L2/2021-12-23/874/specs935-v1-FA-P015099-U2OS-48h-P12-L2_K21_s5_w5443F3D48-E8D6-43A9-B564-840D104EF4C6.npy,tubulin polymerization inhibitor
P015099,K21,s6,CBK041761,/mnt/micro-images-pvc/specs935-v1/specs935-v1-FA-P015099-U2OS-48h-P12-L2/2021-12-23/874/specs935-v1-FA-P015099-U2OS-48h-P12-L2_K21_s6_w59F6BBE46-334E-4D82-A88D-514486BEDE82.npy,tubulin polymerization inhibitor
P015099,K21,s7,CBK041761,/mnt/micro-images-pvc/specs935-v1/specs935-v1-FA-P015099-U2OS-48h-P12-L2/2021-12-23/874/specs935-v1-FA-P015099-U2OS-48h-P12-L2_K21_s7_w56376B849-4F68-44EE-9814-2B08F4019D5E.npy,tubulin polymerization inhibitor
P015099,K21,s8,CBK041761,/mnt/micro-images-pvc/specs935-v1/specs935-v1-FA-P015099-U2OS-48h-P12-L2/2021-12-23/874/specs935-v1-FA-P015099-U2OS-48h-P12-L2_K21_s8_w55DD02F3A-68A7-408C-B4CE-810E0C2AE308.npy,tubulin polymerization inhibitor
P015099,K21,s9,CBK041761,/mnt/micro-images-pvc/specs935-v1/specs935-v1-FA-P015099-U2OS-48h-P12-L2/2021-12-23/874/specs935-v1-FA-P015099-U2OS-48h-P12-L2_K21_s9_w5C2E9A234-010D-43C6-9447-3279B53455D5.npy,tubulin polymerization inhibitor
P015099,L02,s1,CBK307816,/mnt/micro-images-pvc/specs935-v1/specs935-v1-FA-P015099-U2OS-48h-P12-L2/2021-12-23/874/specs935-v1-FA-P015099-U2OS-48h-P12-L2_L02_s1_w5597BAC20-4E1E-410F-B0D0-714B80DCE008.npy,topoisomerase inhibitor
P015099,L02,s2,CBK307816,/mnt/micro-images-pvc/specs935-v1/specs935-v1-FA-P015099-U2OS-48h-P12-L2/2021-12-23/874/specs935-v1-FA-P015099-U2OS-48h-P12-L2_L02_s2_w532529527-50BA-435F-9A8F-5EC09BB80AC6.npy,topoisomerase inhibitor
P015099,L02,s3,CBK307816,/mnt/micro-images-pvc/specs935-v1/specs935-v1-FA-P015099-U2OS-48h-P12-L2/2021-12-23/874/specs935-v1-FA-P015099-U2OS-48h-P12-L2_L02_s3_w559D6C0BB-0445-41AF-A649-9DF4423AACEF.npy,topoisomerase inhibitor
P015099,L02,s4,CBK307816,/mnt/micro-images-pvc/specs935-v1/specs935-v1-FA-P015099-U2OS-48h-P12-L2/2021-12-23/874/specs935-v1-FA-P015099-U2OS-48h-P12-L2_L02_s4_w55DD6A4FA-539E-4D3A-B5C9-2FB55B60E13B.npy,topoisomerase inhibitor
P015099,L02,s5,CBK307816,/mnt/micro-images-pvc/specs935-v1/specs935-v1-FA-P015099-U2OS-48h-P12-L2/2021-12-23/874/specs935-v1-FA-P015099-U2OS-48h-P12-L2_L02_s5_w502FE99CA-16DE-4545-8A4D-1ED8ADE1F3D9.npy,topoisomerase inhibitor
P015099,L02,s6,CBK307816,/mnt/micro-images-pvc/specs935-v1/specs935-v1-FA-P015099-U2OS-48h-P12-L2/2021-12-23/874/specs935-v1-FA-P015099-U2OS-48h-P12-L2_L02_s6_w55DE7C80D-F056-4879-A8C9-A5F1555DA2F8.npy,topoisomerase inhibitor
P015099,L02,s7,CBK307816,/mnt/micro-images-pvc/specs935-v1/specs935-v1-FA-P015099-U2OS-48h-P12-L2/2021-12-23/874/specs935-v1-FA-P015099-U2OS-48h-P12-L2_L02_s7_w594690EDF-DB00-4B9F-9825-B68B18A86607.npy,topoisomerase inhibitor
P015099,L02,s8,CBK307816,/mnt/micro-images-pvc/specs935-v1/specs935-v1-FA-P015099-U2OS-48h-P12-L2/2021-12-23/874/specs935-v1-FA-P015099-U2OS-48h-P12-L2_L02_s8_w52E0C612F-A7E8-4635-B20C-AB6D15F602E4.npy,topoisomerase inhibitor
P015099,L02,s9,CBK307816,/mnt/micro-images-pvc/specs935-v1/specs935-v1-FA-P015099-U2OS-48h-P12-L2/2021-12-23/874/specs935-v1-FA-P015099-U2OS-48h-P12-L2_L02_s9_w5DCA5611E-0361-45D5-801B-E232E2E8EE63.npy,topoisomerase inhibitor
P015099,L03,s1,CBK277909,/mnt/micro-images-pvc/specs935-v1/specs935-v1-FA-P015099-U2OS-48h-P12-L2/2021-12-23/874/specs935-v1-FA-P015099-U2OS-48h-P12-L2_L03_s1_w5D008B92A-FA64-4055-9554-854F8223026C.npy,topoisomerase inhibitor
P015099,L03,s2,CBK277909,/mnt/micro-images-pvc/specs935-v1/specs935-v1-FA-P015099-U2OS-48h-P12-L2/2021-12-23/874/specs935-v1-FA-P015099-U2OS-48h-P12-L2_L03_s2_w57189C20C-306A-438F-B9B0-B53D1CAE11AF.npy,topoisomerase inhibitor
P015099,L03,s3,CBK277909,/mnt/micro-images-pvc/specs935-v1/specs935-v1-FA-P015099-U2OS-48h-P12-L2/2021-12-23/874/specs935-v1-FA-P015099-U2OS-48h-P12-L2_L03_s3_w564D1AC1B-AB9E-495B-AE9F-1D3A7270F9C8.npy,topoisomerase inhibitor
P015099,L03,s4,CBK277909,/mnt/micro-images-pvc/specs935-v1/specs935-v1-FA-P015099-U2OS-48h-P12-L2/2021-12-23/874/specs935-v1-FA-P015099-U2OS-48h-P12-L2_L03_s4_w537FFFC86-BC78-4362-B302-448703458544.npy,topoisomerase inhibitor
P015099,L03,s5,CBK277909,/mnt/micro-images-pvc/specs935-v1/specs935-v1-FA-P015099-U2OS-48h-P12-L2/2021-12-23/874/specs935-v1-FA-P015099-U2OS-48h-P12-L2_L03_s5_w511E47724-A284-43BE-9021-0AE0981EDE4A.npy,topoisomerase inhibitor
P015099,L03,s6,CBK277909,/mnt/micro-images-pvc/specs935-v1/specs935-v1-FA-P015099-U2OS-48h-P12-L2/2021-12-23/874/specs935-v1-FA-P015099-U2OS-48h-P12-L2_L03_s6_w5E3561814-082F-41C2-A0C6-EC92442E26AF.npy,topoisomerase inhibitor
P015099,L03,s7,CBK277909,/mnt/micro-images-pvc/specs935-v1/specs935-v1-FA-P015099-U2OS-48h-P12-L2/2021-12-23/874/specs935-v1-FA-P015099-U2OS-48h-P12-L2_L03_s7_w5E643C2A6-16D2-4F16-A733-69F04427A69C.npy,topoisomerase inhibitor
P015099,L03,s8,CBK277909,/mnt/micro-images-pvc/specs935-v1/specs935-v1-FA-P015099-U2OS-48h-P12-L2/2021-12-23/874/specs935-v1-FA-P015099-U2OS-48h-P12-L2_L03_s8_w58AF3B3E0-72A8-4A3E-BBE2-B41E13A56C03.npy,topoisomerase inhibitor
P015099,L03,s9,CBK277909,/mnt/micro-images-pvc/specs935-v1/specs935-v1-FA-P015099-U2OS-48h-P12-L2/2021-12-23/874/specs935-v1-FA-P015099-U2OS-48h-P12-L2_L03_s9_w5251AF268-2267-4E44-9E05-52B4E182F25E.npy,topoisomerase inhibitor
P015099,L04,s1,CBK309538,/mnt/micro-images-pvc/specs935-v1/specs935-v1-FA-P015099-U2OS-48h-P12-L2/2021-12-23/874/specs935-v1-FA-P015099-U2OS-48h-P12-L2_L04_s1_w5AF02B0F3-3397-4134-986D-A758C4025ACB.npy,protein synthesis inhibitor
P015099,L04,s2,CBK309538,/mnt/micro-images-pvc/specs935-v1/specs935-v1-FA-P015099-U2OS-48h-P12-L2/2021-12-23/874/specs935-v1-FA-P015099-U2OS-48h-P12-L2_L04_s2_w5233931F7-29A1-489E-811D-2BE9131A7DBB.npy,protein synthesis inhibitor
P015099,L04,s3,CBK309538,/mnt/micro-images-pvc/specs935-v1/specs935-v1-FA-P015099-U2OS-48h-P12-L2/2021-12-23/874/specs935-v1-FA-P015099-U2OS-48h-P12-L2_L04_s3_w57941E256-5E2F-4EF4-9535-BB35EBE03EE4.npy,protein synthesis inhibitor
P015099,L04,s4,CBK309538,/mnt/micro-images-pvc/specs935-v1/specs935-v1-FA-P015099-U2OS-48h-P12-L2/2021-12-23/874/specs935-v1-FA-P015099-U2OS-48h-P12-L2_L04_s4_w5B0B40DEB-1EB2-49D3-BA3B-8F0DE1D46B10.npy,protein synthesis inhibitor
P015099,L04,s5,CBK309538,/mnt/micro-images-pvc/specs935-v1/specs935-v1-FA-P015099-U2OS-48h-P12-L2/2021-12-23/874/specs935-v1-FA-P015099-U2OS-48h-P12-L2_L04_s5_w5A35F4FE0-6F59-47B2-A4CF-A7259B52A5CF.npy,protein synthesis inhibitor
P015099,L04,s6,CBK309538,/mnt/micro-images-pvc/specs935-v1/specs935-v1-FA-P015099-U2OS-48h-P12-L2/2021-12-23/874/specs935-v1-FA-P015099-U2OS-48h-P12-L2_L04_s6_w51589497A-FBCC-44DC-852D-95C12E0F1E51.npy,protein synthesis inhibitor
P015099,L04,s7,CBK309538,/mnt/micro-images-pvc/specs935-v1/specs935-v1-FA-P015099-U2OS-48h-P12-L2/2021-12-23/874/specs935-v1-FA-P015099-U2OS-48h-P12-L2_L04_s7_w5C8D02263-FD29-4FC7-9C25-0BC1CCA3AA9E.npy,protein synthesis inhibitor
P015099,L04,s8,CBK309538,/mnt/micro-images-pvc/specs935-v1/specs935-v1-FA-P015099-U2OS-48h-P12-L2/2021-12-23/874/specs935-v1-FA-P015099-U2OS-48h-P12-L2_L04_s8_w55B401ACE-103D-4544-9B82-F97BF5687DE8.npy,protein synthesis inhibitor
P015099,L04,s9,CBK309538,/mnt/micro-images-pvc/specs935-v1/specs935-v1-FA-P015099-U2OS-48h-P12-L2/2021-12-23/874/specs935-v1-FA-P015099-U2OS-48h-P12-L2_L04_s9_w5A9A9DAEA-1E93-42BF-98D6-16A95CAEE061.npy,protein synthesis inhibitor
P015099,L05,s1,CBK200593,/mnt/micro-images-pvc/specs935-v1/specs935-v1-FA-P015099-U2OS-48h-P12-L2/2021-12-23/874/specs935-v1-FA-P015099-U2OS-48h-P12-L2_L05_s1_w5F376D003-20D2-4C8F-9B95-A7929DB7A058.npy,topoisomerase inhibitor
P015099,L05,s2,CBK200593,/mnt/micro-images-pvc/specs935-v1/specs935-v1-FA-P015099-U2OS-48h-P12-L2/2021-12-23/874/specs935-v1-FA-P015099-U2OS-48h-P12-L2_L05_s2_w5CE021FE7-9806-4676-B994-164687EAECE4.npy,topoisomerase inhibitor
P015099,L05,s3,CBK200593,/mnt/micro-images-pvc/specs935-v1/specs935-v1-FA-P015099-U2OS-48h-P12-L2/2021-12-23/874/specs935-v1-FA-P015099-U2OS-48h-P12-L2_L05_s3_w57F41CA85-F1BB-4746-9845-CEE25DD13C2D.npy,topoisomerase inhibitor
P015099,L05,s4,CBK200593,/mnt/micro-images-pvc/specs935-v1/specs935-v1-FA-P015099-U2OS-48h-P12-L2/2021-12-23/874/specs935-v1-FA-P015099-U2OS-48h-P12-L2_L05_s4_w5CD492105-3760-4444-8BDD-59859A7C3AD7.npy,topoisomerase inhibitor
P015099,L05,s5,CBK200593,/mnt/micro-images-pvc/specs935-v1/specs935-v1-FA-P015099-U2OS-48h-P12-L2/2021-12-23/874/specs935-v1-FA-P015099-U2OS-48h-P12-L2_L05_s5_w50EFDFD19-656B-4466-8D1B-7798DB39FF08.npy,topoisomerase inhibitor
P015099,L05,s6,CBK200593,/mnt/micro-images-pvc/specs935-v1/specs935-v1-FA-P015099-U2OS-48h-P12-L2/2021-12-23/874/specs935-v1-FA-P015099-U2OS-48h-P12-L2_L05_s6_w5E69F9CD0-CFEC-4B12-9B96-9C3BDA6CEB21.npy,topoisomerase inhibitor
P015099,L05,s7,CBK200593,/mnt/micro-images-pvc/specs935-v1/specs935-v1-FA-P015099-U2OS-48h-P12-L2/2021-12-23/874/specs935-v1-FA-P015099-U2OS-48h-P12-L2_L05_s7_w57693111A-15DD-4967-98FC-0AACC2E0AB42.npy,topoisomerase inhibitor
P015099,L05,s8,CBK200593,/mnt/micro-images-pvc/specs935-v1/specs935-v1-FA-P015099-U2OS-48h-P12-L2/2021-12-23/874/specs935-v1-FA-P015099-U2OS-48h-P12-L2_L05_s8_w53D52BAF0-DD3C-48BA-8EEC-D7A9AD4B4342.npy,topoisomerase inhibitor
P015099,L05,s9,CBK200593,/mnt/micro-images-pvc/specs935-v1/specs935-v1-FA-P015099-U2OS-48h-P12-L2/2021-12-23/874/specs935-v1-FA-P015099-U2OS-48h-P12-L2_L05_s9_w524CE18D6-A308-46A3-AAC7-52309E847C68.npy,topoisomerase inhibitor
P015099,L06,s1,CBK308484,/mnt/micro-images-pvc/specs935-v1/specs935-v1-FA-P015099-U2OS-48h-P12-L2/2021-12-23/874/specs935-v1-FA-P015099-U2OS-48h-P12-L2_L06_s1_w5109A611B-B791-4A95-8928-DF54BAD31133.npy,topoisomerase inhibitor
P015099,L06,s2,CBK308484,/mnt/micro-images-pvc/specs935-v1/specs935-v1-FA-P015099-U2OS-48h-P12-L2/2021-12-23/874/specs935-v1-FA-P015099-U2OS-48h-P12-L2_L06_s2_w550B3BA5F-BF64-4C7C-BE13-3887B6B6C076.npy,topoisomerase inhibitor
P015099,L06,s3,CBK308484,/mnt/micro-images-pvc/specs935-v1/specs935-v1-FA-P015099-U2OS-48h-P12-L2/2021-12-23/874/specs935-v1-FA-P015099-U2OS-48h-P12-L2_L06_s3_w554A69713-5505-4981-B0A4-EEE53BD9972E.npy,topoisomerase inhibitor
P015099,L06,s4,CBK308484,/mnt/micro-images-pvc/specs935-v1/specs935-v1-FA-P015099-U2OS-48h-P12-L2/2021-12-23/874/specs935-v1-FA-P015099-U2OS-48h-P12-L2_L06_s4_w5ACB277E7-D711-4940-95BD-37EC133F89B4.npy,topoisomerase inhibitor
P015099,L06,s5,CBK308484,/mnt/micro-images-pvc/specs935-v1/specs935-v1-FA-P015099-U2OS-48h-P12-L2/2021-12-23/874/specs935-v1-FA-P015099-U2OS-48h-P12-L2_L06_s5_w5AEA792C3-A752-472E-A74D-630564CCB597.npy,topoisomerase inhibitor
P015099,L06,s6,CBK308484,/mnt/micro-images-pvc/specs935-v1/specs935-v1-FA-P015099-U2OS-48h-P12-L2/2021-12-23/874/specs935-v1-FA-P015099-U2OS-48h-P12-L2_L06_s6_w506ACA942-0C50-413A-869B-19C42DE52381.npy,topoisomerase inhibitor
P015099,L06,s7,CBK308484,/mnt/micro-images-pvc/specs935-v1/specs935-v1-FA-P015099-U2OS-48h-P12-L2/2021-12-23/874/specs935-v1-FA-P015099-U2OS-48h-P12-L2_L06_s7_w54993E36B-13AF-4E22-84A8-A3F9296AF8D7.npy,topoisomerase inhibitor
P015099,L06,s8,CBK308484,/mnt/micro-images-pvc/specs935-v1/specs935-v1-FA-P015099-U2OS-48h-P12-L2/2021-12-23/874/specs935-v1-FA-P015099-U2OS-48h-P12-L2_L06_s8_w511573B3A-12AD-499D-BC48-1B6D74ADDD1E.npy,topoisomerase inhibitor
P015099,L06,s9,CBK308484,/mnt/micro-images-pvc/specs935-v1/specs935-v1-FA-P015099-U2OS-48h-P12-L2/2021-12-23/874/specs935-v1-FA-P015099-U2OS-48h-P12-L2_L06_s9_w50AC8054E-9870-4175-9C68-A74B7E4D5DDE.npy,topoisomerase inhibitor
P015099,L07,s1,CBK011613,/mnt/micro-images-pvc/specs935-v1/specs935-v1-FA-P015099-U2OS-48h-P12-L2/2021-12-23/874/specs935-v1-FA-P015099-U2OS-48h-P12-L2_L07_s1_w54962A7B7-1F28-4ABB-A24F-A8521F018120.npy,retinoid receptor agonist
P015099,L07,s2,CBK011613,/mnt/micro-images-pvc/specs935-v1/specs935-v1-FA-P015099-U2OS-48h-P12-L2/2021-12-23/874/specs935-v1-FA-P015099-U2OS-48h-P12-L2_L07_s2_w5066D9029-C977-4744-8490-DB388152B52A.npy,retinoid receptor agonist
P015099,L07,s3,CBK011613,/mnt/micro-images-pvc/specs935-v1/specs935-v1-FA-P015099-U2OS-48h-P12-L2/2021-12-23/874/specs935-v1-FA-P015099-U2OS-48h-P12-L2_L07_s3_w532709241-D8F9-4F10-9716-B85797AE6FC8.npy,retinoid receptor agonist
P015099,L07,s4,CBK011613,/mnt/micro-images-pvc/specs935-v1/specs935-v1-FA-P015099-U2OS-48h-P12-L2/2021-12-23/874/specs935-v1-FA-P015099-U2OS-48h-P12-L2_L07_s4_w56037FB7C-32E5-48B9-9B29-5C823383BDC2.npy,retinoid receptor agonist
P015099,L07,s5,CBK011613,/mnt/micro-images-pvc/specs935-v1/specs935-v1-FA-P015099-U2OS-48h-P12-L2/2021-12-23/874/specs935-v1-FA-P015099-U2OS-48h-P12-L2_L07_s5_w52C80F47D-FC39-45AC-BDA1-19B20463512E.npy,retinoid receptor agonist
P015099,L07,s6,CBK011613,/mnt/micro-images-pvc/specs935-v1/specs935-v1-FA-P015099-U2OS-48h-P12-L2/2021-12-23/874/specs935-v1-FA-P015099-U2OS-48h-P12-L2_L07_s6_w5A4A56FAF-469A-4A16-B746-AA0F4F95B494.npy,retinoid receptor agonist
P015099,L07,s7,CBK011613,/mnt/micro-images-pvc/specs935-v1/specs935-v1-FA-P015099-U2OS-48h-P12-L2/2021-12-23/874/specs935-v1-FA-P015099-U2OS-48h-P12-L2_L07_s7_w54A36AE2B-A75F-40B5-B66A-94CBB24A5E50.npy,retinoid receptor agonist
P015099,L07,s8,CBK011613,/mnt/micro-images-pvc/specs935-v1/specs935-v1-FA-P015099-U2OS-48h-P12-L2/2021-12-23/874/specs935-v1-FA-P015099-U2OS-48h-P12-L2_L07_s8_w50FF0E946-827F-4B25-AF68-BBE3524750CA.npy,retinoid receptor agonist
P015099,L07,s9,CBK011613,/mnt/micro-images-pvc/specs935-v1/specs935-v1-FA-P015099-U2OS-48h-P12-L2/2021-12-23/874/specs935-v1-FA-P015099-U2OS-48h-P12-L2_L07_s9_w536159424-4C97-4786-983C-D2DCC7AFD940.npy,retinoid receptor agonist
P015099,L09,s1,CBK290683,/mnt/micro-images-pvc/specs935-v1/specs935-v1-FA-P015099-U2OS-48h-P12-L2/2021-12-23/874/specs935-v1-FA-P015099-U2OS-48h-P12-L2_L09_s1_w50D4B64AD-DFA6-41FD-AD40-F2B2F76829D5.npy,topoisomerase inhibitor
P015099,L09,s2,CBK290683,/mnt/micro-images-pvc/specs935-v1/specs935-v1-FA-P015099-U2OS-48h-P12-L2/2021-12-23/874/specs935-v1-FA-P015099-U2OS-48h-P12-L2_L09_s2_w598B70655-AB1D-4101-8714-F3BF1D505FE0.npy,topoisomerase inhibitor
P015099,L09,s3,CBK290683,/mnt/micro-images-pvc/specs935-v1/specs935-v1-FA-P015099-U2OS-48h-P12-L2/2021-12-23/874/specs935-v1-FA-P015099-U2OS-48h-P12-L2_L09_s3_w5329F80C9-940F-4412-99B8-1722042EEEBC.npy,topoisomerase inhibitor
P015099,L09,s4,CBK290683,/mnt/micro-images-pvc/specs935-v1/specs935-v1-FA-P015099-U2OS-48h-P12-L2/2021-12-23/874/specs935-v1-FA-P015099-U2OS-48h-P12-L2_L09_s4_w5192BD0F1-9244-4C0F-AFEE-CB0EE0482FB0.npy,topoisomerase inhibitor
P015099,L09,s5,CBK290683,/mnt/micro-images-pvc/specs935-v1/specs935-v1-FA-P015099-U2OS-48h-P12-L2/2021-12-23/874/specs935-v1-FA-P015099-U2OS-48h-P12-L2_L09_s5_w50839C49E-FF23-472B-8B5A-4C544D1C70E8.npy,topoisomerase inhibitor
P015099,L09,s6,CBK290683,/mnt/micro-images-pvc/specs935-v1/specs935-v1-FA-P015099-U2OS-48h-P12-L2/2021-12-23/874/specs935-v1-FA-P015099-U2OS-48h-P12-L2_L09_s6_w57A91C871-E7DB-4E10-9EAC-AC1361153FDF.npy,topoisomerase inhibitor
P015099,L09,s7,CBK290683,/mnt/micro-images-pvc/specs935-v1/specs935-v1-FA-P015099-U2OS-48h-P12-L2/2021-12-23/874/specs935-v1-FA-P015099-U2OS-48h-P12-L2_L09_s7_w571E3AF1A-976E-4CF2-B3A5-E522AD93BE87.npy,topoisomerase inhibitor
P015099,L09,s8,CBK290683,/mnt/micro-images-pvc/specs935-v1/specs935-v1-FA-P015099-U2OS-48h-P12-L2/2021-12-23/874/specs935-v1-FA-P015099-U2OS-48h-P12-L2_L09_s8_w549217A09-F383-40DE-B2FD-7F105D25F468.npy,topoisomerase inhibitor
P015099,L09,s9,CBK290683,/mnt/micro-images-pvc/specs935-v1/specs935-v1-FA-P015099-U2OS-48h-P12-L2/2021-12-23/874/specs935-v1-FA-P015099-U2OS-48h-P12-L2_L09_s9_w5147B705B-C42D-4ABA-AA15-61315799E190.npy,topoisomerase inhibitor
P015099,L13,s1,CBK041678,/mnt/micro-images-pvc/specs935-v1/specs935-v1-FA-P015099-U2OS-48h-P12-L2/2021-12-23/874/specs935-v1-FA-P015099-U2OS-48h-P12-L2_L13_s1_w51D5954B8-B178-4A86-AE0B-C5C03F08FE0D.npy,topoisomerase inhibitor
P015099,L13,s2,CBK041678,/mnt/micro-images-pvc/specs935-v1/specs935-v1-FA-P015099-U2OS-48h-P12-L2/2021-12-23/874/specs935-v1-FA-P015099-U2OS-48h-P12-L2_L13_s2_w5C3980C1A-2CF7-4B29-B6E8-09C5180D1A0A.npy,topoisomerase inhibitor
P015099,L13,s3,CBK041678,/mnt/micro-images-pvc/specs935-v1/specs935-v1-FA-P015099-U2OS-48h-P12-L2/2021-12-23/874/specs935-v1-FA-P015099-U2OS-48h-P12-L2_L13_s3_w5C37B4511-1C37-4303-ADD8-BAEEF8538C82.npy,topoisomerase inhibitor
P015099,L13,s4,CBK041678,/mnt/micro-images-pvc/specs935-v1/specs935-v1-FA-P015099-U2OS-48h-P12-L2/2021-12-23/874/specs935-v1-FA-P015099-U2OS-48h-P12-L2_L13_s4_w59E5C0E95-79ED-4BE2-B97F-1B1338901072.npy,topoisomerase inhibitor
P015099,L13,s5,CBK041678,/mnt/micro-images-pvc/specs935-v1/specs935-v1-FA-P015099-U2OS-48h-P12-L2/2021-12-23/874/specs935-v1-FA-P015099-U2OS-48h-P12-L2_L13_s5_w5EA40930C-7088-4556-A1F5-DFC0BBA7E085.npy,topoisomerase inhibitor
P015099,L13,s6,CBK041678,/mnt/micro-images-pvc/specs935-v1/specs935-v1-FA-P015099-U2OS-48h-P12-L2/2021-12-23/874/specs935-v1-FA-P015099-U2OS-48h-P12-L2_L13_s6_w51054EA4A-44A3-4CF6-9348-7755E94A2767.npy,topoisomerase inhibitor
P015099,L13,s7,CBK041678,/mnt/micro-images-pvc/specs935-v1/specs935-v1-FA-P015099-U2OS-48h-P12-L2/2021-12-23/874/specs935-v1-FA-P015099-U2OS-48h-P12-L2_L13_s7_w5185F6C37-3CD0-4071-B2D5-91EA042D5E6B.npy,topoisomerase inhibitor
P015099,L13,s8,CBK041678,/mnt/micro-images-pvc/specs935-v1/specs935-v1-FA-P015099-U2OS-48h-P12-L2/2021-12-23/874/specs935-v1-FA-P015099-U2OS-48h-P12-L2_L13_s8_w5CBB6CA46-7DE0-493A-A30F-FDF820272C6A.npy,topoisomerase inhibitor
P015099,L13,s9,CBK041678,/mnt/micro-images-pvc/specs935-v1/specs935-v1-FA-P015099-U2OS-48h-P12-L2/2021-12-23/874/specs935-v1-FA-P015099-U2OS-48h-P12-L2_L13_s9_w5EA396B05-CA97-4279-BC70-D37667D60EF7.npy,topoisomerase inhibitor
P015099,L15,s1,CBK309601,/mnt/micro-images-pvc/specs935-v1/specs935-v1-FA-P015099-U2OS-48h-P12-L2/2021-12-23/874/specs935-v1-FA-P015099-U2OS-48h-P12-L2_L15_s1_w5520D99BF-C34C-4805-9CA8-8A62D9099F2F.npy,protein synthesis inhibitor
P015099,L15,s2,CBK309601,/mnt/micro-images-pvc/specs935-v1/specs935-v1-FA-P015099-U2OS-48h-P12-L2/2021-12-23/874/specs935-v1-FA-P015099-U2OS-48h-P12-L2_L15_s2_w5A77B81C3-E391-4FDE-9803-F05124E48BD4.npy,protein synthesis inhibitor
P015099,L15,s3,CBK309601,/mnt/micro-images-pvc/specs935-v1/specs935-v1-FA-P015099-U2OS-48h-P12-L2/2021-12-23/874/specs935-v1-FA-P015099-U2OS-48h-P12-L2_L15_s3_w57467A64A-8CF9-4C4F-B2B9-32325325FC45.npy,protein synthesis inhibitor
P015099,L15,s4,CBK309601,/mnt/micro-images-pvc/specs935-v1/specs935-v1-FA-P015099-U2OS-48h-P12-L2/2021-12-23/874/specs935-v1-FA-P015099-U2OS-48h-P12-L2_L15_s4_w56D0D2638-B302-445F-8736-3B2FB3D6DEF3.npy,protein synthesis inhibitor
P015099,L15,s5,CBK309601,/mnt/micro-images-pvc/specs935-v1/specs935-v1-FA-P015099-U2OS-48h-P12-L2/2021-12-23/874/specs935-v1-FA-P015099-U2OS-48h-P12-L2_L15_s5_w588249B68-96F6-4CEC-9176-917D387BE2F6.npy,protein synthesis inhibitor
P015099,L15,s6,CBK309601,/mnt/micro-images-pvc/specs935-v1/specs935-v1-FA-P015099-U2OS-48h-P12-L2/2021-12-23/874/specs935-v1-FA-P015099-U2OS-48h-P12-L2_L15_s6_w5BB375DA6-671C-4FD1-BE66-B5B87812B7C6.npy,protein synthesis inhibitor
P015099,L15,s7,CBK309601,/mnt/micro-images-pvc/specs935-v1/specs935-v1-FA-P015099-U2OS-48h-P12-L2/2021-12-23/874/specs935-v1-FA-P015099-U2OS-48h-P12-L2_L15_s7_w52F6A8D3D-92EB-4ADE-9AE2-6A4BE2F44AE0.npy,protein synthesis inhibitor
P015099,L15,s8,CBK309601,/mnt/micro-images-pvc/specs935-v1/specs935-v1-FA-P015099-U2OS-48h-P12-L2/2021-12-23/874/specs935-v1-FA-P015099-U2OS-48h-P12-L2_L15_s8_w5F48B41D4-8CA5-49BF-B717-A273DA9221E1.npy,protein synthesis inhibitor
P015099,L15,s9,CBK309601,/mnt/micro-images-pvc/specs935-v1/specs935-v1-FA-P015099-U2OS-48h-P12-L2/2021-12-23/874/specs935-v1-FA-P015099-U2OS-48h-P12-L2_L15_s9_w5F7FE39B2-0E57-47DB-8462-EA7A5C5A808B.npy,protein synthesis inhibitor
P015099,L16,s1,CBK308819,/mnt/micro-images-pvc/specs935-v1/specs935-v1-FA-P015099-U2OS-48h-P12-L2/2021-12-23/874/specs935-v1-FA-P015099-U2OS-48h-P12-L2_L16_s1_w565186BC8-E22A-4DED-B631-A3435E2643D3.npy,topoisomerase inhibitor
P015099,L16,s2,CBK308819,/mnt/micro-images-pvc/specs935-v1/specs935-v1-FA-P015099-U2OS-48h-P12-L2/2021-12-23/874/specs935-v1-FA-P015099-U2OS-48h-P12-L2_L16_s2_w52C842BBE-09ED-44F3-9DBD-611155B474CF.npy,topoisomerase inhibitor
P015099,L16,s3,CBK308819,/mnt/micro-images-pvc/specs935-v1/specs935-v1-FA-P015099-U2OS-48h-P12-L2/2021-12-23/874/specs935-v1-FA-P015099-U2OS-48h-P12-L2_L16_s3_w5AC5AF6E8-BA65-4E59-82EF-774CDE54B879.npy,topoisomerase inhibitor
P015099,L16,s4,CBK308819,/mnt/micro-images-pvc/specs935-v1/specs935-v1-FA-P015099-U2OS-48h-P12-L2/2021-12-23/874/specs935-v1-FA-P015099-U2OS-48h-P12-L2_L16_s4_w5504F496E-5349-4B94-9AFA-E3BEED27D6B9.npy,topoisomerase inhibitor
P015099,L16,s5,CBK308819,/mnt/micro-images-pvc/specs935-v1/specs935-v1-FA-P015099-U2OS-48h-P12-L2/2021-12-23/874/specs935-v1-FA-P015099-U2OS-48h-P12-L2_L16_s5_w5AEA65346-5A75-4269-A9D8-DBA0850CADA4.npy,topoisomerase inhibitor
P015099,L16,s6,CBK308819,/mnt/micro-images-pvc/specs935-v1/specs935-v1-FA-P015099-U2OS-48h-P12-L2/2021-12-23/874/specs935-v1-FA-P015099-U2OS-48h-P12-L2_L16_s6_w56D0DE44E-D9B1-4BEF-81CE-5B0055EB517E.npy,topoisomerase inhibitor
P015099,L16,s7,CBK308819,/mnt/micro-images-pvc/specs935-v1/specs935-v1-FA-P015099-U2OS-48h-P12-L2/2021-12-23/874/specs935-v1-FA-P015099-U2OS-48h-P12-L2_L16_s7_w51A9FF12C-FD8B-4070-88F0-AC76D5EE229B.npy,topoisomerase inhibitor
P015099,L16,s8,CBK308819,/mnt/micro-images-pvc/specs935-v1/specs935-v1-FA-P015099-U2OS-48h-P12-L2/2021-12-23/874/specs935-v1-FA-P015099-U2OS-48h-P12-L2_L16_s8_w50CCC0E15-E6DF-4B46-A6FD-B7F80B39DB37.npy,topoisomerase inhibitor
P015099,L16,s9,CBK308819,/mnt/micro-images-pvc/specs935-v1/specs935-v1-FA-P015099-U2OS-48h-P12-L2/2021-12-23/874/specs935-v1-FA-P015099-U2OS-48h-P12-L2_L16_s9_w5E50DAFBD-ECB2-4199-90DC-80251E372AC9.npy,topoisomerase inhibitor
P015099,L17,s1,CBK309020,/mnt/micro-images-pvc/specs935-v1/specs935-v1-FA-P015099-U2OS-48h-P12-L2/2021-12-23/874/specs935-v1-FA-P015099-U2OS-48h-P12-L2_L17_s1_w5A9434C81-7CF7-41B2-B437-603D81D422A2.npy,topoisomerase inhibitor
P015099,L17,s2,CBK309020,/mnt/micro-images-pvc/specs935-v1/specs935-v1-FA-P015099-U2OS-48h-P12-L2/2021-12-23/874/specs935-v1-FA-P015099-U2OS-48h-P12-L2_L17_s2_w5624DA8B5-7228-43C6-B770-F015BB4326C6.npy,topoisomerase inhibitor
P015099,L17,s3,CBK309020,/mnt/micro-images-pvc/specs935-v1/specs935-v1-FA-P015099-U2OS-48h-P12-L2/2021-12-23/874/specs935-v1-FA-P015099-U2OS-48h-P12-L2_L17_s3_w552851B5A-19AB-4165-B678-DCA11BE20E86.npy,topoisomerase inhibitor
P015099,L17,s4,CBK309020,/mnt/micro-images-pvc/specs935-v1/specs935-v1-FA-P015099-U2OS-48h-P12-L2/2021-12-23/874/specs935-v1-FA-P015099-U2OS-48h-P12-L2_L17_s4_w50ACB1989-D520-4BE0-9CF7-CAF42EADB39B.npy,topoisomerase inhibitor
P015099,L17,s5,CBK309020,/mnt/micro-images-pvc/specs935-v1/specs935-v1-FA-P015099-U2OS-48h-P12-L2/2021-12-23/874/specs935-v1-FA-P015099-U2OS-48h-P12-L2_L17_s5_w506BF85E1-BDF9-4793-A9CB-4AEBB8E14E2B.npy,topoisomerase inhibitor
P015099,L17,s6,CBK309020,/mnt/micro-images-pvc/specs935-v1/specs935-v1-FA-P015099-U2OS-48h-P12-L2/2021-12-23/874/specs935-v1-FA-P015099-U2OS-48h-P12-L2_L17_s6_w5975416BF-6450-42AE-9A65-1B3B507366EA.npy,topoisomerase inhibitor
P015099,L17,s7,CBK309020,/mnt/micro-images-pvc/specs935-v1/specs935-v1-FA-P015099-U2OS-48h-P12-L2/2021-12-23/874/specs935-v1-FA-P015099-U2OS-48h-P12-L2_L17_s7_w578D2DCAD-E7A1-4ED7-A021-348A6B2EACEF.npy,topoisomerase inhibitor
P015099,L17,s8,CBK309020,/mnt/micro-images-pvc/specs935-v1/specs935-v1-FA-P015099-U2OS-48h-P12-L2/2021-12-23/874/specs935-v1-FA-P015099-U2OS-48h-P12-L2_L17_s8_w58150C846-CCF9-4384-880D-CE73989F1B62.npy,topoisomerase inhibitor
P015099,L17,s9,CBK309020,/mnt/micro-images-pvc/specs935-v1/specs935-v1-FA-P015099-U2OS-48h-P12-L2/2021-12-23/874/specs935-v1-FA-P015099-U2OS-48h-P12-L2_L17_s9_w5FA9880A6-1954-453A-8C5F-F9309DA1E3AF.npy,topoisomerase inhibitor
P015099,L18,s1,CBK309049,/mnt/micro-images-pvc/specs935-v1/specs935-v1-FA-P015099-U2OS-48h-P12-L2/2021-12-23/874/specs935-v1-FA-P015099-U2OS-48h-P12-L2_L18_s1_w5E2D3B75E-CA58-4A19-9EFF-EB1A08CB80F3.npy,retinoid receptor agonist
P015099,L18,s2,CBK309049,/mnt/micro-images-pvc/specs935-v1/specs935-v1-FA-P015099-U2OS-48h-P12-L2/2021-12-23/874/specs935-v1-FA-P015099-U2OS-48h-P12-L2_L18_s2_w5AA213E04-362C-48E0-9A5B-973EC3DC1EFD.npy,retinoid receptor agonist
P015099,L18,s3,CBK309049,/mnt/micro-images-pvc/specs935-v1/specs935-v1-FA-P015099-U2OS-48h-P12-L2/2021-12-23/874/specs935-v1-FA-P015099-U2OS-48h-P12-L2_L18_s3_w50481FA66-B3A8-47EF-B7B9-C3913EA1C043.npy,retinoid receptor agonist
P015099,L18,s4,CBK309049,/mnt/micro-images-pvc/specs935-v1/specs935-v1-FA-P015099-U2OS-48h-P12-L2/2021-12-23/874/specs935-v1-FA-P015099-U2OS-48h-P12-L2_L18_s4_w5BFD62151-C77B-4047-A06A-1C9415DCF1B2.npy,retinoid receptor agonist
P015099,L18,s5,CBK309049,/mnt/micro-images-pvc/specs935-v1/specs935-v1-FA-P015099-U2OS-48h-P12-L2/2021-12-23/874/specs935-v1-FA-P015099-U2OS-48h-P12-L2_L18_s5_w506ACD0A9-44D5-4FF9-B52C-8A9D96EDA141.npy,retinoid receptor agonist
P015099,L18,s6,CBK309049,/mnt/micro-images-pvc/specs935-v1/specs935-v1-FA-P015099-U2OS-48h-P12-L2/2021-12-23/874/specs935-v1-FA-P015099-U2OS-48h-P12-L2_L18_s6_w510818CFA-8B7E-4CCC-AD61-2BB2B9E19EAE.npy,retinoid receptor agonist
P015099,L18,s7,CBK309049,/mnt/micro-images-pvc/specs935-v1/specs935-v1-FA-P015099-U2OS-48h-P12-L2/2021-12-23/874/specs935-v1-FA-P015099-U2OS-48h-P12-L2_L18_s7_w58F652B48-757B-40EB-8323-4EAD1680BE21.npy,retinoid receptor agonist
P015099,L18,s8,CBK309049,/mnt/micro-images-pvc/specs935-v1/specs935-v1-FA-P015099-U2OS-48h-P12-L2/2021-12-23/874/specs935-v1-FA-P015099-U2OS-48h-P12-L2_L18_s8_w5D9ED2D78-5482-4776-9ECE-634840DC629F.npy,retinoid receptor agonist
P015099,L18,s9,CBK309049,/mnt/micro-images-pvc/specs935-v1/specs935-v1-FA-P015099-U2OS-48h-P12-L2/2021-12-23/874/specs935-v1-FA-P015099-U2OS-48h-P12-L2_L18_s9_w54D02B3A0-A172-4E93-86AF-184AE3A9DFCD.npy,retinoid receptor agonist
P015099,L20,s1,CBK289760,/mnt/micro-images-pvc/specs935-v1/specs935-v1-FA-P015099-U2OS-48h-P12-L2/2021-12-23/874/specs935-v1-FA-P015099-U2OS-48h-P12-L2_L20_s1_w52411C052-7C53-4BAB-975F-7707ECBF4503.npy,topoisomerase inhibitor
P015099,L20,s2,CBK289760,/mnt/micro-images-pvc/specs935-v1/specs935-v1-FA-P015099-U2OS-48h-P12-L2/2021-12-23/874/specs935-v1-FA-P015099-U2OS-48h-P12-L2_L20_s2_w5A85A28C9-68DA-43E7-88DA-EEE4762263E1.npy,topoisomerase inhibitor
P015099,L20,s3,CBK289760,/mnt/micro-images-pvc/specs935-v1/specs935-v1-FA-P015099-U2OS-48h-P12-L2/2021-12-23/874/specs935-v1-FA-P015099-U2OS-48h-P12-L2_L20_s3_w5C7249DAC-C361-43AB-ABCF-0AB724795F61.npy,topoisomerase inhibitor
P015099,L20,s4,CBK289760,/mnt/micro-images-pvc/specs935-v1/specs935-v1-FA-P015099-U2OS-48h-P12-L2/2021-12-23/874/specs935-v1-FA-P015099-U2OS-48h-P12-L2_L20_s4_w5F2567BFA-A5C5-4182-99A0-82CA787F2105.npy,topoisomerase inhibitor
P015099,L20,s5,CBK289760,/mnt/micro-images-pvc/specs935-v1/specs935-v1-FA-P015099-U2OS-48h-P12-L2/2021-12-23/874/specs935-v1-FA-P015099-U2OS-48h-P12-L2_L20_s5_w5FA75D2CC-A131-46BA-8F7B-1577EB512C5C.npy,topoisomerase inhibitor
P015099,L20,s6,CBK289760,/mnt/micro-images-pvc/specs935-v1/specs935-v1-FA-P015099-U2OS-48h-P12-L2/2021-12-23/874/specs935-v1-FA-P015099-U2OS-48h-P12-L2_L20_s6_w590932819-8FFE-49B3-AD47-18CBFE214161.npy,topoisomerase inhibitor
P015099,L20,s7,CBK289760,/mnt/micro-images-pvc/specs935-v1/specs935-v1-FA-P015099-U2OS-48h-P12-L2/2021-12-23/874/specs935-v1-FA-P015099-U2OS-48h-P12-L2_L20_s7_w5A0C99C36-F8F0-4B5C-84F6-3A5C41F88501.npy,topoisomerase inhibitor
P015099,L20,s8,CBK289760,/mnt/micro-images-pvc/specs935-v1/specs935-v1-FA-P015099-U2OS-48h-P12-L2/2021-12-23/874/specs935-v1-FA-P015099-U2OS-48h-P12-L2_L20_s8_w58853BB20-14AA-47DF-86E8-AC44A47153F9.npy,topoisomerase inhibitor
P015099,L20,s9,CBK289760,/mnt/micro-images-pvc/specs935-v1/specs935-v1-FA-P015099-U2OS-48h-P12-L2/2021-12-23/874/specs935-v1-FA-P015099-U2OS-48h-P12-L2_L20_s9_w5D196B23F-65DA-4C50-BD50-32229D174E8C.npy,topoisomerase inhibitor
P015099,M02,s1,CBK309084,/mnt/micro-images-pvc/specs935-v1/specs935-v1-FA-P015099-U2OS-48h-P12-L2/2021-12-23/874/specs935-v1-FA-P015099-U2OS-48h-P12-L2_M02_s1_w5466FD6DE-4048-4113-97EF-AE8AF7FDAEF3.npy,topoisomerase inhibitor
P015099,M02,s2,CBK309084,/mnt/micro-images-pvc/specs935-v1/specs935-v1-FA-P015099-U2OS-48h-P12-L2/2021-12-23/874/specs935-v1-FA-P015099-U2OS-48h-P12-L2_M02_s2_w508245120-71FF-41E4-A312-7A4D3BC6121A.npy,topoisomerase inhibitor
P015099,M02,s3,CBK309084,/mnt/micro-images-pvc/specs935-v1/specs935-v1-FA-P015099-U2OS-48h-P12-L2/2021-12-23/874/specs935-v1-FA-P015099-U2OS-48h-P12-L2_M02_s3_w5F82DDDEE-C045-4835-8903-CD552386FACA.npy,topoisomerase inhibitor
P015099,M02,s4,CBK309084,/mnt/micro-images-pvc/specs935-v1/specs935-v1-FA-P015099-U2OS-48h-P12-L2/2021-12-23/874/specs935-v1-FA-P015099-U2OS-48h-P12-L2_M02_s4_w5CC29391D-74FA-4061-91CA-5771CD1AED26.npy,topoisomerase inhibitor
P015099,M02,s5,CBK309084,/mnt/micro-images-pvc/specs935-v1/specs935-v1-FA-P015099-U2OS-48h-P12-L2/2021-12-23/874/specs935-v1-FA-P015099-U2OS-48h-P12-L2_M02_s5_w5981F4C1B-50FF-487A-9006-40EF1F33DC52.npy,topoisomerase inhibitor
P015099,M02,s6,CBK309084,/mnt/micro-images-pvc/specs935-v1/specs935-v1-FA-P015099-U2OS-48h-P12-L2/2021-12-23/874/specs935-v1-FA-P015099-U2OS-48h-P12-L2_M02_s6_w5F06F76E1-2E85-4A1B-AB8D-BB87A6A31E76.npy,topoisomerase inhibitor
P015099,M02,s7,CBK309084,/mnt/micro-images-pvc/specs935-v1/specs935-v1-FA-P015099-U2OS-48h-P12-L2/2021-12-23/874/specs935-v1-FA-P015099-U2OS-48h-P12-L2_M02_s7_w5C708D136-1ECA-4273-BFF3-EE9CE34B42E8.npy,topoisomerase inhibitor
P015099,M02,s8,CBK309084,/mnt/micro-images-pvc/specs935-v1/specs935-v1-FA-P015099-U2OS-48h-P12-L2/2021-12-23/874/specs935-v1-FA-P015099-U2OS-48h-P12-L2_M02_s8_w52C960412-1C4F-4290-AF84-0564D3604DAD.npy,topoisomerase inhibitor
P015099,M02,s9,CBK309084,/mnt/micro-images-pvc/specs935-v1/specs935-v1-FA-P015099-U2OS-48h-P12-L2/2021-12-23/874/specs935-v1-FA-P015099-U2OS-48h-P12-L2_M02_s9_w5D08405FC-D460-44D7-BDC4-1A8D2C3E3788.npy,topoisomerase inhibitor
P015099,M04,s1,CBK201032,/mnt/micro-images-pvc/specs935-v1/specs935-v1-FA-P015099-U2OS-48h-P12-L2/2021-12-23/874/specs935-v1-FA-P015099-U2OS-48h-P12-L2_M04_s1_w5D8F7E93F-79DB-412C-8A56-D7D4A9CE5FC9.npy,tubulin polymerization inhibitor
P015099,M04,s2,CBK201032,/mnt/micro-images-pvc/specs935-v1/specs935-v1-FA-P015099-U2OS-48h-P12-L2/2021-12-23/874/specs935-v1-FA-P015099-U2OS-48h-P12-L2_M04_s2_w5F2C18E30-87EC-469D-BE5E-6E0EF2ED615A.npy,tubulin polymerization inhibitor
P015099,M04,s3,CBK201032,/mnt/micro-images-pvc/specs935-v1/specs935-v1-FA-P015099-U2OS-48h-P12-L2/2021-12-23/874/specs935-v1-FA-P015099-U2OS-48h-P12-L2_M04_s3_w5E200D3E5-7777-4F9E-ADF1-3124401AB52B.npy,tubulin polymerization inhibitor
P015099,M04,s4,CBK201032,/mnt/micro-images-pvc/specs935-v1/specs935-v1-FA-P015099-U2OS-48h-P12-L2/2021-12-23/874/specs935-v1-FA-P015099-U2OS-48h-P12-L2_M04_s4_w5F0E18750-CAF1-4527-B5D3-9B2800EEE8D3.npy,tubulin polymerization inhibitor
P015099,M04,s5,CBK201032,/mnt/micro-images-pvc/specs935-v1/specs935-v1-FA-P015099-U2OS-48h-P12-L2/2021-12-23/874/specs935-v1-FA-P015099-U2OS-48h-P12-L2_M04_s5_w574143A05-1302-427A-A763-317FC350E5AB.npy,tubulin polymerization inhibitor
P015099,M04,s6,CBK201032,/mnt/micro-images-pvc/specs935-v1/specs935-v1-FA-P015099-U2OS-48h-P12-L2/2021-12-23/874/specs935-v1-FA-P015099-U2OS-48h-P12-L2_M04_s6_w582F8A25E-C4F3-49F8-AA73-22E95175BEB3.npy,tubulin polymerization inhibitor
P015099,M04,s7,CBK201032,/mnt/micro-images-pvc/specs935-v1/specs935-v1-FA-P015099-U2OS-48h-P12-L2/2021-12-23/874/specs935-v1-FA-P015099-U2OS-48h-P12-L2_M04_s7_w5BF7C7ECE-65E3-4C02-83EA-786327045EC9.npy,tubulin polymerization inhibitor
P015099,M04,s8,CBK201032,/mnt/micro-images-pvc/specs935-v1/specs935-v1-FA-P015099-U2OS-48h-P12-L2/2021-12-23/874/specs935-v1-FA-P015099-U2OS-48h-P12-L2_M04_s8_w5D076D154-F2E8-4F80-A80A-98C2DFC0C44D.npy,tubulin polymerization inhibitor
P015099,M04,s9,CBK201032,/mnt/micro-images-pvc/specs935-v1/specs935-v1-FA-P015099-U2OS-48h-P12-L2/2021-12-23/874/specs935-v1-FA-P015099-U2OS-48h-P12-L2_M04_s9_w590C2BB28-340E-4AF4-9DA5-9B0D7A8493BD.npy,tubulin polymerization inhibitor
P015099,M05,s1,CBK307747,/mnt/micro-images-pvc/specs935-v1/specs935-v1-FA-P015099-U2OS-48h-P12-L2/2021-12-23/874/specs935-v1-FA-P015099-U2OS-48h-P12-L2_M05_s1_w54F5999CB-DA8E-4CA0-BE7D-2EDD4D49EBF3.npy,tubulin polymerization inhibitor
P015099,M05,s2,CBK307747,/mnt/micro-images-pvc/specs935-v1/specs935-v1-FA-P015099-U2OS-48h-P12-L2/2021-12-23/874/specs935-v1-FA-P015099-U2OS-48h-P12-L2_M05_s2_w56CD5D6B5-1A4B-49FB-AAA0-B38AD0F9A4B9.npy,tubulin polymerization inhibitor
P015099,M05,s3,CBK307747,/mnt/micro-images-pvc/specs935-v1/specs935-v1-FA-P015099-U2OS-48h-P12-L2/2021-12-23/874/specs935-v1-FA-P015099-U2OS-48h-P12-L2_M05_s3_w593CCAF34-E618-49F4-B256-643A60774B60.npy,tubulin polymerization inhibitor
P015099,M05,s4,CBK307747,/mnt/micro-images-pvc/specs935-v1/specs935-v1-FA-P015099-U2OS-48h-P12-L2/2021-12-23/874/specs935-v1-FA-P015099-U2OS-48h-P12-L2_M05_s4_w55D48C1AD-21B9-4DC0-AB50-F4065462A0D6.npy,tubulin polymerization inhibitor
P015099,M05,s5,CBK307747,/mnt/micro-images-pvc/specs935-v1/specs935-v1-FA-P015099-U2OS-48h-P12-L2/2021-12-23/874/specs935-v1-FA-P015099-U2OS-48h-P12-L2_M05_s5_w5DB936EF8-78CB-4843-8821-DD8EF75F21EF.npy,tubulin polymerization inhibitor
P015099,M05,s6,CBK307747,/mnt/micro-images-pvc/specs935-v1/specs935-v1-FA-P015099-U2OS-48h-P12-L2/2021-12-23/874/specs935-v1-FA-P015099-U2OS-48h-P12-L2_M05_s6_w52DE74FE6-F2AB-4C6E-95CC-C6D0AC71B00A.npy,tubulin polymerization inhibitor
P015099,M05,s7,CBK307747,/mnt/micro-images-pvc/specs935-v1/specs935-v1-FA-P015099-U2OS-48h-P12-L2/2021-12-23/874/specs935-v1-FA-P015099-U2OS-48h-P12-L2_M05_s7_w59686A444-6EB6-4538-92EC-EE269C067815.npy,tubulin polymerization inhibitor
P015099,M05,s8,CBK307747,/mnt/micro-images-pvc/specs935-v1/specs935-v1-FA-P015099-U2OS-48h-P12-L2/2021-12-23/874/specs935-v1-FA-P015099-U2OS-48h-P12-L2_M05_s8_w5F424B5F9-2CBD-4673-908F-FE50A998B9C5.npy,tubulin polymerization inhibitor
P015099,M05,s9,CBK307747,/mnt/micro-images-pvc/specs935-v1/specs935-v1-FA-P015099-U2OS-48h-P12-L2/2021-12-23/874/specs935-v1-FA-P015099-U2OS-48h-P12-L2_M05_s9_w5E1521C6F-0CFC-4AE0-8C61-E0922C8A5E98.npy,tubulin polymerization inhibitor
P015099,M08,s1,CBK200593,/mnt/micro-images-pvc/specs935-v1/specs935-v1-FA-P015099-U2OS-48h-P12-L2/2021-12-23/874/specs935-v1-FA-P015099-U2OS-48h-P12-L2_M08_s1_w5FA363D9D-3657-4971-AE6E-D078D4A34AC3.npy,topoisomerase inhibitor
P015099,M08,s2,CBK200593,/mnt/micro-images-pvc/specs935-v1/specs935-v1-FA-P015099-U2OS-48h-P12-L2/2021-12-23/874/specs935-v1-FA-P015099-U2OS-48h-P12-L2_M08_s2_w516D690DB-5939-4F37-9852-EE64FEE7ED4D.npy,topoisomerase inhibitor
P015099,M08,s3,CBK200593,/mnt/micro-images-pvc/specs935-v1/specs935-v1-FA-P015099-U2OS-48h-P12-L2/2021-12-23/874/specs935-v1-FA-P015099-U2OS-48h-P12-L2_M08_s3_w53A6F8B68-B554-4048-82BD-468F7B75391F.npy,topoisomerase inhibitor
P015099,M08,s4,CBK200593,/mnt/micro-images-pvc/specs935-v1/specs935-v1-FA-P015099-U2OS-48h-P12-L2/2021-12-23/874/specs935-v1-FA-P015099-U2OS-48h-P12-L2_M08_s4_w54089BA78-9F9D-4627-BFC1-0586811BC936.npy,topoisomerase inhibitor
P015099,M08,s5,CBK200593,/mnt/micro-images-pvc/specs935-v1/specs935-v1-FA-P015099-U2OS-48h-P12-L2/2021-12-23/874/specs935-v1-FA-P015099-U2OS-48h-P12-L2_M08_s5_w5A59399AE-E5FE-4E9D-8299-E42E24F1649F.npy,topoisomerase inhibitor
P015099,M08,s6,CBK200593,/mnt/micro-images-pvc/specs935-v1/specs935-v1-FA-P015099-U2OS-48h-P12-L2/2021-12-23/874/specs935-v1-FA-P015099-U2OS-48h-P12-L2_M08_s6_w57A7D0C43-2C35-409B-9BA7-76D4B4FA5F77.npy,topoisomerase inhibitor
P015099,M08,s7,CBK200593,/mnt/micro-images-pvc/specs935-v1/specs935-v1-FA-P015099-U2OS-48h-P12-L2/2021-12-23/874/specs935-v1-FA-P015099-U2OS-48h-P12-L2_M08_s7_w56D2A9FEE-A706-4984-931B-33B9AC8FF17E.npy,topoisomerase inhibitor
P015099,M08,s8,CBK200593,/mnt/micro-images-pvc/specs935-v1/specs935-v1-FA-P015099-U2OS-48h-P12-L2/2021-12-23/874/specs935-v1-FA-P015099-U2OS-48h-P12-L2_M08_s8_w5E7ED1AB3-FDDB-4F6D-946F-B4B51A2DD7F8.npy,topoisomerase inhibitor
P015099,M08,s9,CBK200593,/mnt/micro-images-pvc/specs935-v1/specs935-v1-FA-P015099-U2OS-48h-P12-L2/2021-12-23/874/specs935-v1-FA-P015099-U2OS-48h-P12-L2_M08_s9_w5DD463288-486F-44D1-BBA2-C4A9F528848D.npy,topoisomerase inhibitor
P015099,M11,s1,CBK290101,/mnt/micro-images-pvc/specs935-v1/specs935-v1-FA-P015099-U2OS-48h-P12-L2/2021-12-23/874/specs935-v1-FA-P015099-U2OS-48h-P12-L2_M11_s1_w5189BDC52-62FC-45F2-A6F7-52F80D3359EB.npy,retinoid receptor agonist
P015099,M11,s2,CBK290101,/mnt/micro-images-pvc/specs935-v1/specs935-v1-FA-P015099-U2OS-48h-P12-L2/2021-12-23/874/specs935-v1-FA-P015099-U2OS-48h-P12-L2_M11_s2_w5012F7160-9DA5-42F4-849C-F41B54AFF357.npy,retinoid receptor agonist
P015099,M11,s3,CBK290101,/mnt/micro-images-pvc/specs935-v1/specs935-v1-FA-P015099-U2OS-48h-P12-L2/2021-12-23/874/specs935-v1-FA-P015099-U2OS-48h-P12-L2_M11_s3_w5236909BB-3EA1-4DF1-87B6-8EB09DCF3905.npy,retinoid receptor agonist
P015099,M11,s4,CBK290101,/mnt/micro-images-pvc/specs935-v1/specs935-v1-FA-P015099-U2OS-48h-P12-L2/2021-12-23/874/specs935-v1-FA-P015099-U2OS-48h-P12-L2_M11_s4_w5B517E1B4-4F7E-4146-A3B0-975A88CCBBFA.npy,retinoid receptor agonist
P015099,M11,s5,CBK290101,/mnt/micro-images-pvc/specs935-v1/specs935-v1-FA-P015099-U2OS-48h-P12-L2/2021-12-23/874/specs935-v1-FA-P015099-U2OS-48h-P12-L2_M11_s5_w57874C17D-5C00-43C9-8CBF-4D626B5C3D37.npy,retinoid receptor agonist
P015099,M11,s6,CBK290101,/mnt/micro-images-pvc/specs935-v1/specs935-v1-FA-P015099-U2OS-48h-P12-L2/2021-12-23/874/specs935-v1-FA-P015099-U2OS-48h-P12-L2_M11_s6_w5A287E506-6431-4041-A358-104D0C7DEDE0.npy,retinoid receptor agonist
P015099,M11,s7,CBK290101,/mnt/micro-images-pvc/specs935-v1/specs935-v1-FA-P015099-U2OS-48h-P12-L2/2021-12-23/874/specs935-v1-FA-P015099-U2OS-48h-P12-L2_M11_s7_w57AED21D6-704A-4652-8840-465C7F201583.npy,retinoid receptor agonist
P015099,M11,s8,CBK290101,/mnt/micro-images-pvc/specs935-v1/specs935-v1-FA-P015099-U2OS-48h-P12-L2/2021-12-23/874/specs935-v1-FA-P015099-U2OS-48h-P12-L2_M11_s8_w5BEE11806-9E30-4099-B34F-56E128CA655B.npy,retinoid receptor agonist
P015099,M11,s9,CBK290101,/mnt/micro-images-pvc/specs935-v1/specs935-v1-FA-P015099-U2OS-48h-P12-L2/2021-12-23/874/specs935-v1-FA-P015099-U2OS-48h-P12-L2_M11_s9_w50A957101-369C-47B5-8EEE-BB008481069C.npy,retinoid receptor agonist
P015099,M14,s1,CBK309639,/mnt/micro-images-pvc/specs935-v1/specs935-v1-FA-P015099-U2OS-48h-P12-L2/2021-12-23/874/specs935-v1-FA-P015099-U2OS-48h-P12-L2_M14_s1_w52D32549B-8813-4E9F-8FEF-FB986ECF374D.npy,topoisomerase inhibitor
P015099,M14,s2,CBK309639,/mnt/micro-images-pvc/specs935-v1/specs935-v1-FA-P015099-U2OS-48h-P12-L2/2021-12-23/874/specs935-v1-FA-P015099-U2OS-48h-P12-L2_M14_s2_w5964ED330-5685-4A1F-9F84-9E1BE059A089.npy,topoisomerase inhibitor
P015099,M14,s3,CBK309639,/mnt/micro-images-pvc/specs935-v1/specs935-v1-FA-P015099-U2OS-48h-P12-L2/2021-12-23/874/specs935-v1-FA-P015099-U2OS-48h-P12-L2_M14_s3_w570B03433-0434-4272-BABD-AD5C91FF6139.npy,topoisomerase inhibitor
P015099,M14,s4,CBK309639,/mnt/micro-images-pvc/specs935-v1/specs935-v1-FA-P015099-U2OS-48h-P12-L2/2021-12-23/874/specs935-v1-FA-P015099-U2OS-48h-P12-L2_M14_s4_w5482EC5EA-687D-43CD-A6E4-8180C0E32DD7.npy,topoisomerase inhibitor
P015099,M14,s5,CBK309639,/mnt/micro-images-pvc/specs935-v1/specs935-v1-FA-P015099-U2OS-48h-P12-L2/2021-12-23/874/specs935-v1-FA-P015099-U2OS-48h-P12-L2_M14_s5_w549EB86F4-DE60-4827-A394-BBF21AC13C54.npy,topoisomerase inhibitor
P015099,M14,s6,CBK309639,/mnt/micro-images-pvc/specs935-v1/specs935-v1-FA-P015099-U2OS-48h-P12-L2/2021-12-23/874/specs935-v1-FA-P015099-U2OS-48h-P12-L2_M14_s6_w5E5289718-BCA6-427B-9B7C-CCE17643AE0C.npy,topoisomerase inhibitor
P015099,M14,s7,CBK309639,/mnt/micro-images-pvc/specs935-v1/specs935-v1-FA-P015099-U2OS-48h-P12-L2/2021-12-23/874/specs935-v1-FA-P015099-U2OS-48h-P12-L2_M14_s7_w574FB50FB-3B44-4C1D-86E7-F24AD2B7FBD7.npy,topoisomerase inhibitor
P015099,M14,s8,CBK309639,/mnt/micro-images-pvc/specs935-v1/specs935-v1-FA-P015099-U2OS-48h-P12-L2/2021-12-23/874/specs935-v1-FA-P015099-U2OS-48h-P12-L2_M14_s8_w547B2F781-AF19-4BB0-A113-678FA2A44456.npy,topoisomerase inhibitor
P015099,M14,s9,CBK309639,/mnt/micro-images-pvc/specs935-v1/specs935-v1-FA-P015099-U2OS-48h-P12-L2/2021-12-23/874/specs935-v1-FA-P015099-U2OS-48h-P12-L2_M14_s9_w5B7EC9A29-EAB7-41F7-8031-72F5233CFD0A.npy,topoisomerase inhibitor
P015099,M17,s1,CBK041506,/mnt/micro-images-pvc/specs935-v1/specs935-v1-FA-P015099-U2OS-48h-P12-L2/2021-12-23/874/specs935-v1-FA-P015099-U2OS-48h-P12-L2_M17_s1_w5E868A062-875F-4DCB-9CB3-6139BB4E0D72.npy,topoisomerase inhibitor
P015099,M17,s2,CBK041506,/mnt/micro-images-pvc/specs935-v1/specs935-v1-FA-P015099-U2OS-48h-P12-L2/2021-12-23/874/specs935-v1-FA-P015099-U2OS-48h-P12-L2_M17_s2_w5D196FEB6-6D18-42AD-9592-30768C6E3D73.npy,topoisomerase inhibitor
P015099,M17,s3,CBK041506,/mnt/micro-images-pvc/specs935-v1/specs935-v1-FA-P015099-U2OS-48h-P12-L2/2021-12-23/874/specs935-v1-FA-P015099-U2OS-48h-P12-L2_M17_s3_w5EBAB7E4F-3C3C-4F66-B06F-672E676E3F1F.npy,topoisomerase inhibitor
P015099,M17,s4,CBK041506,/mnt/micro-images-pvc/specs935-v1/specs935-v1-FA-P015099-U2OS-48h-P12-L2/2021-12-23/874/specs935-v1-FA-P015099-U2OS-48h-P12-L2_M17_s4_w5636812D4-3A7D-4C3D-9CA1-3C79F65B8399.npy,topoisomerase inhibitor
P015099,M17,s5,CBK041506,/mnt/micro-images-pvc/specs935-v1/specs935-v1-FA-P015099-U2OS-48h-P12-L2/2021-12-23/874/specs935-v1-FA-P015099-U2OS-48h-P12-L2_M17_s5_w58EE055DF-EB06-4635-85E7-41AA9203F4E6.npy,topoisomerase inhibitor
P015099,M17,s6,CBK041506,/mnt/micro-images-pvc/specs935-v1/specs935-v1-FA-P015099-U2OS-48h-P12-L2/2021-12-23/874/specs935-v1-FA-P015099-U2OS-48h-P12-L2_M17_s6_w5C1A51E62-CB85-40E2-B719-34979AB9F908.npy,topoisomerase inhibitor
P015099,M17,s7,CBK041506,/mnt/micro-images-pvc/specs935-v1/specs935-v1-FA-P015099-U2OS-48h-P12-L2/2021-12-23/874/specs935-v1-FA-P015099-U2OS-48h-P12-L2_M17_s7_w5D1AC7DC5-B817-49CF-A243-DE2147172B61.npy,topoisomerase inhibitor
P015099,M17,s8,CBK041506,/mnt/micro-images-pvc/specs935-v1/specs935-v1-FA-P015099-U2OS-48h-P12-L2/2021-12-23/874/specs935-v1-FA-P015099-U2OS-48h-P12-L2_M17_s8_w54646B7C0-1B15-4F25-8293-7E30CB03CFAE.npy,topoisomerase inhibitor
P015099,M17,s9,CBK041506,/mnt/micro-images-pvc/specs935-v1/specs935-v1-FA-P015099-U2OS-48h-P12-L2/2021-12-23/874/specs935-v1-FA-P015099-U2OS-48h-P12-L2_M17_s9_w52FE3BA56-C65B-480B-A364-92C9FA3231CE.npy,topoisomerase inhibitor
P015099,M19,s1,CBK308097,/mnt/micro-images-pvc/specs935-v1/specs935-v1-FA-P015099-U2OS-48h-P12-L2/2021-12-23/874/specs935-v1-FA-P015099-U2OS-48h-P12-L2_M19_s1_w516B615F8-02C8-42FA-BD33-5991F3D346C0.npy,retinoid receptor agonist
P015099,M19,s2,CBK308097,/mnt/micro-images-pvc/specs935-v1/specs935-v1-FA-P015099-U2OS-48h-P12-L2/2021-12-23/874/specs935-v1-FA-P015099-U2OS-48h-P12-L2_M19_s2_w55EF9CFF4-9E82-48A1-B799-07EC89ACEB10.npy,retinoid receptor agonist
P015099,M19,s3,CBK308097,/mnt/micro-images-pvc/specs935-v1/specs935-v1-FA-P015099-U2OS-48h-P12-L2/2021-12-23/874/specs935-v1-FA-P015099-U2OS-48h-P12-L2_M19_s3_w51192FE95-83B4-427E-BDC4-1DC6ABB24B27.npy,retinoid receptor agonist
P015099,M19,s4,CBK308097,/mnt/micro-images-pvc/specs935-v1/specs935-v1-FA-P015099-U2OS-48h-P12-L2/2021-12-23/874/specs935-v1-FA-P015099-U2OS-48h-P12-L2_M19_s4_w52A91F35C-0EEF-4210-879F-54383F696C2F.npy,retinoid receptor agonist
P015099,M19,s5,CBK308097,/mnt/micro-images-pvc/specs935-v1/specs935-v1-FA-P015099-U2OS-48h-P12-L2/2021-12-23/874/specs935-v1-FA-P015099-U2OS-48h-P12-L2_M19_s5_w59823D2B3-0909-445E-89E2-2536DBF220BC.npy,retinoid receptor agonist
P015099,M19,s6,CBK308097,/mnt/micro-images-pvc/specs935-v1/specs935-v1-FA-P015099-U2OS-48h-P12-L2/2021-12-23/874/specs935-v1-FA-P015099-U2OS-48h-P12-L2_M19_s6_w5921F0DF6-68A7-4394-A94B-562DD0CCB65C.npy,retinoid receptor agonist
P015099,M19,s7,CBK308097,/mnt/micro-images-pvc/specs935-v1/specs935-v1-FA-P015099-U2OS-48h-P12-L2/2021-12-23/874/specs935-v1-FA-P015099-U2OS-48h-P12-L2_M19_s7_w525308D13-5E37-407A-85EE-CB85A9928DD0.npy,retinoid receptor agonist
P015099,M19,s8,CBK308097,/mnt/micro-images-pvc/specs935-v1/specs935-v1-FA-P015099-U2OS-48h-P12-L2/2021-12-23/874/specs935-v1-FA-P015099-U2OS-48h-P12-L2_M19_s8_w5DE8ECA5A-1492-4ACE-8F19-E79DE2ED2E30.npy,retinoid receptor agonist
P015099,M19,s9,CBK308097,/mnt/micro-images-pvc/specs935-v1/specs935-v1-FA-P015099-U2OS-48h-P12-L2/2021-12-23/874/specs935-v1-FA-P015099-U2OS-48h-P12-L2_M19_s9_w5CA522D7A-E8EF-40BC-B82E-CA55D34EABE5.npy,retinoid receptor agonist
P015099,M20,s1,CBK309601,/mnt/micro-images-pvc/specs935-v1/specs935-v1-FA-P015099-U2OS-48h-P12-L2/2021-12-23/874/specs935-v1-FA-P015099-U2OS-48h-P12-L2_M20_s1_w5A1EF91A7-5FF7-421F-86E6-DE0C729E3B59.npy,protein synthesis inhibitor
P015099,M20,s2,CBK309601,/mnt/micro-images-pvc/specs935-v1/specs935-v1-FA-P015099-U2OS-48h-P12-L2/2021-12-23/874/specs935-v1-FA-P015099-U2OS-48h-P12-L2_M20_s2_w5715BC358-3E56-494A-AA6C-C38ABC643346.npy,protein synthesis inhibitor
P015099,M20,s3,CBK309601,/mnt/micro-images-pvc/specs935-v1/specs935-v1-FA-P015099-U2OS-48h-P12-L2/2021-12-23/874/specs935-v1-FA-P015099-U2OS-48h-P12-L2_M20_s3_w53775E9B2-0095-4221-8188-8F42B3964433.npy,protein synthesis inhibitor
P015099,M20,s4,CBK309601,/mnt/micro-images-pvc/specs935-v1/specs935-v1-FA-P015099-U2OS-48h-P12-L2/2021-12-23/874/specs935-v1-FA-P015099-U2OS-48h-P12-L2_M20_s4_w53F2B6500-F815-4493-8646-B0C378C5DF95.npy,protein synthesis inhibitor
P015099,M20,s5,CBK309601,/mnt/micro-images-pvc/specs935-v1/specs935-v1-FA-P015099-U2OS-48h-P12-L2/2021-12-23/874/specs935-v1-FA-P015099-U2OS-48h-P12-L2_M20_s5_w59BA76819-2B81-4497-9EF7-5B309CAA4D9E.npy,protein synthesis inhibitor
P015099,M20,s6,CBK309601,/mnt/micro-images-pvc/specs935-v1/specs935-v1-FA-P015099-U2OS-48h-P12-L2/2021-12-23/874/specs935-v1-FA-P015099-U2OS-48h-P12-L2_M20_s6_w54F3B93B5-F985-418F-9246-1D2FCFD727FD.npy,protein synthesis inhibitor
P015099,M20,s7,CBK309601,/mnt/micro-images-pvc/specs935-v1/specs935-v1-FA-P015099-U2OS-48h-P12-L2/2021-12-23/874/specs935-v1-FA-P015099-U2OS-48h-P12-L2_M20_s7_w57D5C1282-2348-4753-9E14-86F91FE3CFAC.npy,protein synthesis inhibitor
P015099,M20,s8,CBK309601,/mnt/micro-images-pvc/specs935-v1/specs935-v1-FA-P015099-U2OS-48h-P12-L2/2021-12-23/874/specs935-v1-FA-P015099-U2OS-48h-P12-L2_M20_s8_w520541111-1F53-4B00-949B-27FF2A91645C.npy,protein synthesis inhibitor
P015099,M20,s9,CBK309601,/mnt/micro-images-pvc/specs935-v1/specs935-v1-FA-P015099-U2OS-48h-P12-L2/2021-12-23/874/specs935-v1-FA-P015099-U2OS-48h-P12-L2_M20_s9_w5B51602E1-56DE-472C-BF7A-6B77B8132B4E.npy,protein synthesis inhibitor
P015099,M21,s1,CBK309466,/mnt/micro-images-pvc/specs935-v1/specs935-v1-FA-P015099-U2OS-48h-P12-L2/2021-12-23/874/specs935-v1-FA-P015099-U2OS-48h-P12-L2_M21_s1_w5DEFA1491-6AE5-40C7-88A0-1F88A02323B0.npy,retinoid receptor agonist
P015099,M21,s2,CBK309466,/mnt/micro-images-pvc/specs935-v1/specs935-v1-FA-P015099-U2OS-48h-P12-L2/2021-12-23/874/specs935-v1-FA-P015099-U2OS-48h-P12-L2_M21_s2_w5DA029BEF-4C46-4EF2-81E8-A7B5EDEA8BCE.npy,retinoid receptor agonist
P015099,M21,s3,CBK309466,/mnt/micro-images-pvc/specs935-v1/specs935-v1-FA-P015099-U2OS-48h-P12-L2/2021-12-23/874/specs935-v1-FA-P015099-U2OS-48h-P12-L2_M21_s3_w5D3CC2B54-1A4B-46EF-9D6E-1430C8850420.npy,retinoid receptor agonist
P015099,M21,s4,CBK309466,/mnt/micro-images-pvc/specs935-v1/specs935-v1-FA-P015099-U2OS-48h-P12-L2/2021-12-23/874/specs935-v1-FA-P015099-U2OS-48h-P12-L2_M21_s4_w5973F21F2-905B-4069-81A7-199AC21FC16A.npy,retinoid receptor agonist
P015099,M21,s5,CBK309466,/mnt/micro-images-pvc/specs935-v1/specs935-v1-FA-P015099-U2OS-48h-P12-L2/2021-12-23/874/specs935-v1-FA-P015099-U2OS-48h-P12-L2_M21_s5_w589A9851D-9DAE-4C26-B2B1-E843B451E677.npy,retinoid receptor agonist
P015099,M21,s6,CBK309466,/mnt/micro-images-pvc/specs935-v1/specs935-v1-FA-P015099-U2OS-48h-P12-L2/2021-12-23/874/specs935-v1-FA-P015099-U2OS-48h-P12-L2_M21_s6_w593648055-46BE-446F-A957-B24C5BECAEAD.npy,retinoid receptor agonist
P015099,M21,s7,CBK309466,/mnt/micro-images-pvc/specs935-v1/specs935-v1-FA-P015099-U2OS-48h-P12-L2/2021-12-23/874/specs935-v1-FA-P015099-U2OS-48h-P12-L2_M21_s7_w50BF39D0C-B02D-4EA3-8B89-0D07ECE51582.npy,retinoid receptor agonist
P015099,M21,s8,CBK309466,/mnt/micro-images-pvc/specs935-v1/specs935-v1-FA-P015099-U2OS-48h-P12-L2/2021-12-23/874/specs935-v1-FA-P015099-U2OS-48h-P12-L2_M21_s8_w551F39733-F7EE-4DAE-AC18-EAE845736E02.npy,retinoid receptor agonist
P015099,M21,s9,CBK309466,/mnt/micro-images-pvc/specs935-v1/specs935-v1-FA-P015099-U2OS-48h-P12-L2/2021-12-23/874/specs935-v1-FA-P015099-U2OS-48h-P12-L2_M21_s9_w5EF700A7D-2293-4508-8080-5C7C3F5FB501.npy,retinoid receptor agonist
P015099,M23,s1,CBK290217,/mnt/micro-images-pvc/specs935-v1/specs935-v1-FA-P015099-U2OS-48h-P12-L2/2021-12-23/874/specs935-v1-FA-P015099-U2OS-48h-P12-L2_M23_s1_w5FB1D74BD-51BD-4120-9CE8-5A7844484DBD.npy,retinoid receptor agonist
P015099,M23,s2,CBK290217,/mnt/micro-images-pvc/specs935-v1/specs935-v1-FA-P015099-U2OS-48h-P12-L2/2021-12-23/874/specs935-v1-FA-P015099-U2OS-48h-P12-L2_M23_s2_w524C5BED3-5249-44B1-937D-E2E177791E50.npy,retinoid receptor agonist
P015099,M23,s3,CBK290217,/mnt/micro-images-pvc/specs935-v1/specs935-v1-FA-P015099-U2OS-48h-P12-L2/2021-12-23/874/specs935-v1-FA-P015099-U2OS-48h-P12-L2_M23_s3_w5A2226C18-814A-43E8-95A5-B15B7519A288.npy,retinoid receptor agonist
P015099,M23,s4,CBK290217,/mnt/micro-images-pvc/specs935-v1/specs935-v1-FA-P015099-U2OS-48h-P12-L2/2021-12-23/874/specs935-v1-FA-P015099-U2OS-48h-P12-L2_M23_s4_w56B7265CB-0588-4A33-9FBD-8BD34189DB02.npy,retinoid receptor agonist
P015099,M23,s5,CBK290217,/mnt/micro-images-pvc/specs935-v1/specs935-v1-FA-P015099-U2OS-48h-P12-L2/2021-12-23/874/specs935-v1-FA-P015099-U2OS-48h-P12-L2_M23_s5_w5235E8A42-80FC-4793-BD12-63AF6D28AF39.npy,retinoid receptor agonist
P015099,M23,s6,CBK290217,/mnt/micro-images-pvc/specs935-v1/specs935-v1-FA-P015099-U2OS-48h-P12-L2/2021-12-23/874/specs935-v1-FA-P015099-U2OS-48h-P12-L2_M23_s6_w5D827B0C0-F746-4AE2-B766-845415045E43.npy,retinoid receptor agonist
P015099,M23,s7,CBK290217,/mnt/micro-images-pvc/specs935-v1/specs935-v1-FA-P015099-U2OS-48h-P12-L2/2021-12-23/874/specs935-v1-FA-P015099-U2OS-48h-P12-L2_M23_s7_w588D63773-CB19-46E1-AE31-B9744C40E312.npy,retinoid receptor agonist
P015099,M23,s8,CBK290217,/mnt/micro-images-pvc/specs935-v1/specs935-v1-FA-P015099-U2OS-48h-P12-L2/2021-12-23/874/specs935-v1-FA-P015099-U2OS-48h-P12-L2_M23_s8_w5113CA2C5-46E7-42EC-AC7E-A7B4B37CFCAE.npy,retinoid receptor agonist
P015099,M23,s9,CBK290217,/mnt/micro-images-pvc/specs935-v1/specs935-v1-FA-P015099-U2OS-48h-P12-L2/2021-12-23/874/specs935-v1-FA-P015099-U2OS-48h-P12-L2_M23_s9_w5267B8D50-CEBD-43B0-AA0D-0DDAF07B7181.npy,retinoid receptor agonist
P015099,N02,s1,CBK041585,/mnt/micro-images-pvc/specs935-v1/specs935-v1-FA-P015099-U2OS-48h-P12-L2/2021-12-23/874/specs935-v1-FA-P015099-U2OS-48h-P12-L2_N02_s1_w522DC06AB-EE49-4345-BFD9-57F73246C317.npy,topoisomerase inhibitor
P015099,N02,s2,CBK041585,/mnt/micro-images-pvc/specs935-v1/specs935-v1-FA-P015099-U2OS-48h-P12-L2/2021-12-23/874/specs935-v1-FA-P015099-U2OS-48h-P12-L2_N02_s2_w550DD675B-D381-452B-B064-1B2AADB1E593.npy,topoisomerase inhibitor
P015099,N02,s3,CBK041585,/mnt/micro-images-pvc/specs935-v1/specs935-v1-FA-P015099-U2OS-48h-P12-L2/2021-12-23/874/specs935-v1-FA-P015099-U2OS-48h-P12-L2_N02_s3_w5F27396F0-726E-441B-AA80-AA94FF04E7EF.npy,topoisomerase inhibitor
P015099,N02,s4,CBK041585,/mnt/micro-images-pvc/specs935-v1/specs935-v1-FA-P015099-U2OS-48h-P12-L2/2021-12-23/874/specs935-v1-FA-P015099-U2OS-48h-P12-L2_N02_s4_w55A69A85D-7C7A-492A-98CD-4E68BB8B42C2.npy,topoisomerase inhibitor
P015099,N02,s5,CBK041585,/mnt/micro-images-pvc/specs935-v1/specs935-v1-FA-P015099-U2OS-48h-P12-L2/2021-12-23/874/specs935-v1-FA-P015099-U2OS-48h-P12-L2_N02_s5_w524EE43F6-9F32-485F-B0D2-64A6A2818551.npy,topoisomerase inhibitor
P015099,N02,s6,CBK041585,/mnt/micro-images-pvc/specs935-v1/specs935-v1-FA-P015099-U2OS-48h-P12-L2/2021-12-23/874/specs935-v1-FA-P015099-U2OS-48h-P12-L2_N02_s6_w57A7080FF-67FD-45B4-BFB2-FD733FF387CD.npy,topoisomerase inhibitor
P015099,N02,s7,CBK041585,/mnt/micro-images-pvc/specs935-v1/specs935-v1-FA-P015099-U2OS-48h-P12-L2/2021-12-23/874/specs935-v1-FA-P015099-U2OS-48h-P12-L2_N02_s7_w51DE7D96F-A351-4F6D-A921-4EB382AC59B0.npy,topoisomerase inhibitor
P015099,N02,s8,CBK041585,/mnt/micro-images-pvc/specs935-v1/specs935-v1-FA-P015099-U2OS-48h-P12-L2/2021-12-23/874/specs935-v1-FA-P015099-U2OS-48h-P12-L2_N02_s8_w5D8611713-9737-4B97-BA05-3B3A350F8DA0.npy,topoisomerase inhibitor
P015099,N02,s9,CBK041585,/mnt/micro-images-pvc/specs935-v1/specs935-v1-FA-P015099-U2OS-48h-P12-L2/2021-12-23/874/specs935-v1-FA-P015099-U2OS-48h-P12-L2_N02_s9_w5B597965B-238B-4D1C-B8DF-1177B76293F5.npy,topoisomerase inhibitor
P015099,N04,s1,CBK201030,/mnt/micro-images-pvc/specs935-v1/specs935-v1-FA-P015099-U2OS-48h-P12-L2/2021-12-23/874/specs935-v1-FA-P015099-U2OS-48h-P12-L2_N04_s1_w52A73C878-5284-43B2-B380-A009C9EEDF57.npy,topoisomerase inhibitor
P015099,N04,s2,CBK201030,/mnt/micro-images-pvc/specs935-v1/specs935-v1-FA-P015099-U2OS-48h-P12-L2/2021-12-23/874/specs935-v1-FA-P015099-U2OS-48h-P12-L2_N04_s2_w5F9999889-5499-4402-BECF-0007EF773846.npy,topoisomerase inhibitor
P015099,N04,s3,CBK201030,/mnt/micro-images-pvc/specs935-v1/specs935-v1-FA-P015099-U2OS-48h-P12-L2/2021-12-23/874/specs935-v1-FA-P015099-U2OS-48h-P12-L2_N04_s3_w5D727D7FB-25B6-4488-A08C-7092A32BDAC4.npy,topoisomerase inhibitor
P015099,N04,s4,CBK201030,/mnt/micro-images-pvc/specs935-v1/specs935-v1-FA-P015099-U2OS-48h-P12-L2/2021-12-23/874/specs935-v1-FA-P015099-U2OS-48h-P12-L2_N04_s4_w5340DF686-8B48-4357-A432-BFFAC05378BB.npy,topoisomerase inhibitor
P015099,N04,s5,CBK201030,/mnt/micro-images-pvc/specs935-v1/specs935-v1-FA-P015099-U2OS-48h-P12-L2/2021-12-23/874/specs935-v1-FA-P015099-U2OS-48h-P12-L2_N04_s5_w5AD8C14D8-A555-483E-9CBD-4397AF64A255.npy,topoisomerase inhibitor
P015099,N04,s6,CBK201030,/mnt/micro-images-pvc/specs935-v1/specs935-v1-FA-P015099-U2OS-48h-P12-L2/2021-12-23/874/specs935-v1-FA-P015099-U2OS-48h-P12-L2_N04_s6_w5FB8F370C-F3A7-44B1-810C-ECB3F12BB03C.npy,topoisomerase inhibitor
P015099,N04,s7,CBK201030,/mnt/micro-images-pvc/specs935-v1/specs935-v1-FA-P015099-U2OS-48h-P12-L2/2021-12-23/874/specs935-v1-FA-P015099-U2OS-48h-P12-L2_N04_s7_w55E1AA239-99C8-4427-B7BC-9FA8EDF6CFF0.npy,topoisomerase inhibitor
P015099,N04,s8,CBK201030,/mnt/micro-images-pvc/specs935-v1/specs935-v1-FA-P015099-U2OS-48h-P12-L2/2021-12-23/874/specs935-v1-FA-P015099-U2OS-48h-P12-L2_N04_s8_w5112D4AE8-AC22-4F6E-9CA4-A9431C1D06E8.npy,topoisomerase inhibitor
P015099,N04,s9,CBK201030,/mnt/micro-images-pvc/specs935-v1/specs935-v1-FA-P015099-U2OS-48h-P12-L2/2021-12-23/874/specs935-v1-FA-P015099-U2OS-48h-P12-L2_N04_s9_w551AC02F1-1DA8-4B85-803C-997DC887158E.npy,topoisomerase inhibitor
P015099,N06,s1,CBK308966,/mnt/micro-images-pvc/specs935-v1/specs935-v1-FA-P015099-U2OS-48h-P12-L2/2021-12-23/874/specs935-v1-FA-P015099-U2OS-48h-P12-L2_N06_s1_w50593316D-4797-4483-9E2F-A1DDBDC3E13A.npy,tubulin polymerization inhibitor
P015099,N06,s2,CBK308966,/mnt/micro-images-pvc/specs935-v1/specs935-v1-FA-P015099-U2OS-48h-P12-L2/2021-12-23/874/specs935-v1-FA-P015099-U2OS-48h-P12-L2_N06_s2_w50800F8DD-07F1-4F04-8684-D24DEAD36CF3.npy,tubulin polymerization inhibitor
P015099,N06,s3,CBK308966,/mnt/micro-images-pvc/specs935-v1/specs935-v1-FA-P015099-U2OS-48h-P12-L2/2021-12-23/874/specs935-v1-FA-P015099-U2OS-48h-P12-L2_N06_s3_w518C76CA2-9D29-40D5-AB92-DE9901322F36.npy,tubulin polymerization inhibitor
P015099,N06,s4,CBK308966,/mnt/micro-images-pvc/specs935-v1/specs935-v1-FA-P015099-U2OS-48h-P12-L2/2021-12-23/874/specs935-v1-FA-P015099-U2OS-48h-P12-L2_N06_s4_w5291E6851-E0B1-44C1-806C-3FF3D23D50E5.npy,tubulin polymerization inhibitor
P015099,N06,s5,CBK308966,/mnt/micro-images-pvc/specs935-v1/specs935-v1-FA-P015099-U2OS-48h-P12-L2/2021-12-23/874/specs935-v1-FA-P015099-U2OS-48h-P12-L2_N06_s5_w58AA2C98B-F06E-4AA9-8F99-F898A4E127D5.npy,tubulin polymerization inhibitor
P015099,N06,s6,CBK308966,/mnt/micro-images-pvc/specs935-v1/specs935-v1-FA-P015099-U2OS-48h-P12-L2/2021-12-23/874/specs935-v1-FA-P015099-U2OS-48h-P12-L2_N06_s6_w5ED479D7A-ADAC-4527-AB5A-2D6AE60FF0C5.npy,tubulin polymerization inhibitor
P015099,N06,s7,CBK308966,/mnt/micro-images-pvc/specs935-v1/specs935-v1-FA-P015099-U2OS-48h-P12-L2/2021-12-23/874/specs935-v1-FA-P015099-U2OS-48h-P12-L2_N06_s7_w58DA03712-304E-496E-A567-3E4E003F9A28.npy,tubulin polymerization inhibitor
P015099,N06,s8,CBK308966,/mnt/micro-images-pvc/specs935-v1/specs935-v1-FA-P015099-U2OS-48h-P12-L2/2021-12-23/874/specs935-v1-FA-P015099-U2OS-48h-P12-L2_N06_s8_w59B9021A3-1474-4B27-9D44-4913647E36EE.npy,tubulin polymerization inhibitor
P015099,N06,s9,CBK308966,/mnt/micro-images-pvc/specs935-v1/specs935-v1-FA-P015099-U2OS-48h-P12-L2/2021-12-23/874/specs935-v1-FA-P015099-U2OS-48h-P12-L2_N06_s9_w57CA7E5E1-A423-4C8F-8C1C-EE381DDF272A.npy,tubulin polymerization inhibitor
P015099,N09,s1,CBK201032,/mnt/micro-images-pvc/specs935-v1/specs935-v1-FA-P015099-U2OS-48h-P12-L2/2021-12-23/874/specs935-v1-FA-P015099-U2OS-48h-P12-L2_N09_s1_w5E516E1D7-8BB8-4356-BB46-045B0E584395.npy,tubulin polymerization inhibitor
P015099,N09,s2,CBK201032,/mnt/micro-images-pvc/specs935-v1/specs935-v1-FA-P015099-U2OS-48h-P12-L2/2021-12-23/874/specs935-v1-FA-P015099-U2OS-48h-P12-L2_N09_s2_w5E9D8A8CB-CEF8-455D-8061-8AF44BD1F0AC.npy,tubulin polymerization inhibitor
P015099,N09,s3,CBK201032,/mnt/micro-images-pvc/specs935-v1/specs935-v1-FA-P015099-U2OS-48h-P12-L2/2021-12-23/874/specs935-v1-FA-P015099-U2OS-48h-P12-L2_N09_s3_w51402C7CC-89A0-46D5-B678-06F0A40FD3FF.npy,tubulin polymerization inhibitor
P015099,N09,s4,CBK201032,/mnt/micro-images-pvc/specs935-v1/specs935-v1-FA-P015099-U2OS-48h-P12-L2/2021-12-23/874/specs935-v1-FA-P015099-U2OS-48h-P12-L2_N09_s4_w5BCC3DCFA-2A9E-4FD6-B47F-7F38081539B1.npy,tubulin polymerization inhibitor
P015099,N09,s5,CBK201032,/mnt/micro-images-pvc/specs935-v1/specs935-v1-FA-P015099-U2OS-48h-P12-L2/2021-12-23/874/specs935-v1-FA-P015099-U2OS-48h-P12-L2_N09_s5_w5D7950C5E-7E14-43FB-B630-E08E5328D39A.npy,tubulin polymerization inhibitor
P015099,N09,s6,CBK201032,/mnt/micro-images-pvc/specs935-v1/specs935-v1-FA-P015099-U2OS-48h-P12-L2/2021-12-23/874/specs935-v1-FA-P015099-U2OS-48h-P12-L2_N09_s6_w58E0A2822-F6D5-44FA-9203-409EEAB2AD9F.npy,tubulin polymerization inhibitor
P015099,N09,s7,CBK201032,/mnt/micro-images-pvc/specs935-v1/specs935-v1-FA-P015099-U2OS-48h-P12-L2/2021-12-23/874/specs935-v1-FA-P015099-U2OS-48h-P12-L2_N09_s7_w53B9CD7F5-1084-414A-8E03-F4BE41015F94.npy,tubulin polymerization inhibitor
P015099,N09,s8,CBK201032,/mnt/micro-images-pvc/specs935-v1/specs935-v1-FA-P015099-U2OS-48h-P12-L2/2021-12-23/874/specs935-v1-FA-P015099-U2OS-48h-P12-L2_N09_s8_w5E8BCF472-C237-461E-8A7E-D92E1CE06E3A.npy,tubulin polymerization inhibitor
P015099,N09,s9,CBK201032,/mnt/micro-images-pvc/specs935-v1/specs935-v1-FA-P015099-U2OS-48h-P12-L2/2021-12-23/874/specs935-v1-FA-P015099-U2OS-48h-P12-L2_N09_s9_w5FCDAAAC4-4550-4A7B-8350-C2A859B1D6FF.npy,tubulin polymerization inhibitor
P015099,N10,s1,CBK309391,/mnt/micro-images-pvc/specs935-v1/specs935-v1-FA-P015099-U2OS-48h-P12-L2/2021-12-23/874/specs935-v1-FA-P015099-U2OS-48h-P12-L2_N10_s1_w59F457918-ACF7-4620-8A7D-F93AFA07E950.npy,tubulin polymerization inhibitor
P015099,N10,s2,CBK309391,/mnt/micro-images-pvc/specs935-v1/specs935-v1-FA-P015099-U2OS-48h-P12-L2/2021-12-23/874/specs935-v1-FA-P015099-U2OS-48h-P12-L2_N10_s2_w5FF3C7777-9FC9-4E5F-9C64-F745EE68F37E.npy,tubulin polymerization inhibitor
P015099,N10,s3,CBK309391,/mnt/micro-images-pvc/specs935-v1/specs935-v1-FA-P015099-U2OS-48h-P12-L2/2021-12-23/874/specs935-v1-FA-P015099-U2OS-48h-P12-L2_N10_s3_w553BE822E-FA7E-4ED2-B3DA-492B524E5CE3.npy,tubulin polymerization inhibitor
P015099,N10,s4,CBK309391,/mnt/micro-images-pvc/specs935-v1/specs935-v1-FA-P015099-U2OS-48h-P12-L2/2021-12-23/874/specs935-v1-FA-P015099-U2OS-48h-P12-L2_N10_s4_w5678A718C-FF2F-47A5-9AB3-7B774A784E5D.npy,tubulin polymerization inhibitor
P015099,N10,s5,CBK309391,/mnt/micro-images-pvc/specs935-v1/specs935-v1-FA-P015099-U2OS-48h-P12-L2/2021-12-23/874/specs935-v1-FA-P015099-U2OS-48h-P12-L2_N10_s5_w59DC68CF0-06A5-43A7-B3D0-769C890D78C6.npy,tubulin polymerization inhibitor
P015099,N10,s6,CBK309391,/mnt/micro-images-pvc/specs935-v1/specs935-v1-FA-P015099-U2OS-48h-P12-L2/2021-12-23/874/specs935-v1-FA-P015099-U2OS-48h-P12-L2_N10_s6_w5787C11EB-85B7-47DD-BC24-9BDA468DB3E4.npy,tubulin polymerization inhibitor
P015099,N10,s7,CBK309391,/mnt/micro-images-pvc/specs935-v1/specs935-v1-FA-P015099-U2OS-48h-P12-L2/2021-12-23/874/specs935-v1-FA-P015099-U2OS-48h-P12-L2_N10_s7_w5A1811885-2299-4839-ACF8-901ED798F965.npy,tubulin polymerization inhibitor
P015099,N10,s8,CBK309391,/mnt/micro-images-pvc/specs935-v1/specs935-v1-FA-P015099-U2OS-48h-P12-L2/2021-12-23/874/specs935-v1-FA-P015099-U2OS-48h-P12-L2_N10_s8_w5C200CB21-972A-42F7-BEB5-8DF4D6EABE86.npy,tubulin polymerization inhibitor
P015099,N10,s9,CBK309391,/mnt/micro-images-pvc/specs935-v1/specs935-v1-FA-P015099-U2OS-48h-P12-L2/2021-12-23/874/specs935-v1-FA-P015099-U2OS-48h-P12-L2_N10_s9_w52EF2F387-D24C-4BEB-8AC6-891599CA8843.npy,tubulin polymerization inhibitor
P015099,N11,s1,CBK307964,/mnt/micro-images-pvc/specs935-v1/specs935-v1-FA-P015099-U2OS-48h-P12-L2/2021-12-23/874/specs935-v1-FA-P015099-U2OS-48h-P12-L2_N11_s1_w5C63FF3AB-0CD9-48A4-94B5-AC0DD82D0AB6.npy,tubulin polymerization inhibitor
P015099,N11,s2,CBK307964,/mnt/micro-images-pvc/specs935-v1/specs935-v1-FA-P015099-U2OS-48h-P12-L2/2021-12-23/874/specs935-v1-FA-P015099-U2OS-48h-P12-L2_N11_s2_w559D7F885-EF7A-48D9-813F-998491285A20.npy,tubulin polymerization inhibitor
P015099,N11,s3,CBK307964,/mnt/micro-images-pvc/specs935-v1/specs935-v1-FA-P015099-U2OS-48h-P12-L2/2021-12-23/874/specs935-v1-FA-P015099-U2OS-48h-P12-L2_N11_s3_w570447765-40C6-4FBC-A9F8-894E9073F9F3.npy,tubulin polymerization inhibitor
P015099,N11,s4,CBK307964,/mnt/micro-images-pvc/specs935-v1/specs935-v1-FA-P015099-U2OS-48h-P12-L2/2021-12-23/874/specs935-v1-FA-P015099-U2OS-48h-P12-L2_N11_s4_w505E80166-5925-466F-B8A5-A321F00563DB.npy,tubulin polymerization inhibitor
P015099,N11,s5,CBK307964,/mnt/micro-images-pvc/specs935-v1/specs935-v1-FA-P015099-U2OS-48h-P12-L2/2021-12-23/874/specs935-v1-FA-P015099-U2OS-48h-P12-L2_N11_s5_w5E43E4CAD-999B-4B24-86EB-0D3DC36D7C64.npy,tubulin polymerization inhibitor
P015099,N11,s6,CBK307964,/mnt/micro-images-pvc/specs935-v1/specs935-v1-FA-P015099-U2OS-48h-P12-L2/2021-12-23/874/specs935-v1-FA-P015099-U2OS-48h-P12-L2_N11_s6_w548568D53-76B7-414E-A9C9-C1359D0878B4.npy,tubulin polymerization inhibitor
P015099,N11,s7,CBK307964,/mnt/micro-images-pvc/specs935-v1/specs935-v1-FA-P015099-U2OS-48h-P12-L2/2021-12-23/874/specs935-v1-FA-P015099-U2OS-48h-P12-L2_N11_s7_w5B631058D-F970-4435-952F-B4A3508058BB.npy,tubulin polymerization inhibitor
P015099,N11,s8,CBK307964,/mnt/micro-images-pvc/specs935-v1/specs935-v1-FA-P015099-U2OS-48h-P12-L2/2021-12-23/874/specs935-v1-FA-P015099-U2OS-48h-P12-L2_N11_s8_w55C1AD7BC-A793-4471-9A98-007D19DA90E9.npy,tubulin polymerization inhibitor
P015099,N11,s9,CBK307964,/mnt/micro-images-pvc/specs935-v1/specs935-v1-FA-P015099-U2OS-48h-P12-L2/2021-12-23/874/specs935-v1-FA-P015099-U2OS-48h-P12-L2_N11_s9_w5B4A596F8-31C5-41DF-9E07-1451A5605950.npy,tubulin polymerization inhibitor
P015099,N12,s1,CBK308173,/mnt/micro-images-pvc/specs935-v1/specs935-v1-FA-P015099-U2OS-48h-P12-L2/2021-12-23/874/specs935-v1-FA-P015099-U2OS-48h-P12-L2_N12_s1_w594340113-8867-4633-A254-3A32885FB606.npy,topoisomerase inhibitor
P015099,N12,s2,CBK308173,/mnt/micro-images-pvc/specs935-v1/specs935-v1-FA-P015099-U2OS-48h-P12-L2/2021-12-23/874/specs935-v1-FA-P015099-U2OS-48h-P12-L2_N12_s2_w5352354A3-EA4E-439A-B727-49ACB81F39AF.npy,topoisomerase inhibitor
P015099,N12,s3,CBK308173,/mnt/micro-images-pvc/specs935-v1/specs935-v1-FA-P015099-U2OS-48h-P12-L2/2021-12-23/874/specs935-v1-FA-P015099-U2OS-48h-P12-L2_N12_s3_w5F002E3A1-C346-446A-896F-01DA59BC1FBB.npy,topoisomerase inhibitor
P015099,N12,s4,CBK308173,/mnt/micro-images-pvc/specs935-v1/specs935-v1-FA-P015099-U2OS-48h-P12-L2/2021-12-23/874/specs935-v1-FA-P015099-U2OS-48h-P12-L2_N12_s4_w548BF6F11-455F-4F25-A013-FE9DB74D78E5.npy,topoisomerase inhibitor
P015099,N12,s5,CBK308173,/mnt/micro-images-pvc/specs935-v1/specs935-v1-FA-P015099-U2OS-48h-P12-L2/2021-12-23/874/specs935-v1-FA-P015099-U2OS-48h-P12-L2_N12_s5_w5CD1134A4-FDF0-41E4-A46E-A67F95D60376.npy,topoisomerase inhibitor
P015099,N12,s6,CBK308173,/mnt/micro-images-pvc/specs935-v1/specs935-v1-FA-P015099-U2OS-48h-P12-L2/2021-12-23/874/specs935-v1-FA-P015099-U2OS-48h-P12-L2_N12_s6_w5DEAC5A46-4629-424D-A050-C63AB08F36B2.npy,topoisomerase inhibitor
P015099,N12,s7,CBK308173,/mnt/micro-images-pvc/specs935-v1/specs935-v1-FA-P015099-U2OS-48h-P12-L2/2021-12-23/874/specs935-v1-FA-P015099-U2OS-48h-P12-L2_N12_s7_w57219BB2C-4125-4308-B663-6A79056B7F79.npy,topoisomerase inhibitor
P015099,N12,s8,CBK308173,/mnt/micro-images-pvc/specs935-v1/specs935-v1-FA-P015099-U2OS-48h-P12-L2/2021-12-23/874/specs935-v1-FA-P015099-U2OS-48h-P12-L2_N12_s8_w565BA5687-B1A5-4653-819C-B4B3B8BE62E4.npy,topoisomerase inhibitor
P015099,N12,s9,CBK308173,/mnt/micro-images-pvc/specs935-v1/specs935-v1-FA-P015099-U2OS-48h-P12-L2/2021-12-23/874/specs935-v1-FA-P015099-U2OS-48h-P12-L2_N12_s9_w5030CACD1-8992-4FF4-8807-7745BD853F69.npy,topoisomerase inhibitor
P015099,N13,s1,CBK309016,/mnt/micro-images-pvc/specs935-v1/specs935-v1-FA-P015099-U2OS-48h-P12-L2/2021-12-23/874/specs935-v1-FA-P015099-U2OS-48h-P12-L2_N13_s1_w5C5421FC3-60DD-4244-85C6-B355CDBF549D.npy,tubulin polymerization inhibitor
P015099,N13,s2,CBK309016,/mnt/micro-images-pvc/specs935-v1/specs935-v1-FA-P015099-U2OS-48h-P12-L2/2021-12-23/874/specs935-v1-FA-P015099-U2OS-48h-P12-L2_N13_s2_w543E09222-57D2-4EF1-B4C8-1E6A1908D5BB.npy,tubulin polymerization inhibitor
P015099,N13,s3,CBK309016,/mnt/micro-images-pvc/specs935-v1/specs935-v1-FA-P015099-U2OS-48h-P12-L2/2021-12-23/874/specs935-v1-FA-P015099-U2OS-48h-P12-L2_N13_s3_w546E6EA78-4E67-46B8-961D-74E647AC6BDA.npy,tubulin polymerization inhibitor
P015099,N13,s4,CBK309016,/mnt/micro-images-pvc/specs935-v1/specs935-v1-FA-P015099-U2OS-48h-P12-L2/2021-12-23/874/specs935-v1-FA-P015099-U2OS-48h-P12-L2_N13_s4_w54CB82CE4-AF96-447D-89CF-AD751D2EA9D6.npy,tubulin polymerization inhibitor
P015099,N13,s5,CBK309016,/mnt/micro-images-pvc/specs935-v1/specs935-v1-FA-P015099-U2OS-48h-P12-L2/2021-12-23/874/specs935-v1-FA-P015099-U2OS-48h-P12-L2_N13_s5_w5829C25A4-49CE-4FFC-BFC7-00016C758E8E.npy,tubulin polymerization inhibitor
P015099,N13,s6,CBK309016,/mnt/micro-images-pvc/specs935-v1/specs935-v1-FA-P015099-U2OS-48h-P12-L2/2021-12-23/874/specs935-v1-FA-P015099-U2OS-48h-P12-L2_N13_s6_w57D95CC63-2631-43D2-AD08-CFEAFDC7CAA2.npy,tubulin polymerization inhibitor
P015099,N13,s7,CBK309016,/mnt/micro-images-pvc/specs935-v1/specs935-v1-FA-P015099-U2OS-48h-P12-L2/2021-12-23/874/specs935-v1-FA-P015099-U2OS-48h-P12-L2_N13_s7_w559F5CE30-AB12-463F-87BC-7CA396E5AAB4.npy,tubulin polymerization inhibitor
P015099,N13,s8,CBK309016,/mnt/micro-images-pvc/specs935-v1/specs935-v1-FA-P015099-U2OS-48h-P12-L2/2021-12-23/874/specs935-v1-FA-P015099-U2OS-48h-P12-L2_N13_s8_w517FCB679-45A0-489A-B9FF-2089B349A1C7.npy,tubulin polymerization inhibitor
P015099,N13,s9,CBK309016,/mnt/micro-images-pvc/specs935-v1/specs935-v1-FA-P015099-U2OS-48h-P12-L2/2021-12-23/874/specs935-v1-FA-P015099-U2OS-48h-P12-L2_N13_s9_w5077C581A-610A-442C-9D15-F29015287431.npy,tubulin polymerization inhibitor
P015099,N15,s1,CBK041761,/mnt/micro-images-pvc/specs935-v1/specs935-v1-FA-P015099-U2OS-48h-P12-L2/2021-12-23/874/specs935-v1-FA-P015099-U2OS-48h-P12-L2_N15_s1_w5B548A27D-6124-4D9C-909E-BCF39FB4B298.npy,tubulin polymerization inhibitor
P015099,N15,s2,CBK041761,/mnt/micro-images-pvc/specs935-v1/specs935-v1-FA-P015099-U2OS-48h-P12-L2/2021-12-23/874/specs935-v1-FA-P015099-U2OS-48h-P12-L2_N15_s2_w54B1FE220-B7AA-41AE-A605-68C1848CA3A7.npy,tubulin polymerization inhibitor
P015099,N15,s3,CBK041761,/mnt/micro-images-pvc/specs935-v1/specs935-v1-FA-P015099-U2OS-48h-P12-L2/2021-12-23/874/specs935-v1-FA-P015099-U2OS-48h-P12-L2_N15_s3_w58F6F83AA-C5AC-4C12-A86A-3A4F894800ED.npy,tubulin polymerization inhibitor
P015099,N15,s4,CBK041761,/mnt/micro-images-pvc/specs935-v1/specs935-v1-FA-P015099-U2OS-48h-P12-L2/2021-12-23/874/specs935-v1-FA-P015099-U2OS-48h-P12-L2_N15_s4_w59EBD9042-D91E-49A1-BBEB-924D49ECAE5E.npy,tubulin polymerization inhibitor
P015099,N15,s5,CBK041761,/mnt/micro-images-pvc/specs935-v1/specs935-v1-FA-P015099-U2OS-48h-P12-L2/2021-12-23/874/specs935-v1-FA-P015099-U2OS-48h-P12-L2_N15_s5_w55FB1FDEE-5B74-4760-ABBC-3E29AFF85D76.npy,tubulin polymerization inhibitor
P015099,N15,s6,CBK041761,/mnt/micro-images-pvc/specs935-v1/specs935-v1-FA-P015099-U2OS-48h-P12-L2/2021-12-23/874/specs935-v1-FA-P015099-U2OS-48h-P12-L2_N15_s6_w588158074-AB96-49D4-945C-7B9C0C11F3B2.npy,tubulin polymerization inhibitor
P015099,N15,s7,CBK041761,/mnt/micro-images-pvc/specs935-v1/specs935-v1-FA-P015099-U2OS-48h-P12-L2/2021-12-23/874/specs935-v1-FA-P015099-U2OS-48h-P12-L2_N15_s7_w529BB8ABF-3CFB-46D9-A4F3-B02AE6AC58E7.npy,tubulin polymerization inhibitor
P015099,N15,s8,CBK041761,/mnt/micro-images-pvc/specs935-v1/specs935-v1-FA-P015099-U2OS-48h-P12-L2/2021-12-23/874/specs935-v1-FA-P015099-U2OS-48h-P12-L2_N15_s8_w54397BF67-D389-409D-80BC-3B294870337D.npy,tubulin polymerization inhibitor
P015099,N15,s9,CBK041761,/mnt/micro-images-pvc/specs935-v1/specs935-v1-FA-P015099-U2OS-48h-P12-L2/2021-12-23/874/specs935-v1-FA-P015099-U2OS-48h-P12-L2_N15_s9_w5E64EAFA8-AF66-46C3-8F22-EEE9EB57B275.npy,tubulin polymerization inhibitor
P015099,N17,s1,CBK309437,/mnt/micro-images-pvc/specs935-v1/specs935-v1-FA-P015099-U2OS-48h-P12-L2/2021-12-23/874/specs935-v1-FA-P015099-U2OS-48h-P12-L2_N17_s1_w5B29ACA4A-C79C-41A0-8549-8CAAAF422577.npy,tubulin polymerization inhibitor
P015099,N17,s2,CBK309437,/mnt/micro-images-pvc/specs935-v1/specs935-v1-FA-P015099-U2OS-48h-P12-L2/2021-12-23/874/specs935-v1-FA-P015099-U2OS-48h-P12-L2_N17_s2_w5E9647C4C-9957-4053-ABD9-14A445228547.npy,tubulin polymerization inhibitor
P015099,N17,s3,CBK309437,/mnt/micro-images-pvc/specs935-v1/specs935-v1-FA-P015099-U2OS-48h-P12-L2/2021-12-23/874/specs935-v1-FA-P015099-U2OS-48h-P12-L2_N17_s3_w5153256F9-FAB4-4AB0-BCEC-88C800311919.npy,tubulin polymerization inhibitor
P015099,N17,s4,CBK309437,/mnt/micro-images-pvc/specs935-v1/specs935-v1-FA-P015099-U2OS-48h-P12-L2/2021-12-23/874/specs935-v1-FA-P015099-U2OS-48h-P12-L2_N17_s4_w5783D81BD-F82D-4697-9E82-30DA4FC30934.npy,tubulin polymerization inhibitor
P015099,N17,s5,CBK309437,/mnt/micro-images-pvc/specs935-v1/specs935-v1-FA-P015099-U2OS-48h-P12-L2/2021-12-23/874/specs935-v1-FA-P015099-U2OS-48h-P12-L2_N17_s5_w5325618C4-78EE-47F4-8F5D-96214FC760EE.npy,tubulin polymerization inhibitor
P015099,N17,s6,CBK309437,/mnt/micro-images-pvc/specs935-v1/specs935-v1-FA-P015099-U2OS-48h-P12-L2/2021-12-23/874/specs935-v1-FA-P015099-U2OS-48h-P12-L2_N17_s6_w564D893D0-A951-4449-90DE-0DD67AA25E9B.npy,tubulin polymerization inhibitor
P015099,N17,s7,CBK309437,/mnt/micro-images-pvc/specs935-v1/specs935-v1-FA-P015099-U2OS-48h-P12-L2/2021-12-23/874/specs935-v1-FA-P015099-U2OS-48h-P12-L2_N17_s7_w5CED2537E-2DF1-4331-BD0B-EA2ED7096DA8.npy,tubulin polymerization inhibitor
P015099,N17,s8,CBK309437,/mnt/micro-images-pvc/specs935-v1/specs935-v1-FA-P015099-U2OS-48h-P12-L2/2021-12-23/874/specs935-v1-FA-P015099-U2OS-48h-P12-L2_N17_s8_w558078EE9-09C6-4FEF-AD0F-B67C1EB7285E.npy,tubulin polymerization inhibitor
P015099,N17,s9,CBK309437,/mnt/micro-images-pvc/specs935-v1/specs935-v1-FA-P015099-U2OS-48h-P12-L2/2021-12-23/874/specs935-v1-FA-P015099-U2OS-48h-P12-L2_N17_s9_w570E6521F-A2ED-4D05-AF1C-ADC2737B6AF8.npy,tubulin polymerization inhibitor
P015099,N18,s1,CBK277969,/mnt/micro-images-pvc/specs935-v1/specs935-v1-FA-P015099-U2OS-48h-P12-L2/2021-12-23/874/specs935-v1-FA-P015099-U2OS-48h-P12-L2_N18_s1_w53B6DDA8F-B603-4B2B-BB96-19A6E598B994.npy,tubulin polymerization inhibitor
P015099,N18,s2,CBK277969,/mnt/micro-images-pvc/specs935-v1/specs935-v1-FA-P015099-U2OS-48h-P12-L2/2021-12-23/874/specs935-v1-FA-P015099-U2OS-48h-P12-L2_N18_s2_w5527EC924-D865-46FB-A8D9-0493C0ECFD56.npy,tubulin polymerization inhibitor
P015099,N18,s3,CBK277969,/mnt/micro-images-pvc/specs935-v1/specs935-v1-FA-P015099-U2OS-48h-P12-L2/2021-12-23/874/specs935-v1-FA-P015099-U2OS-48h-P12-L2_N18_s3_w5E3A53BA1-FF43-4C6F-A693-205052AFD370.npy,tubulin polymerization inhibitor
P015099,N18,s4,CBK277969,/mnt/micro-images-pvc/specs935-v1/specs935-v1-FA-P015099-U2OS-48h-P12-L2/2021-12-23/874/specs935-v1-FA-P015099-U2OS-48h-P12-L2_N18_s4_w5DA4A05C5-0BF4-45FA-B410-1E75C9EACABE.npy,tubulin polymerization inhibitor
P015099,N18,s5,CBK277969,/mnt/micro-images-pvc/specs935-v1/specs935-v1-FA-P015099-U2OS-48h-P12-L2/2021-12-23/874/specs935-v1-FA-P015099-U2OS-48h-P12-L2_N18_s5_w5E50BB3A9-AD16-45AE-B3C0-0D126048FA59.npy,tubulin polymerization inhibitor
P015099,N18,s6,CBK277969,/mnt/micro-images-pvc/specs935-v1/specs935-v1-FA-P015099-U2OS-48h-P12-L2/2021-12-23/874/specs935-v1-FA-P015099-U2OS-48h-P12-L2_N18_s6_w586D9815F-1357-42AE-8FB8-8CF6BE5466C7.npy,tubulin polymerization inhibitor
P015099,N18,s7,CBK277969,/mnt/micro-images-pvc/specs935-v1/specs935-v1-FA-P015099-U2OS-48h-P12-L2/2021-12-23/874/specs935-v1-FA-P015099-U2OS-48h-P12-L2_N18_s7_w534895583-2BB3-4E87-A98E-B894A3584DAC.npy,tubulin polymerization inhibitor
P015099,N18,s8,CBK277969,/mnt/micro-images-pvc/specs935-v1/specs935-v1-FA-P015099-U2OS-48h-P12-L2/2021-12-23/874/specs935-v1-FA-P015099-U2OS-48h-P12-L2_N18_s8_w5B0AF04B4-DAD4-4740-B2E2-73C5A4D7635F.npy,tubulin polymerization inhibitor
P015099,N18,s9,CBK277969,/mnt/micro-images-pvc/specs935-v1/specs935-v1-FA-P015099-U2OS-48h-P12-L2/2021-12-23/874/specs935-v1-FA-P015099-U2OS-48h-P12-L2_N18_s9_w55710EF55-A87F-47EF-B560-DF595176EE66.npy,tubulin polymerization inhibitor
P015099,N19,s1,CBK309020,/mnt/micro-images-pvc/specs935-v1/specs935-v1-FA-P015099-U2OS-48h-P12-L2/2021-12-23/874/specs935-v1-FA-P015099-U2OS-48h-P12-L2_N19_s1_w5232A8E3A-05D6-411A-A8F6-74BB71C76BBE.npy,topoisomerase inhibitor
P015099,N19,s2,CBK309020,/mnt/micro-images-pvc/specs935-v1/specs935-v1-FA-P015099-U2OS-48h-P12-L2/2021-12-23/874/specs935-v1-FA-P015099-U2OS-48h-P12-L2_N19_s2_w5FC69FB4B-16C1-4335-BCBC-3553745CBD68.npy,topoisomerase inhibitor
P015099,N19,s3,CBK309020,/mnt/micro-images-pvc/specs935-v1/specs935-v1-FA-P015099-U2OS-48h-P12-L2/2021-12-23/874/specs935-v1-FA-P015099-U2OS-48h-P12-L2_N19_s3_w5D25B4F13-8B19-4C2E-A624-A0D51275777D.npy,topoisomerase inhibitor
P015099,N19,s4,CBK309020,/mnt/micro-images-pvc/specs935-v1/specs935-v1-FA-P015099-U2OS-48h-P12-L2/2021-12-23/874/specs935-v1-FA-P015099-U2OS-48h-P12-L2_N19_s4_w5009439AA-898C-428C-9649-89EF2BBF3AFC.npy,topoisomerase inhibitor
P015099,N19,s5,CBK309020,/mnt/micro-images-pvc/specs935-v1/specs935-v1-FA-P015099-U2OS-48h-P12-L2/2021-12-23/874/specs935-v1-FA-P015099-U2OS-48h-P12-L2_N19_s5_w5ADDA682C-4360-405A-A4E4-7DA73C00EA92.npy,topoisomerase inhibitor
P015099,N19,s6,CBK309020,/mnt/micro-images-pvc/specs935-v1/specs935-v1-FA-P015099-U2OS-48h-P12-L2/2021-12-23/874/specs935-v1-FA-P015099-U2OS-48h-P12-L2_N19_s6_w511E5E856-78F1-4B7F-8CEB-4968FFDA7758.npy,topoisomerase inhibitor
P015099,N19,s7,CBK309020,/mnt/micro-images-pvc/specs935-v1/specs935-v1-FA-P015099-U2OS-48h-P12-L2/2021-12-23/874/specs935-v1-FA-P015099-U2OS-48h-P12-L2_N19_s7_w5243A3734-1559-4536-A12F-6643C0718431.npy,topoisomerase inhibitor
P015099,N19,s8,CBK309020,/mnt/micro-images-pvc/specs935-v1/specs935-v1-FA-P015099-U2OS-48h-P12-L2/2021-12-23/874/specs935-v1-FA-P015099-U2OS-48h-P12-L2_N19_s8_w5EC4ECACF-DE8C-4742-969E-38966371E205.npy,topoisomerase inhibitor
P015099,N19,s9,CBK309020,/mnt/micro-images-pvc/specs935-v1/specs935-v1-FA-P015099-U2OS-48h-P12-L2/2021-12-23/874/specs935-v1-FA-P015099-U2OS-48h-P12-L2_N19_s9_w5620B5463-6E43-4F3C-B978-A8D41443FA15.npy,topoisomerase inhibitor
P015099,O02,s1,CBK309391,/mnt/micro-images-pvc/specs935-v1/specs935-v1-FA-P015099-U2OS-48h-P12-L2/2021-12-23/874/specs935-v1-FA-P015099-U2OS-48h-P12-L2_O02_s1_w5DC3F92FB-C59E-4DCD-AA50-D6CD3855B07E.npy,tubulin polymerization inhibitor
P015099,O02,s2,CBK309391,/mnt/micro-images-pvc/specs935-v1/specs935-v1-FA-P015099-U2OS-48h-P12-L2/2021-12-23/874/specs935-v1-FA-P015099-U2OS-48h-P12-L2_O02_s2_w539146A8D-F11B-41C9-87A0-98419FF4FC51.npy,tubulin polymerization inhibitor
P015099,O02,s3,CBK309391,/mnt/micro-images-pvc/specs935-v1/specs935-v1-FA-P015099-U2OS-48h-P12-L2/2021-12-23/874/specs935-v1-FA-P015099-U2OS-48h-P12-L2_O02_s3_w5C7E1986D-6CA7-4B4F-937E-5514E8179CA4.npy,tubulin polymerization inhibitor
P015099,O02,s4,CBK309391,/mnt/micro-images-pvc/specs935-v1/specs935-v1-FA-P015099-U2OS-48h-P12-L2/2021-12-23/874/specs935-v1-FA-P015099-U2OS-48h-P12-L2_O02_s4_w56F1B8358-75DA-4E53-9EE7-9AF70B65E559.npy,tubulin polymerization inhibitor
P015099,O02,s5,CBK309391,/mnt/micro-images-pvc/specs935-v1/specs935-v1-FA-P015099-U2OS-48h-P12-L2/2021-12-23/874/specs935-v1-FA-P015099-U2OS-48h-P12-L2_O02_s5_w5B1A9E6A2-0479-4083-87B1-F6F7B6BCF65A.npy,tubulin polymerization inhibitor
P015099,O02,s6,CBK309391,/mnt/micro-images-pvc/specs935-v1/specs935-v1-FA-P015099-U2OS-48h-P12-L2/2021-12-23/874/specs935-v1-FA-P015099-U2OS-48h-P12-L2_O02_s6_w594D35E3B-0AF2-4A22-AEAE-D02EFF441555.npy,tubulin polymerization inhibitor
P015099,O02,s7,CBK309391,/mnt/micro-images-pvc/specs935-v1/specs935-v1-FA-P015099-U2OS-48h-P12-L2/2021-12-23/874/specs935-v1-FA-P015099-U2OS-48h-P12-L2_O02_s7_w51C19E1A6-D009-4B52-BFB7-E0D54EFDEEA0.npy,tubulin polymerization inhibitor
P015099,O02,s8,CBK309391,/mnt/micro-images-pvc/specs935-v1/specs935-v1-FA-P015099-U2OS-48h-P12-L2/2021-12-23/874/specs935-v1-FA-P015099-U2OS-48h-P12-L2_O02_s8_w5E2FC4ABD-85E7-457A-AB49-EB8FD3410AA7.npy,tubulin polymerization inhibitor
P015099,O02,s9,CBK309391,/mnt/micro-images-pvc/specs935-v1/specs935-v1-FA-P015099-U2OS-48h-P12-L2/2021-12-23/874/specs935-v1-FA-P015099-U2OS-48h-P12-L2_O02_s9_w5BC679311-5F06-48A0-AFC7-342B5579597F.npy,tubulin polymerization inhibitor
P015099,O03,s1,CBK290012,/mnt/micro-images-pvc/specs935-v1/specs935-v1-FA-P015099-U2OS-48h-P12-L2/2021-12-23/874/specs935-v1-FA-P015099-U2OS-48h-P12-L2_O03_s1_w59BE7D779-CB87-4DB8-B978-AB7FFF79BF56.npy,retinoid receptor agonist
P015099,O03,s2,CBK290012,/mnt/micro-images-pvc/specs935-v1/specs935-v1-FA-P015099-U2OS-48h-P12-L2/2021-12-23/874/specs935-v1-FA-P015099-U2OS-48h-P12-L2_O03_s2_w5323DB69F-80DC-42A8-BA3B-067422A7B4DE.npy,retinoid receptor agonist
P015099,O03,s3,CBK290012,/mnt/micro-images-pvc/specs935-v1/specs935-v1-FA-P015099-U2OS-48h-P12-L2/2021-12-23/874/specs935-v1-FA-P015099-U2OS-48h-P12-L2_O03_s3_w5E673FFDF-655B-4C87-BFEF-2339E8CD25F5.npy,retinoid receptor agonist
P015099,O03,s4,CBK290012,/mnt/micro-images-pvc/specs935-v1/specs935-v1-FA-P015099-U2OS-48h-P12-L2/2021-12-23/874/specs935-v1-FA-P015099-U2OS-48h-P12-L2_O03_s4_w5C304C540-ADBE-4FFB-ABF0-87AEAA495585.npy,retinoid receptor agonist
P015099,O03,s5,CBK290012,/mnt/micro-images-pvc/specs935-v1/specs935-v1-FA-P015099-U2OS-48h-P12-L2/2021-12-23/874/specs935-v1-FA-P015099-U2OS-48h-P12-L2_O03_s5_w5944DC5CB-E0E9-4EF3-969A-EFA9DA58AFB1.npy,retinoid receptor agonist
P015099,O03,s6,CBK290012,/mnt/micro-images-pvc/specs935-v1/specs935-v1-FA-P015099-U2OS-48h-P12-L2/2021-12-23/874/specs935-v1-FA-P015099-U2OS-48h-P12-L2_O03_s6_w512D93703-9061-40D4-8F59-A6C8AD172B2C.npy,retinoid receptor agonist
P015099,O03,s7,CBK290012,/mnt/micro-images-pvc/specs935-v1/specs935-v1-FA-P015099-U2OS-48h-P12-L2/2021-12-23/874/specs935-v1-FA-P015099-U2OS-48h-P12-L2_O03_s7_w5A164DE68-3234-4C8F-AF02-13575923D143.npy,retinoid receptor agonist
P015099,O03,s8,CBK290012,/mnt/micro-images-pvc/specs935-v1/specs935-v1-FA-P015099-U2OS-48h-P12-L2/2021-12-23/874/specs935-v1-FA-P015099-U2OS-48h-P12-L2_O03_s8_w5A3B4F1CD-BCBC-4194-8F3F-981177AA9159.npy,retinoid receptor agonist
P015099,O03,s9,CBK290012,/mnt/micro-images-pvc/specs935-v1/specs935-v1-FA-P015099-U2OS-48h-P12-L2/2021-12-23/874/specs935-v1-FA-P015099-U2OS-48h-P12-L2_O03_s9_w5DC98B247-4437-4034-98DF-70F847860F64.npy,retinoid receptor agonist
P015099,O06,s1,CBK309655,/mnt/micro-images-pvc/specs935-v1/specs935-v1-FA-P015099-U2OS-48h-P12-L2/2021-12-23/874/specs935-v1-FA-P015099-U2OS-48h-P12-L2_O06_s1_w58F26DEA4-AAA6-4720-A80A-CA1A59813CD4.npy,topoisomerase inhibitor
P015099,O06,s2,CBK309655,/mnt/micro-images-pvc/specs935-v1/specs935-v1-FA-P015099-U2OS-48h-P12-L2/2021-12-23/874/specs935-v1-FA-P015099-U2OS-48h-P12-L2_O06_s2_w5EE09C723-62A1-403F-A5AE-A0DA66C00C46.npy,topoisomerase inhibitor
P015099,O06,s3,CBK309655,/mnt/micro-images-pvc/specs935-v1/specs935-v1-FA-P015099-U2OS-48h-P12-L2/2021-12-23/874/specs935-v1-FA-P015099-U2OS-48h-P12-L2_O06_s3_w5DCED8E3F-17EF-41CF-9944-FDF53297C86A.npy,topoisomerase inhibitor
P015099,O06,s4,CBK309655,/mnt/micro-images-pvc/specs935-v1/specs935-v1-FA-P015099-U2OS-48h-P12-L2/2021-12-23/874/specs935-v1-FA-P015099-U2OS-48h-P12-L2_O06_s4_w53E21EE28-CAA5-4EC2-B02B-F962F63BD472.npy,topoisomerase inhibitor
P015099,O06,s5,CBK309655,/mnt/micro-images-pvc/specs935-v1/specs935-v1-FA-P015099-U2OS-48h-P12-L2/2021-12-23/874/specs935-v1-FA-P015099-U2OS-48h-P12-L2_O06_s5_w53ABD4A13-7859-4E0D-A50C-B2CCC9F10A6D.npy,topoisomerase inhibitor
P015099,O06,s6,CBK309655,/mnt/micro-images-pvc/specs935-v1/specs935-v1-FA-P015099-U2OS-48h-P12-L2/2021-12-23/874/specs935-v1-FA-P015099-U2OS-48h-P12-L2_O06_s6_w5E63DBFC1-E6A5-4079-AE16-DE999334C4E8.npy,topoisomerase inhibitor
P015099,O06,s7,CBK309655,/mnt/micro-images-pvc/specs935-v1/specs935-v1-FA-P015099-U2OS-48h-P12-L2/2021-12-23/874/specs935-v1-FA-P015099-U2OS-48h-P12-L2_O06_s7_w577F48F91-C2AD-4C47-B896-0B1369CFCF6B.npy,topoisomerase inhibitor
P015099,O06,s8,CBK309655,/mnt/micro-images-pvc/specs935-v1/specs935-v1-FA-P015099-U2OS-48h-P12-L2/2021-12-23/874/specs935-v1-FA-P015099-U2OS-48h-P12-L2_O06_s8_w55951EC98-2554-4C27-8AFB-FA631FFE48B8.npy,topoisomerase inhibitor
P015099,O06,s9,CBK309655,/mnt/micro-images-pvc/specs935-v1/specs935-v1-FA-P015099-U2OS-48h-P12-L2/2021-12-23/874/specs935-v1-FA-P015099-U2OS-48h-P12-L2_O06_s9_w59685C1F6-75E6-4BCC-820F-EAFD1F8EE065.npy,topoisomerase inhibitor
P015099,O08,s1,CBK308173,/mnt/micro-images-pvc/specs935-v1/specs935-v1-FA-P015099-U2OS-48h-P12-L2/2021-12-23/874/specs935-v1-FA-P015099-U2OS-48h-P12-L2_O08_s1_w57BD6B261-F95C-4DD9-9A0E-F89267F60B28.npy,topoisomerase inhibitor
P015099,O08,s2,CBK308173,/mnt/micro-images-pvc/specs935-v1/specs935-v1-FA-P015099-U2OS-48h-P12-L2/2021-12-23/874/specs935-v1-FA-P015099-U2OS-48h-P12-L2_O08_s2_w5BED7591E-05EC-498F-9BEA-DB0ABFC23757.npy,topoisomerase inhibitor
P015099,O08,s3,CBK308173,/mnt/micro-images-pvc/specs935-v1/specs935-v1-FA-P015099-U2OS-48h-P12-L2/2021-12-23/874/specs935-v1-FA-P015099-U2OS-48h-P12-L2_O08_s3_w554E3AA27-0C8A-4ED6-A714-422DFDDA76F8.npy,topoisomerase inhibitor
P015099,O08,s4,CBK308173,/mnt/micro-images-pvc/specs935-v1/specs935-v1-FA-P015099-U2OS-48h-P12-L2/2021-12-23/874/specs935-v1-FA-P015099-U2OS-48h-P12-L2_O08_s4_w56D7D0C00-B1BD-4751-ADE0-A9D95E0244A1.npy,topoisomerase inhibitor
P015099,O08,s5,CBK308173,/mnt/micro-images-pvc/specs935-v1/specs935-v1-FA-P015099-U2OS-48h-P12-L2/2021-12-23/874/specs935-v1-FA-P015099-U2OS-48h-P12-L2_O08_s5_w5FBAFC0D1-7B75-493A-98BE-F79FA2D0321D.npy,topoisomerase inhibitor
P015099,O08,s6,CBK308173,/mnt/micro-images-pvc/specs935-v1/specs935-v1-FA-P015099-U2OS-48h-P12-L2/2021-12-23/874/specs935-v1-FA-P015099-U2OS-48h-P12-L2_O08_s6_w58E6A5D69-F0A9-40E7-B4B2-F70D8D731CAB.npy,topoisomerase inhibitor
P015099,O08,s7,CBK308173,/mnt/micro-images-pvc/specs935-v1/specs935-v1-FA-P015099-U2OS-48h-P12-L2/2021-12-23/874/specs935-v1-FA-P015099-U2OS-48h-P12-L2_O08_s7_w5A032AFB4-EC7B-43B7-89A8-19D6851E4CEC.npy,topoisomerase inhibitor
P015099,O08,s8,CBK308173,/mnt/micro-images-pvc/specs935-v1/specs935-v1-FA-P015099-U2OS-48h-P12-L2/2021-12-23/874/specs935-v1-FA-P015099-U2OS-48h-P12-L2_O08_s8_w5CA0D317C-7D57-4122-BE7A-F4E986FF6B63.npy,topoisomerase inhibitor
P015099,O08,s9,CBK308173,/mnt/micro-images-pvc/specs935-v1/specs935-v1-FA-P015099-U2OS-48h-P12-L2/2021-12-23/874/specs935-v1-FA-P015099-U2OS-48h-P12-L2_O08_s9_w596707A67-28B9-4FD9-94E8-5E7B06939876.npy,topoisomerase inhibitor
P015099,O09,s1,CBK289760,/mnt/micro-images-pvc/specs935-v1/specs935-v1-FA-P015099-U2OS-48h-P12-L2/2021-12-23/874/specs935-v1-FA-P015099-U2OS-48h-P12-L2_O09_s1_w5FCC73D7F-4B22-4961-83DB-D05BA78075BC.npy,topoisomerase inhibitor
P015099,O09,s2,CBK289760,/mnt/micro-images-pvc/specs935-v1/specs935-v1-FA-P015099-U2OS-48h-P12-L2/2021-12-23/874/specs935-v1-FA-P015099-U2OS-48h-P12-L2_O09_s2_w524A2EA29-2C0A-44D1-80F7-05F5CE6BAEF0.npy,topoisomerase inhibitor
P015099,O09,s3,CBK289760,/mnt/micro-images-pvc/specs935-v1/specs935-v1-FA-P015099-U2OS-48h-P12-L2/2021-12-23/874/specs935-v1-FA-P015099-U2OS-48h-P12-L2_O09_s3_w5D522CEDA-4406-4958-8B07-94C7650D8160.npy,topoisomerase inhibitor
P015099,O09,s4,CBK289760,/mnt/micro-images-pvc/specs935-v1/specs935-v1-FA-P015099-U2OS-48h-P12-L2/2021-12-23/874/specs935-v1-FA-P015099-U2OS-48h-P12-L2_O09_s4_w5DEF5E605-8B83-42AB-890B-29CA76377940.npy,topoisomerase inhibitor
P015099,O09,s5,CBK289760,/mnt/micro-images-pvc/specs935-v1/specs935-v1-FA-P015099-U2OS-48h-P12-L2/2021-12-23/874/specs935-v1-FA-P015099-U2OS-48h-P12-L2_O09_s5_w527EBB687-BD1E-498F-AEDD-D1468C318011.npy,topoisomerase inhibitor
P015099,O09,s6,CBK289760,/mnt/micro-images-pvc/specs935-v1/specs935-v1-FA-P015099-U2OS-48h-P12-L2/2021-12-23/874/specs935-v1-FA-P015099-U2OS-48h-P12-L2_O09_s6_w5A2AE9EAC-76A0-4CDC-9222-72870548ABA4.npy,topoisomerase inhibitor
P015099,O09,s7,CBK289760,/mnt/micro-images-pvc/specs935-v1/specs935-v1-FA-P015099-U2OS-48h-P12-L2/2021-12-23/874/specs935-v1-FA-P015099-U2OS-48h-P12-L2_O09_s7_w507F2C193-96DF-475F-9C6D-1614566A6857.npy,topoisomerase inhibitor
P015099,O09,s8,CBK289760,/mnt/micro-images-pvc/specs935-v1/specs935-v1-FA-P015099-U2OS-48h-P12-L2/2021-12-23/874/specs935-v1-FA-P015099-U2OS-48h-P12-L2_O09_s8_w5FB1910CB-730C-4726-AB01-738FF677E08E.npy,topoisomerase inhibitor
P015099,O09,s9,CBK289760,/mnt/micro-images-pvc/specs935-v1/specs935-v1-FA-P015099-U2OS-48h-P12-L2/2021-12-23/874/specs935-v1-FA-P015099-U2OS-48h-P12-L2_O09_s9_w5A9C744B4-F6D9-49E8-B73C-AF20FA39752E.npy,topoisomerase inhibitor
P015099,O13,s1,CBK307747,/mnt/micro-images-pvc/specs935-v1/specs935-v1-FA-P015099-U2OS-48h-P12-L2/2021-12-23/874/specs935-v1-FA-P015099-U2OS-48h-P12-L2_O13_s1_w58893AD7D-6DBD-4788-84EB-2EDFA835AF5F.npy,tubulin polymerization inhibitor
P015099,O13,s2,CBK307747,/mnt/micro-images-pvc/specs935-v1/specs935-v1-FA-P015099-U2OS-48h-P12-L2/2021-12-23/874/specs935-v1-FA-P015099-U2OS-48h-P12-L2_O13_s2_w5BAB8056B-BE2D-442C-BA4C-E02F84F03BA8.npy,tubulin polymerization inhibitor
P015099,O13,s3,CBK307747,/mnt/micro-images-pvc/specs935-v1/specs935-v1-FA-P015099-U2OS-48h-P12-L2/2021-12-23/874/specs935-v1-FA-P015099-U2OS-48h-P12-L2_O13_s3_w5C221FB92-89A7-4B7C-ADDA-F9CC0140C151.npy,tubulin polymerization inhibitor
P015099,O13,s4,CBK307747,/mnt/micro-images-pvc/specs935-v1/specs935-v1-FA-P015099-U2OS-48h-P12-L2/2021-12-23/874/specs935-v1-FA-P015099-U2OS-48h-P12-L2_O13_s4_w523C003C7-FC38-4CDF-905E-6D6BC96BD672.npy,tubulin polymerization inhibitor
P015099,O13,s5,CBK307747,/mnt/micro-images-pvc/specs935-v1/specs935-v1-FA-P015099-U2OS-48h-P12-L2/2021-12-23/874/specs935-v1-FA-P015099-U2OS-48h-P12-L2_O13_s5_w526A3A7A5-B7AC-4164-BE30-23116D469257.npy,tubulin polymerization inhibitor
P015099,O13,s6,CBK307747,/mnt/micro-images-pvc/specs935-v1/specs935-v1-FA-P015099-U2OS-48h-P12-L2/2021-12-23/874/specs935-v1-FA-P015099-U2OS-48h-P12-L2_O13_s6_w53C8F7840-779E-466B-9846-1B139FB95C8A.npy,tubulin polymerization inhibitor
P015099,O13,s7,CBK307747,/mnt/micro-images-pvc/specs935-v1/specs935-v1-FA-P015099-U2OS-48h-P12-L2/2021-12-23/874/specs935-v1-FA-P015099-U2OS-48h-P12-L2_O13_s7_w5C6A42470-838F-4934-88B7-6B2B9C7254A7.npy,tubulin polymerization inhibitor
P015099,O13,s8,CBK307747,/mnt/micro-images-pvc/specs935-v1/specs935-v1-FA-P015099-U2OS-48h-P12-L2/2021-12-23/874/specs935-v1-FA-P015099-U2OS-48h-P12-L2_O13_s8_w5DCDEE329-D407-4061-AFF6-F57CF52FFCBA.npy,tubulin polymerization inhibitor
P015099,O13,s9,CBK307747,/mnt/micro-images-pvc/specs935-v1/specs935-v1-FA-P015099-U2OS-48h-P12-L2/2021-12-23/874/specs935-v1-FA-P015099-U2OS-48h-P12-L2_O13_s9_w516014737-3C8D-45F4-BBC2-61E58519A931.npy,tubulin polymerization inhibitor
P015099,O15,s1,CBK041184,/mnt/micro-images-pvc/specs935-v1/specs935-v1-FA-P015099-U2OS-48h-P12-L2/2021-12-23/874/specs935-v1-FA-P015099-U2OS-48h-P12-L2_O15_s1_w564578004-A05D-4E1E-B5EB-568CF4F909B8.npy,tubulin polymerization inhibitor
P015099,O15,s2,CBK041184,/mnt/micro-images-pvc/specs935-v1/specs935-v1-FA-P015099-U2OS-48h-P12-L2/2021-12-23/874/specs935-v1-FA-P015099-U2OS-48h-P12-L2_O15_s2_w5BEA5BEC1-9997-4AF2-81E4-FF90DE2EF017.npy,tubulin polymerization inhibitor
P015099,O15,s3,CBK041184,/mnt/micro-images-pvc/specs935-v1/specs935-v1-FA-P015099-U2OS-48h-P12-L2/2021-12-23/874/specs935-v1-FA-P015099-U2OS-48h-P12-L2_O15_s3_w57FF61E84-2AC7-4608-9DE2-DAD1A397F29D.npy,tubulin polymerization inhibitor
P015099,O15,s4,CBK041184,/mnt/micro-images-pvc/specs935-v1/specs935-v1-FA-P015099-U2OS-48h-P12-L2/2021-12-23/874/specs935-v1-FA-P015099-U2OS-48h-P12-L2_O15_s4_w5401E3C57-7A1D-402D-A8CC-8E0589860046.npy,tubulin polymerization inhibitor
P015099,O15,s5,CBK041184,/mnt/micro-images-pvc/specs935-v1/specs935-v1-FA-P015099-U2OS-48h-P12-L2/2021-12-23/874/specs935-v1-FA-P015099-U2OS-48h-P12-L2_O15_s5_w5F2ECEFD9-5A56-4683-9BD9-1EC2A2DE4D81.npy,tubulin polymerization inhibitor
P015099,O15,s6,CBK041184,/mnt/micro-images-pvc/specs935-v1/specs935-v1-FA-P015099-U2OS-48h-P12-L2/2021-12-23/874/specs935-v1-FA-P015099-U2OS-48h-P12-L2_O15_s6_w588DDFFC2-E075-4169-BA39-6AD8FD429B76.npy,tubulin polymerization inhibitor
P015099,O15,s7,CBK041184,/mnt/micro-images-pvc/specs935-v1/specs935-v1-FA-P015099-U2OS-48h-P12-L2/2021-12-23/874/specs935-v1-FA-P015099-U2OS-48h-P12-L2_O15_s7_w570919061-835A-480A-9C2C-E4C170EDEC07.npy,tubulin polymerization inhibitor
P015099,O15,s8,CBK041184,/mnt/micro-images-pvc/specs935-v1/specs935-v1-FA-P015099-U2OS-48h-P12-L2/2021-12-23/874/specs935-v1-FA-P015099-U2OS-48h-P12-L2_O15_s8_w5B4864A37-2494-4203-907E-621531D30E38.npy,tubulin polymerization inhibitor
P015099,O15,s9,CBK041184,/mnt/micro-images-pvc/specs935-v1/specs935-v1-FA-P015099-U2OS-48h-P12-L2/2021-12-23/874/specs935-v1-FA-P015099-U2OS-48h-P12-L2_O15_s9_w56C34F80F-6204-47B5-A11C-796E74EB6061.npy,tubulin polymerization inhibitor
P015099,O23,s1,CBK200945,/mnt/micro-images-pvc/specs935-v1/specs935-v1-FA-P015099-U2OS-48h-P12-L2/2021-12-23/874/specs935-v1-FA-P015099-U2OS-48h-P12-L2_O23_s1_w596A2AC13-B714-4CA3-8896-FF061AB499C8.npy,tubulin polymerization inhibitor
P015099,O23,s2,CBK200945,/mnt/micro-images-pvc/specs935-v1/specs935-v1-FA-P015099-U2OS-48h-P12-L2/2021-12-23/874/specs935-v1-FA-P015099-U2OS-48h-P12-L2_O23_s2_w5E5B2E12F-B9C2-42CD-A681-11BBAF2E5795.npy,tubulin polymerization inhibitor
P015099,O23,s3,CBK200945,/mnt/micro-images-pvc/specs935-v1/specs935-v1-FA-P015099-U2OS-48h-P12-L2/2021-12-23/874/specs935-v1-FA-P015099-U2OS-48h-P12-L2_O23_s3_w50A9372D1-809C-44A5-9536-6BD9B9AB1B16.npy,tubulin polymerization inhibitor
P015099,O23,s4,CBK200945,/mnt/micro-images-pvc/specs935-v1/specs935-v1-FA-P015099-U2OS-48h-P12-L2/2021-12-23/874/specs935-v1-FA-P015099-U2OS-48h-P12-L2_O23_s4_w5837FC987-E9F6-41AB-A165-7C815E11A40D.npy,tubulin polymerization inhibitor
P015099,O23,s5,CBK200945,/mnt/micro-images-pvc/specs935-v1/specs935-v1-FA-P015099-U2OS-48h-P12-L2/2021-12-23/874/specs935-v1-FA-P015099-U2OS-48h-P12-L2_O23_s5_w5891A75ED-7676-4146-A3C0-824A9FEAF9D7.npy,tubulin polymerization inhibitor
P015099,O23,s6,CBK200945,/mnt/micro-images-pvc/specs935-v1/specs935-v1-FA-P015099-U2OS-48h-P12-L2/2021-12-23/874/specs935-v1-FA-P015099-U2OS-48h-P12-L2_O23_s6_w542BFC4AE-4E6B-459E-8086-091E86B15CCC.npy,tubulin polymerization inhibitor
P015099,O23,s7,CBK200945,/mnt/micro-images-pvc/specs935-v1/specs935-v1-FA-P015099-U2OS-48h-P12-L2/2021-12-23/874/specs935-v1-FA-P015099-U2OS-48h-P12-L2_O23_s7_w5EA5601A8-7161-4C70-8A3D-1F19A40E9C10.npy,tubulin polymerization inhibitor
P015099,O23,s8,CBK200945,/mnt/micro-images-pvc/specs935-v1/specs935-v1-FA-P015099-U2OS-48h-P12-L2/2021-12-23/874/specs935-v1-FA-P015099-U2OS-48h-P12-L2_O23_s8_w5DCE99377-38E8-4B56-B8A8-57CE1559344D.npy,tubulin polymerization inhibitor
P015099,O23,s9,CBK200945,/mnt/micro-images-pvc/specs935-v1/specs935-v1-FA-P015099-U2OS-48h-P12-L2/2021-12-23/874/specs935-v1-FA-P015099-U2OS-48h-P12-L2_O23_s9_w5066DF1CC-B7C3-4452-B1DE-E13EDB62E7EA.npy,tubulin polymerization inhibitor
P015076,D13,s1,dmso,/mnt/micro-images-pvc/specs935-v1/specs935-v1-FA-P015076-U2OS-48h-P1-L1/2021-12-16/847/specs935-v1-FA-P015076-U2OS-48h-P1-L1_D13_s1_w5B7877B97-B44D-4E17-A8BC-217911BBC3C4.npy,dmso
P015076,D13,s2,dmso,/mnt/micro-images-pvc/specs935-v1/specs935-v1-FA-P015076-U2OS-48h-P1-L1/2021-12-16/847/specs935-v1-FA-P015076-U2OS-48h-P1-L1_D13_s2_w5C41C91D8-D0B0-47E1-8114-495AB7703EFE.npy,dmso
P015076,D13,s3,dmso,/mnt/micro-images-pvc/specs935-v1/specs935-v1-FA-P015076-U2OS-48h-P1-L1/2021-12-16/847/specs935-v1-FA-P015076-U2OS-48h-P1-L1_D13_s3_w52772D6AC-853E-4A96-BB0A-9D23CB7CB5C0.npy,dmso
P015076,D13,s4,dmso,/mnt/micro-images-pvc/specs935-v1/specs935-v1-FA-P015076-U2OS-48h-P1-L1/2021-12-16/847/specs935-v1-FA-P015076-U2OS-48h-P1-L1_D13_s4_w55932BB13-4312-4E3E-9E99-53A899DD4B58.npy,dmso
P015076,D13,s5,dmso,/mnt/micro-images-pvc/specs935-v1/specs935-v1-FA-P015076-U2OS-48h-P1-L1/2021-12-16/847/specs935-v1-FA-P015076-U2OS-48h-P1-L1_D13_s5_w527E1CAB0-F641-492E-A57B-7332DB25D1A5.npy,dmso
P015076,D13,s6,dmso,/mnt/micro-images-pvc/specs935-v1/specs935-v1-FA-P015076-U2OS-48h-P1-L1/2021-12-16/847/specs935-v1-FA-P015076-U2OS-48h-P1-L1_D13_s6_w56623E3A9-8632-4F08-879B-2F2C20309AD0.npy,dmso
P015076,D13,s7,dmso,/mnt/micro-images-pvc/specs935-v1/specs935-v1-FA-P015076-U2OS-48h-P1-L1/2021-12-16/847/specs935-v1-FA-P015076-U2OS-48h-P1-L1_D13_s7_w570D85BBC-053C-4AAD-8830-5B2333F20969.npy,dmso
P015076,D13,s8,dmso,/mnt/micro-images-pvc/specs935-v1/specs935-v1-FA-P015076-U2OS-48h-P1-L1/2021-12-16/847/specs935-v1-FA-P015076-U2OS-48h-P1-L1_D13_s8_w513D002A7-6AB8-4C8C-AB4E-092343328EA7.npy,dmso
P015076,D13,s9,dmso,/mnt/micro-images-pvc/specs935-v1/specs935-v1-FA-P015076-U2OS-48h-P1-L1/2021-12-16/847/specs935-v1-FA-P015076-U2OS-48h-P1-L1_D13_s9_w5DA14117C-343E-45EA-854A-7498F442BD37.npy,dmso
P015076,D17,s1,dmso,/mnt/micro-images-pvc/specs935-v1/specs935-v1-FA-P015076-U2OS-48h-P1-L1/2021-12-16/847/specs935-v1-FA-P015076-U2OS-48h-P1-L1_D17_s1_w5461CA37F-A328-446A-8AA2-D01E8F34BBE1.npy,dmso
P015076,D17,s2,dmso,/mnt/micro-images-pvc/specs935-v1/specs935-v1-FA-P015076-U2OS-48h-P1-L1/2021-12-16/847/specs935-v1-FA-P015076-U2OS-48h-P1-L1_D17_s2_w5B2341037-30EA-4B7E-A295-6738E391A4B0.npy,dmso
P015076,D17,s3,dmso,/mnt/micro-images-pvc/specs935-v1/specs935-v1-FA-P015076-U2OS-48h-P1-L1/2021-12-16/847/specs935-v1-FA-P015076-U2OS-48h-P1-L1_D17_s3_w56AE4BECF-0943-4CF4-9CE8-21619BAD83E4.npy,dmso
P015076,D17,s4,dmso,/mnt/micro-images-pvc/specs935-v1/specs935-v1-FA-P015076-U2OS-48h-P1-L1/2021-12-16/847/specs935-v1-FA-P015076-U2OS-48h-P1-L1_D17_s4_w5F790483B-0867-4AF6-A00A-69D9F8FD96EF.npy,dmso
P015076,D17,s5,dmso,/mnt/micro-images-pvc/specs935-v1/specs935-v1-FA-P015076-U2OS-48h-P1-L1/2021-12-16/847/specs935-v1-FA-P015076-U2OS-48h-P1-L1_D17_s5_w5AB06F9FA-D11C-483C-B7C7-58386C1BBEFE.npy,dmso
P015076,D17,s6,dmso,/mnt/micro-images-pvc/specs935-v1/specs935-v1-FA-P015076-U2OS-48h-P1-L1/2021-12-16/847/specs935-v1-FA-P015076-U2OS-48h-P1-L1_D17_s6_w5F57F0648-6AEB-41CE-AFAF-5BE3EE8F8F48.npy,dmso
P015076,D17,s7,dmso,/mnt/micro-images-pvc/specs935-v1/specs935-v1-FA-P015076-U2OS-48h-P1-L1/2021-12-16/847/specs935-v1-FA-P015076-U2OS-48h-P1-L1_D17_s7_w5350824D5-5962-4AB3-B737-B271C7A14213.npy,dmso
P015076,D17,s8,dmso,/mnt/micro-images-pvc/specs935-v1/specs935-v1-FA-P015076-U2OS-48h-P1-L1/2021-12-16/847/specs935-v1-FA-P015076-U2OS-48h-P1-L1_D17_s8_w5B03781E4-FCBA-4FCF-8C54-36C72DB6D270.npy,dmso
P015076,D17,s9,dmso,/mnt/micro-images-pvc/specs935-v1/specs935-v1-FA-P015076-U2OS-48h-P1-L1/2021-12-16/847/specs935-v1-FA-P015076-U2OS-48h-P1-L1_D17_s9_w57EB7C0F2-DF4D-4F07-8C8E-0DF1A492AF8F.npy,dmso
P015076,F03,s1,dmso,/mnt/micro-images-pvc/specs935-v1/specs935-v1-FA-P015076-U2OS-48h-P1-L1/2021-12-16/847/specs935-v1-FA-P015076-U2OS-48h-P1-L1_F03_s1_w5C2E1FACF-E681-4A97-B9F5-CF45415E86E7.npy,dmso
P015076,F03,s2,dmso,/mnt/micro-images-pvc/specs935-v1/specs935-v1-FA-P015076-U2OS-48h-P1-L1/2021-12-16/847/specs935-v1-FA-P015076-U2OS-48h-P1-L1_F03_s2_w56338729B-FBEA-4483-9E68-067CE38F935A.npy,dmso
P015076,F03,s3,dmso,/mnt/micro-images-pvc/specs935-v1/specs935-v1-FA-P015076-U2OS-48h-P1-L1/2021-12-16/847/specs935-v1-FA-P015076-U2OS-48h-P1-L1_F03_s3_w5AECB4BAD-A78F-492C-BDDF-75B326B6981D.npy,dmso
P015076,F03,s4,dmso,/mnt/micro-images-pvc/specs935-v1/specs935-v1-FA-P015076-U2OS-48h-P1-L1/2021-12-16/847/specs935-v1-FA-P015076-U2OS-48h-P1-L1_F03_s4_w537C63B74-A53E-435F-AE35-621D4033E9DE.npy,dmso
P015076,F03,s5,dmso,/mnt/micro-images-pvc/specs935-v1/specs935-v1-FA-P015076-U2OS-48h-P1-L1/2021-12-16/847/specs935-v1-FA-P015076-U2OS-48h-P1-L1_F03_s5_w56CFD9673-9873-4133-9B6C-116A63B51DB3.npy,dmso
P015076,F03,s6,dmso,/mnt/micro-images-pvc/specs935-v1/specs935-v1-FA-P015076-U2OS-48h-P1-L1/2021-12-16/847/specs935-v1-FA-P015076-U2OS-48h-P1-L1_F03_s6_w526DE52B3-A138-4751-B2E3-04404D33952D.npy,dmso
P015076,F03,s7,dmso,/mnt/micro-images-pvc/specs935-v1/specs935-v1-FA-P015076-U2OS-48h-P1-L1/2021-12-16/847/specs935-v1-FA-P015076-U2OS-48h-P1-L1_F03_s7_w520114B34-9749-4341-AA1A-8EFE4D792D3D.npy,dmso
P015076,F03,s8,dmso,/mnt/micro-images-pvc/specs935-v1/specs935-v1-FA-P015076-U2OS-48h-P1-L1/2021-12-16/847/specs935-v1-FA-P015076-U2OS-48h-P1-L1_F03_s8_w5D672BDFC-07B4-4EC9-9510-A9F3217FE7B7.npy,dmso
P015076,F03,s9,dmso,/mnt/micro-images-pvc/specs935-v1/specs935-v1-FA-P015076-U2OS-48h-P1-L1/2021-12-16/847/specs935-v1-FA-P015076-U2OS-48h-P1-L1_F03_s9_w5E4ABBA8C-6A28-463C-9C9B-DE160A9881E0.npy,dmso
P015076,G08,s1,dmso,/mnt/micro-images-pvc/specs935-v1/specs935-v1-FA-P015076-U2OS-48h-P1-L1/2021-12-16/847/specs935-v1-FA-P015076-U2OS-48h-P1-L1_G08_s1_w5CC8D00CB-F22D-4CA6-908C-9BB1667FCCE6.npy,dmso
P015076,G08,s2,dmso,/mnt/micro-images-pvc/specs935-v1/specs935-v1-FA-P015076-U2OS-48h-P1-L1/2021-12-16/847/specs935-v1-FA-P015076-U2OS-48h-P1-L1_G08_s2_w5E8FEB014-7D08-4594-9DFB-F16694D17716.npy,dmso
P015076,G08,s3,dmso,/mnt/micro-images-pvc/specs935-v1/specs935-v1-FA-P015076-U2OS-48h-P1-L1/2021-12-16/847/specs935-v1-FA-P015076-U2OS-48h-P1-L1_G08_s3_w516C0BE67-9D4D-4E3E-A398-341187932A33.npy,dmso
P015076,G08,s4,dmso,/mnt/micro-images-pvc/specs935-v1/specs935-v1-FA-P015076-U2OS-48h-P1-L1/2021-12-16/847/specs935-v1-FA-P015076-U2OS-48h-P1-L1_G08_s4_w501326C30-6645-4566-9522-3D3FDAC47A27.npy,dmso
P015076,G08,s5,dmso,/mnt/micro-images-pvc/specs935-v1/specs935-v1-FA-P015076-U2OS-48h-P1-L1/2021-12-16/847/specs935-v1-FA-P015076-U2OS-48h-P1-L1_G08_s5_w55ABB0AE6-566F-48AA-8CDB-B46C12D96351.npy,dmso
P015076,G08,s6,dmso,/mnt/micro-images-pvc/specs935-v1/specs935-v1-FA-P015076-U2OS-48h-P1-L1/2021-12-16/847/specs935-v1-FA-P015076-U2OS-48h-P1-L1_G08_s6_w5EF9123DD-D33A-41A4-830D-7635E97D529B.npy,dmso
P015076,G08,s7,dmso,/mnt/micro-images-pvc/specs935-v1/specs935-v1-FA-P015076-U2OS-48h-P1-L1/2021-12-16/847/specs935-v1-FA-P015076-U2OS-48h-P1-L1_G08_s7_w571BBFACD-79FA-4DC1-AC11-0D72067BB83E.npy,dmso
P015076,G08,s8,dmso,/mnt/micro-images-pvc/specs935-v1/specs935-v1-FA-P015076-U2OS-48h-P1-L1/2021-12-16/847/specs935-v1-FA-P015076-U2OS-48h-P1-L1_G08_s8_w5B23BF970-6368-49DC-BD72-33648D68736A.npy,dmso
P015076,G08,s9,dmso,/mnt/micro-images-pvc/specs935-v1/specs935-v1-FA-P015076-U2OS-48h-P1-L1/2021-12-16/847/specs935-v1-FA-P015076-U2OS-48h-P1-L1_G08_s9_w55FB2FEBF-1B03-4294-A58F-533CEB4557EF.npy,dmso
P015076,H16,s1,dmso,/mnt/micro-images-pvc/specs935-v1/specs935-v1-FA-P015076-U2OS-48h-P1-L1/2021-12-16/847/specs935-v1-FA-P015076-U2OS-48h-P1-L1_H16_s1_w58E0B54FB-CC0A-4B80-ABD4-656E181E0AA8.npy,dmso
P015076,H16,s2,dmso,/mnt/micro-images-pvc/specs935-v1/specs935-v1-FA-P015076-U2OS-48h-P1-L1/2021-12-16/847/specs935-v1-FA-P015076-U2OS-48h-P1-L1_H16_s2_w5A3E265A7-87F7-423B-A376-5A4132E5584D.npy,dmso
P015076,H16,s3,dmso,/mnt/micro-images-pvc/specs935-v1/specs935-v1-FA-P015076-U2OS-48h-P1-L1/2021-12-16/847/specs935-v1-FA-P015076-U2OS-48h-P1-L1_H16_s3_w542DDD8E5-E831-4C22-80E6-9773540AB38E.npy,dmso
P015076,H16,s4,dmso,/mnt/micro-images-pvc/specs935-v1/specs935-v1-FA-P015076-U2OS-48h-P1-L1/2021-12-16/847/specs935-v1-FA-P015076-U2OS-48h-P1-L1_H16_s4_w5B2608EE0-C43C-433D-ACF0-15266C776327.npy,dmso
P015076,H16,s5,dmso,/mnt/micro-images-pvc/specs935-v1/specs935-v1-FA-P015076-U2OS-48h-P1-L1/2021-12-16/847/specs935-v1-FA-P015076-U2OS-48h-P1-L1_H16_s5_w53DBAC5B1-E646-4688-A3B7-697EED5F49C8.npy,dmso
P015076,H16,s6,dmso,/mnt/micro-images-pvc/specs935-v1/specs935-v1-FA-P015076-U2OS-48h-P1-L1/2021-12-16/847/specs935-v1-FA-P015076-U2OS-48h-P1-L1_H16_s6_w5A8ADB443-0310-4F43-81BF-3DB21EEC0CC3.npy,dmso
P015076,H16,s7,dmso,/mnt/micro-images-pvc/specs935-v1/specs935-v1-FA-P015076-U2OS-48h-P1-L1/2021-12-16/847/specs935-v1-FA-P015076-U2OS-48h-P1-L1_H16_s7_w5B1BC5DDC-5428-465D-8FB5-086A2C00FEC2.npy,dmso
P015076,H16,s8,dmso,/mnt/micro-images-pvc/specs935-v1/specs935-v1-FA-P015076-U2OS-48h-P1-L1/2021-12-16/847/specs935-v1-FA-P015076-U2OS-48h-P1-L1_H16_s8_w51C8871AA-2972-4C8E-A034-27F77AEB479D.npy,dmso
P015076,H16,s9,dmso,/mnt/micro-images-pvc/specs935-v1/specs935-v1-FA-P015076-U2OS-48h-P1-L1/2021-12-16/847/specs935-v1-FA-P015076-U2OS-48h-P1-L1_H16_s9_w5A02B0570-2E53-4C7D-8DD4-C254226F16B9.npy,dmso
P015076,J12,s1,dmso,/mnt/micro-images-pvc/specs935-v1/specs935-v1-FA-P015076-U2OS-48h-P1-L1/2021-12-16/847/specs935-v1-FA-P015076-U2OS-48h-P1-L1_J12_s1_w5DF09AC31-BEF6-4302-8CA2-0640B33D2868.npy,dmso
P015076,J12,s2,dmso,/mnt/micro-images-pvc/specs935-v1/specs935-v1-FA-P015076-U2OS-48h-P1-L1/2021-12-16/847/specs935-v1-FA-P015076-U2OS-48h-P1-L1_J12_s2_w57F13FBF6-3553-4EEA-9F69-0723535B1DCB.npy,dmso
P015076,J12,s3,dmso,/mnt/micro-images-pvc/specs935-v1/specs935-v1-FA-P015076-U2OS-48h-P1-L1/2021-12-16/847/specs935-v1-FA-P015076-U2OS-48h-P1-L1_J12_s3_w5653595C1-F92C-4816-AE80-B399A0185718.npy,dmso
P015076,J12,s4,dmso,/mnt/micro-images-pvc/specs935-v1/specs935-v1-FA-P015076-U2OS-48h-P1-L1/2021-12-16/847/specs935-v1-FA-P015076-U2OS-48h-P1-L1_J12_s4_w522076144-8D24-46FB-BFA2-66BABB277051.npy,dmso
P015076,J12,s5,dmso,/mnt/micro-images-pvc/specs935-v1/specs935-v1-FA-P015076-U2OS-48h-P1-L1/2021-12-16/847/specs935-v1-FA-P015076-U2OS-48h-P1-L1_J12_s5_w544D1E1DE-36EE-4037-9C7A-194227C4988C.npy,dmso
P015076,J12,s6,dmso,/mnt/micro-images-pvc/specs935-v1/specs935-v1-FA-P015076-U2OS-48h-P1-L1/2021-12-16/847/specs935-v1-FA-P015076-U2OS-48h-P1-L1_J12_s6_w509643754-BDBC-4488-A7D2-6CC5ED8A038B.npy,dmso
P015076,J12,s7,dmso,/mnt/micro-images-pvc/specs935-v1/specs935-v1-FA-P015076-U2OS-48h-P1-L1/2021-12-16/847/specs935-v1-FA-P015076-U2OS-48h-P1-L1_J12_s7_w5A6156A82-9407-4B21-AC17-AAF30E9845AA.npy,dmso
P015076,J12,s8,dmso,/mnt/micro-images-pvc/specs935-v1/specs935-v1-FA-P015076-U2OS-48h-P1-L1/2021-12-16/847/specs935-v1-FA-P015076-U2OS-48h-P1-L1_J12_s8_w550D8A097-B1F3-423A-B5A8-21274AE4CBE9.npy,dmso
P015076,J12,s9,dmso,/mnt/micro-images-pvc/specs935-v1/specs935-v1-FA-P015076-U2OS-48h-P1-L1/2021-12-16/847/specs935-v1-FA-P015076-U2OS-48h-P1-L1_J12_s9_w59845410F-ABA2-434E-B557-1CF2DB4275BF.npy,dmso
P015076,K14,s1,dmso,/mnt/micro-images-pvc/specs935-v1/specs935-v1-FA-P015076-U2OS-48h-P1-L1/2021-12-16/847/specs935-v1-FA-P015076-U2OS-48h-P1-L1_K14_s1_w59F7FC44C-A737-4263-8161-7CB24A9B8E92.npy,dmso
P015076,K14,s2,dmso,/mnt/micro-images-pvc/specs935-v1/specs935-v1-FA-P015076-U2OS-48h-P1-L1/2021-12-16/847/specs935-v1-FA-P015076-U2OS-48h-P1-L1_K14_s2_w593327ADE-AB10-4DAB-97B1-1F129162E40E.npy,dmso
P015076,K14,s3,dmso,/mnt/micro-images-pvc/specs935-v1/specs935-v1-FA-P015076-U2OS-48h-P1-L1/2021-12-16/847/specs935-v1-FA-P015076-U2OS-48h-P1-L1_K14_s3_w571C56590-DEA7-41AE-948D-D27D061C04BE.npy,dmso
P015076,K14,s4,dmso,/mnt/micro-images-pvc/specs935-v1/specs935-v1-FA-P015076-U2OS-48h-P1-L1/2021-12-16/847/specs935-v1-FA-P015076-U2OS-48h-P1-L1_K14_s4_w5C9CAECA2-86AA-44DE-8BE0-44517B931154.npy,dmso
P015076,K14,s5,dmso,/mnt/micro-images-pvc/specs935-v1/specs935-v1-FA-P015076-U2OS-48h-P1-L1/2021-12-16/847/specs935-v1-FA-P015076-U2OS-48h-P1-L1_K14_s5_w515D7136F-305F-4F35-ABB6-7F5D8481603C.npy,dmso
P015076,K14,s6,dmso,/mnt/micro-images-pvc/specs935-v1/specs935-v1-FA-P015076-U2OS-48h-P1-L1/2021-12-16/847/specs935-v1-FA-P015076-U2OS-48h-P1-L1_K14_s6_w5F9CBB58D-1C24-46A6-B72E-8029F71652B1.npy,dmso
P015076,K14,s7,dmso,/mnt/micro-images-pvc/specs935-v1/specs935-v1-FA-P015076-U2OS-48h-P1-L1/2021-12-16/847/specs935-v1-FA-P015076-U2OS-48h-P1-L1_K14_s7_w565EE5D20-F6B2-4924-A634-EF48D9EED798.npy,dmso
P015076,K14,s8,dmso,/mnt/micro-images-pvc/specs935-v1/specs935-v1-FA-P015076-U2OS-48h-P1-L1/2021-12-16/847/specs935-v1-FA-P015076-U2OS-48h-P1-L1_K14_s8_w58EB72670-D1A8-4B12-BDBF-A6A381A6AC9E.npy,dmso
P015076,K14,s9,dmso,/mnt/micro-images-pvc/specs935-v1/specs935-v1-FA-P015076-U2OS-48h-P1-L1/2021-12-16/847/specs935-v1-FA-P015076-U2OS-48h-P1-L1_K14_s9_w54B3F97E3-7E50-4DD3-9C30-B496B29F0BA8.npy,dmso
P015076,L22,s1,dmso,/mnt/micro-images-pvc/specs935-v1/specs935-v1-FA-P015076-U2OS-48h-P1-L1/2021-12-16/847/specs935-v1-FA-P015076-U2OS-48h-P1-L1_L22_s1_w5FB3B1CFE-9F38-49B3-B3E6-30F5995A11DD.npy,dmso
P015076,L22,s2,dmso,/mnt/micro-images-pvc/specs935-v1/specs935-v1-FA-P015076-U2OS-48h-P1-L1/2021-12-16/847/specs935-v1-FA-P015076-U2OS-48h-P1-L1_L22_s2_w5710C0CED-E210-4800-B96E-D82C1F74D16B.npy,dmso
P015076,L22,s3,dmso,/mnt/micro-images-pvc/specs935-v1/specs935-v1-FA-P015076-U2OS-48h-P1-L1/2021-12-16/847/specs935-v1-FA-P015076-U2OS-48h-P1-L1_L22_s3_w5169145B7-56BE-4E8F-B781-3AEC4B0490DD.npy,dmso
P015076,L22,s4,dmso,/mnt/micro-images-pvc/specs935-v1/specs935-v1-FA-P015076-U2OS-48h-P1-L1/2021-12-16/847/specs935-v1-FA-P015076-U2OS-48h-P1-L1_L22_s4_w544E0E8FB-9F3C-4F43-9B08-782FEAA1E3CE.npy,dmso
P015076,L22,s5,dmso,/mnt/micro-images-pvc/specs935-v1/specs935-v1-FA-P015076-U2OS-48h-P1-L1/2021-12-16/847/specs935-v1-FA-P015076-U2OS-48h-P1-L1_L22_s5_w583CBB0F8-D230-43C4-80B0-64B0CAF93975.npy,dmso
P015076,L22,s6,dmso,/mnt/micro-images-pvc/specs935-v1/specs935-v1-FA-P015076-U2OS-48h-P1-L1/2021-12-16/847/specs935-v1-FA-P015076-U2OS-48h-P1-L1_L22_s6_w5EA80D643-53F4-4681-A110-40EAB70AB77B.npy,dmso
P015076,L22,s7,dmso,/mnt/micro-images-pvc/specs935-v1/specs935-v1-FA-P015076-U2OS-48h-P1-L1/2021-12-16/847/specs935-v1-FA-P015076-U2OS-48h-P1-L1_L22_s7_w51FDC29C7-EB9B-4959-8319-16A946E32396.npy,dmso
P015076,L22,s8,dmso,/mnt/micro-images-pvc/specs935-v1/specs935-v1-FA-P015076-U2OS-48h-P1-L1/2021-12-16/847/specs935-v1-FA-P015076-U2OS-48h-P1-L1_L22_s8_w50800311C-A5CB-4427-A248-CC549527F134.npy,dmso
P015076,L22,s9,dmso,/mnt/micro-images-pvc/specs935-v1/specs935-v1-FA-P015076-U2OS-48h-P1-L1/2021-12-16/847/specs935-v1-FA-P015076-U2OS-48h-P1-L1_L22_s9_w58DEA25A5-05D4-4163-B00E-B1469CA3EA86.npy,dmso
P015076,M07,s1,dmso,/mnt/micro-images-pvc/specs935-v1/specs935-v1-FA-P015076-U2OS-48h-P1-L1/2021-12-16/847/specs935-v1-FA-P015076-U2OS-48h-P1-L1_M07_s1_w571181789-C5B3-4171-BD6E-557A901ECB7E.npy,dmso
P015076,M07,s2,dmso,/mnt/micro-images-pvc/specs935-v1/specs935-v1-FA-P015076-U2OS-48h-P1-L1/2021-12-16/847/specs935-v1-FA-P015076-U2OS-48h-P1-L1_M07_s2_w5E031AF54-F792-4298-ADDC-5CF48E1FA4B2.npy,dmso
P015076,M07,s3,dmso,/mnt/micro-images-pvc/specs935-v1/specs935-v1-FA-P015076-U2OS-48h-P1-L1/2021-12-16/847/specs935-v1-FA-P015076-U2OS-48h-P1-L1_M07_s3_w570E705D2-F76C-44AF-AA57-B1A4E56BEE1B.npy,dmso
P015076,M07,s4,dmso,/mnt/micro-images-pvc/specs935-v1/specs935-v1-FA-P015076-U2OS-48h-P1-L1/2021-12-16/847/specs935-v1-FA-P015076-U2OS-48h-P1-L1_M07_s4_w5AF30C107-FAE3-4E16-A004-B5DA2B639652.npy,dmso
P015076,M07,s5,dmso,/mnt/micro-images-pvc/specs935-v1/specs935-v1-FA-P015076-U2OS-48h-P1-L1/2021-12-16/847/specs935-v1-FA-P015076-U2OS-48h-P1-L1_M07_s5_w5855C1CF5-A42D-48B9-93FD-424D00491DD7.npy,dmso
P015076,M07,s6,dmso,/mnt/micro-images-pvc/specs935-v1/specs935-v1-FA-P015076-U2OS-48h-P1-L1/2021-12-16/847/specs935-v1-FA-P015076-U2OS-48h-P1-L1_M07_s6_w5FA484BFF-FCC5-410B-ADFF-5A39FB45DD1F.npy,dmso
P015076,M07,s7,dmso,/mnt/micro-images-pvc/specs935-v1/specs935-v1-FA-P015076-U2OS-48h-P1-L1/2021-12-16/847/specs935-v1-FA-P015076-U2OS-48h-P1-L1_M07_s7_w51C8CE142-BFCB-4C61-85EF-949E67A287AE.npy,dmso
P015076,M07,s8,dmso,/mnt/micro-images-pvc/specs935-v1/specs935-v1-FA-P015076-U2OS-48h-P1-L1/2021-12-16/847/specs935-v1-FA-P015076-U2OS-48h-P1-L1_M07_s8_w556DBDEEE-7231-4016-9B1C-59726164F245.npy,dmso
P015076,M07,s9,dmso,/mnt/micro-images-pvc/specs935-v1/specs935-v1-FA-P015076-U2OS-48h-P1-L1/2021-12-16/847/specs935-v1-FA-P015076-U2OS-48h-P1-L1_M07_s9_w5C8C15F66-09EB-46DF-A63F-14B4AEC10454.npy,dmso
P015076,M18,s1,dmso,/mnt/micro-images-pvc/specs935-v1/specs935-v1-FA-P015076-U2OS-48h-P1-L1/2021-12-16/847/specs935-v1-FA-P015076-U2OS-48h-P1-L1_M18_s1_w566E409A4-8EBD-4424-9E6E-B33A05C8F53D.npy,dmso
P015076,M18,s2,dmso,/mnt/micro-images-pvc/specs935-v1/specs935-v1-FA-P015076-U2OS-48h-P1-L1/2021-12-16/847/specs935-v1-FA-P015076-U2OS-48h-P1-L1_M18_s2_w5BE4B471C-7E92-4B34-9016-BFBCE93A7FB8.npy,dmso
P015076,M18,s3,dmso,/mnt/micro-images-pvc/specs935-v1/specs935-v1-FA-P015076-U2OS-48h-P1-L1/2021-12-16/847/specs935-v1-FA-P015076-U2OS-48h-P1-L1_M18_s3_w596B4A281-2E28-4BC3-9065-AA0C7EED0101.npy,dmso
P015076,M18,s4,dmso,/mnt/micro-images-pvc/specs935-v1/specs935-v1-FA-P015076-U2OS-48h-P1-L1/2021-12-16/847/specs935-v1-FA-P015076-U2OS-48h-P1-L1_M18_s4_w58B1BA32F-7951-42AD-8AA5-3C5F7020546D.npy,dmso
P015076,M18,s5,dmso,/mnt/micro-images-pvc/specs935-v1/specs935-v1-FA-P015076-U2OS-48h-P1-L1/2021-12-16/847/specs935-v1-FA-P015076-U2OS-48h-P1-L1_M18_s5_w5848C0594-1E4C-4A78-A591-1AB7602106DD.npy,dmso
P015076,M18,s6,dmso,/mnt/micro-images-pvc/specs935-v1/specs935-v1-FA-P015076-U2OS-48h-P1-L1/2021-12-16/847/specs935-v1-FA-P015076-U2OS-48h-P1-L1_M18_s6_w5FF9178D6-5AD4-426B-98D6-88524F3E4C07.npy,dmso
P015076,M18,s7,dmso,/mnt/micro-images-pvc/specs935-v1/specs935-v1-FA-P015076-U2OS-48h-P1-L1/2021-12-16/847/specs935-v1-FA-P015076-U2OS-48h-P1-L1_M18_s7_w534792EC1-056B-4950-80BC-341FE5FB353A.npy,dmso
P015076,M18,s8,dmso,/mnt/micro-images-pvc/specs935-v1/specs935-v1-FA-P015076-U2OS-48h-P1-L1/2021-12-16/847/specs935-v1-FA-P015076-U2OS-48h-P1-L1_M18_s8_w552BC47FD-29BD-45B2-AAA8-B061D0D7ED62.npy,dmso
P015076,M18,s9,dmso,/mnt/micro-images-pvc/specs935-v1/specs935-v1-FA-P015076-U2OS-48h-P1-L1/2021-12-16/847/specs935-v1-FA-P015076-U2OS-48h-P1-L1_M18_s9_w5675AB6CA-7705-4205-BE69-A85A02E48832.npy,dmso
P015076,O04,s1,dmso,/mnt/micro-images-pvc/specs935-v1/specs935-v1-FA-P015076-U2OS-48h-P1-L1/2021-12-16/847/specs935-v1-FA-P015076-U2OS-48h-P1-L1_O04_s1_w50757A430-C229-4E91-B267-B0A7778CBF6F.npy,dmso
P015076,O04,s2,dmso,/mnt/micro-images-pvc/specs935-v1/specs935-v1-FA-P015076-U2OS-48h-P1-L1/2021-12-16/847/specs935-v1-FA-P015076-U2OS-48h-P1-L1_O04_s2_w59F4DE853-6EDA-440C-B532-953E0A3B6396.npy,dmso
P015076,O04,s3,dmso,/mnt/micro-images-pvc/specs935-v1/specs935-v1-FA-P015076-U2OS-48h-P1-L1/2021-12-16/847/specs935-v1-FA-P015076-U2OS-48h-P1-L1_O04_s3_w58D49E786-5F1E-4042-AE8D-08F23A26645B.npy,dmso
P015076,O04,s4,dmso,/mnt/micro-images-pvc/specs935-v1/specs935-v1-FA-P015076-U2OS-48h-P1-L1/2021-12-16/847/specs935-v1-FA-P015076-U2OS-48h-P1-L1_O04_s4_w561201D7F-5D6B-4281-A898-0640035D30CC.npy,dmso
P015076,O04,s5,dmso,/mnt/micro-images-pvc/specs935-v1/specs935-v1-FA-P015076-U2OS-48h-P1-L1/2021-12-16/847/specs935-v1-FA-P015076-U2OS-48h-P1-L1_O04_s5_w5EE19BF64-24C9-462D-9C61-C35BBA8F0E46.npy,dmso
P015076,O04,s6,dmso,/mnt/micro-images-pvc/specs935-v1/specs935-v1-FA-P015076-U2OS-48h-P1-L1/2021-12-16/847/specs935-v1-FA-P015076-U2OS-48h-P1-L1_O04_s6_w5C4F0A8E2-A15D-4668-AA4A-5370A5C17F41.npy,dmso
P015076,O04,s7,dmso,/mnt/micro-images-pvc/specs935-v1/specs935-v1-FA-P015076-U2OS-48h-P1-L1/2021-12-16/847/specs935-v1-FA-P015076-U2OS-48h-P1-L1_O04_s7_w5DE9E9177-AF4C-4109-A656-11D27E0CFD34.npy,dmso
P015076,O04,s8,dmso,/mnt/micro-images-pvc/specs935-v1/specs935-v1-FA-P015076-U2OS-48h-P1-L1/2021-12-16/847/specs935-v1-FA-P015076-U2OS-48h-P1-L1_O04_s8_w5C4AF2114-BA1D-4894-825E-7BF029D3BEDB.npy,dmso
P015076,O04,s9,dmso,/mnt/micro-images-pvc/specs935-v1/specs935-v1-FA-P015076-U2OS-48h-P1-L1/2021-12-16/847/specs935-v1-FA-P015076-U2OS-48h-P1-L1_O04_s9_w5CEA27477-69E9-4A73-B6BB-47CAEFEA0809.npy,dmso
P015077,B21,s1,dmso,/mnt/micro-images-pvc/specs935-v1/specs935-v1-FA-P015077-U2OS-48h-P1-L2/2021-12-20/860/specs935-v1-FA-P015077-U2OS-48h-P1-L2_B21_s1_w5F6677735-3BA3-44A3-B163-D058E8E3FF54.npy,dmso
P015077,B21,s2,dmso,/mnt/micro-images-pvc/specs935-v1/specs935-v1-FA-P015077-U2OS-48h-P1-L2/2021-12-20/860/specs935-v1-FA-P015077-U2OS-48h-P1-L2_B21_s2_w5C88FABB1-56E0-4E76-AFAD-A5A1122DAADB.npy,dmso
P015077,B21,s3,dmso,/mnt/micro-images-pvc/specs935-v1/specs935-v1-FA-P015077-U2OS-48h-P1-L2/2021-12-20/860/specs935-v1-FA-P015077-U2OS-48h-P1-L2_B21_s3_w55E14BED3-A616-4EEF-B532-842C3A9F07E9.npy,dmso
P015077,B21,s4,dmso,/mnt/micro-images-pvc/specs935-v1/specs935-v1-FA-P015077-U2OS-48h-P1-L2/2021-12-20/860/specs935-v1-FA-P015077-U2OS-48h-P1-L2_B21_s4_w503CC3786-EE46-43F4-8407-32472F35B5B6.npy,dmso
P015077,B21,s5,dmso,/mnt/micro-images-pvc/specs935-v1/specs935-v1-FA-P015077-U2OS-48h-P1-L2/2021-12-20/860/specs935-v1-FA-P015077-U2OS-48h-P1-L2_B21_s5_w5BD8442A4-7F83-4814-AE77-DF53388C4D86.npy,dmso
P015077,B21,s6,dmso,/mnt/micro-images-pvc/specs935-v1/specs935-v1-FA-P015077-U2OS-48h-P1-L2/2021-12-20/860/specs935-v1-FA-P015077-U2OS-48h-P1-L2_B21_s6_w5824A6585-73FF-4DFB-9BE6-FBB6E05CE7E4.npy,dmso
P015077,B21,s7,dmso,/mnt/micro-images-pvc/specs935-v1/specs935-v1-FA-P015077-U2OS-48h-P1-L2/2021-12-20/860/specs935-v1-FA-P015077-U2OS-48h-P1-L2_B21_s7_w5B9CCE250-523C-4FA3-A2DD-EE5BC5A1F173.npy,dmso
P015077,B21,s8,dmso,/mnt/micro-images-pvc/specs935-v1/specs935-v1-FA-P015077-U2OS-48h-P1-L2/2021-12-20/860/specs935-v1-FA-P015077-U2OS-48h-P1-L2_B21_s8_w5C6720363-C1E0-4C93-AE65-3E9BBE41AB8D.npy,dmso
P015077,B21,s9,dmso,/mnt/micro-images-pvc/specs935-v1/specs935-v1-FA-P015077-U2OS-48h-P1-L2/2021-12-20/860/specs935-v1-FA-P015077-U2OS-48h-P1-L2_B21_s9_w55F6C472B-A42A-4DAD-8EE4-E7EBD94944AB.npy,dmso
P015077,D22,s1,dmso,/mnt/micro-images-pvc/specs935-v1/specs935-v1-FA-P015077-U2OS-48h-P1-L2/2021-12-20/860/specs935-v1-FA-P015077-U2OS-48h-P1-L2_D22_s1_w517CB223D-5996-4FD2-A9AE-139F021FA2A7.npy,dmso
P015077,D22,s2,dmso,/mnt/micro-images-pvc/specs935-v1/specs935-v1-FA-P015077-U2OS-48h-P1-L2/2021-12-20/860/specs935-v1-FA-P015077-U2OS-48h-P1-L2_D22_s2_w511E7C383-16C9-4394-80C7-704C25569198.npy,dmso
P015077,D22,s3,dmso,/mnt/micro-images-pvc/specs935-v1/specs935-v1-FA-P015077-U2OS-48h-P1-L2/2021-12-20/860/specs935-v1-FA-P015077-U2OS-48h-P1-L2_D22_s3_w54E1F702C-EDB6-4AF5-9D43-7995DFD3274F.npy,dmso
P015077,D22,s4,dmso,/mnt/micro-images-pvc/specs935-v1/specs935-v1-FA-P015077-U2OS-48h-P1-L2/2021-12-20/860/specs935-v1-FA-P015077-U2OS-48h-P1-L2_D22_s4_w58BAB71FF-DC83-46CC-9979-B2C101F9FC93.npy,dmso
P015077,D22,s5,dmso,/mnt/micro-images-pvc/specs935-v1/specs935-v1-FA-P015077-U2OS-48h-P1-L2/2021-12-20/860/specs935-v1-FA-P015077-U2OS-48h-P1-L2_D22_s5_w5BAA5B7C9-5183-4DAA-8DB1-FB4972CE5B29.npy,dmso
P015077,D22,s6,dmso,/mnt/micro-images-pvc/specs935-v1/specs935-v1-FA-P015077-U2OS-48h-P1-L2/2021-12-20/860/specs935-v1-FA-P015077-U2OS-48h-P1-L2_D22_s6_w595CF5035-60DA-4BCC-81BE-C1A14ED4E1D3.npy,dmso
P015077,D22,s7,dmso,/mnt/micro-images-pvc/specs935-v1/specs935-v1-FA-P015077-U2OS-48h-P1-L2/2021-12-20/860/specs935-v1-FA-P015077-U2OS-48h-P1-L2_D22_s7_w5AAFC833E-5B40-45C7-951F-08C14EA5D3E7.npy,dmso
P015077,D22,s8,dmso,/mnt/micro-images-pvc/specs935-v1/specs935-v1-FA-P015077-U2OS-48h-P1-L2/2021-12-20/860/specs935-v1-FA-P015077-U2OS-48h-P1-L2_D22_s8_w58AA60F6E-FE48-4886-B971-114E0A1EAE00.npy,dmso
P015077,D22,s9,dmso,/mnt/micro-images-pvc/specs935-v1/specs935-v1-FA-P015077-U2OS-48h-P1-L2/2021-12-20/860/specs935-v1-FA-P015077-U2OS-48h-P1-L2_D22_s9_w56FD7A64F-73AD-4964-888E-2654317F671D.npy,dmso
P015077,E14,s1,dmso,/mnt/micro-images-pvc/specs935-v1/specs935-v1-FA-P015077-U2OS-48h-P1-L2/2021-12-20/860/specs935-v1-FA-P015077-U2OS-48h-P1-L2_E14_s1_w5AF1E6BDA-F433-4FF9-A401-9FE2D017F579.npy,dmso
P015077,E14,s2,dmso,/mnt/micro-images-pvc/specs935-v1/specs935-v1-FA-P015077-U2OS-48h-P1-L2/2021-12-20/860/specs935-v1-FA-P015077-U2OS-48h-P1-L2_E14_s2_w5A2C73F5F-DE2C-436F-919C-F47B94948D85.npy,dmso
P015077,E14,s3,dmso,/mnt/micro-images-pvc/specs935-v1/specs935-v1-FA-P015077-U2OS-48h-P1-L2/2021-12-20/860/specs935-v1-FA-P015077-U2OS-48h-P1-L2_E14_s3_w512BA8FC5-A214-4E44-A2EE-3C38EEC74804.npy,dmso
P015077,E14,s4,dmso,/mnt/micro-images-pvc/specs935-v1/specs935-v1-FA-P015077-U2OS-48h-P1-L2/2021-12-20/860/specs935-v1-FA-P015077-U2OS-48h-P1-L2_E14_s4_w55B4ACC95-9840-43D4-B6AA-122B28A62A59.npy,dmso
P015077,E14,s5,dmso,/mnt/micro-images-pvc/specs935-v1/specs935-v1-FA-P015077-U2OS-48h-P1-L2/2021-12-20/860/specs935-v1-FA-P015077-U2OS-48h-P1-L2_E14_s5_w5CDD2DCD1-3540-4D92-AED4-C697212762D9.npy,dmso
P015077,E14,s6,dmso,/mnt/micro-images-pvc/specs935-v1/specs935-v1-FA-P015077-U2OS-48h-P1-L2/2021-12-20/860/specs935-v1-FA-P015077-U2OS-48h-P1-L2_E14_s6_w552BE48A3-FF73-4FAB-A032-0FF532C7C370.npy,dmso
P015077,E14,s7,dmso,/mnt/micro-images-pvc/specs935-v1/specs935-v1-FA-P015077-U2OS-48h-P1-L2/2021-12-20/860/specs935-v1-FA-P015077-U2OS-48h-P1-L2_E14_s7_w5F2DF0269-8A8E-476C-A210-44725871B506.npy,dmso
P015077,E14,s8,dmso,/mnt/micro-images-pvc/specs935-v1/specs935-v1-FA-P015077-U2OS-48h-P1-L2/2021-12-20/860/specs935-v1-FA-P015077-U2OS-48h-P1-L2_E14_s8_w5C76D6C26-5240-47F9-A1CD-67C3A0C2AAB3.npy,dmso
P015077,E14,s9,dmso,/mnt/micro-images-pvc/specs935-v1/specs935-v1-FA-P015077-U2OS-48h-P1-L2/2021-12-20/860/specs935-v1-FA-P015077-U2OS-48h-P1-L2_E14_s9_w5C077BA78-020E-4843-9D2D-4FB4C854F396.npy,dmso
P015077,F11,s1,dmso,/mnt/micro-images-pvc/specs935-v1/specs935-v1-FA-P015077-U2OS-48h-P1-L2/2021-12-20/860/specs935-v1-FA-P015077-U2OS-48h-P1-L2_F11_s1_w508811D71-F210-4C30-85AE-8BB1B3639735.npy,dmso
P015077,F11,s2,dmso,/mnt/micro-images-pvc/specs935-v1/specs935-v1-FA-P015077-U2OS-48h-P1-L2/2021-12-20/860/specs935-v1-FA-P015077-U2OS-48h-P1-L2_F11_s2_w560533D61-E2EA-4B1C-9A33-BA2364C73403.npy,dmso
P015077,F11,s3,dmso,/mnt/micro-images-pvc/specs935-v1/specs935-v1-FA-P015077-U2OS-48h-P1-L2/2021-12-20/860/specs935-v1-FA-P015077-U2OS-48h-P1-L2_F11_s3_w56A730334-0716-4831-BD22-F6417C28CA6E.npy,dmso
P015077,F11,s4,dmso,/mnt/micro-images-pvc/specs935-v1/specs935-v1-FA-P015077-U2OS-48h-P1-L2/2021-12-20/860/specs935-v1-FA-P015077-U2OS-48h-P1-L2_F11_s4_w5F901A74C-80A9-43FD-81C5-704BE0C7A5A8.npy,dmso
P015077,F11,s5,dmso,/mnt/micro-images-pvc/specs935-v1/specs935-v1-FA-P015077-U2OS-48h-P1-L2/2021-12-20/860/specs935-v1-FA-P015077-U2OS-48h-P1-L2_F11_s5_w550AC7805-6014-453B-BBE8-8A8EE73A4577.npy,dmso
P015077,F11,s6,dmso,/mnt/micro-images-pvc/specs935-v1/specs935-v1-FA-P015077-U2OS-48h-P1-L2/2021-12-20/860/specs935-v1-FA-P015077-U2OS-48h-P1-L2_F11_s6_w578AD540E-0C5F-47B7-B693-8CAEE46F14CA.npy,dmso
P015077,F11,s7,dmso,/mnt/micro-images-pvc/specs935-v1/specs935-v1-FA-P015077-U2OS-48h-P1-L2/2021-12-20/860/specs935-v1-FA-P015077-U2OS-48h-P1-L2_F11_s7_w52D65164F-D502-487C-94BE-98D6CAFF749F.npy,dmso
P015077,F11,s8,dmso,/mnt/micro-images-pvc/specs935-v1/specs935-v1-FA-P015077-U2OS-48h-P1-L2/2021-12-20/860/specs935-v1-FA-P015077-U2OS-48h-P1-L2_F11_s8_w56F9FDA45-95CC-47FC-A6E8-55EC3EB78494.npy,dmso
P015077,F11,s9,dmso,/mnt/micro-images-pvc/specs935-v1/specs935-v1-FA-P015077-U2OS-48h-P1-L2/2021-12-20/860/specs935-v1-FA-P015077-U2OS-48h-P1-L2_F11_s9_w535A1F4C3-AD31-479C-ACD2-A25B95E71EDA.npy,dmso
P015077,G18,s1,dmso,/mnt/micro-images-pvc/specs935-v1/specs935-v1-FA-P015077-U2OS-48h-P1-L2/2021-12-20/860/specs935-v1-FA-P015077-U2OS-48h-P1-L2_G18_s1_w5EC6E2A58-C1B7-4F78-B944-D7435FB3A115.npy,dmso
P015077,G18,s2,dmso,/mnt/micro-images-pvc/specs935-v1/specs935-v1-FA-P015077-U2OS-48h-P1-L2/2021-12-20/860/specs935-v1-FA-P015077-U2OS-48h-P1-L2_G18_s2_w59D3E2A1A-BDD5-411E-8C15-4372BFE04461.npy,dmso
P015077,G18,s3,dmso,/mnt/micro-images-pvc/specs935-v1/specs935-v1-FA-P015077-U2OS-48h-P1-L2/2021-12-20/860/specs935-v1-FA-P015077-U2OS-48h-P1-L2_G18_s3_w5F153F679-7376-4D9D-91B7-476951A75667.npy,dmso
P015077,G18,s4,dmso,/mnt/micro-images-pvc/specs935-v1/specs935-v1-FA-P015077-U2OS-48h-P1-L2/2021-12-20/860/specs935-v1-FA-P015077-U2OS-48h-P1-L2_G18_s4_w54878930C-EE65-47E5-917E-84EDB52816DD.npy,dmso
P015077,G18,s5,dmso,/mnt/micro-images-pvc/specs935-v1/specs935-v1-FA-P015077-U2OS-48h-P1-L2/2021-12-20/860/specs935-v1-FA-P015077-U2OS-48h-P1-L2_G18_s5_w56C1FA6DC-A3A4-401C-9CB8-36717222DBC9.npy,dmso
P015077,G18,s6,dmso,/mnt/micro-images-pvc/specs935-v1/specs935-v1-FA-P015077-U2OS-48h-P1-L2/2021-12-20/860/specs935-v1-FA-P015077-U2OS-48h-P1-L2_G18_s6_w53E267D44-A80B-448B-85DC-070B7FDFB814.npy,dmso
P015077,G18,s7,dmso,/mnt/micro-images-pvc/specs935-v1/specs935-v1-FA-P015077-U2OS-48h-P1-L2/2021-12-20/860/specs935-v1-FA-P015077-U2OS-48h-P1-L2_G18_s7_w5BE72C7E9-F8C3-4FAD-B30C-145F3F9A52C2.npy,dmso
P015077,G18,s8,dmso,/mnt/micro-images-pvc/specs935-v1/specs935-v1-FA-P015077-U2OS-48h-P1-L2/2021-12-20/860/specs935-v1-FA-P015077-U2OS-48h-P1-L2_G18_s8_w52759CE48-049E-40BC-8821-885D6E0C98AC.npy,dmso
P015077,G18,s9,dmso,/mnt/micro-images-pvc/specs935-v1/specs935-v1-FA-P015077-U2OS-48h-P1-L2/2021-12-20/860/specs935-v1-FA-P015077-U2OS-48h-P1-L2_G18_s9_w5641F8440-D528-4FD3-8149-9DDD4B7DB9F7.npy,dmso
P015077,H23,s1,dmso,/mnt/micro-images-pvc/specs935-v1/specs935-v1-FA-P015077-U2OS-48h-P1-L2/2021-12-20/860/specs935-v1-FA-P015077-U2OS-48h-P1-L2_H23_s1_w56F639C2E-9F7F-4B81-BBF9-D2D197D0CCE7.npy,dmso
P015077,H23,s2,dmso,/mnt/micro-images-pvc/specs935-v1/specs935-v1-FA-P015077-U2OS-48h-P1-L2/2021-12-20/860/specs935-v1-FA-P015077-U2OS-48h-P1-L2_H23_s2_w5FAB1B5F5-67C4-47CE-9075-E6439FF57CE0.npy,dmso
P015077,H23,s3,dmso,/mnt/micro-images-pvc/specs935-v1/specs935-v1-FA-P015077-U2OS-48h-P1-L2/2021-12-20/860/specs935-v1-FA-P015077-U2OS-48h-P1-L2_H23_s3_w5B88EC252-9BCB-4470-9FA1-E7D32DBBF041.npy,dmso
P015077,H23,s4,dmso,/mnt/micro-images-pvc/specs935-v1/specs935-v1-FA-P015077-U2OS-48h-P1-L2/2021-12-20/860/specs935-v1-FA-P015077-U2OS-48h-P1-L2_H23_s4_w56922F4EA-E61B-4BE6-B30C-ABDF64974A27.npy,dmso
P015077,H23,s5,dmso,/mnt/micro-images-pvc/specs935-v1/specs935-v1-FA-P015077-U2OS-48h-P1-L2/2021-12-20/860/specs935-v1-FA-P015077-U2OS-48h-P1-L2_H23_s5_w5FAC8676F-9262-40CB-8E42-783F1C367946.npy,dmso
P015077,H23,s6,dmso,/mnt/micro-images-pvc/specs935-v1/specs935-v1-FA-P015077-U2OS-48h-P1-L2/2021-12-20/860/specs935-v1-FA-P015077-U2OS-48h-P1-L2_H23_s6_w52329A58D-7F57-4551-9113-C862028BB7FA.npy,dmso
P015077,H23,s7,dmso,/mnt/micro-images-pvc/specs935-v1/specs935-v1-FA-P015077-U2OS-48h-P1-L2/2021-12-20/860/specs935-v1-FA-P015077-U2OS-48h-P1-L2_H23_s7_w512FED623-A941-4379-B1AF-CC60F8AA833F.npy,dmso
P015077,H23,s8,dmso,/mnt/micro-images-pvc/specs935-v1/specs935-v1-FA-P015077-U2OS-48h-P1-L2/2021-12-20/860/specs935-v1-FA-P015077-U2OS-48h-P1-L2_H23_s8_w52289230B-2884-4CE7-A2B4-2501A709856B.npy,dmso
P015077,H23,s9,dmso,/mnt/micro-images-pvc/specs935-v1/specs935-v1-FA-P015077-U2OS-48h-P1-L2/2021-12-20/860/specs935-v1-FA-P015077-U2OS-48h-P1-L2_H23_s9_w57F36106A-D743-456D-B17D-9F8FC00C7E59.npy,dmso
P015077,I05,s1,dmso,/mnt/micro-images-pvc/specs935-v1/specs935-v1-FA-P015077-U2OS-48h-P1-L2/2021-12-20/860/specs935-v1-FA-P015077-U2OS-48h-P1-L2_I05_s1_w5D0E58F2E-FD00-467C-BA17-C9C7FB71AF06.npy,dmso
P015077,I05,s2,dmso,/mnt/micro-images-pvc/specs935-v1/specs935-v1-FA-P015077-U2OS-48h-P1-L2/2021-12-20/860/specs935-v1-FA-P015077-U2OS-48h-P1-L2_I05_s2_w5EE720454-727E-4948-803B-B2B5B59DA61E.npy,dmso
P015077,I05,s3,dmso,/mnt/micro-images-pvc/specs935-v1/specs935-v1-FA-P015077-U2OS-48h-P1-L2/2021-12-20/860/specs935-v1-FA-P015077-U2OS-48h-P1-L2_I05_s3_w5B0A78871-29F2-4CBD-B79F-58EB660D6C6C.npy,dmso
P015077,I05,s4,dmso,/mnt/micro-images-pvc/specs935-v1/specs935-v1-FA-P015077-U2OS-48h-P1-L2/2021-12-20/860/specs935-v1-FA-P015077-U2OS-48h-P1-L2_I05_s4_w5545108D0-2F72-4DF1-8B67-4A4091C2FDC8.npy,dmso
P015077,I05,s5,dmso,/mnt/micro-images-pvc/specs935-v1/specs935-v1-FA-P015077-U2OS-48h-P1-L2/2021-12-20/860/specs935-v1-FA-P015077-U2OS-48h-P1-L2_I05_s5_w5BC0B23CA-8125-4600-BAC4-5ABBAE9113AF.npy,dmso
P015077,I05,s6,dmso,/mnt/micro-images-pvc/specs935-v1/specs935-v1-FA-P015077-U2OS-48h-P1-L2/2021-12-20/860/specs935-v1-FA-P015077-U2OS-48h-P1-L2_I05_s6_w50A1B01D6-A986-4D40-A1EC-32E183347742.npy,dmso
P015077,I05,s7,dmso,/mnt/micro-images-pvc/specs935-v1/specs935-v1-FA-P015077-U2OS-48h-P1-L2/2021-12-20/860/specs935-v1-FA-P015077-U2OS-48h-P1-L2_I05_s7_w5886E1473-0289-4136-A013-F9DA50235E6F.npy,dmso
P015077,I05,s8,dmso,/mnt/micro-images-pvc/specs935-v1/specs935-v1-FA-P015077-U2OS-48h-P1-L2/2021-12-20/860/specs935-v1-FA-P015077-U2OS-48h-P1-L2_I05_s8_w527DE2E2A-9513-4FD4-A434-5D46A04B1461.npy,dmso
P015077,I05,s9,dmso,/mnt/micro-images-pvc/specs935-v1/specs935-v1-FA-P015077-U2OS-48h-P1-L2/2021-12-20/860/specs935-v1-FA-P015077-U2OS-48h-P1-L2_I05_s9_w5E96177A7-21E0-4F8B-8A56-AE3AFACB0BD1.npy,dmso
P015077,I12,s1,dmso,/mnt/micro-images-pvc/specs935-v1/specs935-v1-FA-P015077-U2OS-48h-P1-L2/2021-12-20/860/specs935-v1-FA-P015077-U2OS-48h-P1-L2_I12_s1_w5DF1478E8-7AD2-4CBC-991F-026A7FC50328.npy,dmso
P015077,I12,s2,dmso,/mnt/micro-images-pvc/specs935-v1/specs935-v1-FA-P015077-U2OS-48h-P1-L2/2021-12-20/860/specs935-v1-FA-P015077-U2OS-48h-P1-L2_I12_s2_w5A7A43561-82CD-46CC-AF40-796FD67EDE35.npy,dmso
P015077,I12,s3,dmso,/mnt/micro-images-pvc/specs935-v1/specs935-v1-FA-P015077-U2OS-48h-P1-L2/2021-12-20/860/specs935-v1-FA-P015077-U2OS-48h-P1-L2_I12_s3_w573C450C4-08D0-4AA6-BF3A-65573F1C8854.npy,dmso
P015077,I12,s4,dmso,/mnt/micro-images-pvc/specs935-v1/specs935-v1-FA-P015077-U2OS-48h-P1-L2/2021-12-20/860/specs935-v1-FA-P015077-U2OS-48h-P1-L2_I12_s4_w572634B64-1488-48A0-8D79-12D5AB787E3D.npy,dmso
P015077,I12,s5,dmso,/mnt/micro-images-pvc/specs935-v1/specs935-v1-FA-P015077-U2OS-48h-P1-L2/2021-12-20/860/specs935-v1-FA-P015077-U2OS-48h-P1-L2_I12_s5_w5A0FB561A-E5DC-48A9-BD5C-A6949387A234.npy,dmso
P015077,I12,s6,dmso,/mnt/micro-images-pvc/specs935-v1/specs935-v1-FA-P015077-U2OS-48h-P1-L2/2021-12-20/860/specs935-v1-FA-P015077-U2OS-48h-P1-L2_I12_s6_w54D8A7C5C-D970-4BC1-9BE8-BB6872D9FA39.npy,dmso
P015077,I12,s7,dmso,/mnt/micro-images-pvc/specs935-v1/specs935-v1-FA-P015077-U2OS-48h-P1-L2/2021-12-20/860/specs935-v1-FA-P015077-U2OS-48h-P1-L2_I12_s7_w54CDE0B78-F44C-469C-B51C-07901932F766.npy,dmso
P015077,I12,s8,dmso,/mnt/micro-images-pvc/specs935-v1/specs935-v1-FA-P015077-U2OS-48h-P1-L2/2021-12-20/860/specs935-v1-FA-P015077-U2OS-48h-P1-L2_I12_s8_w58665D3C7-EB6D-4ABF-85DF-09365F350F21.npy,dmso
P015077,I12,s9,dmso,/mnt/micro-images-pvc/specs935-v1/specs935-v1-FA-P015077-U2OS-48h-P1-L2/2021-12-20/860/specs935-v1-FA-P015077-U2OS-48h-P1-L2_I12_s9_w58271D279-D127-4539-A4D8-A792EA337335.npy,dmso
P015077,J15,s1,dmso,/mnt/micro-images-pvc/specs935-v1/specs935-v1-FA-P015077-U2OS-48h-P1-L2/2021-12-20/860/specs935-v1-FA-P015077-U2OS-48h-P1-L2_J15_s1_w5C25E8950-6F3B-41F3-B488-F2827C7B3764.npy,dmso
P015077,J15,s2,dmso,/mnt/micro-images-pvc/specs935-v1/specs935-v1-FA-P015077-U2OS-48h-P1-L2/2021-12-20/860/specs935-v1-FA-P015077-U2OS-48h-P1-L2_J15_s2_w58F840F3D-C104-405A-89B4-C2ACC24CE8DC.npy,dmso
P015077,J15,s3,dmso,/mnt/micro-images-pvc/specs935-v1/specs935-v1-FA-P015077-U2OS-48h-P1-L2/2021-12-20/860/specs935-v1-FA-P015077-U2OS-48h-P1-L2_J15_s3_w5983D18CF-B46A-4A3B-B95E-45B23AE53102.npy,dmso
P015077,J15,s4,dmso,/mnt/micro-images-pvc/specs935-v1/specs935-v1-FA-P015077-U2OS-48h-P1-L2/2021-12-20/860/specs935-v1-FA-P015077-U2OS-48h-P1-L2_J15_s4_w5516E9326-0EF3-42C3-8754-EB5BF34AEFCE.npy,dmso
P015077,J15,s5,dmso,/mnt/micro-images-pvc/specs935-v1/specs935-v1-FA-P015077-U2OS-48h-P1-L2/2021-12-20/860/specs935-v1-FA-P015077-U2OS-48h-P1-L2_J15_s5_w5EC6BCBF8-D468-4AA3-8C14-3F33E2B7140C.npy,dmso
P015077,J15,s6,dmso,/mnt/micro-images-pvc/specs935-v1/specs935-v1-FA-P015077-U2OS-48h-P1-L2/2021-12-20/860/specs935-v1-FA-P015077-U2OS-48h-P1-L2_J15_s6_w5113FAD4C-55A5-45EC-B79A-1AACF8245035.npy,dmso
P015077,J15,s7,dmso,/mnt/micro-images-pvc/specs935-v1/specs935-v1-FA-P015077-U2OS-48h-P1-L2/2021-12-20/860/specs935-v1-FA-P015077-U2OS-48h-P1-L2_J15_s7_w503D0E697-F304-4B30-95AA-38952FBD87F1.npy,dmso
P015077,J15,s8,dmso,/mnt/micro-images-pvc/specs935-v1/specs935-v1-FA-P015077-U2OS-48h-P1-L2/2021-12-20/860/specs935-v1-FA-P015077-U2OS-48h-P1-L2_J15_s8_w568E50151-FD65-442F-B630-2752DE671AC3.npy,dmso
P015077,J15,s9,dmso,/mnt/micro-images-pvc/specs935-v1/specs935-v1-FA-P015077-U2OS-48h-P1-L2/2021-12-20/860/specs935-v1-FA-P015077-U2OS-48h-P1-L2_J15_s9_w5CB18C0C8-2556-4434-BC89-6076613AC0E0.npy,dmso
P015077,K10,s1,dmso,/mnt/micro-images-pvc/specs935-v1/specs935-v1-FA-P015077-U2OS-48h-P1-L2/2021-12-20/860/specs935-v1-FA-P015077-U2OS-48h-P1-L2_K10_s1_w5571F7E3B-CA9F-40D5-8972-4F997B62F118.npy,dmso
P015077,K10,s2,dmso,/mnt/micro-images-pvc/specs935-v1/specs935-v1-FA-P015077-U2OS-48h-P1-L2/2021-12-20/860/specs935-v1-FA-P015077-U2OS-48h-P1-L2_K10_s2_w50CDBD827-8AEC-4F2A-B710-09B22666EB63.npy,dmso
P015077,K10,s3,dmso,/mnt/micro-images-pvc/specs935-v1/specs935-v1-FA-P015077-U2OS-48h-P1-L2/2021-12-20/860/specs935-v1-FA-P015077-U2OS-48h-P1-L2_K10_s3_w5BF8C31E4-93A6-499D-9E13-177B6706FC62.npy,dmso
P015077,K10,s4,dmso,/mnt/micro-images-pvc/specs935-v1/specs935-v1-FA-P015077-U2OS-48h-P1-L2/2021-12-20/860/specs935-v1-FA-P015077-U2OS-48h-P1-L2_K10_s4_w5CF8F5C78-C08C-483A-8CAB-D7B20D66B91D.npy,dmso
P015077,K10,s5,dmso,/mnt/micro-images-pvc/specs935-v1/specs935-v1-FA-P015077-U2OS-48h-P1-L2/2021-12-20/860/specs935-v1-FA-P015077-U2OS-48h-P1-L2_K10_s5_w55878222D-E370-43D0-9B23-C08F953C4DF7.npy,dmso
P015077,K10,s6,dmso,/mnt/micro-images-pvc/specs935-v1/specs935-v1-FA-P015077-U2OS-48h-P1-L2/2021-12-20/860/specs935-v1-FA-P015077-U2OS-48h-P1-L2_K10_s6_w518250E70-CB71-4020-9F90-C2D4F736209A.npy,dmso
P015077,K10,s7,dmso,/mnt/micro-images-pvc/specs935-v1/specs935-v1-FA-P015077-U2OS-48h-P1-L2/2021-12-20/860/specs935-v1-FA-P015077-U2OS-48h-P1-L2_K10_s7_w5B275054D-0826-4CAA-A55A-B7C3E9C2FACD.npy,dmso
P015077,K10,s8,dmso,/mnt/micro-images-pvc/specs935-v1/specs935-v1-FA-P015077-U2OS-48h-P1-L2/2021-12-20/860/specs935-v1-FA-P015077-U2OS-48h-P1-L2_K10_s8_w50E8D7263-0817-450A-AC7B-FD0475EA95E3.npy,dmso
P015077,K10,s9,dmso,/mnt/micro-images-pvc/specs935-v1/specs935-v1-FA-P015077-U2OS-48h-P1-L2/2021-12-20/860/specs935-v1-FA-P015077-U2OS-48h-P1-L2_K10_s9_w531C8C985-F532-4257-9AF5-77AAAA6F6612.npy,dmso
P015077,L17,s1,dmso,/mnt/micro-images-pvc/specs935-v1/specs935-v1-FA-P015077-U2OS-48h-P1-L2/2021-12-20/860/specs935-v1-FA-P015077-U2OS-48h-P1-L2_L17_s1_w5A5EF1EED-3BC1-4F1B-9854-C7F2C7793506.npy,dmso
P015077,L17,s2,dmso,/mnt/micro-images-pvc/specs935-v1/specs935-v1-FA-P015077-U2OS-48h-P1-L2/2021-12-20/860/specs935-v1-FA-P015077-U2OS-48h-P1-L2_L17_s2_w559C34DAC-51B5-4EBB-94B0-7211B6A2C7CD.npy,dmso
P015077,L17,s3,dmso,/mnt/micro-images-pvc/specs935-v1/specs935-v1-FA-P015077-U2OS-48h-P1-L2/2021-12-20/860/specs935-v1-FA-P015077-U2OS-48h-P1-L2_L17_s3_w5D777B2F8-5112-4182-9CD4-CCF8BB0206A9.npy,dmso
P015077,L17,s4,dmso,/mnt/micro-images-pvc/specs935-v1/specs935-v1-FA-P015077-U2OS-48h-P1-L2/2021-12-20/860/specs935-v1-FA-P015077-U2OS-48h-P1-L2_L17_s4_w52BA1940D-12FE-424C-B855-E66E4C759CB3.npy,dmso
P015077,L17,s5,dmso,/mnt/micro-images-pvc/specs935-v1/specs935-v1-FA-P015077-U2OS-48h-P1-L2/2021-12-20/860/specs935-v1-FA-P015077-U2OS-48h-P1-L2_L17_s5_w51A56E276-2B8B-4AC1-A915-EF3C1680B8E5.npy,dmso
P015077,L17,s6,dmso,/mnt/micro-images-pvc/specs935-v1/specs935-v1-FA-P015077-U2OS-48h-P1-L2/2021-12-20/860/specs935-v1-FA-P015077-U2OS-48h-P1-L2_L17_s6_w5B7095190-F953-4D61-92B7-C2BE1D78C5F8.npy,dmso
P015077,L17,s7,dmso,/mnt/micro-images-pvc/specs935-v1/specs935-v1-FA-P015077-U2OS-48h-P1-L2/2021-12-20/860/specs935-v1-FA-P015077-U2OS-48h-P1-L2_L17_s7_w55DFB1345-4D1D-4C10-B248-A1F0F7F8A1C9.npy,dmso
P015077,L17,s8,dmso,/mnt/micro-images-pvc/specs935-v1/specs935-v1-FA-P015077-U2OS-48h-P1-L2/2021-12-20/860/specs935-v1-FA-P015077-U2OS-48h-P1-L2_L17_s8_w5BDC3D386-C404-487F-AE51-819DB6A8BB8A.npy,dmso
P015077,L17,s9,dmso,/mnt/micro-images-pvc/specs935-v1/specs935-v1-FA-P015077-U2OS-48h-P1-L2/2021-12-20/860/specs935-v1-FA-P015077-U2OS-48h-P1-L2_L17_s9_w51E723DC4-B8BE-4092-A416-04D631622A71.npy,dmso
P015077,L19,s1,dmso,/mnt/micro-images-pvc/specs935-v1/specs935-v1-FA-P015077-U2OS-48h-P1-L2/2021-12-20/860/specs935-v1-FA-P015077-U2OS-48h-P1-L2_L19_s1_w5E43D1A3F-7C8F-469E-AC7C-87F723DD75A0.npy,dmso
P015077,L19,s2,dmso,/mnt/micro-images-pvc/specs935-v1/specs935-v1-FA-P015077-U2OS-48h-P1-L2/2021-12-20/860/specs935-v1-FA-P015077-U2OS-48h-P1-L2_L19_s2_w59134092F-836A-45FC-8BA6-01C5DDC3B1C9.npy,dmso
P015077,L19,s3,dmso,/mnt/micro-images-pvc/specs935-v1/specs935-v1-FA-P015077-U2OS-48h-P1-L2/2021-12-20/860/specs935-v1-FA-P015077-U2OS-48h-P1-L2_L19_s3_w587D33C08-2671-46EE-83D1-D23E9F17F229.npy,dmso
P015077,L19,s4,dmso,/mnt/micro-images-pvc/specs935-v1/specs935-v1-FA-P015077-U2OS-48h-P1-L2/2021-12-20/860/specs935-v1-FA-P015077-U2OS-48h-P1-L2_L19_s4_w5C7FE111F-087A-448A-93DE-CCFFA4F55D60.npy,dmso
P015077,L19,s5,dmso,/mnt/micro-images-pvc/specs935-v1/specs935-v1-FA-P015077-U2OS-48h-P1-L2/2021-12-20/860/specs935-v1-FA-P015077-U2OS-48h-P1-L2_L19_s5_w517F184A6-B078-442C-82EC-F65E05800C8D.npy,dmso
P015077,L19,s6,dmso,/mnt/micro-images-pvc/specs935-v1/specs935-v1-FA-P015077-U2OS-48h-P1-L2/2021-12-20/860/specs935-v1-FA-P015077-U2OS-48h-P1-L2_L19_s6_w5602E0810-F298-47AB-9B50-D8654C399925.npy,dmso
P015077,L19,s7,dmso,/mnt/micro-images-pvc/specs935-v1/specs935-v1-FA-P015077-U2OS-48h-P1-L2/2021-12-20/860/specs935-v1-FA-P015077-U2OS-48h-P1-L2_L19_s7_w57878E603-C9A2-4F65-8A40-3E85A3E99202.npy,dmso
P015077,L19,s8,dmso,/mnt/micro-images-pvc/specs935-v1/specs935-v1-FA-P015077-U2OS-48h-P1-L2/2021-12-20/860/specs935-v1-FA-P015077-U2OS-48h-P1-L2_L19_s8_w5EC904995-A720-47C3-A1EA-C226F35CE5F4.npy,dmso
P015077,L19,s9,dmso,/mnt/micro-images-pvc/specs935-v1/specs935-v1-FA-P015077-U2OS-48h-P1-L2/2021-12-20/860/specs935-v1-FA-P015077-U2OS-48h-P1-L2_L19_s9_w5A89374BC-204A-425E-A358-469977D3DF93.npy,dmso
P015077,M04,s1,dmso,/mnt/micro-images-pvc/specs935-v1/specs935-v1-FA-P015077-U2OS-48h-P1-L2/2021-12-20/860/specs935-v1-FA-P015077-U2OS-48h-P1-L2_M04_s1_w50A7A8ED0-8A7F-447A-858B-D83EC5FEB060.npy,dmso
P015077,M04,s2,dmso,/mnt/micro-images-pvc/specs935-v1/specs935-v1-FA-P015077-U2OS-48h-P1-L2/2021-12-20/860/specs935-v1-FA-P015077-U2OS-48h-P1-L2_M04_s2_w58F0096A6-0DCA-4BB7-A30A-D7718C7765DC.npy,dmso
P015077,M04,s3,dmso,/mnt/micro-images-pvc/specs935-v1/specs935-v1-FA-P015077-U2OS-48h-P1-L2/2021-12-20/860/specs935-v1-FA-P015077-U2OS-48h-P1-L2_M04_s3_w5B949A0E1-64F0-431F-BD35-2934C743AB12.npy,dmso
P015077,M04,s4,dmso,/mnt/micro-images-pvc/specs935-v1/specs935-v1-FA-P015077-U2OS-48h-P1-L2/2021-12-20/860/specs935-v1-FA-P015077-U2OS-48h-P1-L2_M04_s4_w5330B3329-14E7-4FB8-9087-C7A196965292.npy,dmso
P015077,M04,s5,dmso,/mnt/micro-images-pvc/specs935-v1/specs935-v1-FA-P015077-U2OS-48h-P1-L2/2021-12-20/860/specs935-v1-FA-P015077-U2OS-48h-P1-L2_M04_s5_w5BB3EDDC1-1AB7-42C3-9298-4A60547C9A3A.npy,dmso
P015077,M04,s6,dmso,/mnt/micro-images-pvc/specs935-v1/specs935-v1-FA-P015077-U2OS-48h-P1-L2/2021-12-20/860/specs935-v1-FA-P015077-U2OS-48h-P1-L2_M04_s6_w5F5E600BC-D37E-4F57-A7C0-8910428C1F21.npy,dmso
P015077,M04,s7,dmso,/mnt/micro-images-pvc/specs935-v1/specs935-v1-FA-P015077-U2OS-48h-P1-L2/2021-12-20/860/specs935-v1-FA-P015077-U2OS-48h-P1-L2_M04_s7_w5A0FF5623-08B6-4B6A-9074-DE32DB32FEFF.npy,dmso
P015077,M04,s8,dmso,/mnt/micro-images-pvc/specs935-v1/specs935-v1-FA-P015077-U2OS-48h-P1-L2/2021-12-20/860/specs935-v1-FA-P015077-U2OS-48h-P1-L2_M04_s8_w5F7A6E757-68F7-4B36-B5C3-BD0F3AC10C25.npy,dmso
P015077,M04,s9,dmso,/mnt/micro-images-pvc/specs935-v1/specs935-v1-FA-P015077-U2OS-48h-P1-L2/2021-12-20/860/specs935-v1-FA-P015077-U2OS-48h-P1-L2_M04_s9_w5EC6BF584-2E51-4ECE-A4F6-2D680A2B60E7.npy,dmso
P015077,O02,s1,dmso,/mnt/micro-images-pvc/specs935-v1/specs935-v1-FA-P015077-U2OS-48h-P1-L2/2021-12-20/860/specs935-v1-FA-P015077-U2OS-48h-P1-L2_O02_s1_w5BBE7E48E-25F9-488D-BC84-6D54A707E953.npy,dmso
P015077,O02,s2,dmso,/mnt/micro-images-pvc/specs935-v1/specs935-v1-FA-P015077-U2OS-48h-P1-L2/2021-12-20/860/specs935-v1-FA-P015077-U2OS-48h-P1-L2_O02_s2_w5E20A78F1-874F-4AC8-AC9E-CDF10422D4FE.npy,dmso
P015077,O02,s3,dmso,/mnt/micro-images-pvc/specs935-v1/specs935-v1-FA-P015077-U2OS-48h-P1-L2/2021-12-20/860/specs935-v1-FA-P015077-U2OS-48h-P1-L2_O02_s3_w59E711DCF-B6C8-49F3-BAA0-0130E270EF11.npy,dmso
P015077,O02,s4,dmso,/mnt/micro-images-pvc/specs935-v1/specs935-v1-FA-P015077-U2OS-48h-P1-L2/2021-12-20/860/specs935-v1-FA-P015077-U2OS-48h-P1-L2_O02_s4_w560FC82AB-F9E9-4AB4-B44A-8C23A23E5A5A.npy,dmso
P015077,O02,s5,dmso,/mnt/micro-images-pvc/specs935-v1/specs935-v1-FA-P015077-U2OS-48h-P1-L2/2021-12-20/860/specs935-v1-FA-P015077-U2OS-48h-P1-L2_O02_s5_w5DFA67F7E-012A-4BDC-BE67-A221826A7A26.npy,dmso
P015077,O02,s6,dmso,/mnt/micro-images-pvc/specs935-v1/specs935-v1-FA-P015077-U2OS-48h-P1-L2/2021-12-20/860/specs935-v1-FA-P015077-U2OS-48h-P1-L2_O02_s6_w50D6098C8-F157-45A5-9B6A-9582A51D0C7B.npy,dmso
P015077,O02,s7,dmso,/mnt/micro-images-pvc/specs935-v1/specs935-v1-FA-P015077-U2OS-48h-P1-L2/2021-12-20/860/specs935-v1-FA-P015077-U2OS-48h-P1-L2_O02_s7_w5A0D70440-D48E-4996-86B0-A3153EAFD572.npy,dmso
P015077,O02,s8,dmso,/mnt/micro-images-pvc/specs935-v1/specs935-v1-FA-P015077-U2OS-48h-P1-L2/2021-12-20/860/specs935-v1-FA-P015077-U2OS-48h-P1-L2_O02_s8_w50D39113A-78BF-4413-8968-FB360140BD60.npy,dmso
P015077,O02,s9,dmso,/mnt/micro-images-pvc/specs935-v1/specs935-v1-FA-P015077-U2OS-48h-P1-L2/2021-12-20/860/specs935-v1-FA-P015077-U2OS-48h-P1-L2_O02_s9_w53951AADA-B985-4514-B358-551B002906B2.npy,dmso
P015077,O16,s1,dmso,/mnt/micro-images-pvc/specs935-v1/specs935-v1-FA-P015077-U2OS-48h-P1-L2/2021-12-20/860/specs935-v1-FA-P015077-U2OS-48h-P1-L2_O16_s1_w5FF6005C0-31E5-4458-B7E4-E60CE9ECD206.npy,dmso
P015077,O16,s2,dmso,/mnt/micro-images-pvc/specs935-v1/specs935-v1-FA-P015077-U2OS-48h-P1-L2/2021-12-20/860/specs935-v1-FA-P015077-U2OS-48h-P1-L2_O16_s2_w594433E62-B5ED-43F5-9B80-13B2723A98A1.npy,dmso
P015077,O16,s3,dmso,/mnt/micro-images-pvc/specs935-v1/specs935-v1-FA-P015077-U2OS-48h-P1-L2/2021-12-20/860/specs935-v1-FA-P015077-U2OS-48h-P1-L2_O16_s3_w583A66B69-D188-45C0-AFCD-EF6128F2D4CB.npy,dmso
P015077,O16,s4,dmso,/mnt/micro-images-pvc/specs935-v1/specs935-v1-FA-P015077-U2OS-48h-P1-L2/2021-12-20/860/specs935-v1-FA-P015077-U2OS-48h-P1-L2_O16_s4_w511014664-384B-4650-BFA6-40DA8DC27634.npy,dmso
P015077,O16,s5,dmso,/mnt/micro-images-pvc/specs935-v1/specs935-v1-FA-P015077-U2OS-48h-P1-L2/2021-12-20/860/specs935-v1-FA-P015077-U2OS-48h-P1-L2_O16_s5_w57B10D1F5-5EF5-4220-8AB7-AFB2E2D1E91E.npy,dmso
P015077,O16,s6,dmso,/mnt/micro-images-pvc/specs935-v1/specs935-v1-FA-P015077-U2OS-48h-P1-L2/2021-12-20/860/specs935-v1-FA-P015077-U2OS-48h-P1-L2_O16_s6_w5D3729330-A814-44D9-B079-035405185D0F.npy,dmso
P015077,O16,s7,dmso,/mnt/micro-images-pvc/specs935-v1/specs935-v1-FA-P015077-U2OS-48h-P1-L2/2021-12-20/860/specs935-v1-FA-P015077-U2OS-48h-P1-L2_O16_s7_w56B91752A-5BFC-4DB7-A691-0FFB3C8DD6E0.npy,dmso
P015077,O16,s8,dmso,/mnt/micro-images-pvc/specs935-v1/specs935-v1-FA-P015077-U2OS-48h-P1-L2/2021-12-20/860/specs935-v1-FA-P015077-U2OS-48h-P1-L2_O16_s8_w52483751E-03B0-4772-8B2A-3D0C1E4E8E94.npy,dmso
P015077,O16,s9,dmso,/mnt/micro-images-pvc/specs935-v1/specs935-v1-FA-P015077-U2OS-48h-P1-L2/2021-12-20/860/specs935-v1-FA-P015077-U2OS-48h-P1-L2_O16_s9_w57E5BCB5F-A969-4017-8AA1-29E228386BAC.npy,dmso
P015080,B02,s1,dmso,/mnt/micro-images-pvc/specs935-v1/specs935-v1-FA-P015080-U2OS-48h-P3-L1/2021-12-16/849/specs935-v1-FA-P015080-U2OS-48h-P3-L1_B02_s1_w5A120EF0C-9D46-4813-8BD0-29BB6F755AEB.npy,dmso
P015080,B02,s2,dmso,/mnt/micro-images-pvc/specs935-v1/specs935-v1-FA-P015080-U2OS-48h-P3-L1/2021-12-16/849/specs935-v1-FA-P015080-U2OS-48h-P3-L1_B02_s2_w59D7F8B94-6CEB-4169-8EDC-54D2E65034FD.npy,dmso
P015080,B02,s3,dmso,/mnt/micro-images-pvc/specs935-v1/specs935-v1-FA-P015080-U2OS-48h-P3-L1/2021-12-16/849/specs935-v1-FA-P015080-U2OS-48h-P3-L1_B02_s3_w5BD6DEFF8-DFBE-4046-9CCD-02476A0B5F75.npy,dmso
P015080,B02,s4,dmso,/mnt/micro-images-pvc/specs935-v1/specs935-v1-FA-P015080-U2OS-48h-P3-L1/2021-12-16/849/specs935-v1-FA-P015080-U2OS-48h-P3-L1_B02_s4_w5DA78DE76-3DF9-47B9-A808-EE47720784F3.npy,dmso
P015080,B02,s5,dmso,/mnt/micro-images-pvc/specs935-v1/specs935-v1-FA-P015080-U2OS-48h-P3-L1/2021-12-16/849/specs935-v1-FA-P015080-U2OS-48h-P3-L1_B02_s5_w55DE67B1A-9882-4FEC-A87E-A43C8864DAC2.npy,dmso
P015080,B02,s6,dmso,/mnt/micro-images-pvc/specs935-v1/specs935-v1-FA-P015080-U2OS-48h-P3-L1/2021-12-16/849/specs935-v1-FA-P015080-U2OS-48h-P3-L1_B02_s6_w512CE2B46-B2BF-4FD4-97D2-5367681EF7F4.npy,dmso
P015080,B02,s7,dmso,/mnt/micro-images-pvc/specs935-v1/specs935-v1-FA-P015080-U2OS-48h-P3-L1/2021-12-16/849/specs935-v1-FA-P015080-U2OS-48h-P3-L1_B02_s7_w59617B458-1D6B-4002-9E85-1B39EDE299A8.npy,dmso
P015080,B02,s8,dmso,/mnt/micro-images-pvc/specs935-v1/specs935-v1-FA-P015080-U2OS-48h-P3-L1/2021-12-16/849/specs935-v1-FA-P015080-U2OS-48h-P3-L1_B02_s8_w5E500667A-CB08-401E-B3D4-E49BEDC72CA4.npy,dmso
P015080,B02,s9,dmso,/mnt/micro-images-pvc/specs935-v1/specs935-v1-FA-P015080-U2OS-48h-P3-L1/2021-12-16/849/specs935-v1-FA-P015080-U2OS-48h-P3-L1_B02_s9_w5A414754E-DD3B-465D-B741-09D025FFD939.npy,dmso
P015080,C15,s1,dmso,/mnt/micro-images-pvc/specs935-v1/specs935-v1-FA-P015080-U2OS-48h-P3-L1/2021-12-16/849/specs935-v1-FA-P015080-U2OS-48h-P3-L1_C15_s1_w551A3BA5D-6F3E-43C6-9BBF-983A663054F1.npy,dmso
P015080,C15,s2,dmso,/mnt/micro-images-pvc/specs935-v1/specs935-v1-FA-P015080-U2OS-48h-P3-L1/2021-12-16/849/specs935-v1-FA-P015080-U2OS-48h-P3-L1_C15_s2_w59828D661-0E4E-40DF-9D73-4AC516DE0E74.npy,dmso
P015080,C15,s3,dmso,/mnt/micro-images-pvc/specs935-v1/specs935-v1-FA-P015080-U2OS-48h-P3-L1/2021-12-16/849/specs935-v1-FA-P015080-U2OS-48h-P3-L1_C15_s3_w5F5505AA7-6AEA-4C47-A84C-F83AD221093A.npy,dmso
P015080,C15,s4,dmso,/mnt/micro-images-pvc/specs935-v1/specs935-v1-FA-P015080-U2OS-48h-P3-L1/2021-12-16/849/specs935-v1-FA-P015080-U2OS-48h-P3-L1_C15_s4_w56556A936-5764-4263-8925-F80130D14C07.npy,dmso
P015080,C15,s5,dmso,/mnt/micro-images-pvc/specs935-v1/specs935-v1-FA-P015080-U2OS-48h-P3-L1/2021-12-16/849/specs935-v1-FA-P015080-U2OS-48h-P3-L1_C15_s5_w5710CCB54-D09D-4971-8F73-DCFF715D6501.npy,dmso
P015080,C15,s6,dmso,/mnt/micro-images-pvc/specs935-v1/specs935-v1-FA-P015080-U2OS-48h-P3-L1/2021-12-16/849/specs935-v1-FA-P015080-U2OS-48h-P3-L1_C15_s6_w5209C17E2-1E8F-4F82-9E44-34E935A81FDC.npy,dmso
P015080,C15,s7,dmso,/mnt/micro-images-pvc/specs935-v1/specs935-v1-FA-P015080-U2OS-48h-P3-L1/2021-12-16/849/specs935-v1-FA-P015080-U2OS-48h-P3-L1_C15_s7_w5E708990F-F1D1-4D8D-802E-F59643FDB98A.npy,dmso
P015080,C15,s8,dmso,/mnt/micro-images-pvc/specs935-v1/specs935-v1-FA-P015080-U2OS-48h-P3-L1/2021-12-16/849/specs935-v1-FA-P015080-U2OS-48h-P3-L1_C15_s8_w52C9DF9FB-2ACB-42F1-A06C-2B7BE84054C4.npy,dmso
P015080,C15,s9,dmso,/mnt/micro-images-pvc/specs935-v1/specs935-v1-FA-P015080-U2OS-48h-P3-L1/2021-12-16/849/specs935-v1-FA-P015080-U2OS-48h-P3-L1_C15_s9_w5AFF5025D-EFA0-4330-B140-A6631EE6D768.npy,dmso
P015080,D23,s1,dmso,/mnt/micro-images-pvc/specs935-v1/specs935-v1-FA-P015080-U2OS-48h-P3-L1/2021-12-16/849/specs935-v1-FA-P015080-U2OS-48h-P3-L1_D23_s1_w5680DF060-1260-48FA-B257-FF17E1CD6B74.npy,dmso
P015080,D23,s2,dmso,/mnt/micro-images-pvc/specs935-v1/specs935-v1-FA-P015080-U2OS-48h-P3-L1/2021-12-16/849/specs935-v1-FA-P015080-U2OS-48h-P3-L1_D23_s2_w5382B1412-5FB4-4533-A072-CFA64DEB457E.npy,dmso
P015080,D23,s3,dmso,/mnt/micro-images-pvc/specs935-v1/specs935-v1-FA-P015080-U2OS-48h-P3-L1/2021-12-16/849/specs935-v1-FA-P015080-U2OS-48h-P3-L1_D23_s3_w5209EAE54-D20F-4CF2-B4C1-D2C1D1B52D71.npy,dmso
P015080,D23,s4,dmso,/mnt/micro-images-pvc/specs935-v1/specs935-v1-FA-P015080-U2OS-48h-P3-L1/2021-12-16/849/specs935-v1-FA-P015080-U2OS-48h-P3-L1_D23_s4_w5D3F6861D-3767-43B7-99CE-AD6655351E70.npy,dmso
P015080,D23,s5,dmso,/mnt/micro-images-pvc/specs935-v1/specs935-v1-FA-P015080-U2OS-48h-P3-L1/2021-12-16/849/specs935-v1-FA-P015080-U2OS-48h-P3-L1_D23_s5_w550ED58B5-219C-4860-B2FF-80F0410F136F.npy,dmso
P015080,D23,s6,dmso,/mnt/micro-images-pvc/specs935-v1/specs935-v1-FA-P015080-U2OS-48h-P3-L1/2021-12-16/849/specs935-v1-FA-P015080-U2OS-48h-P3-L1_D23_s6_w5C2674988-443B-4556-A045-548440ACCEA1.npy,dmso
P015080,D23,s7,dmso,/mnt/micro-images-pvc/specs935-v1/specs935-v1-FA-P015080-U2OS-48h-P3-L1/2021-12-16/849/specs935-v1-FA-P015080-U2OS-48h-P3-L1_D23_s7_w5CE1A9627-66D3-4A6E-B5BB-1996C5579A0D.npy,dmso
P015080,D23,s8,dmso,/mnt/micro-images-pvc/specs935-v1/specs935-v1-FA-P015080-U2OS-48h-P3-L1/2021-12-16/849/specs935-v1-FA-P015080-U2OS-48h-P3-L1_D23_s8_w510E107F3-E876-4212-825A-890B779EBEA8.npy,dmso
P015080,D23,s9,dmso,/mnt/micro-images-pvc/specs935-v1/specs935-v1-FA-P015080-U2OS-48h-P3-L1/2021-12-16/849/specs935-v1-FA-P015080-U2OS-48h-P3-L1_D23_s9_w5384BAC2F-4615-4682-BCFA-1566998F7D64.npy,dmso
P015080,E05,s1,dmso,/mnt/micro-images-pvc/specs935-v1/specs935-v1-FA-P015080-U2OS-48h-P3-L1/2021-12-16/849/specs935-v1-FA-P015080-U2OS-48h-P3-L1_E05_s1_w51DB697D5-6C19-4B98-8854-3590B5B796E6.npy,dmso
P015080,E05,s2,dmso,/mnt/micro-images-pvc/specs935-v1/specs935-v1-FA-P015080-U2OS-48h-P3-L1/2021-12-16/849/specs935-v1-FA-P015080-U2OS-48h-P3-L1_E05_s2_w5F89F3B94-D0E1-4256-8C63-4FC04898E3BB.npy,dmso
P015080,E05,s3,dmso,/mnt/micro-images-pvc/specs935-v1/specs935-v1-FA-P015080-U2OS-48h-P3-L1/2021-12-16/849/specs935-v1-FA-P015080-U2OS-48h-P3-L1_E05_s3_w5EAF1D062-8F52-400C-9FE0-BA8A9AC933A3.npy,dmso
P015080,E05,s4,dmso,/mnt/micro-images-pvc/specs935-v1/specs935-v1-FA-P015080-U2OS-48h-P3-L1/2021-12-16/849/specs935-v1-FA-P015080-U2OS-48h-P3-L1_E05_s4_w545E4CF87-9ED6-4757-ABA3-82F3A98C2E4F.npy,dmso
P015080,E05,s5,dmso,/mnt/micro-images-pvc/specs935-v1/specs935-v1-FA-P015080-U2OS-48h-P3-L1/2021-12-16/849/specs935-v1-FA-P015080-U2OS-48h-P3-L1_E05_s5_w53D4D7B10-9454-42D3-96CC-F690250F1816.npy,dmso
P015080,E05,s6,dmso,/mnt/micro-images-pvc/specs935-v1/specs935-v1-FA-P015080-U2OS-48h-P3-L1/2021-12-16/849/specs935-v1-FA-P015080-U2OS-48h-P3-L1_E05_s6_w5863FFB46-1253-4C9E-A3A6-ECCD2E5498B8.npy,dmso
P015080,E05,s7,dmso,/mnt/micro-images-pvc/specs935-v1/specs935-v1-FA-P015080-U2OS-48h-P3-L1/2021-12-16/849/specs935-v1-FA-P015080-U2OS-48h-P3-L1_E05_s7_w5F4BC3BA8-6BF7-4749-8D45-1133ADDF7918.npy,dmso
P015080,E05,s8,dmso,/mnt/micro-images-pvc/specs935-v1/specs935-v1-FA-P015080-U2OS-48h-P3-L1/2021-12-16/849/specs935-v1-FA-P015080-U2OS-48h-P3-L1_E05_s8_w5B1D16322-EFE0-4787-8088-61AE6FCD25FB.npy,dmso
P015080,E05,s9,dmso,/mnt/micro-images-pvc/specs935-v1/specs935-v1-FA-P015080-U2OS-48h-P3-L1/2021-12-16/849/specs935-v1-FA-P015080-U2OS-48h-P3-L1_E05_s9_w5230DC8C9-C304-4F50-94A7-0ADE9FCBDE64.npy,dmso
P015080,F09,s1,dmso,/mnt/micro-images-pvc/specs935-v1/specs935-v1-FA-P015080-U2OS-48h-P3-L1/2021-12-16/849/specs935-v1-FA-P015080-U2OS-48h-P3-L1_F09_s1_w5046D5025-D071-49BB-A622-1184C77E30DA.npy,dmso
P015080,F09,s2,dmso,/mnt/micro-images-pvc/specs935-v1/specs935-v1-FA-P015080-U2OS-48h-P3-L1/2021-12-16/849/specs935-v1-FA-P015080-U2OS-48h-P3-L1_F09_s2_w5C2D1C126-ED7D-41EE-9B0E-14BCF711130E.npy,dmso
P015080,F09,s3,dmso,/mnt/micro-images-pvc/specs935-v1/specs935-v1-FA-P015080-U2OS-48h-P3-L1/2021-12-16/849/specs935-v1-FA-P015080-U2OS-48h-P3-L1_F09_s3_w546331011-6EB5-4847-B5FC-B1015E2004FC.npy,dmso
P015080,F09,s4,dmso,/mnt/micro-images-pvc/specs935-v1/specs935-v1-FA-P015080-U2OS-48h-P3-L1/2021-12-16/849/specs935-v1-FA-P015080-U2OS-48h-P3-L1_F09_s4_w563B6B69E-340B-4373-AE2B-F3AEBDB7C96D.npy,dmso
P015080,F09,s5,dmso,/mnt/micro-images-pvc/specs935-v1/specs935-v1-FA-P015080-U2OS-48h-P3-L1/2021-12-16/849/specs935-v1-FA-P015080-U2OS-48h-P3-L1_F09_s5_w57CD30397-86AB-4568-94FD-9853E5ADBC93.npy,dmso
P015080,F09,s6,dmso,/mnt/micro-images-pvc/specs935-v1/specs935-v1-FA-P015080-U2OS-48h-P3-L1/2021-12-16/849/specs935-v1-FA-P015080-U2OS-48h-P3-L1_F09_s6_w56FF1EA84-13FF-4005-813A-6B44ADD3FE40.npy,dmso
P015080,F09,s7,dmso,/mnt/micro-images-pvc/specs935-v1/specs935-v1-FA-P015080-U2OS-48h-P3-L1/2021-12-16/849/specs935-v1-FA-P015080-U2OS-48h-P3-L1_F09_s7_w56268DDA6-7083-4DCB-A71D-2020BB44429D.npy,dmso
P015080,F09,s8,dmso,/mnt/micro-images-pvc/specs935-v1/specs935-v1-FA-P015080-U2OS-48h-P3-L1/2021-12-16/849/specs935-v1-FA-P015080-U2OS-48h-P3-L1_F09_s8_w5E55CBBEB-E471-4240-8500-4308F109E6C9.npy,dmso
P015080,F09,s9,dmso,/mnt/micro-images-pvc/specs935-v1/specs935-v1-FA-P015080-U2OS-48h-P3-L1/2021-12-16/849/specs935-v1-FA-P015080-U2OS-48h-P3-L1_F09_s9_w59A002E39-2F2E-4822-9373-A823A82DF8AD.npy,dmso
P015080,F14,s1,dmso,/mnt/micro-images-pvc/specs935-v1/specs935-v1-FA-P015080-U2OS-48h-P3-L1/2021-12-16/849/specs935-v1-FA-P015080-U2OS-48h-P3-L1_F14_s1_w5BF15A92A-AA2A-4B3A-BB5C-0A4030FE3B14.npy,dmso
P015080,F14,s2,dmso,/mnt/micro-images-pvc/specs935-v1/specs935-v1-FA-P015080-U2OS-48h-P3-L1/2021-12-16/849/specs935-v1-FA-P015080-U2OS-48h-P3-L1_F14_s2_w5043ACB7E-AFD9-439D-85CE-5E9464A2B1B6.npy,dmso
P015080,F14,s3,dmso,/mnt/micro-images-pvc/specs935-v1/specs935-v1-FA-P015080-U2OS-48h-P3-L1/2021-12-16/849/specs935-v1-FA-P015080-U2OS-48h-P3-L1_F14_s3_w5C29B9095-C441-493F-94FC-25F6E233EA23.npy,dmso
P015080,F14,s4,dmso,/mnt/micro-images-pvc/specs935-v1/specs935-v1-FA-P015080-U2OS-48h-P3-L1/2021-12-16/849/specs935-v1-FA-P015080-U2OS-48h-P3-L1_F14_s4_w5CA41376B-7DBA-47BA-9D3A-2ACA9A1C451D.npy,dmso
P015080,F14,s5,dmso,/mnt/micro-images-pvc/specs935-v1/specs935-v1-FA-P015080-U2OS-48h-P3-L1/2021-12-16/849/specs935-v1-FA-P015080-U2OS-48h-P3-L1_F14_s5_w58BB3476C-5FBF-4C94-82C3-48EC48D2D6F6.npy,dmso
P015080,F14,s6,dmso,/mnt/micro-images-pvc/specs935-v1/specs935-v1-FA-P015080-U2OS-48h-P3-L1/2021-12-16/849/specs935-v1-FA-P015080-U2OS-48h-P3-L1_F14_s6_w5E6371096-0317-4D6F-A232-C1C840F31894.npy,dmso
P015080,F14,s7,dmso,/mnt/micro-images-pvc/specs935-v1/specs935-v1-FA-P015080-U2OS-48h-P3-L1/2021-12-16/849/specs935-v1-FA-P015080-U2OS-48h-P3-L1_F14_s7_w54B2B25E4-71C7-4F45-8AFB-889AEC857864.npy,dmso
P015080,F14,s8,dmso,/mnt/micro-images-pvc/specs935-v1/specs935-v1-FA-P015080-U2OS-48h-P3-L1/2021-12-16/849/specs935-v1-FA-P015080-U2OS-48h-P3-L1_F14_s8_w54E6548BC-6D43-4855-8242-9595A0D85CBA.npy,dmso
P015080,F14,s9,dmso,/mnt/micro-images-pvc/specs935-v1/specs935-v1-FA-P015080-U2OS-48h-P3-L1/2021-12-16/849/specs935-v1-FA-P015080-U2OS-48h-P3-L1_F14_s9_w5B9AED88C-4240-4B13-8D81-9804CA32CC88.npy,dmso
P015080,G03,s1,dmso,/mnt/micro-images-pvc/specs935-v1/specs935-v1-FA-P015080-U2OS-48h-P3-L1/2021-12-16/849/specs935-v1-FA-P015080-U2OS-48h-P3-L1_G03_s1_w52B78D3D4-CFF2-4DC7-8AF9-FD4C5096EE92.npy,dmso
P015080,G03,s2,dmso,/mnt/micro-images-pvc/specs935-v1/specs935-v1-FA-P015080-U2OS-48h-P3-L1/2021-12-16/849/specs935-v1-FA-P015080-U2OS-48h-P3-L1_G03_s2_w5E3C042D3-081A-443A-ADBA-8B5CBA64B480.npy,dmso
P015080,G03,s3,dmso,/mnt/micro-images-pvc/specs935-v1/specs935-v1-FA-P015080-U2OS-48h-P3-L1/2021-12-16/849/specs935-v1-FA-P015080-U2OS-48h-P3-L1_G03_s3_w50BCB0977-C350-4393-B88E-F8D17EF3A92E.npy,dmso
P015080,G03,s4,dmso,/mnt/micro-images-pvc/specs935-v1/specs935-v1-FA-P015080-U2OS-48h-P3-L1/2021-12-16/849/specs935-v1-FA-P015080-U2OS-48h-P3-L1_G03_s4_w532887277-33CB-476C-9571-56573CAC97F8.npy,dmso
P015080,G03,s5,dmso,/mnt/micro-images-pvc/specs935-v1/specs935-v1-FA-P015080-U2OS-48h-P3-L1/2021-12-16/849/specs935-v1-FA-P015080-U2OS-48h-P3-L1_G03_s5_w5EE935378-D52C-4C42-99E3-AA79105E1D16.npy,dmso
P015080,G03,s6,dmso,/mnt/micro-images-pvc/specs935-v1/specs935-v1-FA-P015080-U2OS-48h-P3-L1/2021-12-16/849/specs935-v1-FA-P015080-U2OS-48h-P3-L1_G03_s6_w588BECC00-ECAE-4EF1-BA75-C74A9AA5AC85.npy,dmso
P015080,G03,s7,dmso,/mnt/micro-images-pvc/specs935-v1/specs935-v1-FA-P015080-U2OS-48h-P3-L1/2021-12-16/849/specs935-v1-FA-P015080-U2OS-48h-P3-L1_G03_s7_w5BA65F65B-A10F-4FAD-BDBA-C932A4B7837C.npy,dmso
P015080,G03,s8,dmso,/mnt/micro-images-pvc/specs935-v1/specs935-v1-FA-P015080-U2OS-48h-P3-L1/2021-12-16/849/specs935-v1-FA-P015080-U2OS-48h-P3-L1_G03_s8_w5FCBCEBBC-BD8F-4EC0-B170-114A459F5084.npy,dmso
P015080,G03,s9,dmso,/mnt/micro-images-pvc/specs935-v1/specs935-v1-FA-P015080-U2OS-48h-P3-L1/2021-12-16/849/specs935-v1-FA-P015080-U2OS-48h-P3-L1_G03_s9_w53BDA2A61-E0D6-4DAE-B629-6D9BA1E6CE80.npy,dmso
P015080,I16,s1,dmso,/mnt/micro-images-pvc/specs935-v1/specs935-v1-FA-P015080-U2OS-48h-P3-L1/2021-12-16/849/specs935-v1-FA-P015080-U2OS-48h-P3-L1_I16_s1_w5DD489CCD-6F25-4F8B-A859-2C35A7358042.npy,dmso
P015080,I16,s2,dmso,/mnt/micro-images-pvc/specs935-v1/specs935-v1-FA-P015080-U2OS-48h-P3-L1/2021-12-16/849/specs935-v1-FA-P015080-U2OS-48h-P3-L1_I16_s2_w56FB7A64D-38D2-4D50-BC0F-96E4FCC140E1.npy,dmso
P015080,I16,s3,dmso,/mnt/micro-images-pvc/specs935-v1/specs935-v1-FA-P015080-U2OS-48h-P3-L1/2021-12-16/849/specs935-v1-FA-P015080-U2OS-48h-P3-L1_I16_s3_w50732D9C2-D035-4F9C-A21A-04C0AC826638.npy,dmso
P015080,I16,s4,dmso,/mnt/micro-images-pvc/specs935-v1/specs935-v1-FA-P015080-U2OS-48h-P3-L1/2021-12-16/849/specs935-v1-FA-P015080-U2OS-48h-P3-L1_I16_s4_w5798998BA-DFBF-4071-8891-918CC0FD18C6.npy,dmso
P015080,I16,s5,dmso,/mnt/micro-images-pvc/specs935-v1/specs935-v1-FA-P015080-U2OS-48h-P3-L1/2021-12-16/849/specs935-v1-FA-P015080-U2OS-48h-P3-L1_I16_s5_w527FD9CD2-5BF1-4A29-A5E1-884CC41E678B.npy,dmso
P015080,I16,s6,dmso,/mnt/micro-images-pvc/specs935-v1/specs935-v1-FA-P015080-U2OS-48h-P3-L1/2021-12-16/849/specs935-v1-FA-P015080-U2OS-48h-P3-L1_I16_s6_w5DE90B3B0-BCEF-4886-931B-ECBC121D2FE3.npy,dmso
P015080,I16,s7,dmso,/mnt/micro-images-pvc/specs935-v1/specs935-v1-FA-P015080-U2OS-48h-P3-L1/2021-12-16/849/specs935-v1-FA-P015080-U2OS-48h-P3-L1_I16_s7_w50BEC1BD0-E774-4C1C-8C0E-08F48B50EB03.npy,dmso
P015080,I16,s8,dmso,/mnt/micro-images-pvc/specs935-v1/specs935-v1-FA-P015080-U2OS-48h-P3-L1/2021-12-16/849/specs935-v1-FA-P015080-U2OS-48h-P3-L1_I16_s8_w5F0C3FBC7-B781-405C-A7A6-A50682D0ADD7.npy,dmso
P015080,I16,s9,dmso,/mnt/micro-images-pvc/specs935-v1/specs935-v1-FA-P015080-U2OS-48h-P3-L1/2021-12-16/849/specs935-v1-FA-P015080-U2OS-48h-P3-L1_I16_s9_w5042994A3-6383-427A-A505-018DD8565EE1.npy,dmso
P015080,J13,s1,dmso,/mnt/micro-images-pvc/specs935-v1/specs935-v1-FA-P015080-U2OS-48h-P3-L1/2021-12-16/849/specs935-v1-FA-P015080-U2OS-48h-P3-L1_J13_s1_w54C92838F-0299-4810-A26F-E8F46ED6A726.npy,dmso
P015080,J13,s2,dmso,/mnt/micro-images-pvc/specs935-v1/specs935-v1-FA-P015080-U2OS-48h-P3-L1/2021-12-16/849/specs935-v1-FA-P015080-U2OS-48h-P3-L1_J13_s2_w5EA02209D-2B1B-424A-9CF9-A7BB449B3A78.npy,dmso
P015080,J13,s3,dmso,/mnt/micro-images-pvc/specs935-v1/specs935-v1-FA-P015080-U2OS-48h-P3-L1/2021-12-16/849/specs935-v1-FA-P015080-U2OS-48h-P3-L1_J13_s3_w531AB9674-78F3-4227-A2A9-55EA3F79B5FF.npy,dmso
P015080,J13,s4,dmso,/mnt/micro-images-pvc/specs935-v1/specs935-v1-FA-P015080-U2OS-48h-P3-L1/2021-12-16/849/specs935-v1-FA-P015080-U2OS-48h-P3-L1_J13_s4_w50CF73686-44A7-42E6-BA97-3A4F50A544BE.npy,dmso
P015080,J13,s5,dmso,/mnt/micro-images-pvc/specs935-v1/specs935-v1-FA-P015080-U2OS-48h-P3-L1/2021-12-16/849/specs935-v1-FA-P015080-U2OS-48h-P3-L1_J13_s5_w555F74AF8-CC9F-42CB-B526-C20104788809.npy,dmso
P015080,J13,s6,dmso,/mnt/micro-images-pvc/specs935-v1/specs935-v1-FA-P015080-U2OS-48h-P3-L1/2021-12-16/849/specs935-v1-FA-P015080-U2OS-48h-P3-L1_J13_s6_w5BACBB370-65CD-4877-AB00-44E19DB18470.npy,dmso
P015080,J13,s7,dmso,/mnt/micro-images-pvc/specs935-v1/specs935-v1-FA-P015080-U2OS-48h-P3-L1/2021-12-16/849/specs935-v1-FA-P015080-U2OS-48h-P3-L1_J13_s7_w5BCF105DC-6180-4CC0-9832-1E9AE00B2210.npy,dmso
P015080,J13,s8,dmso,/mnt/micro-images-pvc/specs935-v1/specs935-v1-FA-P015080-U2OS-48h-P3-L1/2021-12-16/849/specs935-v1-FA-P015080-U2OS-48h-P3-L1_J13_s8_w5A0D1FDCC-1CFC-4BA2-96C9-5878E5BFC645.npy,dmso
P015080,J13,s9,dmso,/mnt/micro-images-pvc/specs935-v1/specs935-v1-FA-P015080-U2OS-48h-P3-L1/2021-12-16/849/specs935-v1-FA-P015080-U2OS-48h-P3-L1_J13_s9_w5DAC26EBB-15A1-4303-9ED1-5FD51ABBCAB7.npy,dmso
P015080,L08,s1,dmso,/mnt/micro-images-pvc/specs935-v1/specs935-v1-FA-P015080-U2OS-48h-P3-L1/2021-12-16/849/specs935-v1-FA-P015080-U2OS-48h-P3-L1_L08_s1_w55D50EB8F-C9D1-44A0-9EDE-C0D734FC7A96.npy,dmso
P015080,L08,s2,dmso,/mnt/micro-images-pvc/specs935-v1/specs935-v1-FA-P015080-U2OS-48h-P3-L1/2021-12-16/849/specs935-v1-FA-P015080-U2OS-48h-P3-L1_L08_s2_w53EA6C578-5FDB-42FD-9FA6-245E96301977.npy,dmso
P015080,L08,s3,dmso,/mnt/micro-images-pvc/specs935-v1/specs935-v1-FA-P015080-U2OS-48h-P3-L1/2021-12-16/849/specs935-v1-FA-P015080-U2OS-48h-P3-L1_L08_s3_w5E1D79B6D-5E3B-494C-AF9D-034ED3F0152B.npy,dmso
P015080,L08,s4,dmso,/mnt/micro-images-pvc/specs935-v1/specs935-v1-FA-P015080-U2OS-48h-P3-L1/2021-12-16/849/specs935-v1-FA-P015080-U2OS-48h-P3-L1_L08_s4_w51C929C97-7497-47C1-B0C4-1C21B7B180E3.npy,dmso
P015080,L08,s5,dmso,/mnt/micro-images-pvc/specs935-v1/specs935-v1-FA-P015080-U2OS-48h-P3-L1/2021-12-16/849/specs935-v1-FA-P015080-U2OS-48h-P3-L1_L08_s5_w5FEB682D3-718D-41E1-8119-13E4B20E61FA.npy,dmso
P015080,L08,s6,dmso,/mnt/micro-images-pvc/specs935-v1/specs935-v1-FA-P015080-U2OS-48h-P3-L1/2021-12-16/849/specs935-v1-FA-P015080-U2OS-48h-P3-L1_L08_s6_w57F51EEA3-2556-4F11-97F6-0FEBB22FA685.npy,dmso
P015080,L08,s7,dmso,/mnt/micro-images-pvc/specs935-v1/specs935-v1-FA-P015080-U2OS-48h-P3-L1/2021-12-16/849/specs935-v1-FA-P015080-U2OS-48h-P3-L1_L08_s7_w56E015C13-3BF5-4002-A809-146E5B9FE000.npy,dmso
P015080,L08,s8,dmso,/mnt/micro-images-pvc/specs935-v1/specs935-v1-FA-P015080-U2OS-48h-P3-L1/2021-12-16/849/specs935-v1-FA-P015080-U2OS-48h-P3-L1_L08_s8_w55EC5272C-4F64-4512-B744-87A884F724D1.npy,dmso
P015080,L08,s9,dmso,/mnt/micro-images-pvc/specs935-v1/specs935-v1-FA-P015080-U2OS-48h-P3-L1/2021-12-16/849/specs935-v1-FA-P015080-U2OS-48h-P3-L1_L08_s9_w587C18179-1617-4A64-9864-2C16FBBE4891.npy,dmso
P015080,M21,s1,dmso,/mnt/micro-images-pvc/specs935-v1/specs935-v1-FA-P015080-U2OS-48h-P3-L1/2021-12-16/849/specs935-v1-FA-P015080-U2OS-48h-P3-L1_M21_s1_w5AD03AD1E-264E-452D-9228-1617F653F73F.npy,dmso
P015080,M21,s2,dmso,/mnt/micro-images-pvc/specs935-v1/specs935-v1-FA-P015080-U2OS-48h-P3-L1/2021-12-16/849/specs935-v1-FA-P015080-U2OS-48h-P3-L1_M21_s2_w56B0E633F-98B1-4769-A18F-B8173F131A08.npy,dmso
P015080,M21,s3,dmso,/mnt/micro-images-pvc/specs935-v1/specs935-v1-FA-P015080-U2OS-48h-P3-L1/2021-12-16/849/specs935-v1-FA-P015080-U2OS-48h-P3-L1_M21_s3_w57E7027EC-2FCF-4ABB-BE89-7A2494842CE1.npy,dmso
P015080,M21,s4,dmso,/mnt/micro-images-pvc/specs935-v1/specs935-v1-FA-P015080-U2OS-48h-P3-L1/2021-12-16/849/specs935-v1-FA-P015080-U2OS-48h-P3-L1_M21_s4_w509B3EA28-3E5B-4D8F-BB00-16E4CAC06E5B.npy,dmso
P015080,M21,s5,dmso,/mnt/micro-images-pvc/specs935-v1/specs935-v1-FA-P015080-U2OS-48h-P3-L1/2021-12-16/849/specs935-v1-FA-P015080-U2OS-48h-P3-L1_M21_s5_w54C74B073-AD65-4455-9B28-EE9403EA5E1C.npy,dmso
P015080,M21,s6,dmso,/mnt/micro-images-pvc/specs935-v1/specs935-v1-FA-P015080-U2OS-48h-P3-L1/2021-12-16/849/specs935-v1-FA-P015080-U2OS-48h-P3-L1_M21_s6_w52F1D03B9-9BCC-484F-B6F8-2F13E5280995.npy,dmso
P015080,M21,s7,dmso,/mnt/micro-images-pvc/specs935-v1/specs935-v1-FA-P015080-U2OS-48h-P3-L1/2021-12-16/849/specs935-v1-FA-P015080-U2OS-48h-P3-L1_M21_s7_w571590486-E84A-449D-89FC-7C78C605C510.npy,dmso
P015080,M21,s8,dmso,/mnt/micro-images-pvc/specs935-v1/specs935-v1-FA-P015080-U2OS-48h-P3-L1/2021-12-16/849/specs935-v1-FA-P015080-U2OS-48h-P3-L1_M21_s8_w502C1A667-F128-4A27-A02E-82B5EF7D6AAE.npy,dmso
P015080,M21,s9,dmso,/mnt/micro-images-pvc/specs935-v1/specs935-v1-FA-P015080-U2OS-48h-P3-L1/2021-12-16/849/specs935-v1-FA-P015080-U2OS-48h-P3-L1_M21_s9_w5E7FE4229-D969-476A-9C0F-4B225107A8C2.npy,dmso
P015080,N10,s1,dmso,/mnt/micro-images-pvc/specs935-v1/specs935-v1-FA-P015080-U2OS-48h-P3-L1/2021-12-16/849/specs935-v1-FA-P015080-U2OS-48h-P3-L1_N10_s1_w59E526C68-75F9-422C-AC13-FB3ECDE500C4.npy,dmso
P015080,N10,s2,dmso,/mnt/micro-images-pvc/specs935-v1/specs935-v1-FA-P015080-U2OS-48h-P3-L1/2021-12-16/849/specs935-v1-FA-P015080-U2OS-48h-P3-L1_N10_s2_w54BEB449F-A90D-4F1D-8F28-18DE75A86281.npy,dmso
P015080,N10,s3,dmso,/mnt/micro-images-pvc/specs935-v1/specs935-v1-FA-P015080-U2OS-48h-P3-L1/2021-12-16/849/specs935-v1-FA-P015080-U2OS-48h-P3-L1_N10_s3_w502F43104-1F4C-4D8D-9F5D-B6A67CCEE777.npy,dmso
P015080,N10,s4,dmso,/mnt/micro-images-pvc/specs935-v1/specs935-v1-FA-P015080-U2OS-48h-P3-L1/2021-12-16/849/specs935-v1-FA-P015080-U2OS-48h-P3-L1_N10_s4_w55EE1C388-53A2-4E4F-8C7B-6DE9043D646E.npy,dmso
P015080,N10,s5,dmso,/mnt/micro-images-pvc/specs935-v1/specs935-v1-FA-P015080-U2OS-48h-P3-L1/2021-12-16/849/specs935-v1-FA-P015080-U2OS-48h-P3-L1_N10_s5_w5FC3C52D2-5EE1-41F7-A6ED-D3B7EFD5E701.npy,dmso
P015080,N10,s6,dmso,/mnt/micro-images-pvc/specs935-v1/specs935-v1-FA-P015080-U2OS-48h-P3-L1/2021-12-16/849/specs935-v1-FA-P015080-U2OS-48h-P3-L1_N10_s6_w555B22D2E-0840-44DF-9C48-E033EF9240BE.npy,dmso
P015080,N10,s7,dmso,/mnt/micro-images-pvc/specs935-v1/specs935-v1-FA-P015080-U2OS-48h-P3-L1/2021-12-16/849/specs935-v1-FA-P015080-U2OS-48h-P3-L1_N10_s7_w5FD94B596-1616-4983-BE7A-43AD437296C3.npy,dmso
P015080,N10,s8,dmso,/mnt/micro-images-pvc/specs935-v1/specs935-v1-FA-P015080-U2OS-48h-P3-L1/2021-12-16/849/specs935-v1-FA-P015080-U2OS-48h-P3-L1_N10_s8_w58A76EAC7-791E-4320-B828-88DBA85CF9DB.npy,dmso
P015080,N10,s9,dmso,/mnt/micro-images-pvc/specs935-v1/specs935-v1-FA-P015080-U2OS-48h-P3-L1/2021-12-16/849/specs935-v1-FA-P015080-U2OS-48h-P3-L1_N10_s9_w58D8A7756-302D-481E-BD30-E30E7FEFDFB7.npy,dmso
P015080,N12,s1,dmso,/mnt/micro-images-pvc/specs935-v1/specs935-v1-FA-P015080-U2OS-48h-P3-L1/2021-12-16/849/specs935-v1-FA-P015080-U2OS-48h-P3-L1_N12_s1_w5D1DF5603-B2F8-4359-A132-E4EF1542E860.npy,dmso
P015080,N12,s2,dmso,/mnt/micro-images-pvc/specs935-v1/specs935-v1-FA-P015080-U2OS-48h-P3-L1/2021-12-16/849/specs935-v1-FA-P015080-U2OS-48h-P3-L1_N12_s2_w50B1A82B6-A2E3-497B-92B3-334309D218B2.npy,dmso
P015080,N12,s3,dmso,/mnt/micro-images-pvc/specs935-v1/specs935-v1-FA-P015080-U2OS-48h-P3-L1/2021-12-16/849/specs935-v1-FA-P015080-U2OS-48h-P3-L1_N12_s3_w539998BC7-CD83-43D2-B926-0F7B34F90D93.npy,dmso
P015080,N12,s4,dmso,/mnt/micro-images-pvc/specs935-v1/specs935-v1-FA-P015080-U2OS-48h-P3-L1/2021-12-16/849/specs935-v1-FA-P015080-U2OS-48h-P3-L1_N12_s4_w5236B0EE6-D311-4166-BB0A-8A495C1373D9.npy,dmso
P015080,N12,s5,dmso,/mnt/micro-images-pvc/specs935-v1/specs935-v1-FA-P015080-U2OS-48h-P3-L1/2021-12-16/849/specs935-v1-FA-P015080-U2OS-48h-P3-L1_N12_s5_w5BF675B12-351F-4B3A-8C42-6AB9DB0A7DA7.npy,dmso
P015080,N12,s6,dmso,/mnt/micro-images-pvc/specs935-v1/specs935-v1-FA-P015080-U2OS-48h-P3-L1/2021-12-16/849/specs935-v1-FA-P015080-U2OS-48h-P3-L1_N12_s6_w51969B800-77D6-4112-AD40-852459BBD268.npy,dmso
P015080,N12,s7,dmso,/mnt/micro-images-pvc/specs935-v1/specs935-v1-FA-P015080-U2OS-48h-P3-L1/2021-12-16/849/specs935-v1-FA-P015080-U2OS-48h-P3-L1_N12_s7_w516E6CCF5-5351-4574-8BDA-6F6C4F63933B.npy,dmso
P015080,N12,s8,dmso,/mnt/micro-images-pvc/specs935-v1/specs935-v1-FA-P015080-U2OS-48h-P3-L1/2021-12-16/849/specs935-v1-FA-P015080-U2OS-48h-P3-L1_N12_s8_w58106E278-C108-40F0-898F-279F4E9D5A3B.npy,dmso
P015080,N12,s9,dmso,/mnt/micro-images-pvc/specs935-v1/specs935-v1-FA-P015080-U2OS-48h-P3-L1/2021-12-16/849/specs935-v1-FA-P015080-U2OS-48h-P3-L1_N12_s9_w5390C2719-BD0E-4EED-A873-1978B5F1FDCC.npy,dmso
P015081,E08,s1,dmso,/mnt/micro-images-pvc/specs935-v1/specs935-v1-FA-P015081-U2OS-48h-P3-L2/2021-12-20/862/specs935-v1-FA-P015081-U2OS-48h-P3-L2_E08_s1_w5A7815D01-3A54-4A2F-A2A3-7C9E1E32038E.npy,dmso
P015081,E08,s2,dmso,/mnt/micro-images-pvc/specs935-v1/specs935-v1-FA-P015081-U2OS-48h-P3-L2/2021-12-20/862/specs935-v1-FA-P015081-U2OS-48h-P3-L2_E08_s2_w550297E2D-FDBF-462B-8B8C-1D2B93A87B0B.npy,dmso
P015081,E08,s3,dmso,/mnt/micro-images-pvc/specs935-v1/specs935-v1-FA-P015081-U2OS-48h-P3-L2/2021-12-20/862/specs935-v1-FA-P015081-U2OS-48h-P3-L2_E08_s3_w541FAC91E-C55F-4911-A360-90C597B988FD.npy,dmso
P015081,E08,s4,dmso,/mnt/micro-images-pvc/specs935-v1/specs935-v1-FA-P015081-U2OS-48h-P3-L2/2021-12-20/862/specs935-v1-FA-P015081-U2OS-48h-P3-L2_E08_s4_w53E8092E5-77D6-461F-98A4-7726E568FA32.npy,dmso
P015081,E08,s5,dmso,/mnt/micro-images-pvc/specs935-v1/specs935-v1-FA-P015081-U2OS-48h-P3-L2/2021-12-20/862/specs935-v1-FA-P015081-U2OS-48h-P3-L2_E08_s5_w55ED67160-17EE-4326-94FC-AAEDCA84A3F6.npy,dmso
P015081,E08,s6,dmso,/mnt/micro-images-pvc/specs935-v1/specs935-v1-FA-P015081-U2OS-48h-P3-L2/2021-12-20/862/specs935-v1-FA-P015081-U2OS-48h-P3-L2_E08_s6_w592B2B380-0846-4659-9779-8136A9E2BFAE.npy,dmso
P015081,E08,s7,dmso,/mnt/micro-images-pvc/specs935-v1/specs935-v1-FA-P015081-U2OS-48h-P3-L2/2021-12-20/862/specs935-v1-FA-P015081-U2OS-48h-P3-L2_E08_s7_w5C74468A2-54A3-4F3F-A005-3673E1129C40.npy,dmso
P015081,E08,s8,dmso,/mnt/micro-images-pvc/specs935-v1/specs935-v1-FA-P015081-U2OS-48h-P3-L2/2021-12-20/862/specs935-v1-FA-P015081-U2OS-48h-P3-L2_E08_s8_w548EA9C1E-665E-4952-908C-66E5E5A75159.npy,dmso
P015081,E08,s9,dmso,/mnt/micro-images-pvc/specs935-v1/specs935-v1-FA-P015081-U2OS-48h-P3-L2/2021-12-20/862/specs935-v1-FA-P015081-U2OS-48h-P3-L2_E08_s9_w54E623C8E-0139-44D2-AC8F-08612EBBBE50.npy,dmso
P015081,F12,s1,dmso,/mnt/micro-images-pvc/specs935-v1/specs935-v1-FA-P015081-U2OS-48h-P3-L2/2021-12-20/862/specs935-v1-FA-P015081-U2OS-48h-P3-L2_F12_s1_w58406D5A4-404D-45E9-B248-D660E1E114E2.npy,dmso
P015081,F12,s2,dmso,/mnt/micro-images-pvc/specs935-v1/specs935-v1-FA-P015081-U2OS-48h-P3-L2/2021-12-20/862/specs935-v1-FA-P015081-U2OS-48h-P3-L2_F12_s2_w536B8397F-E13D-455B-9B7A-5307E1CE8CFD.npy,dmso
P015081,F12,s3,dmso,/mnt/micro-images-pvc/specs935-v1/specs935-v1-FA-P015081-U2OS-48h-P3-L2/2021-12-20/862/specs935-v1-FA-P015081-U2OS-48h-P3-L2_F12_s3_w5D9B5E1FE-3058-4CB2-8FC0-D218566885D5.npy,dmso
P015081,F12,s4,dmso,/mnt/micro-images-pvc/specs935-v1/specs935-v1-FA-P015081-U2OS-48h-P3-L2/2021-12-20/862/specs935-v1-FA-P015081-U2OS-48h-P3-L2_F12_s4_w515A65978-456C-4087-B287-C16B765687D7.npy,dmso
P015081,F12,s5,dmso,/mnt/micro-images-pvc/specs935-v1/specs935-v1-FA-P015081-U2OS-48h-P3-L2/2021-12-20/862/specs935-v1-FA-P015081-U2OS-48h-P3-L2_F12_s5_w5E59084CA-5072-4CEA-AAAC-DCDD18A77D24.npy,dmso
P015081,F12,s6,dmso,/mnt/micro-images-pvc/specs935-v1/specs935-v1-FA-P015081-U2OS-48h-P3-L2/2021-12-20/862/specs935-v1-FA-P015081-U2OS-48h-P3-L2_F12_s6_w55B1FDFA2-7EA3-473C-8DB8-850606D81895.npy,dmso
P015081,F12,s7,dmso,/mnt/micro-images-pvc/specs935-v1/specs935-v1-FA-P015081-U2OS-48h-P3-L2/2021-12-20/862/specs935-v1-FA-P015081-U2OS-48h-P3-L2_F12_s7_w599DC2908-2AB5-4741-B5CF-BC5FA748534C.npy,dmso
P015081,F12,s8,dmso,/mnt/micro-images-pvc/specs935-v1/specs935-v1-FA-P015081-U2OS-48h-P3-L2/2021-12-20/862/specs935-v1-FA-P015081-U2OS-48h-P3-L2_F12_s8_w561940CA0-CE3E-4CFE-9928-853F0547EA22.npy,dmso
P015081,F12,s9,dmso,/mnt/micro-images-pvc/specs935-v1/specs935-v1-FA-P015081-U2OS-48h-P3-L2/2021-12-20/862/specs935-v1-FA-P015081-U2OS-48h-P3-L2_F12_s9_w567FA80F2-D00B-4E96-8EBC-B5520A8E9D94.npy,dmso
P015081,G10,s1,dmso,/mnt/micro-images-pvc/specs935-v1/specs935-v1-FA-P015081-U2OS-48h-P3-L2/2021-12-20/862/specs935-v1-FA-P015081-U2OS-48h-P3-L2_G10_s1_w50B7E2476-7BAA-4233-A7B5-BE91CECA08A6.npy,dmso
P015081,G10,s2,dmso,/mnt/micro-images-pvc/specs935-v1/specs935-v1-FA-P015081-U2OS-48h-P3-L2/2021-12-20/862/specs935-v1-FA-P015081-U2OS-48h-P3-L2_G10_s2_w57272D818-8D20-4216-A8E4-00AC60160C0C.npy,dmso
P015081,G10,s3,dmso,/mnt/micro-images-pvc/specs935-v1/specs935-v1-FA-P015081-U2OS-48h-P3-L2/2021-12-20/862/specs935-v1-FA-P015081-U2OS-48h-P3-L2_G10_s3_w5CF10FEF5-EA18-4453-AA08-A6E46828BDB5.npy,dmso
P015081,G10,s4,dmso,/mnt/micro-images-pvc/specs935-v1/specs935-v1-FA-P015081-U2OS-48h-P3-L2/2021-12-20/862/specs935-v1-FA-P015081-U2OS-48h-P3-L2_G10_s4_w5C8A7604D-964D-4345-A078-EAB2B076153D.npy,dmso
P015081,G10,s5,dmso,/mnt/micro-images-pvc/specs935-v1/specs935-v1-FA-P015081-U2OS-48h-P3-L2/2021-12-20/862/specs935-v1-FA-P015081-U2OS-48h-P3-L2_G10_s5_w55DD8F6D6-67E4-4751-8530-CF7E8BFC9207.npy,dmso
P015081,G10,s6,dmso,/mnt/micro-images-pvc/specs935-v1/specs935-v1-FA-P015081-U2OS-48h-P3-L2/2021-12-20/862/specs935-v1-FA-P015081-U2OS-48h-P3-L2_G10_s6_w52F2FB9F5-AE43-46C2-B694-5F4516E92D9B.npy,dmso
P015081,G10,s7,dmso,/mnt/micro-images-pvc/specs935-v1/specs935-v1-FA-P015081-U2OS-48h-P3-L2/2021-12-20/862/specs935-v1-FA-P015081-U2OS-48h-P3-L2_G10_s7_w55C31CF5C-3E90-4E9C-9E1B-079D2245317F.npy,dmso
P015081,G10,s8,dmso,/mnt/micro-images-pvc/specs935-v1/specs935-v1-FA-P015081-U2OS-48h-P3-L2/2021-12-20/862/specs935-v1-FA-P015081-U2OS-48h-P3-L2_G10_s8_w51F53DB7C-9CC8-49B3-91CF-B8B5EC3B6BF5.npy,dmso
P015081,G10,s9,dmso,/mnt/micro-images-pvc/specs935-v1/specs935-v1-FA-P015081-U2OS-48h-P3-L2/2021-12-20/862/specs935-v1-FA-P015081-U2OS-48h-P3-L2_G10_s9_w57912F23E-3DD5-4335-A850-E640784CA356.npy,dmso
P015081,H07,s1,dmso,/mnt/micro-images-pvc/specs935-v1/specs935-v1-FA-P015081-U2OS-48h-P3-L2/2021-12-20/862/specs935-v1-FA-P015081-U2OS-48h-P3-L2_H07_s1_w50FD4A1C1-3EC6-4231-BAC6-6CC814995CAF.npy,dmso
P015081,H07,s2,dmso,/mnt/micro-images-pvc/specs935-v1/specs935-v1-FA-P015081-U2OS-48h-P3-L2/2021-12-20/862/specs935-v1-FA-P015081-U2OS-48h-P3-L2_H07_s2_w5866B3F23-6D46-4104-98A4-4741531231FE.npy,dmso
P015081,H07,s3,dmso,/mnt/micro-images-pvc/specs935-v1/specs935-v1-FA-P015081-U2OS-48h-P3-L2/2021-12-20/862/specs935-v1-FA-P015081-U2OS-48h-P3-L2_H07_s3_w599671C92-60FB-4DCF-8F9B-42BDBF0EE656.npy,dmso
P015081,H07,s4,dmso,/mnt/micro-images-pvc/specs935-v1/specs935-v1-FA-P015081-U2OS-48h-P3-L2/2021-12-20/862/specs935-v1-FA-P015081-U2OS-48h-P3-L2_H07_s4_w57C60C4CF-66DB-4DFE-9FA3-FED8F65546EE.npy,dmso
P015081,H07,s5,dmso,/mnt/micro-images-pvc/specs935-v1/specs935-v1-FA-P015081-U2OS-48h-P3-L2/2021-12-20/862/specs935-v1-FA-P015081-U2OS-48h-P3-L2_H07_s5_w57F8B132F-ACF8-420D-BC12-E14A715035A8.npy,dmso
P015081,H07,s6,dmso,/mnt/micro-images-pvc/specs935-v1/specs935-v1-FA-P015081-U2OS-48h-P3-L2/2021-12-20/862/specs935-v1-FA-P015081-U2OS-48h-P3-L2_H07_s6_w572F5B848-93A9-4772-933E-80B7A47C6746.npy,dmso
P015081,H07,s7,dmso,/mnt/micro-images-pvc/specs935-v1/specs935-v1-FA-P015081-U2OS-48h-P3-L2/2021-12-20/862/specs935-v1-FA-P015081-U2OS-48h-P3-L2_H07_s7_w5A4C2C5FF-7466-4C0C-B553-28DEDE44A6B0.npy,dmso
P015081,H07,s8,dmso,/mnt/micro-images-pvc/specs935-v1/specs935-v1-FA-P015081-U2OS-48h-P3-L2/2021-12-20/862/specs935-v1-FA-P015081-U2OS-48h-P3-L2_H07_s8_w56AB64CE3-C783-4544-A6D6-8C4B2F4E00AE.npy,dmso
P015081,H07,s9,dmso,/mnt/micro-images-pvc/specs935-v1/specs935-v1-FA-P015081-U2OS-48h-P3-L2/2021-12-20/862/specs935-v1-FA-P015081-U2OS-48h-P3-L2_H07_s9_w5C786F45B-A39C-4FFF-8B34-5406824AE14D.npy,dmso
P015081,H16,s1,dmso,/mnt/micro-images-pvc/specs935-v1/specs935-v1-FA-P015081-U2OS-48h-P3-L2/2021-12-20/862/specs935-v1-FA-P015081-U2OS-48h-P3-L2_H16_s1_w523B851E7-B700-44BC-AE29-CAB40E17D56B.npy,dmso
P015081,H16,s2,dmso,/mnt/micro-images-pvc/specs935-v1/specs935-v1-FA-P015081-U2OS-48h-P3-L2/2021-12-20/862/specs935-v1-FA-P015081-U2OS-48h-P3-L2_H16_s2_w57E5305A8-25C1-46A4-B5A6-67A3E58A2C3F.npy,dmso
P015081,H16,s3,dmso,/mnt/micro-images-pvc/specs935-v1/specs935-v1-FA-P015081-U2OS-48h-P3-L2/2021-12-20/862/specs935-v1-FA-P015081-U2OS-48h-P3-L2_H16_s3_w55082B18E-B6FC-408B-8C80-B903669B643A.npy,dmso
P015081,H16,s4,dmso,/mnt/micro-images-pvc/specs935-v1/specs935-v1-FA-P015081-U2OS-48h-P3-L2/2021-12-20/862/specs935-v1-FA-P015081-U2OS-48h-P3-L2_H16_s4_w54ADC0021-F69C-4AE7-9ECA-C09DCDE414E9.npy,dmso
P015081,H16,s5,dmso,/mnt/micro-images-pvc/specs935-v1/specs935-v1-FA-P015081-U2OS-48h-P3-L2/2021-12-20/862/specs935-v1-FA-P015081-U2OS-48h-P3-L2_H16_s5_w5FE690513-A371-452E-A952-02704A6D3915.npy,dmso
P015081,H16,s6,dmso,/mnt/micro-images-pvc/specs935-v1/specs935-v1-FA-P015081-U2OS-48h-P3-L2/2021-12-20/862/specs935-v1-FA-P015081-U2OS-48h-P3-L2_H16_s6_w51F4ADA71-CCEC-411B-9192-A0D7ED0BF951.npy,dmso
P015081,H16,s7,dmso,/mnt/micro-images-pvc/specs935-v1/specs935-v1-FA-P015081-U2OS-48h-P3-L2/2021-12-20/862/specs935-v1-FA-P015081-U2OS-48h-P3-L2_H16_s7_w5C5025A74-5F95-48F7-8556-30BC441D8734.npy,dmso
P015081,H16,s8,dmso,/mnt/micro-images-pvc/specs935-v1/specs935-v1-FA-P015081-U2OS-48h-P3-L2/2021-12-20/862/specs935-v1-FA-P015081-U2OS-48h-P3-L2_H16_s8_w50FB0154D-C976-4CA6-BA82-DB33A93F655D.npy,dmso
P015081,H16,s9,dmso,/mnt/micro-images-pvc/specs935-v1/specs935-v1-FA-P015081-U2OS-48h-P3-L2/2021-12-20/862/specs935-v1-FA-P015081-U2OS-48h-P3-L2_H16_s9_w57264356A-E471-4C68-869B-5DF088388DCA.npy,dmso
P015081,I11,s1,dmso,/mnt/micro-images-pvc/specs935-v1/specs935-v1-FA-P015081-U2OS-48h-P3-L2/2021-12-20/862/specs935-v1-FA-P015081-U2OS-48h-P3-L2_I11_s1_w5872612B0-5B2A-4F96-92C2-BEC35FA1B7B2.npy,dmso
P015081,I11,s2,dmso,/mnt/micro-images-pvc/specs935-v1/specs935-v1-FA-P015081-U2OS-48h-P3-L2/2021-12-20/862/specs935-v1-FA-P015081-U2OS-48h-P3-L2_I11_s2_w5DD31D23B-0990-4023-AE44-365FF258AAD7.npy,dmso
P015081,I11,s3,dmso,/mnt/micro-images-pvc/specs935-v1/specs935-v1-FA-P015081-U2OS-48h-P3-L2/2021-12-20/862/specs935-v1-FA-P015081-U2OS-48h-P3-L2_I11_s3_w5589648E3-9CB7-4068-8516-205EEF7E69E0.npy,dmso
P015081,I11,s4,dmso,/mnt/micro-images-pvc/specs935-v1/specs935-v1-FA-P015081-U2OS-48h-P3-L2/2021-12-20/862/specs935-v1-FA-P015081-U2OS-48h-P3-L2_I11_s4_w5E8AA2E0C-FF9A-4B2D-96C8-3867655DC212.npy,dmso
P015081,I11,s5,dmso,/mnt/micro-images-pvc/specs935-v1/specs935-v1-FA-P015081-U2OS-48h-P3-L2/2021-12-20/862/specs935-v1-FA-P015081-U2OS-48h-P3-L2_I11_s5_w55FB059F2-2D50-4C16-8214-317097C4F76A.npy,dmso
P015081,I11,s6,dmso,/mnt/micro-images-pvc/specs935-v1/specs935-v1-FA-P015081-U2OS-48h-P3-L2/2021-12-20/862/specs935-v1-FA-P015081-U2OS-48h-P3-L2_I11_s6_w57C82F262-87DE-4A01-8C03-7223EBD456B3.npy,dmso
P015081,I11,s7,dmso,/mnt/micro-images-pvc/specs935-v1/specs935-v1-FA-P015081-U2OS-48h-P3-L2/2021-12-20/862/specs935-v1-FA-P015081-U2OS-48h-P3-L2_I11_s7_w598FBA091-5607-4FB9-BDA5-3B3E4A1BA063.npy,dmso
P015081,I11,s8,dmso,/mnt/micro-images-pvc/specs935-v1/specs935-v1-FA-P015081-U2OS-48h-P3-L2/2021-12-20/862/specs935-v1-FA-P015081-U2OS-48h-P3-L2_I11_s8_w51D98DF01-7F1A-4BE7-8ABF-4E44770B8D9A.npy,dmso
P015081,I11,s9,dmso,/mnt/micro-images-pvc/specs935-v1/specs935-v1-FA-P015081-U2OS-48h-P3-L2/2021-12-20/862/specs935-v1-FA-P015081-U2OS-48h-P3-L2_I11_s9_w50B7C6803-A0B8-4453-B9E4-D5C41957E0EB.npy,dmso
P015081,I13,s1,dmso,/mnt/micro-images-pvc/specs935-v1/specs935-v1-FA-P015081-U2OS-48h-P3-L2/2021-12-20/862/specs935-v1-FA-P015081-U2OS-48h-P3-L2_I13_s1_w513FF311A-C5A2-47C3-818D-88A4491E812A.npy,dmso
P015081,I13,s2,dmso,/mnt/micro-images-pvc/specs935-v1/specs935-v1-FA-P015081-U2OS-48h-P3-L2/2021-12-20/862/specs935-v1-FA-P015081-U2OS-48h-P3-L2_I13_s2_w54100469A-E6A6-4A2B-A19D-044CB124E3E2.npy,dmso
P015081,I13,s3,dmso,/mnt/micro-images-pvc/specs935-v1/specs935-v1-FA-P015081-U2OS-48h-P3-L2/2021-12-20/862/specs935-v1-FA-P015081-U2OS-48h-P3-L2_I13_s3_w5728C9015-311C-4D4A-AF44-30D3CFA37887.npy,dmso
P015081,I13,s4,dmso,/mnt/micro-images-pvc/specs935-v1/specs935-v1-FA-P015081-U2OS-48h-P3-L2/2021-12-20/862/specs935-v1-FA-P015081-U2OS-48h-P3-L2_I13_s4_w5D313FB90-524C-42D9-8DF6-06472CB6248B.npy,dmso
P015081,I13,s5,dmso,/mnt/micro-images-pvc/specs935-v1/specs935-v1-FA-P015081-U2OS-48h-P3-L2/2021-12-20/862/specs935-v1-FA-P015081-U2OS-48h-P3-L2_I13_s5_w50874231E-5E47-4620-A301-14BD4F76D83D.npy,dmso
P015081,I13,s6,dmso,/mnt/micro-images-pvc/specs935-v1/specs935-v1-FA-P015081-U2OS-48h-P3-L2/2021-12-20/862/specs935-v1-FA-P015081-U2OS-48h-P3-L2_I13_s6_w5BBA2A0A4-95AD-4A4F-BC3A-E65DF5BCB24E.npy,dmso
P015081,I13,s7,dmso,/mnt/micro-images-pvc/specs935-v1/specs935-v1-FA-P015081-U2OS-48h-P3-L2/2021-12-20/862/specs935-v1-FA-P015081-U2OS-48h-P3-L2_I13_s7_w56297C286-181C-4036-9EB5-AE9F34BF5B9D.npy,dmso
P015081,I13,s8,dmso,/mnt/micro-images-pvc/specs935-v1/specs935-v1-FA-P015081-U2OS-48h-P3-L2/2021-12-20/862/specs935-v1-FA-P015081-U2OS-48h-P3-L2_I13_s8_w54218E68C-9E2E-463E-8D1A-A35656D4BD7C.npy,dmso
P015081,I13,s9,dmso,/mnt/micro-images-pvc/specs935-v1/specs935-v1-FA-P015081-U2OS-48h-P3-L2/2021-12-20/862/specs935-v1-FA-P015081-U2OS-48h-P3-L2_I13_s9_w5CD3395DF-529E-4952-A764-01A25A216511.npy,dmso
P015081,J04,s1,dmso,/mnt/micro-images-pvc/specs935-v1/specs935-v1-FA-P015081-U2OS-48h-P3-L2/2021-12-20/862/specs935-v1-FA-P015081-U2OS-48h-P3-L2_J04_s1_w5BD50F998-8608-44DF-8629-CD14E0FF6908.npy,dmso
P015081,J04,s2,dmso,/mnt/micro-images-pvc/specs935-v1/specs935-v1-FA-P015081-U2OS-48h-P3-L2/2021-12-20/862/specs935-v1-FA-P015081-U2OS-48h-P3-L2_J04_s2_w5C15766BF-6015-4A83-90B6-A725109D5915.npy,dmso
P015081,J04,s3,dmso,/mnt/micro-images-pvc/specs935-v1/specs935-v1-FA-P015081-U2OS-48h-P3-L2/2021-12-20/862/specs935-v1-FA-P015081-U2OS-48h-P3-L2_J04_s3_w58917AD84-604B-4CD2-9C54-E461C2C9BBF8.npy,dmso
P015081,J04,s4,dmso,/mnt/micro-images-pvc/specs935-v1/specs935-v1-FA-P015081-U2OS-48h-P3-L2/2021-12-20/862/specs935-v1-FA-P015081-U2OS-48h-P3-L2_J04_s4_w5307A87F9-4514-48A2-A6C1-AD8EB4812429.npy,dmso
P015081,J04,s5,dmso,/mnt/micro-images-pvc/specs935-v1/specs935-v1-FA-P015081-U2OS-48h-P3-L2/2021-12-20/862/specs935-v1-FA-P015081-U2OS-48h-P3-L2_J04_s5_w52C11705A-A649-436B-9834-6E5AB3062DB7.npy,dmso
P015081,J04,s6,dmso,/mnt/micro-images-pvc/specs935-v1/specs935-v1-FA-P015081-U2OS-48h-P3-L2/2021-12-20/862/specs935-v1-FA-P015081-U2OS-48h-P3-L2_J04_s6_w533FF1D33-F39F-43BF-A23E-D4EB4A2809DE.npy,dmso
P015081,J04,s7,dmso,/mnt/micro-images-pvc/specs935-v1/specs935-v1-FA-P015081-U2OS-48h-P3-L2/2021-12-20/862/specs935-v1-FA-P015081-U2OS-48h-P3-L2_J04_s7_w53E15AB61-D7A0-4DB3-88C8-D724D8D7ECE8.npy,dmso
P015081,J04,s8,dmso,/mnt/micro-images-pvc/specs935-v1/specs935-v1-FA-P015081-U2OS-48h-P3-L2/2021-12-20/862/specs935-v1-FA-P015081-U2OS-48h-P3-L2_J04_s8_w5FE2761F2-8E74-4BF5-BA17-397E37C4EC8A.npy,dmso
P015081,J04,s9,dmso,/mnt/micro-images-pvc/specs935-v1/specs935-v1-FA-P015081-U2OS-48h-P3-L2/2021-12-20/862/specs935-v1-FA-P015081-U2OS-48h-P3-L2_J04_s9_w5E2BAABA3-5A2F-4AAD-B1A4-6EDBDE7A3272.npy,dmso
P015081,K09,s1,dmso,/mnt/micro-images-pvc/specs935-v1/specs935-v1-FA-P015081-U2OS-48h-P3-L2/2021-12-20/862/specs935-v1-FA-P015081-U2OS-48h-P3-L2_K09_s1_w5AB5066C2-5548-4890-BD09-1E859DCB947F.npy,dmso
P015081,K09,s2,dmso,/mnt/micro-images-pvc/specs935-v1/specs935-v1-FA-P015081-U2OS-48h-P3-L2/2021-12-20/862/specs935-v1-FA-P015081-U2OS-48h-P3-L2_K09_s2_w5F1EC0152-2B2E-41A8-B2FF-B5B58D6176BA.npy,dmso
P015081,K09,s3,dmso,/mnt/micro-images-pvc/specs935-v1/specs935-v1-FA-P015081-U2OS-48h-P3-L2/2021-12-20/862/specs935-v1-FA-P015081-U2OS-48h-P3-L2_K09_s3_w5212498ED-8903-4B09-8612-93944198D7B5.npy,dmso
P015081,K09,s4,dmso,/mnt/micro-images-pvc/specs935-v1/specs935-v1-FA-P015081-U2OS-48h-P3-L2/2021-12-20/862/specs935-v1-FA-P015081-U2OS-48h-P3-L2_K09_s4_w5E58C0B87-19F2-4845-9648-70E412B02EEB.npy,dmso
P015081,K09,s5,dmso,/mnt/micro-images-pvc/specs935-v1/specs935-v1-FA-P015081-U2OS-48h-P3-L2/2021-12-20/862/specs935-v1-FA-P015081-U2OS-48h-P3-L2_K09_s5_w599D5D0B5-3134-46F0-9C08-8F381DDFF26A.npy,dmso
P015081,K09,s6,dmso,/mnt/micro-images-pvc/specs935-v1/specs935-v1-FA-P015081-U2OS-48h-P3-L2/2021-12-20/862/specs935-v1-FA-P015081-U2OS-48h-P3-L2_K09_s6_w58A32315A-7F16-4A41-BE69-5F2C01C275FF.npy,dmso
P015081,K09,s7,dmso,/mnt/micro-images-pvc/specs935-v1/specs935-v1-FA-P015081-U2OS-48h-P3-L2/2021-12-20/862/specs935-v1-FA-P015081-U2OS-48h-P3-L2_K09_s7_w51D4983E5-0C1A-4746-A5CC-45F5E1139CB1.npy,dmso
P015081,K09,s8,dmso,/mnt/micro-images-pvc/specs935-v1/specs935-v1-FA-P015081-U2OS-48h-P3-L2/2021-12-20/862/specs935-v1-FA-P015081-U2OS-48h-P3-L2_K09_s8_w5F02BE040-E362-45C8-ABF2-E1D3FE4CC9FB.npy,dmso
P015081,K09,s9,dmso,/mnt/micro-images-pvc/specs935-v1/specs935-v1-FA-P015081-U2OS-48h-P3-L2/2021-12-20/862/specs935-v1-FA-P015081-U2OS-48h-P3-L2_K09_s9_w5C06734CE-EBDD-4257-8B88-9CF3D9EF3AE2.npy,dmso
P015081,L02,s1,dmso,/mnt/micro-images-pvc/specs935-v1/specs935-v1-FA-P015081-U2OS-48h-P3-L2/2021-12-20/862/specs935-v1-FA-P015081-U2OS-48h-P3-L2_L02_s1_w5F6382140-76D7-4BF6-B5F3-CB657ACA21B1.npy,dmso
P015081,L02,s2,dmso,/mnt/micro-images-pvc/specs935-v1/specs935-v1-FA-P015081-U2OS-48h-P3-L2/2021-12-20/862/specs935-v1-FA-P015081-U2OS-48h-P3-L2_L02_s2_w5B92FFE7C-BA48-4DC7-BE7A-AD02E0CE3301.npy,dmso
P015081,L02,s3,dmso,/mnt/micro-images-pvc/specs935-v1/specs935-v1-FA-P015081-U2OS-48h-P3-L2/2021-12-20/862/specs935-v1-FA-P015081-U2OS-48h-P3-L2_L02_s3_w5EF64990C-7F94-4CE9-B665-684054653DCF.npy,dmso
P015081,L02,s4,dmso,/mnt/micro-images-pvc/specs935-v1/specs935-v1-FA-P015081-U2OS-48h-P3-L2/2021-12-20/862/specs935-v1-FA-P015081-U2OS-48h-P3-L2_L02_s4_w5C7ED2AB5-8CDA-4328-B042-11B88DBEBD7F.npy,dmso
P015081,L02,s5,dmso,/mnt/micro-images-pvc/specs935-v1/specs935-v1-FA-P015081-U2OS-48h-P3-L2/2021-12-20/862/specs935-v1-FA-P015081-U2OS-48h-P3-L2_L02_s5_w505604CE6-B02C-49DA-9D89-F23714D8C5D3.npy,dmso
P015081,L02,s6,dmso,/mnt/micro-images-pvc/specs935-v1/specs935-v1-FA-P015081-U2OS-48h-P3-L2/2021-12-20/862/specs935-v1-FA-P015081-U2OS-48h-P3-L2_L02_s6_w549906C97-493C-4382-8426-70A830C2EC4E.npy,dmso
P015081,L02,s7,dmso,/mnt/micro-images-pvc/specs935-v1/specs935-v1-FA-P015081-U2OS-48h-P3-L2/2021-12-20/862/specs935-v1-FA-P015081-U2OS-48h-P3-L2_L02_s7_w5CA5D7F7B-C6E3-4AD6-8630-F9D754906877.npy,dmso
P015081,L02,s8,dmso,/mnt/micro-images-pvc/specs935-v1/specs935-v1-FA-P015081-U2OS-48h-P3-L2/2021-12-20/862/specs935-v1-FA-P015081-U2OS-48h-P3-L2_L02_s8_w5348CACF7-D054-4A6A-98E3-6739896F025E.npy,dmso
P015081,L02,s9,dmso,/mnt/micro-images-pvc/specs935-v1/specs935-v1-FA-P015081-U2OS-48h-P3-L2/2021-12-20/862/specs935-v1-FA-P015081-U2OS-48h-P3-L2_L02_s9_w5775DE46A-64CD-43C4-A004-0D12326FDBFD.npy,dmso
P015081,N14,s1,dmso,/mnt/micro-images-pvc/specs935-v1/specs935-v1-FA-P015081-U2OS-48h-P3-L2/2021-12-20/862/specs935-v1-FA-P015081-U2OS-48h-P3-L2_N14_s1_w5EA2E5489-96C7-46AD-966F-D2F168A5D33B.npy,dmso
P015081,N14,s2,dmso,/mnt/micro-images-pvc/specs935-v1/specs935-v1-FA-P015081-U2OS-48h-P3-L2/2021-12-20/862/specs935-v1-FA-P015081-U2OS-48h-P3-L2_N14_s2_w504415288-518D-498B-9542-E52DD35D4B95.npy,dmso
P015081,N14,s3,dmso,/mnt/micro-images-pvc/specs935-v1/specs935-v1-FA-P015081-U2OS-48h-P3-L2/2021-12-20/862/specs935-v1-FA-P015081-U2OS-48h-P3-L2_N14_s3_w53F4AF235-6FF8-479F-862A-0E39FE689F83.npy,dmso
P015081,N14,s4,dmso,/mnt/micro-images-pvc/specs935-v1/specs935-v1-FA-P015081-U2OS-48h-P3-L2/2021-12-20/862/specs935-v1-FA-P015081-U2OS-48h-P3-L2_N14_s4_w59F330938-1361-409A-AF5A-9ABB873BFDFB.npy,dmso
P015081,N14,s5,dmso,/mnt/micro-images-pvc/specs935-v1/specs935-v1-FA-P015081-U2OS-48h-P3-L2/2021-12-20/862/specs935-v1-FA-P015081-U2OS-48h-P3-L2_N14_s5_w550801FBA-599A-4855-AC9A-195E21DA09CE.npy,dmso
P015081,N14,s6,dmso,/mnt/micro-images-pvc/specs935-v1/specs935-v1-FA-P015081-U2OS-48h-P3-L2/2021-12-20/862/specs935-v1-FA-P015081-U2OS-48h-P3-L2_N14_s6_w56129B09F-FD66-40BD-B0F2-1BDDD6528F35.npy,dmso
P015081,N14,s7,dmso,/mnt/micro-images-pvc/specs935-v1/specs935-v1-FA-P015081-U2OS-48h-P3-L2/2021-12-20/862/specs935-v1-FA-P015081-U2OS-48h-P3-L2_N14_s7_w5FE1F2A3D-9D2A-49FF-93DB-2E4F17B3475A.npy,dmso
P015081,N14,s8,dmso,/mnt/micro-images-pvc/specs935-v1/specs935-v1-FA-P015081-U2OS-48h-P3-L2/2021-12-20/862/specs935-v1-FA-P015081-U2OS-48h-P3-L2_N14_s8_w52E61BEE8-52CF-4BC1-BAB3-749FF4AF6CAD.npy,dmso
P015081,N14,s9,dmso,/mnt/micro-images-pvc/specs935-v1/specs935-v1-FA-P015081-U2OS-48h-P3-L2/2021-12-20/862/specs935-v1-FA-P015081-U2OS-48h-P3-L2_N14_s9_w5E32F190C-A42A-461F-8FFF-E1343F5F469B.npy,dmso
P015081,O05,s1,dmso,/mnt/micro-images-pvc/specs935-v1/specs935-v1-FA-P015081-U2OS-48h-P3-L2/2021-12-20/862/specs935-v1-FA-P015081-U2OS-48h-P3-L2_O05_s1_w5A7B17BC4-C56B-4048-AD80-8179C649B02B.npy,dmso
P015081,O05,s2,dmso,/mnt/micro-images-pvc/specs935-v1/specs935-v1-FA-P015081-U2OS-48h-P3-L2/2021-12-20/862/specs935-v1-FA-P015081-U2OS-48h-P3-L2_O05_s2_w52ED56C3D-AB52-455A-8F19-49FF06A3492F.npy,dmso
P015081,O05,s3,dmso,/mnt/micro-images-pvc/specs935-v1/specs935-v1-FA-P015081-U2OS-48h-P3-L2/2021-12-20/862/specs935-v1-FA-P015081-U2OS-48h-P3-L2_O05_s3_w5180C1306-6B12-446C-9928-571AF51D8E5D.npy,dmso
P015081,O05,s4,dmso,/mnt/micro-images-pvc/specs935-v1/specs935-v1-FA-P015081-U2OS-48h-P3-L2/2021-12-20/862/specs935-v1-FA-P015081-U2OS-48h-P3-L2_O05_s4_w5C7A860BF-E4A0-4D33-9189-5888A29016D2.npy,dmso
P015081,O05,s5,dmso,/mnt/micro-images-pvc/specs935-v1/specs935-v1-FA-P015081-U2OS-48h-P3-L2/2021-12-20/862/specs935-v1-FA-P015081-U2OS-48h-P3-L2_O05_s5_w548A59401-DAC9-49D2-B3A1-0070E60A6461.npy,dmso
P015081,O05,s6,dmso,/mnt/micro-images-pvc/specs935-v1/specs935-v1-FA-P015081-U2OS-48h-P3-L2/2021-12-20/862/specs935-v1-FA-P015081-U2OS-48h-P3-L2_O05_s6_w515800FA7-4F8F-4204-B39D-F84F9EF7530A.npy,dmso
P015081,O05,s7,dmso,/mnt/micro-images-pvc/specs935-v1/specs935-v1-FA-P015081-U2OS-48h-P3-L2/2021-12-20/862/specs935-v1-FA-P015081-U2OS-48h-P3-L2_O05_s7_w526FB3D84-B4A9-459C-9066-C57FF53774FF.npy,dmso
P015081,O05,s8,dmso,/mnt/micro-images-pvc/specs935-v1/specs935-v1-FA-P015081-U2OS-48h-P3-L2/2021-12-20/862/specs935-v1-FA-P015081-U2OS-48h-P3-L2_O05_s8_w53A7DCF81-00F8-4AB3-8B20-FA345019CA75.npy,dmso
P015081,O05,s9,dmso,/mnt/micro-images-pvc/specs935-v1/specs935-v1-FA-P015081-U2OS-48h-P3-L2/2021-12-20/862/specs935-v1-FA-P015081-U2OS-48h-P3-L2_O05_s9_w5E7EAE763-5D58-4A11-9368-9F502D2CA2FE.npy,dmso
P015081,O20,s1,dmso,/mnt/micro-images-pvc/specs935-v1/specs935-v1-FA-P015081-U2OS-48h-P3-L2/2021-12-20/862/specs935-v1-FA-P015081-U2OS-48h-P3-L2_O20_s1_w553A74DF9-73F1-4CC7-9941-0A3BA2CFBB2E.npy,dmso
P015081,O20,s2,dmso,/mnt/micro-images-pvc/specs935-v1/specs935-v1-FA-P015081-U2OS-48h-P3-L2/2021-12-20/862/specs935-v1-FA-P015081-U2OS-48h-P3-L2_O20_s2_w528F7ACB9-DE35-4D20-BACE-4EB19C539730.npy,dmso
P015081,O20,s3,dmso,/mnt/micro-images-pvc/specs935-v1/specs935-v1-FA-P015081-U2OS-48h-P3-L2/2021-12-20/862/specs935-v1-FA-P015081-U2OS-48h-P3-L2_O20_s3_w5E1BFD327-FFE2-42DD-BF7C-25F9813AEA6E.npy,dmso
P015081,O20,s4,dmso,/mnt/micro-images-pvc/specs935-v1/specs935-v1-FA-P015081-U2OS-48h-P3-L2/2021-12-20/862/specs935-v1-FA-P015081-U2OS-48h-P3-L2_O20_s4_w531548D0C-BF2C-4773-957E-325D92A69174.npy,dmso
P015081,O20,s5,dmso,/mnt/micro-images-pvc/specs935-v1/specs935-v1-FA-P015081-U2OS-48h-P3-L2/2021-12-20/862/specs935-v1-FA-P015081-U2OS-48h-P3-L2_O20_s5_w5AD0D99ED-B813-4556-ADE8-656D59D38527.npy,dmso
P015081,O20,s6,dmso,/mnt/micro-images-pvc/specs935-v1/specs935-v1-FA-P015081-U2OS-48h-P3-L2/2021-12-20/862/specs935-v1-FA-P015081-U2OS-48h-P3-L2_O20_s6_w5D3AB95CA-0919-41E1-91C7-8EEEEB173078.npy,dmso
P015081,O20,s7,dmso,/mnt/micro-images-pvc/specs935-v1/specs935-v1-FA-P015081-U2OS-48h-P3-L2/2021-12-20/862/specs935-v1-FA-P015081-U2OS-48h-P3-L2_O20_s7_w5E968A1FF-E9E5-4B83-B88E-A4F1C4F34F39.npy,dmso
P015081,O20,s8,dmso,/mnt/micro-images-pvc/specs935-v1/specs935-v1-FA-P015081-U2OS-48h-P3-L2/2021-12-20/862/specs935-v1-FA-P015081-U2OS-48h-P3-L2_O20_s8_w5A2A5368E-1A4D-4395-B903-329563FB6D2E.npy,dmso
P015081,O20,s9,dmso,/mnt/micro-images-pvc/specs935-v1/specs935-v1-FA-P015081-U2OS-48h-P3-L2/2021-12-20/862/specs935-v1-FA-P015081-U2OS-48h-P3-L2_O20_s9_w5969AB0CB-E861-4FCE-8133-8DD018A93C26.npy,dmso
P015082,E12,s1,dmso,/mnt/micro-images-pvc/specs935-v1/specs935-v1-FA-P015082-U2OS-48h-P4-L1/2021-12-17/850/specs935-v1-FA-P015082-U2OS-48h-P4-L1_E12_s1_w5E6227662-1153-4E2A-B370-C89A09BEBB12.npy,dmso
P015082,E12,s2,dmso,/mnt/micro-images-pvc/specs935-v1/specs935-v1-FA-P015082-U2OS-48h-P4-L1/2021-12-17/850/specs935-v1-FA-P015082-U2OS-48h-P4-L1_E12_s2_w59035A160-54CA-4E59-AF34-39E7F84031F6.npy,dmso
P015082,E12,s3,dmso,/mnt/micro-images-pvc/specs935-v1/specs935-v1-FA-P015082-U2OS-48h-P4-L1/2021-12-17/850/specs935-v1-FA-P015082-U2OS-48h-P4-L1_E12_s3_w581337B29-FBF8-47BE-9B8D-F28F365AB06E.npy,dmso
P015082,E12,s4,dmso,/mnt/micro-images-pvc/specs935-v1/specs935-v1-FA-P015082-U2OS-48h-P4-L1/2021-12-17/850/specs935-v1-FA-P015082-U2OS-48h-P4-L1_E12_s4_w5BE50EB60-9722-4456-BFF1-A4984146CC2F.npy,dmso
P015082,E12,s5,dmso,/mnt/micro-images-pvc/specs935-v1/specs935-v1-FA-P015082-U2OS-48h-P4-L1/2021-12-17/850/specs935-v1-FA-P015082-U2OS-48h-P4-L1_E12_s5_w51CF2A4F4-AA25-49EB-BEC3-D805003132E1.npy,dmso
P015082,E12,s6,dmso,/mnt/micro-images-pvc/specs935-v1/specs935-v1-FA-P015082-U2OS-48h-P4-L1/2021-12-17/850/specs935-v1-FA-P015082-U2OS-48h-P4-L1_E12_s6_w5C346CD72-7BEE-4537-AD18-4316B65A41A0.npy,dmso
P015082,E12,s7,dmso,/mnt/micro-images-pvc/specs935-v1/specs935-v1-FA-P015082-U2OS-48h-P4-L1/2021-12-17/850/specs935-v1-FA-P015082-U2OS-48h-P4-L1_E12_s7_w5B7942F94-86C6-46E7-A8ED-57C878260B66.npy,dmso
P015082,E12,s8,dmso,/mnt/micro-images-pvc/specs935-v1/specs935-v1-FA-P015082-U2OS-48h-P4-L1/2021-12-17/850/specs935-v1-FA-P015082-U2OS-48h-P4-L1_E12_s8_w5BFFD34A4-4790-4B7E-AA63-81CE78323F40.npy,dmso
P015082,E12,s9,dmso,/mnt/micro-images-pvc/specs935-v1/specs935-v1-FA-P015082-U2OS-48h-P4-L1/2021-12-17/850/specs935-v1-FA-P015082-U2OS-48h-P4-L1_E12_s9_w5523D970F-2D92-447B-A1CC-514F0BD4DA1A.npy,dmso
P015082,F18,s1,dmso,/mnt/micro-images-pvc/specs935-v1/specs935-v1-FA-P015082-U2OS-48h-P4-L1/2021-12-17/850/specs935-v1-FA-P015082-U2OS-48h-P4-L1_F18_s1_w500B49B69-A687-477E-9F1B-DAD03BA5B691.npy,dmso
P015082,F18,s2,dmso,/mnt/micro-images-pvc/specs935-v1/specs935-v1-FA-P015082-U2OS-48h-P4-L1/2021-12-17/850/specs935-v1-FA-P015082-U2OS-48h-P4-L1_F18_s2_w59B2A9EB4-C61F-4A4D-B204-9CD4417A1057.npy,dmso
P015082,F18,s3,dmso,/mnt/micro-images-pvc/specs935-v1/specs935-v1-FA-P015082-U2OS-48h-P4-L1/2021-12-17/850/specs935-v1-FA-P015082-U2OS-48h-P4-L1_F18_s3_w575F07552-26D4-49E5-BF20-D4982C86CA12.npy,dmso
P015082,F18,s4,dmso,/mnt/micro-images-pvc/specs935-v1/specs935-v1-FA-P015082-U2OS-48h-P4-L1/2021-12-17/850/specs935-v1-FA-P015082-U2OS-48h-P4-L1_F18_s4_w596F61E7D-16FE-489F-B0A7-334991A22E32.npy,dmso
P015082,F18,s5,dmso,/mnt/micro-images-pvc/specs935-v1/specs935-v1-FA-P015082-U2OS-48h-P4-L1/2021-12-17/850/specs935-v1-FA-P015082-U2OS-48h-P4-L1_F18_s5_w52A6FD1EA-A3F4-4E27-942C-ADB32D4498BA.npy,dmso
P015082,F18,s6,dmso,/mnt/micro-images-pvc/specs935-v1/specs935-v1-FA-P015082-U2OS-48h-P4-L1/2021-12-17/850/specs935-v1-FA-P015082-U2OS-48h-P4-L1_F18_s6_w579B07F0B-116C-434B-B920-FD491197FC3F.npy,dmso
P015082,F18,s7,dmso,/mnt/micro-images-pvc/specs935-v1/specs935-v1-FA-P015082-U2OS-48h-P4-L1/2021-12-17/850/specs935-v1-FA-P015082-U2OS-48h-P4-L1_F18_s7_w528A225AD-1A9A-4F63-82E1-2BA56364D48A.npy,dmso
P015082,F18,s8,dmso,/mnt/micro-images-pvc/specs935-v1/specs935-v1-FA-P015082-U2OS-48h-P4-L1/2021-12-17/850/specs935-v1-FA-P015082-U2OS-48h-P4-L1_F18_s8_w5C32B7C2E-DB9C-481F-AFEB-C79473129742.npy,dmso
P015082,F18,s9,dmso,/mnt/micro-images-pvc/specs935-v1/specs935-v1-FA-P015082-U2OS-48h-P4-L1/2021-12-17/850/specs935-v1-FA-P015082-U2OS-48h-P4-L1_F18_s9_w531601987-3E39-4C3C-AE12-2FE2D82610D8.npy,dmso
P015082,G16,s1,dmso,/mnt/micro-images-pvc/specs935-v1/specs935-v1-FA-P015082-U2OS-48h-P4-L1/2021-12-17/850/specs935-v1-FA-P015082-U2OS-48h-P4-L1_G16_s1_w57EABF71C-CDB0-4A9A-A872-8B55DE08E2EB.npy,dmso
P015082,G16,s2,dmso,/mnt/micro-images-pvc/specs935-v1/specs935-v1-FA-P015082-U2OS-48h-P4-L1/2021-12-17/850/specs935-v1-FA-P015082-U2OS-48h-P4-L1_G16_s2_w50A453D8B-B803-4828-B6B0-D62A1D206103.npy,dmso
P015082,G16,s3,dmso,/mnt/micro-images-pvc/specs935-v1/specs935-v1-FA-P015082-U2OS-48h-P4-L1/2021-12-17/850/specs935-v1-FA-P015082-U2OS-48h-P4-L1_G16_s3_w5FEC56B4C-697B-48A0-B750-F109D663D8D2.npy,dmso
P015082,G16,s4,dmso,/mnt/micro-images-pvc/specs935-v1/specs935-v1-FA-P015082-U2OS-48h-P4-L1/2021-12-17/850/specs935-v1-FA-P015082-U2OS-48h-P4-L1_G16_s4_w592EE1E53-0B18-407E-BE9C-57E90F465A93.npy,dmso
P015082,G16,s5,dmso,/mnt/micro-images-pvc/specs935-v1/specs935-v1-FA-P015082-U2OS-48h-P4-L1/2021-12-17/850/specs935-v1-FA-P015082-U2OS-48h-P4-L1_G16_s5_w5C3845A04-EA3A-49A5-AF4B-C7178F59D0F3.npy,dmso
P015082,G16,s6,dmso,/mnt/micro-images-pvc/specs935-v1/specs935-v1-FA-P015082-U2OS-48h-P4-L1/2021-12-17/850/specs935-v1-FA-P015082-U2OS-48h-P4-L1_G16_s6_w5F759983D-725F-4D02-BCA9-6BBF0586814E.npy,dmso
P015082,G16,s7,dmso,/mnt/micro-images-pvc/specs935-v1/specs935-v1-FA-P015082-U2OS-48h-P4-L1/2021-12-17/850/specs935-v1-FA-P015082-U2OS-48h-P4-L1_G16_s7_w5AC388A3D-53CE-439E-B5B7-EEFF84B4DD6C.npy,dmso
P015082,G16,s8,dmso,/mnt/micro-images-pvc/specs935-v1/specs935-v1-FA-P015082-U2OS-48h-P4-L1/2021-12-17/850/specs935-v1-FA-P015082-U2OS-48h-P4-L1_G16_s8_w58C30A578-0DAF-4273-9FF9-667EB3A19064.npy,dmso
P015082,G16,s9,dmso,/mnt/micro-images-pvc/specs935-v1/specs935-v1-FA-P015082-U2OS-48h-P4-L1/2021-12-17/850/specs935-v1-FA-P015082-U2OS-48h-P4-L1_G16_s9_w585D6705F-C9C6-4790-B57E-667800ADB56F.npy,dmso
P015082,H11,s1,dmso,/mnt/micro-images-pvc/specs935-v1/specs935-v1-FA-P015082-U2OS-48h-P4-L1/2021-12-17/850/specs935-v1-FA-P015082-U2OS-48h-P4-L1_H11_s1_w5A125936C-ECC8-42B9-B346-966F887A4EF5.npy,dmso
P015082,H11,s2,dmso,/mnt/micro-images-pvc/specs935-v1/specs935-v1-FA-P015082-U2OS-48h-P4-L1/2021-12-17/850/specs935-v1-FA-P015082-U2OS-48h-P4-L1_H11_s2_w59BB8D718-1D4A-46B8-8506-B0DBC39C8CA2.npy,dmso
P015082,H11,s3,dmso,/mnt/micro-images-pvc/specs935-v1/specs935-v1-FA-P015082-U2OS-48h-P4-L1/2021-12-17/850/specs935-v1-FA-P015082-U2OS-48h-P4-L1_H11_s3_w5C6CDBE54-43E2-4CAE-B054-9EC5B3967EAF.npy,dmso
P015082,H11,s4,dmso,/mnt/micro-images-pvc/specs935-v1/specs935-v1-FA-P015082-U2OS-48h-P4-L1/2021-12-17/850/specs935-v1-FA-P015082-U2OS-48h-P4-L1_H11_s4_w53288AC63-E13C-40F2-8544-0D1FD998D7BC.npy,dmso
P015082,H11,s5,dmso,/mnt/micro-images-pvc/specs935-v1/specs935-v1-FA-P015082-U2OS-48h-P4-L1/2021-12-17/850/specs935-v1-FA-P015082-U2OS-48h-P4-L1_H11_s5_w522D26965-6554-4EE5-98E9-E8B76886F85A.npy,dmso
P015082,H11,s6,dmso,/mnt/micro-images-pvc/specs935-v1/specs935-v1-FA-P015082-U2OS-48h-P4-L1/2021-12-17/850/specs935-v1-FA-P015082-U2OS-48h-P4-L1_H11_s6_w56DF4F05D-FE72-4FAD-80E3-2402EDFEF6FF.npy,dmso
P015082,H11,s7,dmso,/mnt/micro-images-pvc/specs935-v1/specs935-v1-FA-P015082-U2OS-48h-P4-L1/2021-12-17/850/specs935-v1-FA-P015082-U2OS-48h-P4-L1_H11_s7_w59EF45F81-D7D3-4C7A-905C-B583787F4A8E.npy,dmso
P015082,H11,s8,dmso,/mnt/micro-images-pvc/specs935-v1/specs935-v1-FA-P015082-U2OS-48h-P4-L1/2021-12-17/850/specs935-v1-FA-P015082-U2OS-48h-P4-L1_H11_s8_w5F51601C0-7828-4F59-9843-C355D42C898B.npy,dmso
P015082,H11,s9,dmso,/mnt/micro-images-pvc/specs935-v1/specs935-v1-FA-P015082-U2OS-48h-P4-L1/2021-12-17/850/specs935-v1-FA-P015082-U2OS-48h-P4-L1_H11_s9_w5556FF348-2617-4B82-8414-5DBAEA226635.npy,dmso
P015082,H23,s1,dmso,/mnt/micro-images-pvc/specs935-v1/specs935-v1-FA-P015082-U2OS-48h-P4-L1/2021-12-17/850/specs935-v1-FA-P015082-U2OS-48h-P4-L1_H23_s1_w5C8D61966-0BE5-49D8-AA3D-39CC84F357FD.npy,dmso
P015082,H23,s2,dmso,/mnt/micro-images-pvc/specs935-v1/specs935-v1-FA-P015082-U2OS-48h-P4-L1/2021-12-17/850/specs935-v1-FA-P015082-U2OS-48h-P4-L1_H23_s2_w5B29E7D2F-4F23-46D8-AB99-BD8A511DAD29.npy,dmso
P015082,H23,s3,dmso,/mnt/micro-images-pvc/specs935-v1/specs935-v1-FA-P015082-U2OS-48h-P4-L1/2021-12-17/850/specs935-v1-FA-P015082-U2OS-48h-P4-L1_H23_s3_w5EEE24F5A-5264-4FE0-A67B-6BA855B793F5.npy,dmso
P015082,H23,s4,dmso,/mnt/micro-images-pvc/specs935-v1/specs935-v1-FA-P015082-U2OS-48h-P4-L1/2021-12-17/850/specs935-v1-FA-P015082-U2OS-48h-P4-L1_H23_s4_w580DF4066-852A-4EA1-B864-A3188BB25343.npy,dmso
P015082,H23,s5,dmso,/mnt/micro-images-pvc/specs935-v1/specs935-v1-FA-P015082-U2OS-48h-P4-L1/2021-12-17/850/specs935-v1-FA-P015082-U2OS-48h-P4-L1_H23_s5_w55A79157B-263B-4BCB-BCC3-BDB7F70F26AA.npy,dmso
P015082,H23,s6,dmso,/mnt/micro-images-pvc/specs935-v1/specs935-v1-FA-P015082-U2OS-48h-P4-L1/2021-12-17/850/specs935-v1-FA-P015082-U2OS-48h-P4-L1_H23_s6_w5FA4676F6-0424-4501-9985-B32902005317.npy,dmso
P015082,H23,s7,dmso,/mnt/micro-images-pvc/specs935-v1/specs935-v1-FA-P015082-U2OS-48h-P4-L1/2021-12-17/850/specs935-v1-FA-P015082-U2OS-48h-P4-L1_H23_s7_w5D7AAFA5E-67F5-4F8A-AB3F-C38CA1D63452.npy,dmso
P015082,H23,s8,dmso,/mnt/micro-images-pvc/specs935-v1/specs935-v1-FA-P015082-U2OS-48h-P4-L1/2021-12-17/850/specs935-v1-FA-P015082-U2OS-48h-P4-L1_H23_s8_w501B707D7-F40C-408F-A304-E5DEE3277BC2.npy,dmso
P015082,H23,s9,dmso,/mnt/micro-images-pvc/specs935-v1/specs935-v1-FA-P015082-U2OS-48h-P4-L1/2021-12-17/850/specs935-v1-FA-P015082-U2OS-48h-P4-L1_H23_s9_w5C99A59E2-005B-46A9-95A6-7311E3F3CCC7.npy,dmso
P015082,I21,s1,dmso,/mnt/micro-images-pvc/specs935-v1/specs935-v1-FA-P015082-U2OS-48h-P4-L1/2021-12-17/850/specs935-v1-FA-P015082-U2OS-48h-P4-L1_I21_s1_w583F3397E-6CDD-4B12-AD03-041682124499.npy,dmso
P015082,I21,s2,dmso,/mnt/micro-images-pvc/specs935-v1/specs935-v1-FA-P015082-U2OS-48h-P4-L1/2021-12-17/850/specs935-v1-FA-P015082-U2OS-48h-P4-L1_I21_s2_w5949D64FA-A447-4FF8-8028-6A402D0EFC1E.npy,dmso
P015082,I21,s3,dmso,/mnt/micro-images-pvc/specs935-v1/specs935-v1-FA-P015082-U2OS-48h-P4-L1/2021-12-17/850/specs935-v1-FA-P015082-U2OS-48h-P4-L1_I21_s3_w54E2A068E-8602-4F6D-BF78-42BA6E0ECCD7.npy,dmso
P015082,I21,s4,dmso,/mnt/micro-images-pvc/specs935-v1/specs935-v1-FA-P015082-U2OS-48h-P4-L1/2021-12-17/850/specs935-v1-FA-P015082-U2OS-48h-P4-L1_I21_s4_w55D48A844-6A14-4D69-9178-B26D37090ABF.npy,dmso
P015082,I21,s5,dmso,/mnt/micro-images-pvc/specs935-v1/specs935-v1-FA-P015082-U2OS-48h-P4-L1/2021-12-17/850/specs935-v1-FA-P015082-U2OS-48h-P4-L1_I21_s5_w5814F719A-FF5B-4BDB-B24C-AB5A30D2F57F.npy,dmso
P015082,I21,s6,dmso,/mnt/micro-images-pvc/specs935-v1/specs935-v1-FA-P015082-U2OS-48h-P4-L1/2021-12-17/850/specs935-v1-FA-P015082-U2OS-48h-P4-L1_I21_s6_w5CA43B421-50DE-40FA-AA31-05DA8081379A.npy,dmso
P015082,I21,s7,dmso,/mnt/micro-images-pvc/specs935-v1/specs935-v1-FA-P015082-U2OS-48h-P4-L1/2021-12-17/850/specs935-v1-FA-P015082-U2OS-48h-P4-L1_I21_s7_w5D1F4C5AE-A521-4F77-BB65-59C8F873753E.npy,dmso
P015082,I21,s8,dmso,/mnt/micro-images-pvc/specs935-v1/specs935-v1-FA-P015082-U2OS-48h-P4-L1/2021-12-17/850/specs935-v1-FA-P015082-U2OS-48h-P4-L1_I21_s8_w5DBFE494C-38EA-43CE-888D-C1FD15ABCB6E.npy,dmso
P015082,I21,s9,dmso,/mnt/micro-images-pvc/specs935-v1/specs935-v1-FA-P015082-U2OS-48h-P4-L1/2021-12-17/850/specs935-v1-FA-P015082-U2OS-48h-P4-L1_I21_s9_w50C1D64B0-3FBB-47F1-BD03-61727DDBA244.npy,dmso
P015082,J09,s1,dmso,/mnt/micro-images-pvc/specs935-v1/specs935-v1-FA-P015082-U2OS-48h-P4-L1/2021-12-17/850/specs935-v1-FA-P015082-U2OS-48h-P4-L1_J09_s1_w50EFE0602-02CC-4447-A35E-E0F365C5CDB7.npy,dmso
P015082,J09,s2,dmso,/mnt/micro-images-pvc/specs935-v1/specs935-v1-FA-P015082-U2OS-48h-P4-L1/2021-12-17/850/specs935-v1-FA-P015082-U2OS-48h-P4-L1_J09_s2_w56F351AFD-27F5-4592-BB49-865F28A3FE1B.npy,dmso
P015082,J09,s3,dmso,/mnt/micro-images-pvc/specs935-v1/specs935-v1-FA-P015082-U2OS-48h-P4-L1/2021-12-17/850/specs935-v1-FA-P015082-U2OS-48h-P4-L1_J09_s3_w5468B5134-953A-46B1-AE8F-81E8DDE05BC4.npy,dmso
P015082,J09,s4,dmso,/mnt/micro-images-pvc/specs935-v1/specs935-v1-FA-P015082-U2OS-48h-P4-L1/2021-12-17/850/specs935-v1-FA-P015082-U2OS-48h-P4-L1_J09_s4_w5B74092CA-C4C7-4C11-8269-87EA17FB819D.npy,dmso
P015082,J09,s5,dmso,/mnt/micro-images-pvc/specs935-v1/specs935-v1-FA-P015082-U2OS-48h-P4-L1/2021-12-17/850/specs935-v1-FA-P015082-U2OS-48h-P4-L1_J09_s5_w593BC016B-D2DF-40C2-ADB3-725234A668F8.npy,dmso
P015082,J09,s6,dmso,/mnt/micro-images-pvc/specs935-v1/specs935-v1-FA-P015082-U2OS-48h-P4-L1/2021-12-17/850/specs935-v1-FA-P015082-U2OS-48h-P4-L1_J09_s6_w54CD64F64-3ACC-4C40-AF79-6FB1CBCAAE60.npy,dmso
P015082,J09,s7,dmso,/mnt/micro-images-pvc/specs935-v1/specs935-v1-FA-P015082-U2OS-48h-P4-L1/2021-12-17/850/specs935-v1-FA-P015082-U2OS-48h-P4-L1_J09_s7_w534EF0DCB-6703-4AE1-8D0D-B3E13BA6F7A4.npy,dmso
P015082,J09,s8,dmso,/mnt/micro-images-pvc/specs935-v1/specs935-v1-FA-P015082-U2OS-48h-P4-L1/2021-12-17/850/specs935-v1-FA-P015082-U2OS-48h-P4-L1_J09_s8_w56AD3CE42-2488-402E-B231-1F8D9E116441.npy,dmso
P015082,J09,s9,dmso,/mnt/micro-images-pvc/specs935-v1/specs935-v1-FA-P015082-U2OS-48h-P4-L1/2021-12-17/850/specs935-v1-FA-P015082-U2OS-48h-P4-L1_J09_s9_w5D1499EC0-DE67-42EE-9FEC-A1F98D9AA6DC.npy,dmso
P015082,K02,s1,dmso,/mnt/micro-images-pvc/specs935-v1/specs935-v1-FA-P015082-U2OS-48h-P4-L1/2021-12-17/850/specs935-v1-FA-P015082-U2OS-48h-P4-L1_K02_s1_w54109EDDE-CC28-4740-8446-D53A41637DCE.npy,dmso
P015082,K02,s2,dmso,/mnt/micro-images-pvc/specs935-v1/specs935-v1-FA-P015082-U2OS-48h-P4-L1/2021-12-17/850/specs935-v1-FA-P015082-U2OS-48h-P4-L1_K02_s2_w5114754ED-0867-4182-820E-E93DC6521F2F.npy,dmso
P015082,K02,s3,dmso,/mnt/micro-images-pvc/specs935-v1/specs935-v1-FA-P015082-U2OS-48h-P4-L1/2021-12-17/850/specs935-v1-FA-P015082-U2OS-48h-P4-L1_K02_s3_w5E3C97971-EE00-4034-964A-4484FBA11D3A.npy,dmso
P015082,K02,s4,dmso,/mnt/micro-images-pvc/specs935-v1/specs935-v1-FA-P015082-U2OS-48h-P4-L1/2021-12-17/850/specs935-v1-FA-P015082-U2OS-48h-P4-L1_K02_s4_w5B7EEC5F1-3937-4759-A813-5404A3354709.npy,dmso
P015082,K02,s5,dmso,/mnt/micro-images-pvc/specs935-v1/specs935-v1-FA-P015082-U2OS-48h-P4-L1/2021-12-17/850/specs935-v1-FA-P015082-U2OS-48h-P4-L1_K02_s5_w52E87A288-32CB-4DEF-9705-00F98A2E58BB.npy,dmso
P015082,K02,s6,dmso,/mnt/micro-images-pvc/specs935-v1/specs935-v1-FA-P015082-U2OS-48h-P4-L1/2021-12-17/850/specs935-v1-FA-P015082-U2OS-48h-P4-L1_K02_s6_w5E104D01C-9AB7-419A-A9C0-D90CD1B1B7BD.npy,dmso
P015082,K02,s7,dmso,/mnt/micro-images-pvc/specs935-v1/specs935-v1-FA-P015082-U2OS-48h-P4-L1/2021-12-17/850/specs935-v1-FA-P015082-U2OS-48h-P4-L1_K02_s7_w5A7D62C23-6213-4EF1-9AD2-B4DA4CC6A15F.npy,dmso
P015082,K02,s8,dmso,/mnt/micro-images-pvc/specs935-v1/specs935-v1-FA-P015082-U2OS-48h-P4-L1/2021-12-17/850/specs935-v1-FA-P015082-U2OS-48h-P4-L1_K02_s8_w53D08B494-4D01-4CB7-8368-402E48E862F2.npy,dmso
P015082,K02,s9,dmso,/mnt/micro-images-pvc/specs935-v1/specs935-v1-FA-P015082-U2OS-48h-P4-L1/2021-12-17/850/specs935-v1-FA-P015082-U2OS-48h-P4-L1_K02_s9_w5D0B342C2-DAC5-40BA-B0C1-A238E439E967.npy,dmso
P015082,L15,s1,dmso,/mnt/micro-images-pvc/specs935-v1/specs935-v1-FA-P015082-U2OS-48h-P4-L1/2021-12-17/850/specs935-v1-FA-P015082-U2OS-48h-P4-L1_L15_s1_w56E50EEE8-A3C4-4337-A7FE-FF0C68C04166.npy,dmso
P015082,L15,s2,dmso,/mnt/micro-images-pvc/specs935-v1/specs935-v1-FA-P015082-U2OS-48h-P4-L1/2021-12-17/850/specs935-v1-FA-P015082-U2OS-48h-P4-L1_L15_s2_w5B6CD7350-0414-409C-A90B-3D4C8F07F8C9.npy,dmso
P015082,L15,s3,dmso,/mnt/micro-images-pvc/specs935-v1/specs935-v1-FA-P015082-U2OS-48h-P4-L1/2021-12-17/850/specs935-v1-FA-P015082-U2OS-48h-P4-L1_L15_s3_w5BD5B1EDD-B1DB-4863-9ADF-3DF2CBC93648.npy,dmso
P015082,L15,s4,dmso,/mnt/micro-images-pvc/specs935-v1/specs935-v1-FA-P015082-U2OS-48h-P4-L1/2021-12-17/850/specs935-v1-FA-P015082-U2OS-48h-P4-L1_L15_s4_w5A6056D78-8C4A-47C2-9F0A-59B9FBD0E3BA.npy,dmso
P015082,L15,s5,dmso,/mnt/micro-images-pvc/specs935-v1/specs935-v1-FA-P015082-U2OS-48h-P4-L1/2021-12-17/850/specs935-v1-FA-P015082-U2OS-48h-P4-L1_L15_s5_w56AFAA2AA-D8EC-433C-9AD4-6C8DFF5A1ED5.npy,dmso
P015082,L15,s6,dmso,/mnt/micro-images-pvc/specs935-v1/specs935-v1-FA-P015082-U2OS-48h-P4-L1/2021-12-17/850/specs935-v1-FA-P015082-U2OS-48h-P4-L1_L15_s6_w58C2F0610-FAF5-4736-A8FA-6B6AA2B87467.npy,dmso
P015082,L15,s7,dmso,/mnt/micro-images-pvc/specs935-v1/specs935-v1-FA-P015082-U2OS-48h-P4-L1/2021-12-17/850/specs935-v1-FA-P015082-U2OS-48h-P4-L1_L15_s7_w58BB29ECB-F0CD-4EC4-84B9-0DDCDFA542E9.npy,dmso
P015082,L15,s8,dmso,/mnt/micro-images-pvc/specs935-v1/specs935-v1-FA-P015082-U2OS-48h-P4-L1/2021-12-17/850/specs935-v1-FA-P015082-U2OS-48h-P4-L1_L15_s8_w54EBCBAB8-90FC-47F7-829D-D42ECFD00DFA.npy,dmso
P015082,L15,s9,dmso,/mnt/micro-images-pvc/specs935-v1/specs935-v1-FA-P015082-U2OS-48h-P4-L1/2021-12-17/850/specs935-v1-FA-P015082-U2OS-48h-P4-L1_L15_s9_w50EC4C3DA-F3FC-40B3-ADD4-948FDFF6B799.npy,dmso
P015082,L17,s1,dmso,/mnt/micro-images-pvc/specs935-v1/specs935-v1-FA-P015082-U2OS-48h-P4-L1/2021-12-17/850/specs935-v1-FA-P015082-U2OS-48h-P4-L1_L17_s1_w57397E6A3-B230-4B0F-8F47-CF5F246BDDB9.npy,dmso
P015082,L17,s2,dmso,/mnt/micro-images-pvc/specs935-v1/specs935-v1-FA-P015082-U2OS-48h-P4-L1/2021-12-17/850/specs935-v1-FA-P015082-U2OS-48h-P4-L1_L17_s2_w57439481E-A35D-41B6-BE54-F318C725D97F.npy,dmso
P015082,L17,s3,dmso,/mnt/micro-images-pvc/specs935-v1/specs935-v1-FA-P015082-U2OS-48h-P4-L1/2021-12-17/850/specs935-v1-FA-P015082-U2OS-48h-P4-L1_L17_s3_w599A256AA-3DD8-4437-B69E-BA27C4E6F265.npy,dmso
P015082,L17,s4,dmso,/mnt/micro-images-pvc/specs935-v1/specs935-v1-FA-P015082-U2OS-48h-P4-L1/2021-12-17/850/specs935-v1-FA-P015082-U2OS-48h-P4-L1_L17_s4_w52A607381-7740-4273-A613-4BB43C3D74B9.npy,dmso
P015082,L17,s5,dmso,/mnt/micro-images-pvc/specs935-v1/specs935-v1-FA-P015082-U2OS-48h-P4-L1/2021-12-17/850/specs935-v1-FA-P015082-U2OS-48h-P4-L1_L17_s5_w55D675B7B-889C-417D-8410-1AB31736B8FF.npy,dmso
P015082,L17,s6,dmso,/mnt/micro-images-pvc/specs935-v1/specs935-v1-FA-P015082-U2OS-48h-P4-L1/2021-12-17/850/specs935-v1-FA-P015082-U2OS-48h-P4-L1_L17_s6_w580D24A2A-681E-4E4D-8D1C-E2147CBE62F1.npy,dmso
P015082,L17,s7,dmso,/mnt/micro-images-pvc/specs935-v1/specs935-v1-FA-P015082-U2OS-48h-P4-L1/2021-12-17/850/specs935-v1-FA-P015082-U2OS-48h-P4-L1_L17_s7_w538A349E7-2C78-4A3E-91EA-991BDFB0DFB1.npy,dmso
P015082,L17,s8,dmso,/mnt/micro-images-pvc/specs935-v1/specs935-v1-FA-P015082-U2OS-48h-P4-L1/2021-12-17/850/specs935-v1-FA-P015082-U2OS-48h-P4-L1_L17_s8_w5797FF973-19AE-405E-A057-40366A556445.npy,dmso
P015082,L17,s9,dmso,/mnt/micro-images-pvc/specs935-v1/specs935-v1-FA-P015082-U2OS-48h-P4-L1/2021-12-17/850/specs935-v1-FA-P015082-U2OS-48h-P4-L1_L17_s9_w5CAD2AA3E-39EE-476A-AB80-EAEE3B386C50.npy,dmso
P015082,M13,s1,dmso,/mnt/micro-images-pvc/specs935-v1/specs935-v1-FA-P015082-U2OS-48h-P4-L1/2021-12-17/850/specs935-v1-FA-P015082-U2OS-48h-P4-L1_M13_s1_w5904C9873-3DB2-4A77-B953-5B18C15CB040.npy,dmso
P015082,M13,s2,dmso,/mnt/micro-images-pvc/specs935-v1/specs935-v1-FA-P015082-U2OS-48h-P4-L1/2021-12-17/850/specs935-v1-FA-P015082-U2OS-48h-P4-L1_M13_s2_w5FB7EAAA8-3851-494A-9BE1-B03D3CCE0446.npy,dmso
P015082,M13,s3,dmso,/mnt/micro-images-pvc/specs935-v1/specs935-v1-FA-P015082-U2OS-48h-P4-L1/2021-12-17/850/specs935-v1-FA-P015082-U2OS-48h-P4-L1_M13_s3_w5A4552FA8-22F6-4C35-8997-1C42648D1184.npy,dmso
P015082,M13,s4,dmso,/mnt/micro-images-pvc/specs935-v1/specs935-v1-FA-P015082-U2OS-48h-P4-L1/2021-12-17/850/specs935-v1-FA-P015082-U2OS-48h-P4-L1_M13_s4_w571A5EFA1-F831-47CA-9A98-B5B51D78E7D3.npy,dmso
P015082,M13,s5,dmso,/mnt/micro-images-pvc/specs935-v1/specs935-v1-FA-P015082-U2OS-48h-P4-L1/2021-12-17/850/specs935-v1-FA-P015082-U2OS-48h-P4-L1_M13_s5_w539D5F0A4-8D4E-4AFB-8E5F-200C7327374A.npy,dmso
P015082,M13,s6,dmso,/mnt/micro-images-pvc/specs935-v1/specs935-v1-FA-P015082-U2OS-48h-P4-L1/2021-12-17/850/specs935-v1-FA-P015082-U2OS-48h-P4-L1_M13_s6_w5AEBDF1FC-94D2-4947-8114-BC89D5C45A57.npy,dmso
P015082,M13,s7,dmso,/mnt/micro-images-pvc/specs935-v1/specs935-v1-FA-P015082-U2OS-48h-P4-L1/2021-12-17/850/specs935-v1-FA-P015082-U2OS-48h-P4-L1_M13_s7_w5270B1702-431E-4BAD-9A7E-0C8F3B35874A.npy,dmso
P015082,M13,s8,dmso,/mnt/micro-images-pvc/specs935-v1/specs935-v1-FA-P015082-U2OS-48h-P4-L1/2021-12-17/850/specs935-v1-FA-P015082-U2OS-48h-P4-L1_M13_s8_w5542F0119-9DCB-43AD-A672-29330F9E2E69.npy,dmso
P015082,M13,s9,dmso,/mnt/micro-images-pvc/specs935-v1/specs935-v1-FA-P015082-U2OS-48h-P4-L1/2021-12-17/850/specs935-v1-FA-P015082-U2OS-48h-P4-L1_M13_s9_w5528C3477-1083-4C08-85E2-0B9B51F07EF1.npy,dmso
P015082,N03,s1,dmso,/mnt/micro-images-pvc/specs935-v1/specs935-v1-FA-P015082-U2OS-48h-P4-L1/2021-12-17/850/specs935-v1-FA-P015082-U2OS-48h-P4-L1_N03_s1_w519EB992F-80E0-4103-97C5-E3B890609D83.npy,dmso
P015082,N03,s2,dmso,/mnt/micro-images-pvc/specs935-v1/specs935-v1-FA-P015082-U2OS-48h-P4-L1/2021-12-17/850/specs935-v1-FA-P015082-U2OS-48h-P4-L1_N03_s2_w5DB217646-0857-4E0D-8E7E-25FE172579E9.npy,dmso
P015082,N03,s3,dmso,/mnt/micro-images-pvc/specs935-v1/specs935-v1-FA-P015082-U2OS-48h-P4-L1/2021-12-17/850/specs935-v1-FA-P015082-U2OS-48h-P4-L1_N03_s3_w59A28423A-8BA2-402C-9743-2EA9B8C2A7D3.npy,dmso
P015082,N03,s4,dmso,/mnt/micro-images-pvc/specs935-v1/specs935-v1-FA-P015082-U2OS-48h-P4-L1/2021-12-17/850/specs935-v1-FA-P015082-U2OS-48h-P4-L1_N03_s4_w58D30C75C-9215-42AA-93AB-47C86407E82A.npy,dmso
P015082,N03,s5,dmso,/mnt/micro-images-pvc/specs935-v1/specs935-v1-FA-P015082-U2OS-48h-P4-L1/2021-12-17/850/specs935-v1-FA-P015082-U2OS-48h-P4-L1_N03_s5_w5C897FDBA-5064-4A3B-AC6E-C5060953010E.npy,dmso
P015082,N03,s6,dmso,/mnt/micro-images-pvc/specs935-v1/specs935-v1-FA-P015082-U2OS-48h-P4-L1/2021-12-17/850/specs935-v1-FA-P015082-U2OS-48h-P4-L1_N03_s6_w50B94CECA-45BD-4FC3-8143-1895C0924667.npy,dmso
P015082,N03,s7,dmso,/mnt/micro-images-pvc/specs935-v1/specs935-v1-FA-P015082-U2OS-48h-P4-L1/2021-12-17/850/specs935-v1-FA-P015082-U2OS-48h-P4-L1_N03_s7_w51C88EA80-F717-4926-9110-37A4A048FA70.npy,dmso
P015082,N03,s8,dmso,/mnt/micro-images-pvc/specs935-v1/specs935-v1-FA-P015082-U2OS-48h-P4-L1/2021-12-17/850/specs935-v1-FA-P015082-U2OS-48h-P4-L1_N03_s8_w55AE9156E-4576-4292-A129-D398942C5BA8.npy,dmso
P015082,N03,s9,dmso,/mnt/micro-images-pvc/specs935-v1/specs935-v1-FA-P015082-U2OS-48h-P4-L1/2021-12-17/850/specs935-v1-FA-P015082-U2OS-48h-P4-L1_N03_s9_w54C4BC627-2D87-4B83-B6D5-8DD942055EEC.npy,dmso
P015082,N08,s1,dmso,/mnt/micro-images-pvc/specs935-v1/specs935-v1-FA-P015082-U2OS-48h-P4-L1/2021-12-17/850/specs935-v1-FA-P015082-U2OS-48h-P4-L1_N08_s1_w53910B246-660A-4AE2-919D-ED3D80FE2DA3.npy,dmso
P015082,N08,s2,dmso,/mnt/micro-images-pvc/specs935-v1/specs935-v1-FA-P015082-U2OS-48h-P4-L1/2021-12-17/850/specs935-v1-FA-P015082-U2OS-48h-P4-L1_N08_s2_w57303A6A6-22A2-4A94-B31B-9368B3540983.npy,dmso
P015082,N08,s3,dmso,/mnt/micro-images-pvc/specs935-v1/specs935-v1-FA-P015082-U2OS-48h-P4-L1/2021-12-17/850/specs935-v1-FA-P015082-U2OS-48h-P4-L1_N08_s3_w5DE2AE1A0-64DA-4F38-9903-7727616F7712.npy,dmso
P015082,N08,s4,dmso,/mnt/micro-images-pvc/specs935-v1/specs935-v1-FA-P015082-U2OS-48h-P4-L1/2021-12-17/850/specs935-v1-FA-P015082-U2OS-48h-P4-L1_N08_s4_w5E0D8B388-4E21-45A6-86E6-5B032D730046.npy,dmso
P015082,N08,s5,dmso,/mnt/micro-images-pvc/specs935-v1/specs935-v1-FA-P015082-U2OS-48h-P4-L1/2021-12-17/850/specs935-v1-FA-P015082-U2OS-48h-P4-L1_N08_s5_w5EC31FA28-1319-4D5E-85D4-6777485BFCAE.npy,dmso
P015082,N08,s6,dmso,/mnt/micro-images-pvc/specs935-v1/specs935-v1-FA-P015082-U2OS-48h-P4-L1/2021-12-17/850/specs935-v1-FA-P015082-U2OS-48h-P4-L1_N08_s6_w5973BF645-F65D-4064-B18D-A58B5397806D.npy,dmso
P015082,N08,s7,dmso,/mnt/micro-images-pvc/specs935-v1/specs935-v1-FA-P015082-U2OS-48h-P4-L1/2021-12-17/850/specs935-v1-FA-P015082-U2OS-48h-P4-L1_N08_s7_w50896F21E-70C4-4940-8BAB-6A6CB86BF5C2.npy,dmso
P015082,N08,s8,dmso,/mnt/micro-images-pvc/specs935-v1/specs935-v1-FA-P015082-U2OS-48h-P4-L1/2021-12-17/850/specs935-v1-FA-P015082-U2OS-48h-P4-L1_N08_s8_w53AAAC682-C028-4FFA-B91E-DF8B85A896CF.npy,dmso
P015082,N08,s9,dmso,/mnt/micro-images-pvc/specs935-v1/specs935-v1-FA-P015082-U2OS-48h-P4-L1/2021-12-17/850/specs935-v1-FA-P015082-U2OS-48h-P4-L1_N08_s9_w514A1FDC3-0728-42C1-AF8E-B5DF2DBDB9DA.npy,dmso
P015082,O19,s1,dmso,/mnt/micro-images-pvc/specs935-v1/specs935-v1-FA-P015082-U2OS-48h-P4-L1/2021-12-17/850/specs935-v1-FA-P015082-U2OS-48h-P4-L1_O19_s1_w5B70D0AA9-A8F6-4E6D-B472-CBAD5A83723E.npy,dmso
P015082,O19,s2,dmso,/mnt/micro-images-pvc/specs935-v1/specs935-v1-FA-P015082-U2OS-48h-P4-L1/2021-12-17/850/specs935-v1-FA-P015082-U2OS-48h-P4-L1_O19_s2_w58B53868F-D44D-4C75-B529-4803D5865B73.npy,dmso
P015082,O19,s3,dmso,/mnt/micro-images-pvc/specs935-v1/specs935-v1-FA-P015082-U2OS-48h-P4-L1/2021-12-17/850/specs935-v1-FA-P015082-U2OS-48h-P4-L1_O19_s3_w5E3286371-C7A1-44B4-B6D4-DAAFE00422BF.npy,dmso
P015082,O19,s4,dmso,/mnt/micro-images-pvc/specs935-v1/specs935-v1-FA-P015082-U2OS-48h-P4-L1/2021-12-17/850/specs935-v1-FA-P015082-U2OS-48h-P4-L1_O19_s4_w5167A46EE-43AB-4A2A-966A-544BB2320A10.npy,dmso
P015082,O19,s5,dmso,/mnt/micro-images-pvc/specs935-v1/specs935-v1-FA-P015082-U2OS-48h-P4-L1/2021-12-17/850/specs935-v1-FA-P015082-U2OS-48h-P4-L1_O19_s5_w5803F3F17-6221-4C1F-BBD0-C71053EBE9AB.npy,dmso
P015082,O19,s6,dmso,/mnt/micro-images-pvc/specs935-v1/specs935-v1-FA-P015082-U2OS-48h-P4-L1/2021-12-17/850/specs935-v1-FA-P015082-U2OS-48h-P4-L1_O19_s6_w51BF6A954-A105-473A-A653-838F8D0BDE6A.npy,dmso
P015082,O19,s7,dmso,/mnt/micro-images-pvc/specs935-v1/specs935-v1-FA-P015082-U2OS-48h-P4-L1/2021-12-17/850/specs935-v1-FA-P015082-U2OS-48h-P4-L1_O19_s7_w55C680225-AF00-42B9-82A2-D3517E15E81D.npy,dmso
P015082,O19,s8,dmso,/mnt/micro-images-pvc/specs935-v1/specs935-v1-FA-P015082-U2OS-48h-P4-L1/2021-12-17/850/specs935-v1-FA-P015082-U2OS-48h-P4-L1_O19_s8_w5E7F92C51-4402-4816-9C23-03DE15530E4D.npy,dmso
P015082,O19,s9,dmso,/mnt/micro-images-pvc/specs935-v1/specs935-v1-FA-P015082-U2OS-48h-P4-L1/2021-12-17/850/specs935-v1-FA-P015082-U2OS-48h-P4-L1_O19_s9_w579216B5C-C69D-43F9-9368-644C62B46230.npy,dmso
P015083,C14,s1,dmso,/mnt/micro-images-pvc/specs935-v1/specs935-v1-FA-P015083-U2OS-48h-P4-L2/2021-12-21/863/specs935-v1-FA-P015083-U2OS-48h-P4-L2_C14_s1_w5B0CC2B0F-A46D-4A24-944C-44DF6D0AA00E.npy,dmso
P015083,C14,s2,dmso,/mnt/micro-images-pvc/specs935-v1/specs935-v1-FA-P015083-U2OS-48h-P4-L2/2021-12-21/863/specs935-v1-FA-P015083-U2OS-48h-P4-L2_C14_s2_w530069419-C57D-45FD-8C62-91F3FF4C1DEE.npy,dmso
P015083,C14,s3,dmso,/mnt/micro-images-pvc/specs935-v1/specs935-v1-FA-P015083-U2OS-48h-P4-L2/2021-12-21/863/specs935-v1-FA-P015083-U2OS-48h-P4-L2_C14_s3_w5922D63C5-70C2-4891-A46B-BA549868E838.npy,dmso
P015083,C14,s4,dmso,/mnt/micro-images-pvc/specs935-v1/specs935-v1-FA-P015083-U2OS-48h-P4-L2/2021-12-21/863/specs935-v1-FA-P015083-U2OS-48h-P4-L2_C14_s4_w5B261F290-4FE9-4CFD-9057-1A1E2ECBE967.npy,dmso
P015083,C14,s5,dmso,/mnt/micro-images-pvc/specs935-v1/specs935-v1-FA-P015083-U2OS-48h-P4-L2/2021-12-21/863/specs935-v1-FA-P015083-U2OS-48h-P4-L2_C14_s5_w527C06FFC-8708-4C9C-9730-1241CC9485BF.npy,dmso
P015083,C14,s6,dmso,/mnt/micro-images-pvc/specs935-v1/specs935-v1-FA-P015083-U2OS-48h-P4-L2/2021-12-21/863/specs935-v1-FA-P015083-U2OS-48h-P4-L2_C14_s6_w5A51FB3E8-F50B-4A27-AA1F-EF8BFAA02D9F.npy,dmso
P015083,C14,s7,dmso,/mnt/micro-images-pvc/specs935-v1/specs935-v1-FA-P015083-U2OS-48h-P4-L2/2021-12-21/863/specs935-v1-FA-P015083-U2OS-48h-P4-L2_C14_s7_w54F6DC2CC-5C2F-466B-A35E-BFF273EEB700.npy,dmso
P015083,C14,s8,dmso,/mnt/micro-images-pvc/specs935-v1/specs935-v1-FA-P015083-U2OS-48h-P4-L2/2021-12-21/863/specs935-v1-FA-P015083-U2OS-48h-P4-L2_C14_s8_w5D009F9CB-3552-4E07-82C7-ECE89C396300.npy,dmso
P015083,C14,s9,dmso,/mnt/micro-images-pvc/specs935-v1/specs935-v1-FA-P015083-U2OS-48h-P4-L2/2021-12-21/863/specs935-v1-FA-P015083-U2OS-48h-P4-L2_C14_s9_w50918B96F-C023-4629-9167-0412FD69E2CC.npy,dmso
P015083,D08,s1,dmso,/mnt/micro-images-pvc/specs935-v1/specs935-v1-FA-P015083-U2OS-48h-P4-L2/2021-12-21/863/specs935-v1-FA-P015083-U2OS-48h-P4-L2_D08_s1_w517DF5350-BB9B-4CDA-B4D9-2B06B8218241.npy,dmso
P015083,D08,s2,dmso,/mnt/micro-images-pvc/specs935-v1/specs935-v1-FA-P015083-U2OS-48h-P4-L2/2021-12-21/863/specs935-v1-FA-P015083-U2OS-48h-P4-L2_D08_s2_w5E823E369-9F8A-4D49-A2A1-19E17544A670.npy,dmso
P015083,D08,s3,dmso,/mnt/micro-images-pvc/specs935-v1/specs935-v1-FA-P015083-U2OS-48h-P4-L2/2021-12-21/863/specs935-v1-FA-P015083-U2OS-48h-P4-L2_D08_s3_w560553A45-7CE6-4BE5-9167-4907E63841A4.npy,dmso
P015083,D08,s4,dmso,/mnt/micro-images-pvc/specs935-v1/specs935-v1-FA-P015083-U2OS-48h-P4-L2/2021-12-21/863/specs935-v1-FA-P015083-U2OS-48h-P4-L2_D08_s4_w5B90B0FEA-EB7B-4D12-B9A5-6CCADEB33923.npy,dmso
P015083,D08,s5,dmso,/mnt/micro-images-pvc/specs935-v1/specs935-v1-FA-P015083-U2OS-48h-P4-L2/2021-12-21/863/specs935-v1-FA-P015083-U2OS-48h-P4-L2_D08_s5_w5411DB35C-45EA-4812-8A93-9C9DFA81E0B3.npy,dmso
P015083,D08,s6,dmso,/mnt/micro-images-pvc/specs935-v1/specs935-v1-FA-P015083-U2OS-48h-P4-L2/2021-12-21/863/specs935-v1-FA-P015083-U2OS-48h-P4-L2_D08_s6_w5F97D4263-7CE4-46EC-9C31-E93934238BA0.npy,dmso
P015083,D08,s7,dmso,/mnt/micro-images-pvc/specs935-v1/specs935-v1-FA-P015083-U2OS-48h-P4-L2/2021-12-21/863/specs935-v1-FA-P015083-U2OS-48h-P4-L2_D08_s7_w5DE20D821-46C3-4AEE-864B-ECAA72B26210.npy,dmso
P015083,D08,s8,dmso,/mnt/micro-images-pvc/specs935-v1/specs935-v1-FA-P015083-U2OS-48h-P4-L2/2021-12-21/863/specs935-v1-FA-P015083-U2OS-48h-P4-L2_D08_s8_w5EB981B80-3A71-4B14-9D00-8A649000001C.npy,dmso
P015083,D08,s9,dmso,/mnt/micro-images-pvc/specs935-v1/specs935-v1-FA-P015083-U2OS-48h-P4-L2/2021-12-21/863/specs935-v1-FA-P015083-U2OS-48h-P4-L2_D08_s9_w555DED5A3-922F-4AAB-8EB3-9A9FF3A19BFD.npy,dmso
P015083,E20,s1,dmso,/mnt/micro-images-pvc/specs935-v1/specs935-v1-FA-P015083-U2OS-48h-P4-L2/2021-12-21/863/specs935-v1-FA-P015083-U2OS-48h-P4-L2_E20_s1_w5C45EC6F5-5129-4B51-88C4-0466A4BC4C68.npy,dmso
P015083,E20,s2,dmso,/mnt/micro-images-pvc/specs935-v1/specs935-v1-FA-P015083-U2OS-48h-P4-L2/2021-12-21/863/specs935-v1-FA-P015083-U2OS-48h-P4-L2_E20_s2_w5B97385B3-89B7-44BE-8F9B-A8264EE57EA5.npy,dmso
P015083,E20,s3,dmso,/mnt/micro-images-pvc/specs935-v1/specs935-v1-FA-P015083-U2OS-48h-P4-L2/2021-12-21/863/specs935-v1-FA-P015083-U2OS-48h-P4-L2_E20_s3_w5C3A2A4A9-819D-457C-9DBE-85B876334472.npy,dmso
P015083,E20,s4,dmso,/mnt/micro-images-pvc/specs935-v1/specs935-v1-FA-P015083-U2OS-48h-P4-L2/2021-12-21/863/specs935-v1-FA-P015083-U2OS-48h-P4-L2_E20_s4_w5E7914E2B-433E-4C05-B3BE-642540850472.npy,dmso
P015083,E20,s5,dmso,/mnt/micro-images-pvc/specs935-v1/specs935-v1-FA-P015083-U2OS-48h-P4-L2/2021-12-21/863/specs935-v1-FA-P015083-U2OS-48h-P4-L2_E20_s5_w5C0B44CE6-DDD6-449F-A4A7-64D1851F9405.npy,dmso
P015083,E20,s6,dmso,/mnt/micro-images-pvc/specs935-v1/specs935-v1-FA-P015083-U2OS-48h-P4-L2/2021-12-21/863/specs935-v1-FA-P015083-U2OS-48h-P4-L2_E20_s6_w5A7235415-A58C-4943-94F1-5CD15AABA84A.npy,dmso
P015083,E20,s7,dmso,/mnt/micro-images-pvc/specs935-v1/specs935-v1-FA-P015083-U2OS-48h-P4-L2/2021-12-21/863/specs935-v1-FA-P015083-U2OS-48h-P4-L2_E20_s7_w5A78F5C9F-9306-4B4E-BB1A-497F158BE669.npy,dmso
P015083,E20,s8,dmso,/mnt/micro-images-pvc/specs935-v1/specs935-v1-FA-P015083-U2OS-48h-P4-L2/2021-12-21/863/specs935-v1-FA-P015083-U2OS-48h-P4-L2_E20_s8_w57AC3BAB8-687C-4560-92E0-E70EB75EE50C.npy,dmso
P015083,E20,s9,dmso,/mnt/micro-images-pvc/specs935-v1/specs935-v1-FA-P015083-U2OS-48h-P4-L2/2021-12-21/863/specs935-v1-FA-P015083-U2OS-48h-P4-L2_E20_s9_w545CABCFB-2FE7-4FA0-BE27-06D4AF0343D0.npy,dmso
P015083,F10,s1,dmso,/mnt/micro-images-pvc/specs935-v1/specs935-v1-FA-P015083-U2OS-48h-P4-L2/2021-12-21/863/specs935-v1-FA-P015083-U2OS-48h-P4-L2_F10_s1_w50BFF622E-81C6-432F-9A3B-00C02429D647.npy,dmso
P015083,F10,s2,dmso,/mnt/micro-images-pvc/specs935-v1/specs935-v1-FA-P015083-U2OS-48h-P4-L2/2021-12-21/863/specs935-v1-FA-P015083-U2OS-48h-P4-L2_F10_s2_w55DCDC031-A5B2-45D5-A4F6-5272200B004D.npy,dmso
P015083,F10,s3,dmso,/mnt/micro-images-pvc/specs935-v1/specs935-v1-FA-P015083-U2OS-48h-P4-L2/2021-12-21/863/specs935-v1-FA-P015083-U2OS-48h-P4-L2_F10_s3_w53304AABF-9520-4938-9024-5CC8DF5359A5.npy,dmso
P015083,F10,s4,dmso,/mnt/micro-images-pvc/specs935-v1/specs935-v1-FA-P015083-U2OS-48h-P4-L2/2021-12-21/863/specs935-v1-FA-P015083-U2OS-48h-P4-L2_F10_s4_w568FEB7E4-E865-4528-B312-F73F38298872.npy,dmso
P015083,F10,s5,dmso,/mnt/micro-images-pvc/specs935-v1/specs935-v1-FA-P015083-U2OS-48h-P4-L2/2021-12-21/863/specs935-v1-FA-P015083-U2OS-48h-P4-L2_F10_s5_w5B8E75A91-43C6-418A-AD90-3DBBBFBD59E5.npy,dmso
P015083,F10,s6,dmso,/mnt/micro-images-pvc/specs935-v1/specs935-v1-FA-P015083-U2OS-48h-P4-L2/2021-12-21/863/specs935-v1-FA-P015083-U2OS-48h-P4-L2_F10_s6_w5739F89DD-88E0-4A61-AB6F-DE9A4AA5675A.npy,dmso
P015083,F10,s7,dmso,/mnt/micro-images-pvc/specs935-v1/specs935-v1-FA-P015083-U2OS-48h-P4-L2/2021-12-21/863/specs935-v1-FA-P015083-U2OS-48h-P4-L2_F10_s7_w5F5AF3F40-4A49-429E-BE0F-497B64E20148.npy,dmso
P015083,F10,s8,dmso,/mnt/micro-images-pvc/specs935-v1/specs935-v1-FA-P015083-U2OS-48h-P4-L2/2021-12-21/863/specs935-v1-FA-P015083-U2OS-48h-P4-L2_F10_s8_w5578B52D2-4E79-4AA7-A01A-DF1C86711D48.npy,dmso
P015083,F10,s9,dmso,/mnt/micro-images-pvc/specs935-v1/specs935-v1-FA-P015083-U2OS-48h-P4-L2/2021-12-21/863/specs935-v1-FA-P015083-U2OS-48h-P4-L2_F10_s9_w5FC185454-26C5-4819-86E7-A95ED71430DF.npy,dmso
P015083,F17,s1,dmso,/mnt/micro-images-pvc/specs935-v1/specs935-v1-FA-P015083-U2OS-48h-P4-L2/2021-12-21/863/specs935-v1-FA-P015083-U2OS-48h-P4-L2_F17_s1_w5E4B2FD62-7862-42EB-A131-73491D58D0E5.npy,dmso
P015083,F17,s2,dmso,/mnt/micro-images-pvc/specs935-v1/specs935-v1-FA-P015083-U2OS-48h-P4-L2/2021-12-21/863/specs935-v1-FA-P015083-U2OS-48h-P4-L2_F17_s2_w56B71AAD0-5EA6-43C6-A5A9-FDA0725D9374.npy,dmso
P015083,F17,s3,dmso,/mnt/micro-images-pvc/specs935-v1/specs935-v1-FA-P015083-U2OS-48h-P4-L2/2021-12-21/863/specs935-v1-FA-P015083-U2OS-48h-P4-L2_F17_s3_w5CD9BB528-5A56-44A6-B474-9AF0C539D583.npy,dmso
P015083,F17,s4,dmso,/mnt/micro-images-pvc/specs935-v1/specs935-v1-FA-P015083-U2OS-48h-P4-L2/2021-12-21/863/specs935-v1-FA-P015083-U2OS-48h-P4-L2_F17_s4_w58E4D3F4D-3E50-42D4-B313-456C37D8AAB5.npy,dmso
P015083,F17,s5,dmso,/mnt/micro-images-pvc/specs935-v1/specs935-v1-FA-P015083-U2OS-48h-P4-L2/2021-12-21/863/specs935-v1-FA-P015083-U2OS-48h-P4-L2_F17_s5_w575F69C7C-DF64-42E8-8D95-2E9875999F3E.npy,dmso
P015083,F17,s6,dmso,/mnt/micro-images-pvc/specs935-v1/specs935-v1-FA-P015083-U2OS-48h-P4-L2/2021-12-21/863/specs935-v1-FA-P015083-U2OS-48h-P4-L2_F17_s6_w57A57E817-1D48-4490-A3F6-2B08D869159A.npy,dmso
P015083,F17,s7,dmso,/mnt/micro-images-pvc/specs935-v1/specs935-v1-FA-P015083-U2OS-48h-P4-L2/2021-12-21/863/specs935-v1-FA-P015083-U2OS-48h-P4-L2_F17_s7_w5DFCA3D34-EEF9-447C-981F-7696BA402AE3.npy,dmso
P015083,F17,s8,dmso,/mnt/micro-images-pvc/specs935-v1/specs935-v1-FA-P015083-U2OS-48h-P4-L2/2021-12-21/863/specs935-v1-FA-P015083-U2OS-48h-P4-L2_F17_s8_w5174F4A0E-378A-4033-AD2F-A5FFB041ED33.npy,dmso
P015083,F17,s9,dmso,/mnt/micro-images-pvc/specs935-v1/specs935-v1-FA-P015083-U2OS-48h-P4-L2/2021-12-21/863/specs935-v1-FA-P015083-U2OS-48h-P4-L2_F17_s9_w53EB7D2E9-FB5D-46CF-953A-670FACF50D29.npy,dmso
P015083,G04,s1,dmso,/mnt/micro-images-pvc/specs935-v1/specs935-v1-FA-P015083-U2OS-48h-P4-L2/2021-12-21/863/specs935-v1-FA-P015083-U2OS-48h-P4-L2_G04_s1_w5335489D3-C659-47CD-873D-B09E44D572B4.npy,dmso
P015083,G04,s2,dmso,/mnt/micro-images-pvc/specs935-v1/specs935-v1-FA-P015083-U2OS-48h-P4-L2/2021-12-21/863/specs935-v1-FA-P015083-U2OS-48h-P4-L2_G04_s2_w52E43F848-6A0D-4EBF-AB73-AC59AD1F22E0.npy,dmso
P015083,G04,s3,dmso,/mnt/micro-images-pvc/specs935-v1/specs935-v1-FA-P015083-U2OS-48h-P4-L2/2021-12-21/863/specs935-v1-FA-P015083-U2OS-48h-P4-L2_G04_s3_w5749AE3CE-A953-4F2C-A14A-FC6D1D58B941.npy,dmso
P015083,G04,s4,dmso,/mnt/micro-images-pvc/specs935-v1/specs935-v1-FA-P015083-U2OS-48h-P4-L2/2021-12-21/863/specs935-v1-FA-P015083-U2OS-48h-P4-L2_G04_s4_w58BEEDD35-6985-49A7-8E4E-B29FCC24DDC9.npy,dmso
P015083,G04,s5,dmso,/mnt/micro-images-pvc/specs935-v1/specs935-v1-FA-P015083-U2OS-48h-P4-L2/2021-12-21/863/specs935-v1-FA-P015083-U2OS-48h-P4-L2_G04_s5_w5061C5345-BF7D-495A-B25E-0CEAB1E1C217.npy,dmso
P015083,G04,s6,dmso,/mnt/micro-images-pvc/specs935-v1/specs935-v1-FA-P015083-U2OS-48h-P4-L2/2021-12-21/863/specs935-v1-FA-P015083-U2OS-48h-P4-L2_G04_s6_w52A93A86A-81C1-46CA-A2AC-75B0A3BB832C.npy,dmso
P015083,G04,s7,dmso,/mnt/micro-images-pvc/specs935-v1/specs935-v1-FA-P015083-U2OS-48h-P4-L2/2021-12-21/863/specs935-v1-FA-P015083-U2OS-48h-P4-L2_G04_s7_w59A930EBF-42F3-4ED1-832F-059634E0265E.npy,dmso
P015083,G04,s8,dmso,/mnt/micro-images-pvc/specs935-v1/specs935-v1-FA-P015083-U2OS-48h-P4-L2/2021-12-21/863/specs935-v1-FA-P015083-U2OS-48h-P4-L2_G04_s8_w5D6CC6B2D-CCB3-42C3-8B8C-B0E40544040A.npy,dmso
P015083,G04,s9,dmso,/mnt/micro-images-pvc/specs935-v1/specs935-v1-FA-P015083-U2OS-48h-P4-L2/2021-12-21/863/specs935-v1-FA-P015083-U2OS-48h-P4-L2_G04_s9_w5754DE756-C17C-4BEA-AAC6-AF090E9472E2.npy,dmso
P015083,H06,s1,dmso,/mnt/micro-images-pvc/specs935-v1/specs935-v1-FA-P015083-U2OS-48h-P4-L2/2021-12-21/863/specs935-v1-FA-P015083-U2OS-48h-P4-L2_H06_s1_w5D4A3BD43-74F3-42A2-A8DC-875B246CCBD1.npy,dmso
P015083,H06,s2,dmso,/mnt/micro-images-pvc/specs935-v1/specs935-v1-FA-P015083-U2OS-48h-P4-L2/2021-12-21/863/specs935-v1-FA-P015083-U2OS-48h-P4-L2_H06_s2_w521815708-755F-4769-B518-7B9CE999C7AE.npy,dmso
P015083,H06,s3,dmso,/mnt/micro-images-pvc/specs935-v1/specs935-v1-FA-P015083-U2OS-48h-P4-L2/2021-12-21/863/specs935-v1-FA-P015083-U2OS-48h-P4-L2_H06_s3_w5BC0A7105-592A-4F62-8292-2C92256181D1.npy,dmso
P015083,H06,s4,dmso,/mnt/micro-images-pvc/specs935-v1/specs935-v1-FA-P015083-U2OS-48h-P4-L2/2021-12-21/863/specs935-v1-FA-P015083-U2OS-48h-P4-L2_H06_s4_w596EF7802-5B42-451B-A50D-E046C1CAB969.npy,dmso
P015083,H06,s5,dmso,/mnt/micro-images-pvc/specs935-v1/specs935-v1-FA-P015083-U2OS-48h-P4-L2/2021-12-21/863/specs935-v1-FA-P015083-U2OS-48h-P4-L2_H06_s5_w549746D46-6D20-4876-B5B8-F8BA4D6796F1.npy,dmso
P015083,H06,s6,dmso,/mnt/micro-images-pvc/specs935-v1/specs935-v1-FA-P015083-U2OS-48h-P4-L2/2021-12-21/863/specs935-v1-FA-P015083-U2OS-48h-P4-L2_H06_s6_w559DAF205-A910-4948-99D4-84D4FAA57C4F.npy,dmso
P015083,H06,s7,dmso,/mnt/micro-images-pvc/specs935-v1/specs935-v1-FA-P015083-U2OS-48h-P4-L2/2021-12-21/863/specs935-v1-FA-P015083-U2OS-48h-P4-L2_H06_s7_w58D3E5092-6125-44C3-81A7-8E41684D7BD8.npy,dmso
P015083,H06,s8,dmso,/mnt/micro-images-pvc/specs935-v1/specs935-v1-FA-P015083-U2OS-48h-P4-L2/2021-12-21/863/specs935-v1-FA-P015083-U2OS-48h-P4-L2_H06_s8_w50E1EFDD3-7CE2-43F7-9012-EF818308FA4E.npy,dmso
P015083,H06,s9,dmso,/mnt/micro-images-pvc/specs935-v1/specs935-v1-FA-P015083-U2OS-48h-P4-L2/2021-12-21/863/specs935-v1-FA-P015083-U2OS-48h-P4-L2_H06_s9_w595718F23-B356-48BE-B16C-5CB50B58CE04.npy,dmso
P015083,H15,s1,dmso,/mnt/micro-images-pvc/specs935-v1/specs935-v1-FA-P015083-U2OS-48h-P4-L2/2021-12-21/863/specs935-v1-FA-P015083-U2OS-48h-P4-L2_H15_s1_w565E786DB-1D94-4E95-864B-A10CDE59D462.npy,dmso
P015083,H15,s2,dmso,/mnt/micro-images-pvc/specs935-v1/specs935-v1-FA-P015083-U2OS-48h-P4-L2/2021-12-21/863/specs935-v1-FA-P015083-U2OS-48h-P4-L2_H15_s2_w5C8B2327E-C787-4A77-8423-1E83CED48B9D.npy,dmso
P015083,H15,s3,dmso,/mnt/micro-images-pvc/specs935-v1/specs935-v1-FA-P015083-U2OS-48h-P4-L2/2021-12-21/863/specs935-v1-FA-P015083-U2OS-48h-P4-L2_H15_s3_w5F12F9544-103A-4B60-B1EB-7F1E378C5492.npy,dmso
P015083,H15,s4,dmso,/mnt/micro-images-pvc/specs935-v1/specs935-v1-FA-P015083-U2OS-48h-P4-L2/2021-12-21/863/specs935-v1-FA-P015083-U2OS-48h-P4-L2_H15_s4_w5F5A26CEF-CE26-46A2-B8F7-00F2589F46D5.npy,dmso
P015083,H15,s5,dmso,/mnt/micro-images-pvc/specs935-v1/specs935-v1-FA-P015083-U2OS-48h-P4-L2/2021-12-21/863/specs935-v1-FA-P015083-U2OS-48h-P4-L2_H15_s5_w57467617B-0833-4045-8D42-601BF243EACD.npy,dmso
P015083,H15,s6,dmso,/mnt/micro-images-pvc/specs935-v1/specs935-v1-FA-P015083-U2OS-48h-P4-L2/2021-12-21/863/specs935-v1-FA-P015083-U2OS-48h-P4-L2_H15_s6_w50900CA66-CD52-4968-9F23-A110EF487F3E.npy,dmso
P015083,H15,s7,dmso,/mnt/micro-images-pvc/specs935-v1/specs935-v1-FA-P015083-U2OS-48h-P4-L2/2021-12-21/863/specs935-v1-FA-P015083-U2OS-48h-P4-L2_H15_s7_w522B1B720-42DD-4F91-A888-F9996EB6C1A3.npy,dmso
P015083,H15,s8,dmso,/mnt/micro-images-pvc/specs935-v1/specs935-v1-FA-P015083-U2OS-48h-P4-L2/2021-12-21/863/specs935-v1-FA-P015083-U2OS-48h-P4-L2_H15_s8_w552C9E6D3-F920-46E7-8E42-D7F6845D1C67.npy,dmso
P015083,H15,s9,dmso,/mnt/micro-images-pvc/specs935-v1/specs935-v1-FA-P015083-U2OS-48h-P4-L2/2021-12-21/863/specs935-v1-FA-P015083-U2OS-48h-P4-L2_H15_s9_w5CF1A0CA1-6F70-469E-96DD-8ED56E9B94A2.npy,dmso
P015083,I11,s1,dmso,/mnt/micro-images-pvc/specs935-v1/specs935-v1-FA-P015083-U2OS-48h-P4-L2/2021-12-21/863/specs935-v1-FA-P015083-U2OS-48h-P4-L2_I11_s1_w56367C10A-114A-4C96-AB52-7D8B6D3FC2A7.npy,dmso
P015083,I11,s2,dmso,/mnt/micro-images-pvc/specs935-v1/specs935-v1-FA-P015083-U2OS-48h-P4-L2/2021-12-21/863/specs935-v1-FA-P015083-U2OS-48h-P4-L2_I11_s2_w5CA5EA09B-3A8F-46A1-8DFF-04E785208445.npy,dmso
P015083,I11,s3,dmso,/mnt/micro-images-pvc/specs935-v1/specs935-v1-FA-P015083-U2OS-48h-P4-L2/2021-12-21/863/specs935-v1-FA-P015083-U2OS-48h-P4-L2_I11_s3_w5215F22B6-6300-4075-BA81-7FC77A957EA0.npy,dmso
P015083,I11,s4,dmso,/mnt/micro-images-pvc/specs935-v1/specs935-v1-FA-P015083-U2OS-48h-P4-L2/2021-12-21/863/specs935-v1-FA-P015083-U2OS-48h-P4-L2_I11_s4_w56920E233-88C5-4DD3-A65A-50ED6B7A5BFD.npy,dmso
P015083,I11,s5,dmso,/mnt/micro-images-pvc/specs935-v1/specs935-v1-FA-P015083-U2OS-48h-P4-L2/2021-12-21/863/specs935-v1-FA-P015083-U2OS-48h-P4-L2_I11_s5_w54F13201A-7A4C-4160-80F2-9F8BE0D0634C.npy,dmso
P015083,I11,s6,dmso,/mnt/micro-images-pvc/specs935-v1/specs935-v1-FA-P015083-U2OS-48h-P4-L2/2021-12-21/863/specs935-v1-FA-P015083-U2OS-48h-P4-L2_I11_s6_w5C8108551-8132-490C-BB2B-60DEF07A5692.npy,dmso
P015083,I11,s7,dmso,/mnt/micro-images-pvc/specs935-v1/specs935-v1-FA-P015083-U2OS-48h-P4-L2/2021-12-21/863/specs935-v1-FA-P015083-U2OS-48h-P4-L2_I11_s7_w59AE26A8B-3F20-4ECA-85A4-A0524599D163.npy,dmso
P015083,I11,s8,dmso,/mnt/micro-images-pvc/specs935-v1/specs935-v1-FA-P015083-U2OS-48h-P4-L2/2021-12-21/863/specs935-v1-FA-P015083-U2OS-48h-P4-L2_I11_s8_w596215E92-AB89-44C1-AD12-5A972A00AA0E.npy,dmso
P015083,I11,s9,dmso,/mnt/micro-images-pvc/specs935-v1/specs935-v1-FA-P015083-U2OS-48h-P4-L2/2021-12-21/863/specs935-v1-FA-P015083-U2OS-48h-P4-L2_I11_s9_w581548461-B246-49AA-8961-426E594C2027.npy,dmso
P015083,J07,s1,dmso,/mnt/micro-images-pvc/specs935-v1/specs935-v1-FA-P015083-U2OS-48h-P4-L2/2021-12-21/863/specs935-v1-FA-P015083-U2OS-48h-P4-L2_J07_s1_w53917B386-38C3-41D9-BE40-5EB9E6FC0BF5.npy,dmso
P015083,J07,s2,dmso,/mnt/micro-images-pvc/specs935-v1/specs935-v1-FA-P015083-U2OS-48h-P4-L2/2021-12-21/863/specs935-v1-FA-P015083-U2OS-48h-P4-L2_J07_s2_w5BF957425-4C90-4C9F-A5F3-DBE1F618B9E1.npy,dmso
P015083,J07,s3,dmso,/mnt/micro-images-pvc/specs935-v1/specs935-v1-FA-P015083-U2OS-48h-P4-L2/2021-12-21/863/specs935-v1-FA-P015083-U2OS-48h-P4-L2_J07_s3_w515ED6A27-AF10-4C7C-BABD-ACCAC80D14D8.npy,dmso
P015083,J07,s4,dmso,/mnt/micro-images-pvc/specs935-v1/specs935-v1-FA-P015083-U2OS-48h-P4-L2/2021-12-21/863/specs935-v1-FA-P015083-U2OS-48h-P4-L2_J07_s4_w57EFAF9FA-B0E8-4E46-99A2-5DE16F4F4B33.npy,dmso
P015083,J07,s5,dmso,/mnt/micro-images-pvc/specs935-v1/specs935-v1-FA-P015083-U2OS-48h-P4-L2/2021-12-21/863/specs935-v1-FA-P015083-U2OS-48h-P4-L2_J07_s5_w5FF2292D0-D363-46C4-8DB9-93A4830359D9.npy,dmso
P015083,J07,s6,dmso,/mnt/micro-images-pvc/specs935-v1/specs935-v1-FA-P015083-U2OS-48h-P4-L2/2021-12-21/863/specs935-v1-FA-P015083-U2OS-48h-P4-L2_J07_s6_w5C978DDA2-5DB3-414D-B0C2-E1FD5490AB56.npy,dmso
P015083,J07,s7,dmso,/mnt/micro-images-pvc/specs935-v1/specs935-v1-FA-P015083-U2OS-48h-P4-L2/2021-12-21/863/specs935-v1-FA-P015083-U2OS-48h-P4-L2_J07_s7_w52C4FB2D8-49C9-41D9-B961-EE9C447CBBCB.npy,dmso
P015083,J07,s8,dmso,/mnt/micro-images-pvc/specs935-v1/specs935-v1-FA-P015083-U2OS-48h-P4-L2/2021-12-21/863/specs935-v1-FA-P015083-U2OS-48h-P4-L2_J07_s8_w5B96BEB74-7796-4826-BF7C-2BD6529392A9.npy,dmso
P015083,J07,s9,dmso,/mnt/micro-images-pvc/specs935-v1/specs935-v1-FA-P015083-U2OS-48h-P4-L2/2021-12-21/863/specs935-v1-FA-P015083-U2OS-48h-P4-L2_J07_s9_w5B0826DE0-D530-4B31-BC7E-F95DFC5959B1.npy,dmso
P015083,K16,s1,dmso,/mnt/micro-images-pvc/specs935-v1/specs935-v1-FA-P015083-U2OS-48h-P4-L2/2021-12-21/863/specs935-v1-FA-P015083-U2OS-48h-P4-L2_K16_s1_w5C3566521-E1EF-4919-827D-5860A84F71EE.npy,dmso
P015083,K16,s2,dmso,/mnt/micro-images-pvc/specs935-v1/specs935-v1-FA-P015083-U2OS-48h-P4-L2/2021-12-21/863/specs935-v1-FA-P015083-U2OS-48h-P4-L2_K16_s2_w50F973348-81CE-48B5-A3DA-FF0D1A843D9B.npy,dmso
P015083,K16,s3,dmso,/mnt/micro-images-pvc/specs935-v1/specs935-v1-FA-P015083-U2OS-48h-P4-L2/2021-12-21/863/specs935-v1-FA-P015083-U2OS-48h-P4-L2_K16_s3_w5E44E7775-4A99-4D28-BA7C-299DF294B9A6.npy,dmso
P015083,K16,s4,dmso,/mnt/micro-images-pvc/specs935-v1/specs935-v1-FA-P015083-U2OS-48h-P4-L2/2021-12-21/863/specs935-v1-FA-P015083-U2OS-48h-P4-L2_K16_s4_w5FA2D721C-CBFF-415F-BC02-6B8DE59D3F6B.npy,dmso
P015083,K16,s5,dmso,/mnt/micro-images-pvc/specs935-v1/specs935-v1-FA-P015083-U2OS-48h-P4-L2/2021-12-21/863/specs935-v1-FA-P015083-U2OS-48h-P4-L2_K16_s5_w5E9E03632-4FC1-4F6F-8798-1B9A00AA5F82.npy,dmso
P015083,K16,s6,dmso,/mnt/micro-images-pvc/specs935-v1/specs935-v1-FA-P015083-U2OS-48h-P4-L2/2021-12-21/863/specs935-v1-FA-P015083-U2OS-48h-P4-L2_K16_s6_w5E40411F7-F51C-49DC-B67E-98F63A05B111.npy,dmso
P015083,K16,s7,dmso,/mnt/micro-images-pvc/specs935-v1/specs935-v1-FA-P015083-U2OS-48h-P4-L2/2021-12-21/863/specs935-v1-FA-P015083-U2OS-48h-P4-L2_K16_s7_w519FC6B47-B2A9-44D1-A9F9-36A03371F055.npy,dmso
P015083,K16,s8,dmso,/mnt/micro-images-pvc/specs935-v1/specs935-v1-FA-P015083-U2OS-48h-P4-L2/2021-12-21/863/specs935-v1-FA-P015083-U2OS-48h-P4-L2_K16_s8_w5B1EE1871-7E8F-4F3C-8E90-34D65FFCADB9.npy,dmso
P015083,K16,s9,dmso,/mnt/micro-images-pvc/specs935-v1/specs935-v1-FA-P015083-U2OS-48h-P4-L2/2021-12-21/863/specs935-v1-FA-P015083-U2OS-48h-P4-L2_K16_s9_w5566857F5-E8B7-4E61-AD9C-6901355B8601.npy,dmso
P015083,M03,s1,dmso,/mnt/micro-images-pvc/specs935-v1/specs935-v1-FA-P015083-U2OS-48h-P4-L2/2021-12-21/863/specs935-v1-FA-P015083-U2OS-48h-P4-L2_M03_s1_w5412E4BB3-0588-451D-8BC5-2432FFC3D8D2.npy,dmso
P015083,M03,s2,dmso,/mnt/micro-images-pvc/specs935-v1/specs935-v1-FA-P015083-U2OS-48h-P4-L2/2021-12-21/863/specs935-v1-FA-P015083-U2OS-48h-P4-L2_M03_s2_w521DF7FFF-2423-49DE-8682-7ACA1656DD8B.npy,dmso
P015083,M03,s3,dmso,/mnt/micro-images-pvc/specs935-v1/specs935-v1-FA-P015083-U2OS-48h-P4-L2/2021-12-21/863/specs935-v1-FA-P015083-U2OS-48h-P4-L2_M03_s3_w563F393ED-DE00-4185-B485-79B0E5406A1A.npy,dmso
P015083,M03,s4,dmso,/mnt/micro-images-pvc/specs935-v1/specs935-v1-FA-P015083-U2OS-48h-P4-L2/2021-12-21/863/specs935-v1-FA-P015083-U2OS-48h-P4-L2_M03_s4_w5B4429B6C-E8FA-4CC7-B748-D178155EB601.npy,dmso
P015083,M03,s5,dmso,/mnt/micro-images-pvc/specs935-v1/specs935-v1-FA-P015083-U2OS-48h-P4-L2/2021-12-21/863/specs935-v1-FA-P015083-U2OS-48h-P4-L2_M03_s5_w5978484C1-77F3-4057-BCFF-5ECB79BD362D.npy,dmso
P015083,M03,s6,dmso,/mnt/micro-images-pvc/specs935-v1/specs935-v1-FA-P015083-U2OS-48h-P4-L2/2021-12-21/863/specs935-v1-FA-P015083-U2OS-48h-P4-L2_M03_s6_w57BD879B7-57A3-47A8-8561-114566F14F24.npy,dmso
P015083,M03,s7,dmso,/mnt/micro-images-pvc/specs935-v1/specs935-v1-FA-P015083-U2OS-48h-P4-L2/2021-12-21/863/specs935-v1-FA-P015083-U2OS-48h-P4-L2_M03_s7_w543E84396-C87C-4F6F-B959-7803AC9E25D7.npy,dmso
P015083,M03,s8,dmso,/mnt/micro-images-pvc/specs935-v1/specs935-v1-FA-P015083-U2OS-48h-P4-L2/2021-12-21/863/specs935-v1-FA-P015083-U2OS-48h-P4-L2_M03_s8_w5C57E0469-5D8C-4DCD-9160-60DC51409975.npy,dmso
P015083,M03,s9,dmso,/mnt/micro-images-pvc/specs935-v1/specs935-v1-FA-P015083-U2OS-48h-P4-L2/2021-12-21/863/specs935-v1-FA-P015083-U2OS-48h-P4-L2_M03_s9_w5AB2D19B5-6E5A-4A03-B5B3-AF6F4421AE70.npy,dmso
P015083,M22,s1,dmso,/mnt/micro-images-pvc/specs935-v1/specs935-v1-FA-P015083-U2OS-48h-P4-L2/2021-12-21/863/specs935-v1-FA-P015083-U2OS-48h-P4-L2_M22_s1_w5597B0D1E-EA0B-4ADA-B6E9-6972C609FA8E.npy,dmso
P015083,M22,s2,dmso,/mnt/micro-images-pvc/specs935-v1/specs935-v1-FA-P015083-U2OS-48h-P4-L2/2021-12-21/863/specs935-v1-FA-P015083-U2OS-48h-P4-L2_M22_s2_w551922E77-110B-4144-AC2F-DFF96E581489.npy,dmso
P015083,M22,s3,dmso,/mnt/micro-images-pvc/specs935-v1/specs935-v1-FA-P015083-U2OS-48h-P4-L2/2021-12-21/863/specs935-v1-FA-P015083-U2OS-48h-P4-L2_M22_s3_w5607D14BE-A5BC-499E-A250-AE9E66F17BDE.npy,dmso
P015083,M22,s4,dmso,/mnt/micro-images-pvc/specs935-v1/specs935-v1-FA-P015083-U2OS-48h-P4-L2/2021-12-21/863/specs935-v1-FA-P015083-U2OS-48h-P4-L2_M22_s4_w5DF688C5A-6145-4B7A-8352-1ACE1A49D747.npy,dmso
P015083,M22,s5,dmso,/mnt/micro-images-pvc/specs935-v1/specs935-v1-FA-P015083-U2OS-48h-P4-L2/2021-12-21/863/specs935-v1-FA-P015083-U2OS-48h-P4-L2_M22_s5_w530F7B489-A147-4713-924B-F42A04D32788.npy,dmso
P015083,M22,s6,dmso,/mnt/micro-images-pvc/specs935-v1/specs935-v1-FA-P015083-U2OS-48h-P4-L2/2021-12-21/863/specs935-v1-FA-P015083-U2OS-48h-P4-L2_M22_s6_w5FD8B002C-C54E-45A3-9C30-C4850447202F.npy,dmso
P015083,M22,s7,dmso,/mnt/micro-images-pvc/specs935-v1/specs935-v1-FA-P015083-U2OS-48h-P4-L2/2021-12-21/863/specs935-v1-FA-P015083-U2OS-48h-P4-L2_M22_s7_w5F5460F5C-9C63-47DB-BF5C-5214F35CA68F.npy,dmso
P015083,M22,s8,dmso,/mnt/micro-images-pvc/specs935-v1/specs935-v1-FA-P015083-U2OS-48h-P4-L2/2021-12-21/863/specs935-v1-FA-P015083-U2OS-48h-P4-L2_M22_s8_w5495A05AB-2279-4FA3-ACDD-D27156A61250.npy,dmso
P015083,M22,s9,dmso,/mnt/micro-images-pvc/specs935-v1/specs935-v1-FA-P015083-U2OS-48h-P4-L2/2021-12-21/863/specs935-v1-FA-P015083-U2OS-48h-P4-L2_M22_s9_w5819932F9-AA71-4BEC-B9DF-28244109FB4B.npy,dmso
P015083,N05,s1,dmso,/mnt/micro-images-pvc/specs935-v1/specs935-v1-FA-P015083-U2OS-48h-P4-L2/2021-12-21/863/specs935-v1-FA-P015083-U2OS-48h-P4-L2_N05_s1_w5F1FEAA23-7EE2-48C0-B5F0-A742466282C7.npy,dmso
P015083,N05,s2,dmso,/mnt/micro-images-pvc/specs935-v1/specs935-v1-FA-P015083-U2OS-48h-P4-L2/2021-12-21/863/specs935-v1-FA-P015083-U2OS-48h-P4-L2_N05_s2_w5921EB3F7-96C6-4D92-807C-AC03EB1F9E3C.npy,dmso
P015083,N05,s3,dmso,/mnt/micro-images-pvc/specs935-v1/specs935-v1-FA-P015083-U2OS-48h-P4-L2/2021-12-21/863/specs935-v1-FA-P015083-U2OS-48h-P4-L2_N05_s3_w5A390BEC6-101E-49D7-B9AD-8E2CC2601194.npy,dmso
P015083,N05,s4,dmso,/mnt/micro-images-pvc/specs935-v1/specs935-v1-FA-P015083-U2OS-48h-P4-L2/2021-12-21/863/specs935-v1-FA-P015083-U2OS-48h-P4-L2_N05_s4_w5453A6F68-0FDE-4A50-86A3-457C13B7E501.npy,dmso
P015083,N05,s5,dmso,/mnt/micro-images-pvc/specs935-v1/specs935-v1-FA-P015083-U2OS-48h-P4-L2/2021-12-21/863/specs935-v1-FA-P015083-U2OS-48h-P4-L2_N05_s5_w5FE1D3D85-60AF-45DD-9DEC-4773B24674F5.npy,dmso
P015083,N05,s6,dmso,/mnt/micro-images-pvc/specs935-v1/specs935-v1-FA-P015083-U2OS-48h-P4-L2/2021-12-21/863/specs935-v1-FA-P015083-U2OS-48h-P4-L2_N05_s6_w5F039F763-81A5-46DF-8058-21476CF1D2AC.npy,dmso
P015083,N05,s7,dmso,/mnt/micro-images-pvc/specs935-v1/specs935-v1-FA-P015083-U2OS-48h-P4-L2/2021-12-21/863/specs935-v1-FA-P015083-U2OS-48h-P4-L2_N05_s7_w526FFBC86-E93F-4282-B714-800449FC60CE.npy,dmso
P015083,N05,s8,dmso,/mnt/micro-images-pvc/specs935-v1/specs935-v1-FA-P015083-U2OS-48h-P4-L2/2021-12-21/863/specs935-v1-FA-P015083-U2OS-48h-P4-L2_N05_s8_w59C23A702-709A-4AA5-8340-E054F18DA259.npy,dmso
P015083,N05,s9,dmso,/mnt/micro-images-pvc/specs935-v1/specs935-v1-FA-P015083-U2OS-48h-P4-L2/2021-12-21/863/specs935-v1-FA-P015083-U2OS-48h-P4-L2_N05_s9_w5E2B1E65B-0EF4-4CF6-B923-2528A18F9AC7.npy,dmso
P015083,N09,s1,dmso,/mnt/micro-images-pvc/specs935-v1/specs935-v1-FA-P015083-U2OS-48h-P4-L2/2021-12-21/863/specs935-v1-FA-P015083-U2OS-48h-P4-L2_N09_s1_w54BA13779-7D66-4BE6-808D-9EE3622332B3.npy,dmso
P015083,N09,s2,dmso,/mnt/micro-images-pvc/specs935-v1/specs935-v1-FA-P015083-U2OS-48h-P4-L2/2021-12-21/863/specs935-v1-FA-P015083-U2OS-48h-P4-L2_N09_s2_w56A11C488-FAC4-4CF7-B4C2-97EDCAC3F29F.npy,dmso
P015083,N09,s3,dmso,/mnt/micro-images-pvc/specs935-v1/specs935-v1-FA-P015083-U2OS-48h-P4-L2/2021-12-21/863/specs935-v1-FA-P015083-U2OS-48h-P4-L2_N09_s3_w51A77069C-A0BF-46F1-9332-759AC173D2B7.npy,dmso
P015083,N09,s4,dmso,/mnt/micro-images-pvc/specs935-v1/specs935-v1-FA-P015083-U2OS-48h-P4-L2/2021-12-21/863/specs935-v1-FA-P015083-U2OS-48h-P4-L2_N09_s4_w5A7D0584F-33E5-4C6E-A615-05B0D93026DE.npy,dmso
P015083,N09,s5,dmso,/mnt/micro-images-pvc/specs935-v1/specs935-v1-FA-P015083-U2OS-48h-P4-L2/2021-12-21/863/specs935-v1-FA-P015083-U2OS-48h-P4-L2_N09_s5_w52E6E7D3D-D755-43BE-B747-BCB06C6AF501.npy,dmso
P015083,N09,s6,dmso,/mnt/micro-images-pvc/specs935-v1/specs935-v1-FA-P015083-U2OS-48h-P4-L2/2021-12-21/863/specs935-v1-FA-P015083-U2OS-48h-P4-L2_N09_s6_w55D34F7AF-101E-48F1-A6B9-CDFD1BE80663.npy,dmso
P015083,N09,s7,dmso,/mnt/micro-images-pvc/specs935-v1/specs935-v1-FA-P015083-U2OS-48h-P4-L2/2021-12-21/863/specs935-v1-FA-P015083-U2OS-48h-P4-L2_N09_s7_w50FF81E2B-6AFB-4A67-8AA9-CB4B857AE3E6.npy,dmso
P015083,N09,s8,dmso,/mnt/micro-images-pvc/specs935-v1/specs935-v1-FA-P015083-U2OS-48h-P4-L2/2021-12-21/863/specs935-v1-FA-P015083-U2OS-48h-P4-L2_N09_s8_w598B0D21D-AA62-4309-B4F3-6DD4FAA16A9C.npy,dmso
P015083,N09,s9,dmso,/mnt/micro-images-pvc/specs935-v1/specs935-v1-FA-P015083-U2OS-48h-P4-L2/2021-12-21/863/specs935-v1-FA-P015083-U2OS-48h-P4-L2_N09_s9_w5C2EA5267-EAEE-4C72-BCDE-102C67C645FD.npy,dmso
P015083,O12,s1,dmso,/mnt/micro-images-pvc/specs935-v1/specs935-v1-FA-P015083-U2OS-48h-P4-L2/2021-12-21/863/specs935-v1-FA-P015083-U2OS-48h-P4-L2_O12_s1_w55FE09B6B-0039-4A45-A0C0-B59420593347.npy,dmso
P015083,O12,s2,dmso,/mnt/micro-images-pvc/specs935-v1/specs935-v1-FA-P015083-U2OS-48h-P4-L2/2021-12-21/863/specs935-v1-FA-P015083-U2OS-48h-P4-L2_O12_s2_w5C079ED0A-48FF-48EF-9C6D-94377F577293.npy,dmso
P015083,O12,s3,dmso,/mnt/micro-images-pvc/specs935-v1/specs935-v1-FA-P015083-U2OS-48h-P4-L2/2021-12-21/863/specs935-v1-FA-P015083-U2OS-48h-P4-L2_O12_s3_w5F79CADFB-41A5-448B-BCE7-33450346926A.npy,dmso
P015083,O12,s4,dmso,/mnt/micro-images-pvc/specs935-v1/specs935-v1-FA-P015083-U2OS-48h-P4-L2/2021-12-21/863/specs935-v1-FA-P015083-U2OS-48h-P4-L2_O12_s4_w562526170-87A9-4C69-97DB-457988CAE42B.npy,dmso
P015083,O12,s5,dmso,/mnt/micro-images-pvc/specs935-v1/specs935-v1-FA-P015083-U2OS-48h-P4-L2/2021-12-21/863/specs935-v1-FA-P015083-U2OS-48h-P4-L2_O12_s5_w53BB6F866-B3B5-46F1-81A1-DCA583497781.npy,dmso
P015083,O12,s6,dmso,/mnt/micro-images-pvc/specs935-v1/specs935-v1-FA-P015083-U2OS-48h-P4-L2/2021-12-21/863/specs935-v1-FA-P015083-U2OS-48h-P4-L2_O12_s6_w5B340E309-709A-437E-B359-32071ACC0F10.npy,dmso
P015083,O12,s7,dmso,/mnt/micro-images-pvc/specs935-v1/specs935-v1-FA-P015083-U2OS-48h-P4-L2/2021-12-21/863/specs935-v1-FA-P015083-U2OS-48h-P4-L2_O12_s7_w5F354C139-11D1-414C-AFC6-113C7FFF6CC4.npy,dmso
P015083,O12,s8,dmso,/mnt/micro-images-pvc/specs935-v1/specs935-v1-FA-P015083-U2OS-48h-P4-L2/2021-12-21/863/specs935-v1-FA-P015083-U2OS-48h-P4-L2_O12_s8_w51196BE0D-B211-453B-8650-F2FF01F89FC4.npy,dmso
P015083,O12,s9,dmso,/mnt/micro-images-pvc/specs935-v1/specs935-v1-FA-P015083-U2OS-48h-P4-L2/2021-12-21/863/specs935-v1-FA-P015083-U2OS-48h-P4-L2_O12_s9_w5BBDA49A8-6C9B-4FA7-9337-7EA966E37A6A.npy,dmso
P015083,O19,s1,dmso,/mnt/micro-images-pvc/specs935-v1/specs935-v1-FA-P015083-U2OS-48h-P4-L2/2021-12-21/863/specs935-v1-FA-P015083-U2OS-48h-P4-L2_O19_s1_w5CF99A3E8-689F-4513-89A4-946E337F6421.npy,dmso
P015083,O19,s2,dmso,/mnt/micro-images-pvc/specs935-v1/specs935-v1-FA-P015083-U2OS-48h-P4-L2/2021-12-21/863/specs935-v1-FA-P015083-U2OS-48h-P4-L2_O19_s2_w566AACC32-432C-4659-8DD0-CE213763B104.npy,dmso
P015083,O19,s3,dmso,/mnt/micro-images-pvc/specs935-v1/specs935-v1-FA-P015083-U2OS-48h-P4-L2/2021-12-21/863/specs935-v1-FA-P015083-U2OS-48h-P4-L2_O19_s3_w566A2AA3B-F7D7-42F5-8F57-6854B477B578.npy,dmso
P015083,O19,s4,dmso,/mnt/micro-images-pvc/specs935-v1/specs935-v1-FA-P015083-U2OS-48h-P4-L2/2021-12-21/863/specs935-v1-FA-P015083-U2OS-48h-P4-L2_O19_s4_w53C3246D2-2F0F-4A2E-94EF-EF239F78E3F1.npy,dmso
P015083,O19,s5,dmso,/mnt/micro-images-pvc/specs935-v1/specs935-v1-FA-P015083-U2OS-48h-P4-L2/2021-12-21/863/specs935-v1-FA-P015083-U2OS-48h-P4-L2_O19_s5_w5F7503525-9C34-4AE6-B6FC-31FA1AB36648.npy,dmso
P015083,O19,s6,dmso,/mnt/micro-images-pvc/specs935-v1/specs935-v1-FA-P015083-U2OS-48h-P4-L2/2021-12-21/863/specs935-v1-FA-P015083-U2OS-48h-P4-L2_O19_s6_w5A41C1D3A-7DF2-4346-8EAA-899A62AE82E9.npy,dmso
P015083,O19,s7,dmso,/mnt/micro-images-pvc/specs935-v1/specs935-v1-FA-P015083-U2OS-48h-P4-L2/2021-12-21/863/specs935-v1-FA-P015083-U2OS-48h-P4-L2_O19_s7_w5CA99F853-A9E6-4D94-BEBD-AEAC6A4FE287.npy,dmso
P015083,O19,s8,dmso,/mnt/micro-images-pvc/specs935-v1/specs935-v1-FA-P015083-U2OS-48h-P4-L2/2021-12-21/863/specs935-v1-FA-P015083-U2OS-48h-P4-L2_O19_s8_w5189CA8E4-338A-47E8-8C5A-88C2D1462ADE.npy,dmso
P015083,O19,s9,dmso,/mnt/micro-images-pvc/specs935-v1/specs935-v1-FA-P015083-U2OS-48h-P4-L2/2021-12-21/863/specs935-v1-FA-P015083-U2OS-48h-P4-L2_O19_s9_w52FC2AB83-0DFB-40AA-B405-68A88BF7848C.npy,dmso
P015084,B19,s1,dmso,/mnt/micro-images-pvc/specs935-v1/specs935-v1-FA-P015084-U2OS-48h-P5-L1/2021-12-17/851/specs935-v1-FA-P015084-U2OS-48h-P5-L1_B19_s1_w5367D4B97-7A28-4C26-B0D6-99BF0FE68F7C.npy,dmso
P015084,B19,s2,dmso,/mnt/micro-images-pvc/specs935-v1/specs935-v1-FA-P015084-U2OS-48h-P5-L1/2021-12-17/851/specs935-v1-FA-P015084-U2OS-48h-P5-L1_B19_s2_w5C84D6022-9E1D-4E11-A0A8-25858415171A.npy,dmso
P015084,B19,s3,dmso,/mnt/micro-images-pvc/specs935-v1/specs935-v1-FA-P015084-U2OS-48h-P5-L1/2021-12-17/851/specs935-v1-FA-P015084-U2OS-48h-P5-L1_B19_s3_w5D353A389-8CB5-4256-AFDD-66C363990F3C.npy,dmso
P015084,B19,s4,dmso,/mnt/micro-images-pvc/specs935-v1/specs935-v1-FA-P015084-U2OS-48h-P5-L1/2021-12-17/851/specs935-v1-FA-P015084-U2OS-48h-P5-L1_B19_s4_w52121327C-9BFD-4B5A-8C7B-C69A01354760.npy,dmso
P015084,B19,s5,dmso,/mnt/micro-images-pvc/specs935-v1/specs935-v1-FA-P015084-U2OS-48h-P5-L1/2021-12-17/851/specs935-v1-FA-P015084-U2OS-48h-P5-L1_B19_s5_w5CE66808F-08EE-4A90-9698-4B24776208B2.npy,dmso
P015084,B19,s6,dmso,/mnt/micro-images-pvc/specs935-v1/specs935-v1-FA-P015084-U2OS-48h-P5-L1/2021-12-17/851/specs935-v1-FA-P015084-U2OS-48h-P5-L1_B19_s6_w50DB91446-BE21-4A9D-9BCA-7271E07397AF.npy,dmso
P015084,B19,s7,dmso,/mnt/micro-images-pvc/specs935-v1/specs935-v1-FA-P015084-U2OS-48h-P5-L1/2021-12-17/851/specs935-v1-FA-P015084-U2OS-48h-P5-L1_B19_s7_w5AB988B56-BC74-4D4A-9DDC-4E0669A6259A.npy,dmso
P015084,B19,s8,dmso,/mnt/micro-images-pvc/specs935-v1/specs935-v1-FA-P015084-U2OS-48h-P5-L1/2021-12-17/851/specs935-v1-FA-P015084-U2OS-48h-P5-L1_B19_s8_w52BAE61EC-D82F-48A7-9C58-77EEA2595171.npy,dmso
P015084,B19,s9,dmso,/mnt/micro-images-pvc/specs935-v1/specs935-v1-FA-P015084-U2OS-48h-P5-L1/2021-12-17/851/specs935-v1-FA-P015084-U2OS-48h-P5-L1_B19_s9_w57B1F8730-6324-4FC4-BE47-3F5D40BCA1F3.npy,dmso
P015084,C11,s1,dmso,/mnt/micro-images-pvc/specs935-v1/specs935-v1-FA-P015084-U2OS-48h-P5-L1/2021-12-17/851/specs935-v1-FA-P015084-U2OS-48h-P5-L1_C11_s1_w529E7E083-78AD-42CB-8B4D-171D708D866E.npy,dmso
P015084,C11,s2,dmso,/mnt/micro-images-pvc/specs935-v1/specs935-v1-FA-P015084-U2OS-48h-P5-L1/2021-12-17/851/specs935-v1-FA-P015084-U2OS-48h-P5-L1_C11_s2_w536834D24-5B39-4E66-9835-EDB064D45BE2.npy,dmso
P015084,C11,s3,dmso,/mnt/micro-images-pvc/specs935-v1/specs935-v1-FA-P015084-U2OS-48h-P5-L1/2021-12-17/851/specs935-v1-FA-P015084-U2OS-48h-P5-L1_C11_s3_w59D42BB64-91AF-4C4E-83E6-E2BB9D325297.npy,dmso
P015084,C11,s4,dmso,/mnt/micro-images-pvc/specs935-v1/specs935-v1-FA-P015084-U2OS-48h-P5-L1/2021-12-17/851/specs935-v1-FA-P015084-U2OS-48h-P5-L1_C11_s4_w556A35E4C-6CBE-41EE-A9FC-F17762B0D86B.npy,dmso
P015084,C11,s5,dmso,/mnt/micro-images-pvc/specs935-v1/specs935-v1-FA-P015084-U2OS-48h-P5-L1/2021-12-17/851/specs935-v1-FA-P015084-U2OS-48h-P5-L1_C11_s5_w56BBA4238-0CFB-45F4-9BD4-FDA7AD698127.npy,dmso
P015084,C11,s6,dmso,/mnt/micro-images-pvc/specs935-v1/specs935-v1-FA-P015084-U2OS-48h-P5-L1/2021-12-17/851/specs935-v1-FA-P015084-U2OS-48h-P5-L1_C11_s6_w51FFD6E61-DBCD-4348-BE8F-ECE7B8C0897F.npy,dmso
P015084,C11,s7,dmso,/mnt/micro-images-pvc/specs935-v1/specs935-v1-FA-P015084-U2OS-48h-P5-L1/2021-12-17/851/specs935-v1-FA-P015084-U2OS-48h-P5-L1_C11_s7_w53C8D9D20-066E-4233-9523-B7F9BD1C2482.npy,dmso
P015084,C11,s8,dmso,/mnt/micro-images-pvc/specs935-v1/specs935-v1-FA-P015084-U2OS-48h-P5-L1/2021-12-17/851/specs935-v1-FA-P015084-U2OS-48h-P5-L1_C11_s8_w5924052D4-B001-4615-A376-EDE45561C780.npy,dmso
P015084,C11,s9,dmso,/mnt/micro-images-pvc/specs935-v1/specs935-v1-FA-P015084-U2OS-48h-P5-L1/2021-12-17/851/specs935-v1-FA-P015084-U2OS-48h-P5-L1_C11_s9_w5603B8C34-EF9D-402E-BE2E-D1761D9AA7A2.npy,dmso
P015084,E21,s1,dmso,/mnt/micro-images-pvc/specs935-v1/specs935-v1-FA-P015084-U2OS-48h-P5-L1/2021-12-17/851/specs935-v1-FA-P015084-U2OS-48h-P5-L1_E21_s1_w5772E6539-BC38-4A13-99E6-ADC886DD0900.npy,dmso
P015084,E21,s2,dmso,/mnt/micro-images-pvc/specs935-v1/specs935-v1-FA-P015084-U2OS-48h-P5-L1/2021-12-17/851/specs935-v1-FA-P015084-U2OS-48h-P5-L1_E21_s2_w5DE7A9713-8358-4342-9A7A-35217DE064E9.npy,dmso
P015084,E21,s3,dmso,/mnt/micro-images-pvc/specs935-v1/specs935-v1-FA-P015084-U2OS-48h-P5-L1/2021-12-17/851/specs935-v1-FA-P015084-U2OS-48h-P5-L1_E21_s3_w58ED6D007-526B-4612-BFA6-5A58F102AB16.npy,dmso
P015084,E21,s4,dmso,/mnt/micro-images-pvc/specs935-v1/specs935-v1-FA-P015084-U2OS-48h-P5-L1/2021-12-17/851/specs935-v1-FA-P015084-U2OS-48h-P5-L1_E21_s4_w5A124F366-B5D1-4741-82FD-4BC9D65ECFA1.npy,dmso
P015084,E21,s5,dmso,/mnt/micro-images-pvc/specs935-v1/specs935-v1-FA-P015084-U2OS-48h-P5-L1/2021-12-17/851/specs935-v1-FA-P015084-U2OS-48h-P5-L1_E21_s5_w50460FE5E-737C-4332-BF0A-D111D5B4C8A4.npy,dmso
P015084,E21,s6,dmso,/mnt/micro-images-pvc/specs935-v1/specs935-v1-FA-P015084-U2OS-48h-P5-L1/2021-12-17/851/specs935-v1-FA-P015084-U2OS-48h-P5-L1_E21_s6_w583062F6F-EA56-4CC3-9ADE-BA83FBAB34E7.npy,dmso
P015084,E21,s7,dmso,/mnt/micro-images-pvc/specs935-v1/specs935-v1-FA-P015084-U2OS-48h-P5-L1/2021-12-17/851/specs935-v1-FA-P015084-U2OS-48h-P5-L1_E21_s7_w5B8A3B921-E6FB-4635-B6D4-DB69D2DD0DEA.npy,dmso
P015084,E21,s8,dmso,/mnt/micro-images-pvc/specs935-v1/specs935-v1-FA-P015084-U2OS-48h-P5-L1/2021-12-17/851/specs935-v1-FA-P015084-U2OS-48h-P5-L1_E21_s8_w52017BF16-011C-48A2-B238-551B75071BD2.npy,dmso
P015084,E21,s9,dmso,/mnt/micro-images-pvc/specs935-v1/specs935-v1-FA-P015084-U2OS-48h-P5-L1/2021-12-17/851/specs935-v1-FA-P015084-U2OS-48h-P5-L1_E21_s9_w502D7FEA8-4CBB-4EF7-9882-3DCD4A0D7001.npy,dmso
P015084,F13,s1,dmso,/mnt/micro-images-pvc/specs935-v1/specs935-v1-FA-P015084-U2OS-48h-P5-L1/2021-12-17/851/specs935-v1-FA-P015084-U2OS-48h-P5-L1_F13_s1_w52AC86EBD-49B7-406F-855B-73BA84AAB6D0.npy,dmso
P015084,F13,s2,dmso,/mnt/micro-images-pvc/specs935-v1/specs935-v1-FA-P015084-U2OS-48h-P5-L1/2021-12-17/851/specs935-v1-FA-P015084-U2OS-48h-P5-L1_F13_s2_w57EE8D77A-7E12-425F-A79D-F092E452FEB2.npy,dmso
P015084,F13,s3,dmso,/mnt/micro-images-pvc/specs935-v1/specs935-v1-FA-P015084-U2OS-48h-P5-L1/2021-12-17/851/specs935-v1-FA-P015084-U2OS-48h-P5-L1_F13_s3_w507298E49-78B9-4405-8067-AF00C6736819.npy,dmso
P015084,F13,s4,dmso,/mnt/micro-images-pvc/specs935-v1/specs935-v1-FA-P015084-U2OS-48h-P5-L1/2021-12-17/851/specs935-v1-FA-P015084-U2OS-48h-P5-L1_F13_s4_w547B14735-0A90-4344-AC99-DF21712E5A85.npy,dmso
P015084,F13,s5,dmso,/mnt/micro-images-pvc/specs935-v1/specs935-v1-FA-P015084-U2OS-48h-P5-L1/2021-12-17/851/specs935-v1-FA-P015084-U2OS-48h-P5-L1_F13_s5_w555D2FE51-E4A9-44FA-ACC5-133ECCD4FE7D.npy,dmso
P015084,F13,s6,dmso,/mnt/micro-images-pvc/specs935-v1/specs935-v1-FA-P015084-U2OS-48h-P5-L1/2021-12-17/851/specs935-v1-FA-P015084-U2OS-48h-P5-L1_F13_s6_w5B0517AD0-7781-4F05-A1DC-351FB3E9BEE7.npy,dmso
P015084,F13,s7,dmso,/mnt/micro-images-pvc/specs935-v1/specs935-v1-FA-P015084-U2OS-48h-P5-L1/2021-12-17/851/specs935-v1-FA-P015084-U2OS-48h-P5-L1_F13_s7_w58819C6DE-EDDF-4227-863B-D5A825E152ED.npy,dmso
P015084,F13,s8,dmso,/mnt/micro-images-pvc/specs935-v1/specs935-v1-FA-P015084-U2OS-48h-P5-L1/2021-12-17/851/specs935-v1-FA-P015084-U2OS-48h-P5-L1_F13_s8_w54B4AD63F-5441-4458-8F96-195C502E1D8C.npy,dmso
P015084,F13,s9,dmso,/mnt/micro-images-pvc/specs935-v1/specs935-v1-FA-P015084-U2OS-48h-P5-L1/2021-12-17/851/specs935-v1-FA-P015084-U2OS-48h-P5-L1_F13_s9_w5E3EE65A7-95CE-41CA-8C73-9B80F112A13A.npy,dmso
P015084,G15,s1,dmso,/mnt/micro-images-pvc/specs935-v1/specs935-v1-FA-P015084-U2OS-48h-P5-L1/2021-12-17/851/specs935-v1-FA-P015084-U2OS-48h-P5-L1_G15_s1_w535145A7B-7C1D-4542-9D51-1D92140F6470.npy,dmso
P015084,G15,s2,dmso,/mnt/micro-images-pvc/specs935-v1/specs935-v1-FA-P015084-U2OS-48h-P5-L1/2021-12-17/851/specs935-v1-FA-P015084-U2OS-48h-P5-L1_G15_s2_w5E96851AC-0353-476E-A6F9-D46AEC4DD54B.npy,dmso
P015084,G15,s3,dmso,/mnt/micro-images-pvc/specs935-v1/specs935-v1-FA-P015084-U2OS-48h-P5-L1/2021-12-17/851/specs935-v1-FA-P015084-U2OS-48h-P5-L1_G15_s3_w55E48884C-5FED-4615-AC38-A8A868C0FFF2.npy,dmso
P015084,G15,s4,dmso,/mnt/micro-images-pvc/specs935-v1/specs935-v1-FA-P015084-U2OS-48h-P5-L1/2021-12-17/851/specs935-v1-FA-P015084-U2OS-48h-P5-L1_G15_s4_w55A4B7D79-C342-4B35-A53B-30E53E0EF9E8.npy,dmso
P015084,G15,s5,dmso,/mnt/micro-images-pvc/specs935-v1/specs935-v1-FA-P015084-U2OS-48h-P5-L1/2021-12-17/851/specs935-v1-FA-P015084-U2OS-48h-P5-L1_G15_s5_w5A2A936EB-0E0C-4347-81B5-A7BD59794F4C.npy,dmso
P015084,G15,s6,dmso,/mnt/micro-images-pvc/specs935-v1/specs935-v1-FA-P015084-U2OS-48h-P5-L1/2021-12-17/851/specs935-v1-FA-P015084-U2OS-48h-P5-L1_G15_s6_w51033E1B7-4910-4DB5-8EE8-F62527364CB0.npy,dmso
P015084,G15,s7,dmso,/mnt/micro-images-pvc/specs935-v1/specs935-v1-FA-P015084-U2OS-48h-P5-L1/2021-12-17/851/specs935-v1-FA-P015084-U2OS-48h-P5-L1_G15_s7_w594C8D099-9E2C-4FF2-8F59-1DA49E546EC1.npy,dmso
P015084,G15,s8,dmso,/mnt/micro-images-pvc/specs935-v1/specs935-v1-FA-P015084-U2OS-48h-P5-L1/2021-12-17/851/specs935-v1-FA-P015084-U2OS-48h-P5-L1_G15_s8_w5E8A595B2-0731-4E67-847D-D158B7018C2E.npy,dmso
P015084,G15,s9,dmso,/mnt/micro-images-pvc/specs935-v1/specs935-v1-FA-P015084-U2OS-48h-P5-L1/2021-12-17/851/specs935-v1-FA-P015084-U2OS-48h-P5-L1_G15_s9_w509421F22-19E5-4A61-A8DA-9E606FCBF0E6.npy,dmso
P015084,H02,s1,dmso,/mnt/micro-images-pvc/specs935-v1/specs935-v1-FA-P015084-U2OS-48h-P5-L1/2021-12-17/851/specs935-v1-FA-P015084-U2OS-48h-P5-L1_H02_s1_w5C84A2A07-653E-4DE2-9F8F-B27C9A2067CD.npy,dmso
P015084,H02,s2,dmso,/mnt/micro-images-pvc/specs935-v1/specs935-v1-FA-P015084-U2OS-48h-P5-L1/2021-12-17/851/specs935-v1-FA-P015084-U2OS-48h-P5-L1_H02_s2_w5DF2CE53B-67BD-4983-AB99-B5C6AE283C7F.npy,dmso
P015084,H02,s3,dmso,/mnt/micro-images-pvc/specs935-v1/specs935-v1-FA-P015084-U2OS-48h-P5-L1/2021-12-17/851/specs935-v1-FA-P015084-U2OS-48h-P5-L1_H02_s3_w59DB00099-B1CC-4F5F-BB4D-2BA55AD828C3.npy,dmso
P015084,H02,s4,dmso,/mnt/micro-images-pvc/specs935-v1/specs935-v1-FA-P015084-U2OS-48h-P5-L1/2021-12-17/851/specs935-v1-FA-P015084-U2OS-48h-P5-L1_H02_s4_w50139396B-8CC9-47C0-9C07-CE6EAFBBF6DF.npy,dmso
P015084,H02,s5,dmso,/mnt/micro-images-pvc/specs935-v1/specs935-v1-FA-P015084-U2OS-48h-P5-L1/2021-12-17/851/specs935-v1-FA-P015084-U2OS-48h-P5-L1_H02_s5_w59607C05F-5D3E-448D-99A7-767FEBABACCD.npy,dmso
P015084,H02,s6,dmso,/mnt/micro-images-pvc/specs935-v1/specs935-v1-FA-P015084-U2OS-48h-P5-L1/2021-12-17/851/specs935-v1-FA-P015084-U2OS-48h-P5-L1_H02_s6_w534741236-7AFE-42F5-AE02-D638D6DA3379.npy,dmso
P015084,H02,s7,dmso,/mnt/micro-images-pvc/specs935-v1/specs935-v1-FA-P015084-U2OS-48h-P5-L1/2021-12-17/851/specs935-v1-FA-P015084-U2OS-48h-P5-L1_H02_s7_w555ADCD03-EE7E-44EB-94DC-FB20257B56E6.npy,dmso
P015084,H02,s8,dmso,/mnt/micro-images-pvc/specs935-v1/specs935-v1-FA-P015084-U2OS-48h-P5-L1/2021-12-17/851/specs935-v1-FA-P015084-U2OS-48h-P5-L1_H02_s8_w5AEF80655-66B3-42F9-899E-65790AF1D999.npy,dmso
P015084,H02,s9,dmso,/mnt/micro-images-pvc/specs935-v1/specs935-v1-FA-P015084-U2OS-48h-P5-L1/2021-12-17/851/specs935-v1-FA-P015084-U2OS-48h-P5-L1_H02_s9_w56B2E53E1-C0F3-43FE-ADFB-FF749341005E.npy,dmso
P015084,H12,s1,dmso,/mnt/micro-images-pvc/specs935-v1/specs935-v1-FA-P015084-U2OS-48h-P5-L1/2021-12-17/851/specs935-v1-FA-P015084-U2OS-48h-P5-L1_H12_s1_w5AD5D5890-7CA8-4E4E-B941-F4078E905F53.npy,dmso
P015084,H12,s2,dmso,/mnt/micro-images-pvc/specs935-v1/specs935-v1-FA-P015084-U2OS-48h-P5-L1/2021-12-17/851/specs935-v1-FA-P015084-U2OS-48h-P5-L1_H12_s2_w583D43724-2C17-47C5-9B0A-0A2E35C512D2.npy,dmso
P015084,H12,s3,dmso,/mnt/micro-images-pvc/specs935-v1/specs935-v1-FA-P015084-U2OS-48h-P5-L1/2021-12-17/851/specs935-v1-FA-P015084-U2OS-48h-P5-L1_H12_s3_w51C532B1B-CC23-4CAD-8CC4-6AEF03AAB674.npy,dmso
P015084,H12,s4,dmso,/mnt/micro-images-pvc/specs935-v1/specs935-v1-FA-P015084-U2OS-48h-P5-L1/2021-12-17/851/specs935-v1-FA-P015084-U2OS-48h-P5-L1_H12_s4_w53CC9167A-02FB-4640-A691-CF33F3FF13C6.npy,dmso
P015084,H12,s5,dmso,/mnt/micro-images-pvc/specs935-v1/specs935-v1-FA-P015084-U2OS-48h-P5-L1/2021-12-17/851/specs935-v1-FA-P015084-U2OS-48h-P5-L1_H12_s5_w5F52A2D52-6139-4688-BB75-C7250321F350.npy,dmso
P015084,H12,s6,dmso,/mnt/micro-images-pvc/specs935-v1/specs935-v1-FA-P015084-U2OS-48h-P5-L1/2021-12-17/851/specs935-v1-FA-P015084-U2OS-48h-P5-L1_H12_s6_w52398BF61-1935-446E-B2CD-E7AD61912A50.npy,dmso
P015084,H12,s7,dmso,/mnt/micro-images-pvc/specs935-v1/specs935-v1-FA-P015084-U2OS-48h-P5-L1/2021-12-17/851/specs935-v1-FA-P015084-U2OS-48h-P5-L1_H12_s7_w579B90041-146E-4CE0-929A-1339B62D0516.npy,dmso
P015084,H12,s8,dmso,/mnt/micro-images-pvc/specs935-v1/specs935-v1-FA-P015084-U2OS-48h-P5-L1/2021-12-17/851/specs935-v1-FA-P015084-U2OS-48h-P5-L1_H12_s8_w5AB17EB4A-E37E-467E-B95B-A2A372F2F826.npy,dmso
P015084,H12,s9,dmso,/mnt/micro-images-pvc/specs935-v1/specs935-v1-FA-P015084-U2OS-48h-P5-L1/2021-12-17/851/specs935-v1-FA-P015084-U2OS-48h-P5-L1_H12_s9_w51A40BAA3-69D8-49FB-B6E8-C582F202F1C7.npy,dmso
P015084,I09,s1,dmso,/mnt/micro-images-pvc/specs935-v1/specs935-v1-FA-P015084-U2OS-48h-P5-L1/2021-12-17/851/specs935-v1-FA-P015084-U2OS-48h-P5-L1_I09_s1_w5260F44A1-495B-4603-A0C1-5E2FEE88CA9F.npy,dmso
P015084,I09,s2,dmso,/mnt/micro-images-pvc/specs935-v1/specs935-v1-FA-P015084-U2OS-48h-P5-L1/2021-12-17/851/specs935-v1-FA-P015084-U2OS-48h-P5-L1_I09_s2_w595AF66B6-11FB-400F-8D79-4541589664DC.npy,dmso
P015084,I09,s3,dmso,/mnt/micro-images-pvc/specs935-v1/specs935-v1-FA-P015084-U2OS-48h-P5-L1/2021-12-17/851/specs935-v1-FA-P015084-U2OS-48h-P5-L1_I09_s3_w594DD206D-14F1-49CF-BB28-4EBD621CE5A3.npy,dmso
P015084,I09,s4,dmso,/mnt/micro-images-pvc/specs935-v1/specs935-v1-FA-P015084-U2OS-48h-P5-L1/2021-12-17/851/specs935-v1-FA-P015084-U2OS-48h-P5-L1_I09_s4_w573E9497A-BA4A-4153-9CB1-1817437C216A.npy,dmso
P015084,I09,s5,dmso,/mnt/micro-images-pvc/specs935-v1/specs935-v1-FA-P015084-U2OS-48h-P5-L1/2021-12-17/851/specs935-v1-FA-P015084-U2OS-48h-P5-L1_I09_s5_w51A3D9584-A274-48BA-99A1-9943FB8BB517.npy,dmso
P015084,I09,s6,dmso,/mnt/micro-images-pvc/specs935-v1/specs935-v1-FA-P015084-U2OS-48h-P5-L1/2021-12-17/851/specs935-v1-FA-P015084-U2OS-48h-P5-L1_I09_s6_w53A278DCA-6519-4401-AC57-28448405C764.npy,dmso
P015084,I09,s7,dmso,/mnt/micro-images-pvc/specs935-v1/specs935-v1-FA-P015084-U2OS-48h-P5-L1/2021-12-17/851/specs935-v1-FA-P015084-U2OS-48h-P5-L1_I09_s7_w5C0911BCB-7187-4DB5-8D6C-5A5DE58BCF77.npy,dmso
P015084,I09,s8,dmso,/mnt/micro-images-pvc/specs935-v1/specs935-v1-FA-P015084-U2OS-48h-P5-L1/2021-12-17/851/specs935-v1-FA-P015084-U2OS-48h-P5-L1_I09_s8_w577A5648B-D4F6-42E2-A9C8-67D96062DE06.npy,dmso
P015084,I09,s9,dmso,/mnt/micro-images-pvc/specs935-v1/specs935-v1-FA-P015084-U2OS-48h-P5-L1/2021-12-17/851/specs935-v1-FA-P015084-U2OS-48h-P5-L1_I09_s9_w5C3683952-A927-44DB-B973-9151BEB4679E.npy,dmso
P015084,J17,s1,dmso,/mnt/micro-images-pvc/specs935-v1/specs935-v1-FA-P015084-U2OS-48h-P5-L1/2021-12-17/851/specs935-v1-FA-P015084-U2OS-48h-P5-L1_J17_s1_w5A5CFFFED-7DE4-45BC-9182-DDD795823C2F.npy,dmso
P015084,J17,s2,dmso,/mnt/micro-images-pvc/specs935-v1/specs935-v1-FA-P015084-U2OS-48h-P5-L1/2021-12-17/851/specs935-v1-FA-P015084-U2OS-48h-P5-L1_J17_s2_w57FE30FFA-4207-49E9-BA78-7F3EE2A6BB4F.npy,dmso
P015084,J17,s3,dmso,/mnt/micro-images-pvc/specs935-v1/specs935-v1-FA-P015084-U2OS-48h-P5-L1/2021-12-17/851/specs935-v1-FA-P015084-U2OS-48h-P5-L1_J17_s3_w5EF5EA796-C614-4312-BC94-66354E82F307.npy,dmso
P015084,J17,s4,dmso,/mnt/micro-images-pvc/specs935-v1/specs935-v1-FA-P015084-U2OS-48h-P5-L1/2021-12-17/851/specs935-v1-FA-P015084-U2OS-48h-P5-L1_J17_s4_w5BCE8C7F6-98CA-4ED9-8892-C3E14E0DA565.npy,dmso
P015084,J17,s5,dmso,/mnt/micro-images-pvc/specs935-v1/specs935-v1-FA-P015084-U2OS-48h-P5-L1/2021-12-17/851/specs935-v1-FA-P015084-U2OS-48h-P5-L1_J17_s5_w5D1CDA3C0-59E8-4F85-B383-D3EC674BAC78.npy,dmso
P015084,J17,s6,dmso,/mnt/micro-images-pvc/specs935-v1/specs935-v1-FA-P015084-U2OS-48h-P5-L1/2021-12-17/851/specs935-v1-FA-P015084-U2OS-48h-P5-L1_J17_s6_w5560F3E85-FE91-4F2B-80C3-B2633D671D89.npy,dmso
P015084,J17,s7,dmso,/mnt/micro-images-pvc/specs935-v1/specs935-v1-FA-P015084-U2OS-48h-P5-L1/2021-12-17/851/specs935-v1-FA-P015084-U2OS-48h-P5-L1_J17_s7_w58DD45FB3-768E-403A-9F72-763D891252BD.npy,dmso
P015084,J17,s8,dmso,/mnt/micro-images-pvc/specs935-v1/specs935-v1-FA-P015084-U2OS-48h-P5-L1/2021-12-17/851/specs935-v1-FA-P015084-U2OS-48h-P5-L1_J17_s8_w564FF288B-9784-485B-86AB-8F854E964E3A.npy,dmso
P015084,J17,s9,dmso,/mnt/micro-images-pvc/specs935-v1/specs935-v1-FA-P015084-U2OS-48h-P5-L1/2021-12-17/851/specs935-v1-FA-P015084-U2OS-48h-P5-L1_J17_s9_w5BDBA9DF6-E7B4-4341-8EF4-F03EEFFD3DC7.npy,dmso
P015084,L05,s1,dmso,/mnt/micro-images-pvc/specs935-v1/specs935-v1-FA-P015084-U2OS-48h-P5-L1/2021-12-17/851/specs935-v1-FA-P015084-U2OS-48h-P5-L1_L05_s1_w5D7B4BC96-D7F2-49EB-BC11-4DEDE5CD68AE.npy,dmso
P015084,L05,s2,dmso,/mnt/micro-images-pvc/specs935-v1/specs935-v1-FA-P015084-U2OS-48h-P5-L1/2021-12-17/851/specs935-v1-FA-P015084-U2OS-48h-P5-L1_L05_s2_w5B3772DEF-0762-482E-8906-39D91068CFBF.npy,dmso
P015084,L05,s3,dmso,/mnt/micro-images-pvc/specs935-v1/specs935-v1-FA-P015084-U2OS-48h-P5-L1/2021-12-17/851/specs935-v1-FA-P015084-U2OS-48h-P5-L1_L05_s3_w5BE230FC7-46CA-4BDF-8934-F4B305E2C801.npy,dmso
P015084,L05,s4,dmso,/mnt/micro-images-pvc/specs935-v1/specs935-v1-FA-P015084-U2OS-48h-P5-L1/2021-12-17/851/specs935-v1-FA-P015084-U2OS-48h-P5-L1_L05_s4_w540C2F49D-3EB4-42BC-9BAB-7E8166A80361.npy,dmso
P015084,L05,s5,dmso,/mnt/micro-images-pvc/specs935-v1/specs935-v1-FA-P015084-U2OS-48h-P5-L1/2021-12-17/851/specs935-v1-FA-P015084-U2OS-48h-P5-L1_L05_s5_w57707A036-E382-4AB6-9C97-D6306C9081D3.npy,dmso
P015084,L05,s6,dmso,/mnt/micro-images-pvc/specs935-v1/specs935-v1-FA-P015084-U2OS-48h-P5-L1/2021-12-17/851/specs935-v1-FA-P015084-U2OS-48h-P5-L1_L05_s6_w57E194224-BC24-453D-9D81-4A4C7CF0D7BD.npy,dmso
P015084,L05,s7,dmso,/mnt/micro-images-pvc/specs935-v1/specs935-v1-FA-P015084-U2OS-48h-P5-L1/2021-12-17/851/specs935-v1-FA-P015084-U2OS-48h-P5-L1_L05_s7_w5A5592854-8605-472F-B402-46AF39B55089.npy,dmso
P015084,L05,s8,dmso,/mnt/micro-images-pvc/specs935-v1/specs935-v1-FA-P015084-U2OS-48h-P5-L1/2021-12-17/851/specs935-v1-FA-P015084-U2OS-48h-P5-L1_L05_s8_w595984BF4-D859-4DED-9A00-565AC9FF3116.npy,dmso
P015084,L05,s9,dmso,/mnt/micro-images-pvc/specs935-v1/specs935-v1-FA-P015084-U2OS-48h-P5-L1/2021-12-17/851/specs935-v1-FA-P015084-U2OS-48h-P5-L1_L05_s9_w58AB88572-4B3F-4050-A57E-E970254DC6AE.npy,dmso
P015084,M03,s1,dmso,/mnt/micro-images-pvc/specs935-v1/specs935-v1-FA-P015084-U2OS-48h-P5-L1/2021-12-17/851/specs935-v1-FA-P015084-U2OS-48h-P5-L1_M03_s1_w50C5C0437-B148-4205-9922-A9C02C52E153.npy,dmso
P015084,M03,s2,dmso,/mnt/micro-images-pvc/specs935-v1/specs935-v1-FA-P015084-U2OS-48h-P5-L1/2021-12-17/851/specs935-v1-FA-P015084-U2OS-48h-P5-L1_M03_s2_w55BB9400F-B25A-4BEB-AE7B-5B64F1B700A7.npy,dmso
P015084,M03,s3,dmso,/mnt/micro-images-pvc/specs935-v1/specs935-v1-FA-P015084-U2OS-48h-P5-L1/2021-12-17/851/specs935-v1-FA-P015084-U2OS-48h-P5-L1_M03_s3_w52A9D6C83-FEF5-4B5E-8F4E-A76978A2FAF6.npy,dmso
P015084,M03,s4,dmso,/mnt/micro-images-pvc/specs935-v1/specs935-v1-FA-P015084-U2OS-48h-P5-L1/2021-12-17/851/specs935-v1-FA-P015084-U2OS-48h-P5-L1_M03_s4_w540FA8AE1-4637-4EA9-8C85-E348E96C1399.npy,dmso
P015084,M03,s5,dmso,/mnt/micro-images-pvc/specs935-v1/specs935-v1-FA-P015084-U2OS-48h-P5-L1/2021-12-17/851/specs935-v1-FA-P015084-U2OS-48h-P5-L1_M03_s5_w59A0ECED3-8E3A-49B6-B03F-0A1823589DCD.npy,dmso
P015084,M03,s6,dmso,/mnt/micro-images-pvc/specs935-v1/specs935-v1-FA-P015084-U2OS-48h-P5-L1/2021-12-17/851/specs935-v1-FA-P015084-U2OS-48h-P5-L1_M03_s6_w5979B0DDC-3F1B-468D-ABDB-99DF40714D2B.npy,dmso
P015084,M03,s7,dmso,/mnt/micro-images-pvc/specs935-v1/specs935-v1-FA-P015084-U2OS-48h-P5-L1/2021-12-17/851/specs935-v1-FA-P015084-U2OS-48h-P5-L1_M03_s7_w5038FB476-E710-441B-AB53-B6B6B9D4188F.npy,dmso
P015084,M03,s8,dmso,/mnt/micro-images-pvc/specs935-v1/specs935-v1-FA-P015084-U2OS-48h-P5-L1/2021-12-17/851/specs935-v1-FA-P015084-U2OS-48h-P5-L1_M03_s8_w5731B5600-8EDC-49E6-A39D-2604C81CFF29.npy,dmso
P015084,M03,s9,dmso,/mnt/micro-images-pvc/specs935-v1/specs935-v1-FA-P015084-U2OS-48h-P5-L1/2021-12-17/851/specs935-v1-FA-P015084-U2OS-48h-P5-L1_M03_s9_w53466899A-82DC-46A3-A25D-CDA247AD0D47.npy,dmso
P015084,N16,s1,dmso,/mnt/micro-images-pvc/specs935-v1/specs935-v1-FA-P015084-U2OS-48h-P5-L1/2021-12-17/851/specs935-v1-FA-P015084-U2OS-48h-P5-L1_N16_s1_w539976695-CD13-4286-81A7-26EF0E8CAA48.npy,dmso
P015084,N16,s2,dmso,/mnt/micro-images-pvc/specs935-v1/specs935-v1-FA-P015084-U2OS-48h-P5-L1/2021-12-17/851/specs935-v1-FA-P015084-U2OS-48h-P5-L1_N16_s2_w5871D5FD3-CDCB-49D0-B9C5-28FD6E2980C8.npy,dmso
P015084,N16,s3,dmso,/mnt/micro-images-pvc/specs935-v1/specs935-v1-FA-P015084-U2OS-48h-P5-L1/2021-12-17/851/specs935-v1-FA-P015084-U2OS-48h-P5-L1_N16_s3_w5BAF8FD5F-9DD9-43E8-B972-4971282E96F1.npy,dmso
P015084,N16,s4,dmso,/mnt/micro-images-pvc/specs935-v1/specs935-v1-FA-P015084-U2OS-48h-P5-L1/2021-12-17/851/specs935-v1-FA-P015084-U2OS-48h-P5-L1_N16_s4_w5F5D6508F-7625-4F5D-AF96-615A8CCFCD27.npy,dmso
P015084,N16,s5,dmso,/mnt/micro-images-pvc/specs935-v1/specs935-v1-FA-P015084-U2OS-48h-P5-L1/2021-12-17/851/specs935-v1-FA-P015084-U2OS-48h-P5-L1_N16_s5_w5504F64E9-1780-45E8-B1A9-7BF1FC50023C.npy,dmso
P015084,N16,s6,dmso,/mnt/micro-images-pvc/specs935-v1/specs935-v1-FA-P015084-U2OS-48h-P5-L1/2021-12-17/851/specs935-v1-FA-P015084-U2OS-48h-P5-L1_N16_s6_w505529EA5-474A-425E-B268-1373591239E8.npy,dmso
P015084,N16,s7,dmso,/mnt/micro-images-pvc/specs935-v1/specs935-v1-FA-P015084-U2OS-48h-P5-L1/2021-12-17/851/specs935-v1-FA-P015084-U2OS-48h-P5-L1_N16_s7_w5EF2F6D34-6B0A-4751-82C0-840B0253CA8E.npy,dmso
P015084,N16,s8,dmso,/mnt/micro-images-pvc/specs935-v1/specs935-v1-FA-P015084-U2OS-48h-P5-L1/2021-12-17/851/specs935-v1-FA-P015084-U2OS-48h-P5-L1_N16_s8_w5313AE12B-4ACA-49FB-BE46-B3FFC267EB7D.npy,dmso
P015084,N16,s9,dmso,/mnt/micro-images-pvc/specs935-v1/specs935-v1-FA-P015084-U2OS-48h-P5-L1/2021-12-17/851/specs935-v1-FA-P015084-U2OS-48h-P5-L1_N16_s9_w540147F64-E234-47D8-B8EE-173D7F1F6329.npy,dmso
P015084,O06,s1,dmso,/mnt/micro-images-pvc/specs935-v1/specs935-v1-FA-P015084-U2OS-48h-P5-L1/2021-12-17/851/specs935-v1-FA-P015084-U2OS-48h-P5-L1_O06_s1_w576D73BDF-9EC8-4DB5-BBAD-4C80FC125D03.npy,dmso
P015084,O06,s2,dmso,/mnt/micro-images-pvc/specs935-v1/specs935-v1-FA-P015084-U2OS-48h-P5-L1/2021-12-17/851/specs935-v1-FA-P015084-U2OS-48h-P5-L1_O06_s2_w5FA4A0AFA-1E6F-43C2-B091-3028D599E681.npy,dmso
P015084,O06,s3,dmso,/mnt/micro-images-pvc/specs935-v1/specs935-v1-FA-P015084-U2OS-48h-P5-L1/2021-12-17/851/specs935-v1-FA-P015084-U2OS-48h-P5-L1_O06_s3_w55A43C7FD-36AF-4B06-9511-FE66414F9F9C.npy,dmso
P015084,O06,s4,dmso,/mnt/micro-images-pvc/specs935-v1/specs935-v1-FA-P015084-U2OS-48h-P5-L1/2021-12-17/851/specs935-v1-FA-P015084-U2OS-48h-P5-L1_O06_s4_w573691108-7E2A-4E1C-937E-066D5FFB7FCE.npy,dmso
P015084,O06,s5,dmso,/mnt/micro-images-pvc/specs935-v1/specs935-v1-FA-P015084-U2OS-48h-P5-L1/2021-12-17/851/specs935-v1-FA-P015084-U2OS-48h-P5-L1_O06_s5_w58B791DA5-6B5E-4587-89F5-43953EADD2B4.npy,dmso
P015084,O06,s6,dmso,/mnt/micro-images-pvc/specs935-v1/specs935-v1-FA-P015084-U2OS-48h-P5-L1/2021-12-17/851/specs935-v1-FA-P015084-U2OS-48h-P5-L1_O06_s6_w5EC66D544-0157-4E90-842A-5B520CCE999B.npy,dmso
P015084,O06,s7,dmso,/mnt/micro-images-pvc/specs935-v1/specs935-v1-FA-P015084-U2OS-48h-P5-L1/2021-12-17/851/specs935-v1-FA-P015084-U2OS-48h-P5-L1_O06_s7_w5FD65EA36-C3DB-44A1-B4DD-371131249F3E.npy,dmso
P015084,O06,s8,dmso,/mnt/micro-images-pvc/specs935-v1/specs935-v1-FA-P015084-U2OS-48h-P5-L1/2021-12-17/851/specs935-v1-FA-P015084-U2OS-48h-P5-L1_O06_s8_w55346DB9D-127A-4392-BC94-1BE49CC45A75.npy,dmso
P015084,O06,s9,dmso,/mnt/micro-images-pvc/specs935-v1/specs935-v1-FA-P015084-U2OS-48h-P5-L1/2021-12-17/851/specs935-v1-FA-P015084-U2OS-48h-P5-L1_O06_s9_w5767A48D0-9482-47F3-B770-C862F84351E8.npy,dmso
P015085,C20,s1,dmso,/mnt/micro-images-pvc/specs935-v1/specs935-v1-FA-P015085-U2OS-48h-P5-L2-test/2021-12-21/865/specs935-v1-FA-P015085-U2OS-48h-P5-L2-test_C20_s1_w5899DB02D-F2E5-45B1-9093-2141F7B310A9.npy,dmso
P015085,C20,s2,dmso,/mnt/micro-images-pvc/specs935-v1/specs935-v1-FA-P015085-U2OS-48h-P5-L2-test/2021-12-21/865/specs935-v1-FA-P015085-U2OS-48h-P5-L2-test_C20_s2_w58BE7F766-177F-4403-9790-72E88AF25C2B.npy,dmso
P015085,C20,s3,dmso,/mnt/micro-images-pvc/specs935-v1/specs935-v1-FA-P015085-U2OS-48h-P5-L2-test/2021-12-21/865/specs935-v1-FA-P015085-U2OS-48h-P5-L2-test_C20_s3_w5CF171E3B-F743-4D91-9ED2-C1B46ACD234F.npy,dmso
P015085,C20,s4,dmso,/mnt/micro-images-pvc/specs935-v1/specs935-v1-FA-P015085-U2OS-48h-P5-L2-test/2021-12-21/865/specs935-v1-FA-P015085-U2OS-48h-P5-L2-test_C20_s4_w5FA886AC3-5B8B-40C9-990E-DDE06AE256C2.npy,dmso
P015085,C20,s5,dmso,/mnt/micro-images-pvc/specs935-v1/specs935-v1-FA-P015085-U2OS-48h-P5-L2-test/2021-12-21/865/specs935-v1-FA-P015085-U2OS-48h-P5-L2-test_C20_s5_w573B30A26-C6C2-4D30-8B26-9E333F3383ED.npy,dmso
P015085,C20,s6,dmso,/mnt/micro-images-pvc/specs935-v1/specs935-v1-FA-P015085-U2OS-48h-P5-L2-test/2021-12-21/865/specs935-v1-FA-P015085-U2OS-48h-P5-L2-test_C20_s6_w51EC0023B-12AB-4F8F-8615-03E407602AD7.npy,dmso
P015085,C20,s7,dmso,/mnt/micro-images-pvc/specs935-v1/specs935-v1-FA-P015085-U2OS-48h-P5-L2-test/2021-12-21/865/specs935-v1-FA-P015085-U2OS-48h-P5-L2-test_C20_s7_w5922FBFD3-B218-43E7-9865-B11A394C0197.npy,dmso
P015085,C20,s8,dmso,/mnt/micro-images-pvc/specs935-v1/specs935-v1-FA-P015085-U2OS-48h-P5-L2-test/2021-12-21/865/specs935-v1-FA-P015085-U2OS-48h-P5-L2-test_C20_s8_w547AAB736-2C44-4EE7-9DD3-208B7F6AFE20.npy,dmso
P015085,C20,s9,dmso,/mnt/micro-images-pvc/specs935-v1/specs935-v1-FA-P015085-U2OS-48h-P5-L2-test/2021-12-21/865/specs935-v1-FA-P015085-U2OS-48h-P5-L2-test_C20_s9_w549575BA4-A565-469B-A8BC-262D09F8DED1.npy,dmso
P015085,E14,s1,dmso,/mnt/micro-images-pvc/specs935-v1/specs935-v1-FA-P015085-U2OS-48h-P5-L2-test/2021-12-21/865/specs935-v1-FA-P015085-U2OS-48h-P5-L2-test_E14_s1_w5E1F8842E-8EE1-4CB9-B829-BE3628F6C76E.npy,dmso
P015085,E14,s2,dmso,/mnt/micro-images-pvc/specs935-v1/specs935-v1-FA-P015085-U2OS-48h-P5-L2-test/2021-12-21/865/specs935-v1-FA-P015085-U2OS-48h-P5-L2-test_E14_s2_w53942BD95-1843-4217-A9EF-97157495ADD8.npy,dmso
P015085,E14,s3,dmso,/mnt/micro-images-pvc/specs935-v1/specs935-v1-FA-P015085-U2OS-48h-P5-L2-test/2021-12-21/865/specs935-v1-FA-P015085-U2OS-48h-P5-L2-test_E14_s3_w5968950BD-3D7A-435C-90FB-6D2EC57C5685.npy,dmso
P015085,E14,s4,dmso,/mnt/micro-images-pvc/specs935-v1/specs935-v1-FA-P015085-U2OS-48h-P5-L2-test/2021-12-21/865/specs935-v1-FA-P015085-U2OS-48h-P5-L2-test_E14_s4_w5FF0AE163-E3C0-4DBB-B536-81AED85E9340.npy,dmso
P015085,E14,s5,dmso,/mnt/micro-images-pvc/specs935-v1/specs935-v1-FA-P015085-U2OS-48h-P5-L2-test/2021-12-21/865/specs935-v1-FA-P015085-U2OS-48h-P5-L2-test_E14_s5_w5BE5CB166-246C-4467-ADE1-67DFC8468047.npy,dmso
P015085,E14,s6,dmso,/mnt/micro-images-pvc/specs935-v1/specs935-v1-FA-P015085-U2OS-48h-P5-L2-test/2021-12-21/865/specs935-v1-FA-P015085-U2OS-48h-P5-L2-test_E14_s6_w5BA364D4F-DA5D-4581-A78E-0C0522D351C0.npy,dmso
P015085,E14,s7,dmso,/mnt/micro-images-pvc/specs935-v1/specs935-v1-FA-P015085-U2OS-48h-P5-L2-test/2021-12-21/865/specs935-v1-FA-P015085-U2OS-48h-P5-L2-test_E14_s7_w5656C59B9-327E-4F5D-A469-7E703E01DEA7.npy,dmso
P015085,E14,s8,dmso,/mnt/micro-images-pvc/specs935-v1/specs935-v1-FA-P015085-U2OS-48h-P5-L2-test/2021-12-21/865/specs935-v1-FA-P015085-U2OS-48h-P5-L2-test_E14_s8_w5FCFD4C8F-898E-477D-A571-479FBA14F781.npy,dmso
P015085,E14,s9,dmso,/mnt/micro-images-pvc/specs935-v1/specs935-v1-FA-P015085-U2OS-48h-P5-L2-test/2021-12-21/865/specs935-v1-FA-P015085-U2OS-48h-P5-L2-test_E14_s9_w5115917F4-B346-4FC9-85BE-60B2C67D21DE.npy,dmso
P015085,H03,s1,dmso,/mnt/micro-images-pvc/specs935-v1/specs935-v1-FA-P015085-U2OS-48h-P5-L2-test/2021-12-21/865/specs935-v1-FA-P015085-U2OS-48h-P5-L2-test_H03_s1_w54B6F843D-DB25-48ED-BCC0-F11869DC7C5E.npy,dmso
P015085,H03,s2,dmso,/mnt/micro-images-pvc/specs935-v1/specs935-v1-FA-P015085-U2OS-48h-P5-L2-test/2021-12-21/865/specs935-v1-FA-P015085-U2OS-48h-P5-L2-test_H03_s2_w55A9BAD97-60E0-48F6-8257-ACC2F014281B.npy,dmso
P015085,H03,s3,dmso,/mnt/micro-images-pvc/specs935-v1/specs935-v1-FA-P015085-U2OS-48h-P5-L2-test/2021-12-21/865/specs935-v1-FA-P015085-U2OS-48h-P5-L2-test_H03_s3_w54F5D3762-24C8-4D3A-AED4-9DB95D329EF0.npy,dmso
P015085,H03,s4,dmso,/mnt/micro-images-pvc/specs935-v1/specs935-v1-FA-P015085-U2OS-48h-P5-L2-test/2021-12-21/865/specs935-v1-FA-P015085-U2OS-48h-P5-L2-test_H03_s4_w5CB92EDEA-B78A-45B4-82D4-7AFD00C4D51F.npy,dmso
P015085,H03,s5,dmso,/mnt/micro-images-pvc/specs935-v1/specs935-v1-FA-P015085-U2OS-48h-P5-L2-test/2021-12-21/865/specs935-v1-FA-P015085-U2OS-48h-P5-L2-test_H03_s5_w5797251BF-C834-4E5C-AC9D-1B7E11B889F6.npy,dmso
P015085,H03,s6,dmso,/mnt/micro-images-pvc/specs935-v1/specs935-v1-FA-P015085-U2OS-48h-P5-L2-test/2021-12-21/865/specs935-v1-FA-P015085-U2OS-48h-P5-L2-test_H03_s6_w570AAA58D-4553-455B-91AF-63AAB55ED685.npy,dmso
P015085,H03,s7,dmso,/mnt/micro-images-pvc/specs935-v1/specs935-v1-FA-P015085-U2OS-48h-P5-L2-test/2021-12-21/865/specs935-v1-FA-P015085-U2OS-48h-P5-L2-test_H03_s7_w54863110B-6462-4E37-B553-44689A737D86.npy,dmso
P015085,H03,s8,dmso,/mnt/micro-images-pvc/specs935-v1/specs935-v1-FA-P015085-U2OS-48h-P5-L2-test/2021-12-21/865/specs935-v1-FA-P015085-U2OS-48h-P5-L2-test_H03_s8_w55565B284-CB28-4448-AB63-66C100461F3F.npy,dmso
P015085,H03,s9,dmso,/mnt/micro-images-pvc/specs935-v1/specs935-v1-FA-P015085-U2OS-48h-P5-L2-test/2021-12-21/865/specs935-v1-FA-P015085-U2OS-48h-P5-L2-test_H03_s9_w5BB029EE7-8A7E-4027-B14C-57D538E79A5F.npy,dmso
P015085,H16,s1,dmso,/mnt/micro-images-pvc/specs935-v1/specs935-v1-FA-P015085-U2OS-48h-P5-L2-test/2021-12-21/865/specs935-v1-FA-P015085-U2OS-48h-P5-L2-test_H16_s1_w5601D9E03-9E89-41D0-8116-BDF470D3D00C.npy,dmso
P015085,H16,s2,dmso,/mnt/micro-images-pvc/specs935-v1/specs935-v1-FA-P015085-U2OS-48h-P5-L2-test/2021-12-21/865/specs935-v1-FA-P015085-U2OS-48h-P5-L2-test_H16_s2_w5FCF415E7-7C46-4C22-95A1-4D09DF1F790E.npy,dmso
P015085,H16,s3,dmso,/mnt/micro-images-pvc/specs935-v1/specs935-v1-FA-P015085-U2OS-48h-P5-L2-test/2021-12-21/865/specs935-v1-FA-P015085-U2OS-48h-P5-L2-test_H16_s3_w58EE2426B-2250-41BA-9F03-DE037636BB2C.npy,dmso
P015085,H16,s4,dmso,/mnt/micro-images-pvc/specs935-v1/specs935-v1-FA-P015085-U2OS-48h-P5-L2-test/2021-12-21/865/specs935-v1-FA-P015085-U2OS-48h-P5-L2-test_H16_s4_w51766AFE7-CFA9-4A47-AF97-DC49E11D6CCB.npy,dmso
P015085,H16,s5,dmso,/mnt/micro-images-pvc/specs935-v1/specs935-v1-FA-P015085-U2OS-48h-P5-L2-test/2021-12-21/865/specs935-v1-FA-P015085-U2OS-48h-P5-L2-test_H16_s5_w50D1CF06A-4518-4A0F-B129-A2F01000E756.npy,dmso
P015085,H16,s6,dmso,/mnt/micro-images-pvc/specs935-v1/specs935-v1-FA-P015085-U2OS-48h-P5-L2-test/2021-12-21/865/specs935-v1-FA-P015085-U2OS-48h-P5-L2-test_H16_s6_w5A174B8E3-BF19-4262-BA0C-8545481C5875.npy,dmso
P015085,H16,s7,dmso,/mnt/micro-images-pvc/specs935-v1/specs935-v1-FA-P015085-U2OS-48h-P5-L2-test/2021-12-21/865/specs935-v1-FA-P015085-U2OS-48h-P5-L2-test_H16_s7_w5FC16C657-79C8-4C3C-9289-84256F823ADE.npy,dmso
P015085,H16,s8,dmso,/mnt/micro-images-pvc/specs935-v1/specs935-v1-FA-P015085-U2OS-48h-P5-L2-test/2021-12-21/865/specs935-v1-FA-P015085-U2OS-48h-P5-L2-test_H16_s8_w5A6C0F4B3-9E9B-4516-9797-558AF5AA547D.npy,dmso
P015085,H16,s9,dmso,/mnt/micro-images-pvc/specs935-v1/specs935-v1-FA-P015085-U2OS-48h-P5-L2-test/2021-12-21/865/specs935-v1-FA-P015085-U2OS-48h-P5-L2-test_H16_s9_w522F5C473-8B3F-493F-98A1-497AE0558A01.npy,dmso
P015085,I18,s1,dmso,/mnt/micro-images-pvc/specs935-v1/specs935-v1-FA-P015085-U2OS-48h-P5-L2-test/2021-12-21/865/specs935-v1-FA-P015085-U2OS-48h-P5-L2-test_I18_s1_w5F79538A9-D89C-47B3-9F12-0A2362218F61.npy,dmso
P015085,I18,s2,dmso,/mnt/micro-images-pvc/specs935-v1/specs935-v1-FA-P015085-U2OS-48h-P5-L2-test/2021-12-21/865/specs935-v1-FA-P015085-U2OS-48h-P5-L2-test_I18_s2_w52FD165E6-EF17-4E4B-950A-FE3E14E45D26.npy,dmso
P015085,I18,s3,dmso,/mnt/micro-images-pvc/specs935-v1/specs935-v1-FA-P015085-U2OS-48h-P5-L2-test/2021-12-21/865/specs935-v1-FA-P015085-U2OS-48h-P5-L2-test_I18_s3_w50AAD15B3-1130-48C3-BF57-024AEF0B4F3E.npy,dmso
P015085,I18,s4,dmso,/mnt/micro-images-pvc/specs935-v1/specs935-v1-FA-P015085-U2OS-48h-P5-L2-test/2021-12-21/865/specs935-v1-FA-P015085-U2OS-48h-P5-L2-test_I18_s4_w578DC2EB4-A3BF-4262-8788-F0E134B19173.npy,dmso
P015085,I18,s5,dmso,/mnt/micro-images-pvc/specs935-v1/specs935-v1-FA-P015085-U2OS-48h-P5-L2-test/2021-12-21/865/specs935-v1-FA-P015085-U2OS-48h-P5-L2-test_I18_s5_w5C58E8993-B3BC-415D-93D1-23BCAB76A7A7.npy,dmso
P015085,I18,s6,dmso,/mnt/micro-images-pvc/specs935-v1/specs935-v1-FA-P015085-U2OS-48h-P5-L2-test/2021-12-21/865/specs935-v1-FA-P015085-U2OS-48h-P5-L2-test_I18_s6_w55C0F6778-876B-463A-90F3-FA85FCABEAC6.npy,dmso
P015085,I18,s7,dmso,/mnt/micro-images-pvc/specs935-v1/specs935-v1-FA-P015085-U2OS-48h-P5-L2-test/2021-12-21/865/specs935-v1-FA-P015085-U2OS-48h-P5-L2-test_I18_s7_w593A0E9E0-344E-45C4-B648-F021A5796FBE.npy,dmso
P015085,I18,s8,dmso,/mnt/micro-images-pvc/specs935-v1/specs935-v1-FA-P015085-U2OS-48h-P5-L2-test/2021-12-21/865/specs935-v1-FA-P015085-U2OS-48h-P5-L2-test_I18_s8_w5CDFE1C2C-0815-474C-B012-47BCFA9C0398.npy,dmso
P015085,I18,s9,dmso,/mnt/micro-images-pvc/specs935-v1/specs935-v1-FA-P015085-U2OS-48h-P5-L2-test/2021-12-21/865/specs935-v1-FA-P015085-U2OS-48h-P5-L2-test_I18_s9_w560874DF7-4A83-40E2-83C7-C6F4CC0F906B.npy,dmso
P015085,K08,s1,dmso,/mnt/micro-images-pvc/specs935-v1/specs935-v1-FA-P015085-U2OS-48h-P5-L2-test/2021-12-21/865/specs935-v1-FA-P015085-U2OS-48h-P5-L2-test_K08_s1_w592B8F8F7-443D-410D-B380-2C82DE20B57D.npy,dmso
P015085,K08,s2,dmso,/mnt/micro-images-pvc/specs935-v1/specs935-v1-FA-P015085-U2OS-48h-P5-L2-test/2021-12-21/865/specs935-v1-FA-P015085-U2OS-48h-P5-L2-test_K08_s2_w592E1A00E-B0C5-4A9E-9690-D99D02FFCFD5.npy,dmso
P015085,K08,s3,dmso,/mnt/micro-images-pvc/specs935-v1/specs935-v1-FA-P015085-U2OS-48h-P5-L2-test/2021-12-21/865/specs935-v1-FA-P015085-U2OS-48h-P5-L2-test_K08_s3_w51C79A99C-2A5A-4B29-8721-6345D44F520D.npy,dmso
P015085,K08,s4,dmso,/mnt/micro-images-pvc/specs935-v1/specs935-v1-FA-P015085-U2OS-48h-P5-L2-test/2021-12-21/865/specs935-v1-FA-P015085-U2OS-48h-P5-L2-test_K08_s4_w57FBDF57F-2535-472A-BFFD-B733AB90921D.npy,dmso
P015085,K08,s5,dmso,/mnt/micro-images-pvc/specs935-v1/specs935-v1-FA-P015085-U2OS-48h-P5-L2-test/2021-12-21/865/specs935-v1-FA-P015085-U2OS-48h-P5-L2-test_K08_s5_w5606421E8-A993-453D-BD6D-816951B8FF02.npy,dmso
P015085,K08,s6,dmso,/mnt/micro-images-pvc/specs935-v1/specs935-v1-FA-P015085-U2OS-48h-P5-L2-test/2021-12-21/865/specs935-v1-FA-P015085-U2OS-48h-P5-L2-test_K08_s6_w51F3EFDF5-D4F1-412F-9D1A-9D99B86F9CE2.npy,dmso
P015085,K08,s7,dmso,/mnt/micro-images-pvc/specs935-v1/specs935-v1-FA-P015085-U2OS-48h-P5-L2-test/2021-12-21/865/specs935-v1-FA-P015085-U2OS-48h-P5-L2-test_K08_s7_w55271BAEC-D2FB-43B0-BF4A-6EE53D2B0BC8.npy,dmso
P015085,K08,s8,dmso,/mnt/micro-images-pvc/specs935-v1/specs935-v1-FA-P015085-U2OS-48h-P5-L2-test/2021-12-21/865/specs935-v1-FA-P015085-U2OS-48h-P5-L2-test_K08_s8_w528302CA3-5C2C-4577-AE10-BD80D2977766.npy,dmso
P015085,K08,s9,dmso,/mnt/micro-images-pvc/specs935-v1/specs935-v1-FA-P015085-U2OS-48h-P5-L2-test/2021-12-21/865/specs935-v1-FA-P015085-U2OS-48h-P5-L2-test_K08_s9_w5451C5398-5143-4749-988D-8FFA91E88C66.npy,dmso
P015085,K22,s1,dmso,/mnt/micro-images-pvc/specs935-v1/specs935-v1-FA-P015085-U2OS-48h-P5-L2-test/2021-12-21/865/specs935-v1-FA-P015085-U2OS-48h-P5-L2-test_K22_s1_w552E70038-D69D-4E2B-A154-A49F393BC479.npy,dmso
P015085,K22,s2,dmso,/mnt/micro-images-pvc/specs935-v1/specs935-v1-FA-P015085-U2OS-48h-P5-L2-test/2021-12-21/865/specs935-v1-FA-P015085-U2OS-48h-P5-L2-test_K22_s2_w56BA8141B-C9C2-4EF8-8D05-A7C165274EB1.npy,dmso
P015085,K22,s3,dmso,/mnt/micro-images-pvc/specs935-v1/specs935-v1-FA-P015085-U2OS-48h-P5-L2-test/2021-12-21/865/specs935-v1-FA-P015085-U2OS-48h-P5-L2-test_K22_s3_w5CB4748A8-EFDD-40B3-8301-9B6E66C83CD0.npy,dmso
P015085,K22,s4,dmso,/mnt/micro-images-pvc/specs935-v1/specs935-v1-FA-P015085-U2OS-48h-P5-L2-test/2021-12-21/865/specs935-v1-FA-P015085-U2OS-48h-P5-L2-test_K22_s4_w53F7321C6-C6D2-488B-A2E1-DDC88DFB70E0.npy,dmso
P015085,K22,s5,dmso,/mnt/micro-images-pvc/specs935-v1/specs935-v1-FA-P015085-U2OS-48h-P5-L2-test/2021-12-21/865/specs935-v1-FA-P015085-U2OS-48h-P5-L2-test_K22_s5_w5781E3E85-ED71-4AB2-8E19-58012B716A73.npy,dmso
P015085,K22,s6,dmso,/mnt/micro-images-pvc/specs935-v1/specs935-v1-FA-P015085-U2OS-48h-P5-L2-test/2021-12-21/865/specs935-v1-FA-P015085-U2OS-48h-P5-L2-test_K22_s6_w5A68C6F9B-BB8E-4E21-BBED-EB23E5821203.npy,dmso
P015085,K22,s7,dmso,/mnt/micro-images-pvc/specs935-v1/specs935-v1-FA-P015085-U2OS-48h-P5-L2-test/2021-12-21/865/specs935-v1-FA-P015085-U2OS-48h-P5-L2-test_K22_s7_w56EFF118F-3140-4E6C-ABDC-C147BF7AE6DA.npy,dmso
P015085,K22,s8,dmso,/mnt/micro-images-pvc/specs935-v1/specs935-v1-FA-P015085-U2OS-48h-P5-L2-test/2021-12-21/865/specs935-v1-FA-P015085-U2OS-48h-P5-L2-test_K22_s8_w5AFE36B20-3580-4823-B4E4-BBCAC9FF6822.npy,dmso
P015085,K22,s9,dmso,/mnt/micro-images-pvc/specs935-v1/specs935-v1-FA-P015085-U2OS-48h-P5-L2-test/2021-12-21/865/specs935-v1-FA-P015085-U2OS-48h-P5-L2-test_K22_s9_w5FBEFB38C-6B87-4D24-BA0D-92166588495C.npy,dmso
P015085,L15,s1,dmso,/mnt/micro-images-pvc/specs935-v1/specs935-v1-FA-P015085-U2OS-48h-P5-L2-test/2021-12-21/865/specs935-v1-FA-P015085-U2OS-48h-P5-L2-test_L15_s1_w584F0182A-E0F8-4F7E-9783-B52C6496EB93.npy,dmso
P015085,L15,s2,dmso,/mnt/micro-images-pvc/specs935-v1/specs935-v1-FA-P015085-U2OS-48h-P5-L2-test/2021-12-21/865/specs935-v1-FA-P015085-U2OS-48h-P5-L2-test_L15_s2_w5F04BD3F5-935B-4005-A401-7ACA1FBA71F7.npy,dmso
P015085,L15,s3,dmso,/mnt/micro-images-pvc/specs935-v1/specs935-v1-FA-P015085-U2OS-48h-P5-L2-test/2021-12-21/865/specs935-v1-FA-P015085-U2OS-48h-P5-L2-test_L15_s3_w5B2514F89-D104-4A28-B912-177C6E2AFCEC.npy,dmso
P015085,L15,s4,dmso,/mnt/micro-images-pvc/specs935-v1/specs935-v1-FA-P015085-U2OS-48h-P5-L2-test/2021-12-21/865/specs935-v1-FA-P015085-U2OS-48h-P5-L2-test_L15_s4_w5B8BCD599-D8D1-47A1-A28B-74847A609A36.npy,dmso
P015085,L15,s5,dmso,/mnt/micro-images-pvc/specs935-v1/specs935-v1-FA-P015085-U2OS-48h-P5-L2-test/2021-12-21/865/specs935-v1-FA-P015085-U2OS-48h-P5-L2-test_L15_s5_w53CFD2871-6DCA-4DFD-87D7-E039696A5B00.npy,dmso
P015085,L15,s6,dmso,/mnt/micro-images-pvc/specs935-v1/specs935-v1-FA-P015085-U2OS-48h-P5-L2-test/2021-12-21/865/specs935-v1-FA-P015085-U2OS-48h-P5-L2-test_L15_s6_w5392F3C2D-9385-4952-9DC1-644D9C2B395F.npy,dmso
P015085,L15,s7,dmso,/mnt/micro-images-pvc/specs935-v1/specs935-v1-FA-P015085-U2OS-48h-P5-L2-test/2021-12-21/865/specs935-v1-FA-P015085-U2OS-48h-P5-L2-test_L15_s7_w57D849E68-A46C-472F-9017-EA8E8D65BBDE.npy,dmso
P015085,L15,s8,dmso,/mnt/micro-images-pvc/specs935-v1/specs935-v1-FA-P015085-U2OS-48h-P5-L2-test/2021-12-21/865/specs935-v1-FA-P015085-U2OS-48h-P5-L2-test_L15_s8_w5BA4EF70F-ED1E-4109-8F0B-2D2F9A1AFA1F.npy,dmso
P015085,L15,s9,dmso,/mnt/micro-images-pvc/specs935-v1/specs935-v1-FA-P015085-U2OS-48h-P5-L2-test/2021-12-21/865/specs935-v1-FA-P015085-U2OS-48h-P5-L2-test_L15_s9_w5825ED9EC-7A3C-4C10-A8DE-ADF15823D82A.npy,dmso
P015085,M02,s1,dmso,/mnt/micro-images-pvc/specs935-v1/specs935-v1-FA-P015085-U2OS-48h-P5-L2-test/2021-12-21/865/specs935-v1-FA-P015085-U2OS-48h-P5-L2-test_M02_s1_w514091B0D-9DCD-4D43-8193-152909E41D12.npy,dmso
P015085,M02,s2,dmso,/mnt/micro-images-pvc/specs935-v1/specs935-v1-FA-P015085-U2OS-48h-P5-L2-test/2021-12-21/865/specs935-v1-FA-P015085-U2OS-48h-P5-L2-test_M02_s2_w509C89D9D-F677-4C7B-82B4-C5348F0CC316.npy,dmso
P015085,M02,s3,dmso,/mnt/micro-images-pvc/specs935-v1/specs935-v1-FA-P015085-U2OS-48h-P5-L2-test/2021-12-21/865/specs935-v1-FA-P015085-U2OS-48h-P5-L2-test_M02_s3_w5060836A5-66D3-4B44-8A39-785F4ED60F29.npy,dmso
P015085,M02,s4,dmso,/mnt/micro-images-pvc/specs935-v1/specs935-v1-FA-P015085-U2OS-48h-P5-L2-test/2021-12-21/865/specs935-v1-FA-P015085-U2OS-48h-P5-L2-test_M02_s4_w5D1DE613E-D5B9-49BC-8B81-9FD50AD7BDD4.npy,dmso
P015085,M02,s5,dmso,/mnt/micro-images-pvc/specs935-v1/specs935-v1-FA-P015085-U2OS-48h-P5-L2-test/2021-12-21/865/specs935-v1-FA-P015085-U2OS-48h-P5-L2-test_M02_s5_w5F4D44A51-3C6E-4DFD-928A-AEB5056AF112.npy,dmso
P015085,M02,s6,dmso,/mnt/micro-images-pvc/specs935-v1/specs935-v1-FA-P015085-U2OS-48h-P5-L2-test/2021-12-21/865/specs935-v1-FA-P015085-U2OS-48h-P5-L2-test_M02_s6_w5E5D7A907-2470-49E3-8B01-F695DA2F6A30.npy,dmso
P015085,M02,s7,dmso,/mnt/micro-images-pvc/specs935-v1/specs935-v1-FA-P015085-U2OS-48h-P5-L2-test/2021-12-21/865/specs935-v1-FA-P015085-U2OS-48h-P5-L2-test_M02_s7_w5551560A3-2884-43FA-959E-51A1CAFCDB90.npy,dmso
P015085,M02,s8,dmso,/mnt/micro-images-pvc/specs935-v1/specs935-v1-FA-P015085-U2OS-48h-P5-L2-test/2021-12-21/865/specs935-v1-FA-P015085-U2OS-48h-P5-L2-test_M02_s8_w5600B37B3-EC5F-450D-8786-10FD8DBE1D32.npy,dmso
P015085,M02,s9,dmso,/mnt/micro-images-pvc/specs935-v1/specs935-v1-FA-P015085-U2OS-48h-P5-L2-test/2021-12-21/865/specs935-v1-FA-P015085-U2OS-48h-P5-L2-test_M02_s9_w5CC025B08-DADA-4A52-80C9-1C5FFB567AD3.npy,dmso
P015085,N09,s1,dmso,/mnt/micro-images-pvc/specs935-v1/specs935-v1-FA-P015085-U2OS-48h-P5-L2-test/2021-12-21/865/specs935-v1-FA-P015085-U2OS-48h-P5-L2-test_N09_s1_w5183E0580-7D91-45B8-872C-9C07F3D6F7D1.npy,dmso
P015085,N09,s2,dmso,/mnt/micro-images-pvc/specs935-v1/specs935-v1-FA-P015085-U2OS-48h-P5-L2-test/2021-12-21/865/specs935-v1-FA-P015085-U2OS-48h-P5-L2-test_N09_s2_w5FD22468A-607F-4B79-97DB-C540F1BC7330.npy,dmso
P015085,N09,s3,dmso,/mnt/micro-images-pvc/specs935-v1/specs935-v1-FA-P015085-U2OS-48h-P5-L2-test/2021-12-21/865/specs935-v1-FA-P015085-U2OS-48h-P5-L2-test_N09_s3_w5C86EF68A-0B43-416A-9863-A7FC6C07979E.npy,dmso
P015085,N09,s4,dmso,/mnt/micro-images-pvc/specs935-v1/specs935-v1-FA-P015085-U2OS-48h-P5-L2-test/2021-12-21/865/specs935-v1-FA-P015085-U2OS-48h-P5-L2-test_N09_s4_w5584E52CE-2DD1-47CF-BDD5-01B1EECCCE0B.npy,dmso
P015085,N09,s5,dmso,/mnt/micro-images-pvc/specs935-v1/specs935-v1-FA-P015085-U2OS-48h-P5-L2-test/2021-12-21/865/specs935-v1-FA-P015085-U2OS-48h-P5-L2-test_N09_s5_w5A7240235-2567-4BD9-ABEE-7BF21662A4B0.npy,dmso
P015085,N09,s6,dmso,/mnt/micro-images-pvc/specs935-v1/specs935-v1-FA-P015085-U2OS-48h-P5-L2-test/2021-12-21/865/specs935-v1-FA-P015085-U2OS-48h-P5-L2-test_N09_s6_w5A729EFC7-0FA8-4771-8199-26758C6D8A89.npy,dmso
P015085,N09,s7,dmso,/mnt/micro-images-pvc/specs935-v1/specs935-v1-FA-P015085-U2OS-48h-P5-L2-test/2021-12-21/865/specs935-v1-FA-P015085-U2OS-48h-P5-L2-test_N09_s7_w5273C9CFA-C17F-47F1-867F-60A24A98F98A.npy,dmso
P015085,N09,s8,dmso,/mnt/micro-images-pvc/specs935-v1/specs935-v1-FA-P015085-U2OS-48h-P5-L2-test/2021-12-21/865/specs935-v1-FA-P015085-U2OS-48h-P5-L2-test_N09_s8_w5FB9408DC-3DBC-47D3-BD4D-D55F8A85AF18.npy,dmso
P015085,N09,s9,dmso,/mnt/micro-images-pvc/specs935-v1/specs935-v1-FA-P015085-U2OS-48h-P5-L2-test/2021-12-21/865/specs935-v1-FA-P015085-U2OS-48h-P5-L2-test_N09_s9_w5741B9F86-6774-428A-AB0D-E6E2F642A285.npy,dmso
P015085,O04,s1,dmso,/mnt/micro-images-pvc/specs935-v1/specs935-v1-FA-P015085-U2OS-48h-P5-L2-test/2021-12-21/865/specs935-v1-FA-P015085-U2OS-48h-P5-L2-test_O04_s1_w558DEE27D-3802-482F-A987-48B594349C2F.npy,dmso
P015085,O04,s2,dmso,/mnt/micro-images-pvc/specs935-v1/specs935-v1-FA-P015085-U2OS-48h-P5-L2-test/2021-12-21/865/specs935-v1-FA-P015085-U2OS-48h-P5-L2-test_O04_s2_w555F6A546-4B49-45BE-997C-A04EF77F65B6.npy,dmso
P015085,O04,s3,dmso,/mnt/micro-images-pvc/specs935-v1/specs935-v1-FA-P015085-U2OS-48h-P5-L2-test/2021-12-21/865/specs935-v1-FA-P015085-U2OS-48h-P5-L2-test_O04_s3_w5EECB0595-9B99-4CB2-A646-13143E18FEC1.npy,dmso
P015085,O04,s4,dmso,/mnt/micro-images-pvc/specs935-v1/specs935-v1-FA-P015085-U2OS-48h-P5-L2-test/2021-12-21/865/specs935-v1-FA-P015085-U2OS-48h-P5-L2-test_O04_s4_w5D622D291-EB6E-42D0-8705-098EE9F3570E.npy,dmso
P015085,O04,s5,dmso,/mnt/micro-images-pvc/specs935-v1/specs935-v1-FA-P015085-U2OS-48h-P5-L2-test/2021-12-21/865/specs935-v1-FA-P015085-U2OS-48h-P5-L2-test_O04_s5_w5805F22FF-26D7-4A9C-B581-8515403B5E96.npy,dmso
P015085,O04,s6,dmso,/mnt/micro-images-pvc/specs935-v1/specs935-v1-FA-P015085-U2OS-48h-P5-L2-test/2021-12-21/865/specs935-v1-FA-P015085-U2OS-48h-P5-L2-test_O04_s6_w5620C7480-AA13-4798-A0EB-70374F8E3375.npy,dmso
P015085,O04,s7,dmso,/mnt/micro-images-pvc/specs935-v1/specs935-v1-FA-P015085-U2OS-48h-P5-L2-test/2021-12-21/865/specs935-v1-FA-P015085-U2OS-48h-P5-L2-test_O04_s7_w5FB5DCD7C-C589-40C6-BC83-D8EF8275D851.npy,dmso
P015085,O04,s8,dmso,/mnt/micro-images-pvc/specs935-v1/specs935-v1-FA-P015085-U2OS-48h-P5-L2-test/2021-12-21/865/specs935-v1-FA-P015085-U2OS-48h-P5-L2-test_O04_s8_w5F8300A4F-E85B-4773-B452-B18D22F048FA.npy,dmso
P015085,O04,s9,dmso,/mnt/micro-images-pvc/specs935-v1/specs935-v1-FA-P015085-U2OS-48h-P5-L2-test/2021-12-21/865/specs935-v1-FA-P015085-U2OS-48h-P5-L2-test_O04_s9_w50DDE1F88-0646-4260-80C0-0127918537B5.npy,dmso
P015090,B22,s1,dmso,/mnt/micro-images-pvc/specs935-v1/specs935-v1-FA-P015090-U2OS-48h-P8-L1/2021-12-18/854/specs935-v1-FA-P015090-U2OS-48h-P8-L1_B22_s1_w5049CDABF-B57C-488A-9978-1CE79098925A.npy,dmso
P015090,B22,s2,dmso,/mnt/micro-images-pvc/specs935-v1/specs935-v1-FA-P015090-U2OS-48h-P8-L1/2021-12-18/854/specs935-v1-FA-P015090-U2OS-48h-P8-L1_B22_s2_w5EF5E5C7C-C64E-4330-98D4-98E18C377E22.npy,dmso
P015090,B22,s3,dmso,/mnt/micro-images-pvc/specs935-v1/specs935-v1-FA-P015090-U2OS-48h-P8-L1/2021-12-18/854/specs935-v1-FA-P015090-U2OS-48h-P8-L1_B22_s3_w5513E43E6-8852-4E15-B8CF-6F04464E056F.npy,dmso
P015090,B22,s4,dmso,/mnt/micro-images-pvc/specs935-v1/specs935-v1-FA-P015090-U2OS-48h-P8-L1/2021-12-18/854/specs935-v1-FA-P015090-U2OS-48h-P8-L1_B22_s4_w5A6DE666A-6F35-4470-98B4-1BA1DFF1F911.npy,dmso
P015090,B22,s5,dmso,/mnt/micro-images-pvc/specs935-v1/specs935-v1-FA-P015090-U2OS-48h-P8-L1/2021-12-18/854/specs935-v1-FA-P015090-U2OS-48h-P8-L1_B22_s5_w57AD90B59-60C2-4921-ACDA-985C353AF63D.npy,dmso
P015090,B22,s6,dmso,/mnt/micro-images-pvc/specs935-v1/specs935-v1-FA-P015090-U2OS-48h-P8-L1/2021-12-18/854/specs935-v1-FA-P015090-U2OS-48h-P8-L1_B22_s6_w5C9273353-72DC-4643-A8EA-50B9FECCD057.npy,dmso
P015090,B22,s7,dmso,/mnt/micro-images-pvc/specs935-v1/specs935-v1-FA-P015090-U2OS-48h-P8-L1/2021-12-18/854/specs935-v1-FA-P015090-U2OS-48h-P8-L1_B22_s7_w5BA2BEE28-EDE5-4211-828C-D614C9FB00AB.npy,dmso
P015090,B22,s8,dmso,/mnt/micro-images-pvc/specs935-v1/specs935-v1-FA-P015090-U2OS-48h-P8-L1/2021-12-18/854/specs935-v1-FA-P015090-U2OS-48h-P8-L1_B22_s8_w524EB74B3-46F4-4996-9355-18DA772318AA.npy,dmso
P015090,B22,s9,dmso,/mnt/micro-images-pvc/specs935-v1/specs935-v1-FA-P015090-U2OS-48h-P8-L1/2021-12-18/854/specs935-v1-FA-P015090-U2OS-48h-P8-L1_B22_s9_w5B8FF700D-0E84-4209-B6E0-3C7C254BC1BB.npy,dmso
P015090,C09,s1,dmso,/mnt/micro-images-pvc/specs935-v1/specs935-v1-FA-P015090-U2OS-48h-P8-L1/2021-12-18/854/specs935-v1-FA-P015090-U2OS-48h-P8-L1_C09_s1_w513CFB0FA-E85F-4932-9AB1-70DAE449620F.npy,dmso
P015090,C09,s2,dmso,/mnt/micro-images-pvc/specs935-v1/specs935-v1-FA-P015090-U2OS-48h-P8-L1/2021-12-18/854/specs935-v1-FA-P015090-U2OS-48h-P8-L1_C09_s2_w568289F0E-8C76-4A66-A160-3D96A5CF6F48.npy,dmso
P015090,C09,s3,dmso,/mnt/micro-images-pvc/specs935-v1/specs935-v1-FA-P015090-U2OS-48h-P8-L1/2021-12-18/854/specs935-v1-FA-P015090-U2OS-48h-P8-L1_C09_s3_w594489474-15A6-4A9F-8A56-58D60A651EC8.npy,dmso
P015090,C09,s4,dmso,/mnt/micro-images-pvc/specs935-v1/specs935-v1-FA-P015090-U2OS-48h-P8-L1/2021-12-18/854/specs935-v1-FA-P015090-U2OS-48h-P8-L1_C09_s4_w5D556B24F-863C-4E1F-A2A1-687BF348EBE8.npy,dmso
P015090,C09,s5,dmso,/mnt/micro-images-pvc/specs935-v1/specs935-v1-FA-P015090-U2OS-48h-P8-L1/2021-12-18/854/specs935-v1-FA-P015090-U2OS-48h-P8-L1_C09_s5_w5AE011481-BFE7-4861-9548-6D926E88670C.npy,dmso
P015090,C09,s6,dmso,/mnt/micro-images-pvc/specs935-v1/specs935-v1-FA-P015090-U2OS-48h-P8-L1/2021-12-18/854/specs935-v1-FA-P015090-U2OS-48h-P8-L1_C09_s6_w57BB3B6FF-25AC-4450-94A4-3C24428E52D7.npy,dmso
P015090,C09,s7,dmso,/mnt/micro-images-pvc/specs935-v1/specs935-v1-FA-P015090-U2OS-48h-P8-L1/2021-12-18/854/specs935-v1-FA-P015090-U2OS-48h-P8-L1_C09_s7_w5CFD741B7-9025-43E7-B7F8-428F944B1426.npy,dmso
P015090,C09,s8,dmso,/mnt/micro-images-pvc/specs935-v1/specs935-v1-FA-P015090-U2OS-48h-P8-L1/2021-12-18/854/specs935-v1-FA-P015090-U2OS-48h-P8-L1_C09_s8_w58CB3F357-C241-4F71-A949-F787CC5483BE.npy,dmso
P015090,C09,s9,dmso,/mnt/micro-images-pvc/specs935-v1/specs935-v1-FA-P015090-U2OS-48h-P8-L1/2021-12-18/854/specs935-v1-FA-P015090-U2OS-48h-P8-L1_C09_s9_w55F356F99-B057-47DC-AEB8-B51B9E22E8A9.npy,dmso
P015090,E05,s1,dmso,/mnt/micro-images-pvc/specs935-v1/specs935-v1-FA-P015090-U2OS-48h-P8-L1/2021-12-18/854/specs935-v1-FA-P015090-U2OS-48h-P8-L1_E05_s1_w5BDA5FC18-C518-4529-A2EF-42ACE0DE69AA.npy,dmso
P015090,E05,s2,dmso,/mnt/micro-images-pvc/specs935-v1/specs935-v1-FA-P015090-U2OS-48h-P8-L1/2021-12-18/854/specs935-v1-FA-P015090-U2OS-48h-P8-L1_E05_s2_w55EC480CD-718D-4831-BFC6-9481EA00AB98.npy,dmso
P015090,E05,s3,dmso,/mnt/micro-images-pvc/specs935-v1/specs935-v1-FA-P015090-U2OS-48h-P8-L1/2021-12-18/854/specs935-v1-FA-P015090-U2OS-48h-P8-L1_E05_s3_w5E210FCD4-564F-475B-A240-5D0835ABF35F.npy,dmso
P015090,E05,s4,dmso,/mnt/micro-images-pvc/specs935-v1/specs935-v1-FA-P015090-U2OS-48h-P8-L1/2021-12-18/854/specs935-v1-FA-P015090-U2OS-48h-P8-L1_E05_s4_w54310FC0A-D0B4-46E4-9558-0682B3EA5369.npy,dmso
P015090,E05,s5,dmso,/mnt/micro-images-pvc/specs935-v1/specs935-v1-FA-P015090-U2OS-48h-P8-L1/2021-12-18/854/specs935-v1-FA-P015090-U2OS-48h-P8-L1_E05_s5_w5F82969A2-DD23-4771-9CC6-321B9B270228.npy,dmso
P015090,E05,s6,dmso,/mnt/micro-images-pvc/specs935-v1/specs935-v1-FA-P015090-U2OS-48h-P8-L1/2021-12-18/854/specs935-v1-FA-P015090-U2OS-48h-P8-L1_E05_s6_w554F926A5-8C55-41D8-9F54-ADFFD7D977BA.npy,dmso
P015090,E05,s7,dmso,/mnt/micro-images-pvc/specs935-v1/specs935-v1-FA-P015090-U2OS-48h-P8-L1/2021-12-18/854/specs935-v1-FA-P015090-U2OS-48h-P8-L1_E05_s7_w5572F3435-CAEA-4FB3-8903-B63DD183FA84.npy,dmso
P015090,E05,s8,dmso,/mnt/micro-images-pvc/specs935-v1/specs935-v1-FA-P015090-U2OS-48h-P8-L1/2021-12-18/854/specs935-v1-FA-P015090-U2OS-48h-P8-L1_E05_s8_w5866D51BF-B612-4F3D-A395-DB8EDDE446C9.npy,dmso
P015090,E05,s9,dmso,/mnt/micro-images-pvc/specs935-v1/specs935-v1-FA-P015090-U2OS-48h-P8-L1/2021-12-18/854/specs935-v1-FA-P015090-U2OS-48h-P8-L1_E05_s9_w50E9C35E5-EF10-4AAE-B278-F848769E0D80.npy,dmso
P015090,E19,s1,dmso,/mnt/micro-images-pvc/specs935-v1/specs935-v1-FA-P015090-U2OS-48h-P8-L1/2021-12-18/854/specs935-v1-FA-P015090-U2OS-48h-P8-L1_E19_s1_w579B97B49-D8E9-46D9-9489-7CF02208DB51.npy,dmso
P015090,E19,s2,dmso,/mnt/micro-images-pvc/specs935-v1/specs935-v1-FA-P015090-U2OS-48h-P8-L1/2021-12-18/854/specs935-v1-FA-P015090-U2OS-48h-P8-L1_E19_s2_w5C1F1E820-6F1D-47E9-B462-52E379A2800C.npy,dmso
P015090,E19,s3,dmso,/mnt/micro-images-pvc/specs935-v1/specs935-v1-FA-P015090-U2OS-48h-P8-L1/2021-12-18/854/specs935-v1-FA-P015090-U2OS-48h-P8-L1_E19_s3_w5EA54E8C7-C025-4A75-A0AA-6D07F535C348.npy,dmso
P015090,E19,s4,dmso,/mnt/micro-images-pvc/specs935-v1/specs935-v1-FA-P015090-U2OS-48h-P8-L1/2021-12-18/854/specs935-v1-FA-P015090-U2OS-48h-P8-L1_E19_s4_w5553CD176-9733-4C0F-8292-344342B7F40D.npy,dmso
P015090,E19,s5,dmso,/mnt/micro-images-pvc/specs935-v1/specs935-v1-FA-P015090-U2OS-48h-P8-L1/2021-12-18/854/specs935-v1-FA-P015090-U2OS-48h-P8-L1_E19_s5_w5F07608E5-EE79-4CFC-92F9-5D5B9594C9FB.npy,dmso
P015090,E19,s6,dmso,/mnt/micro-images-pvc/specs935-v1/specs935-v1-FA-P015090-U2OS-48h-P8-L1/2021-12-18/854/specs935-v1-FA-P015090-U2OS-48h-P8-L1_E19_s6_w58425ACAB-047B-4D8D-885D-2E3A2BB08A7A.npy,dmso
P015090,E19,s7,dmso,/mnt/micro-images-pvc/specs935-v1/specs935-v1-FA-P015090-U2OS-48h-P8-L1/2021-12-18/854/specs935-v1-FA-P015090-U2OS-48h-P8-L1_E19_s7_w50C200726-CB7D-402F-8A92-49A4722ACB92.npy,dmso
P015090,E19,s8,dmso,/mnt/micro-images-pvc/specs935-v1/specs935-v1-FA-P015090-U2OS-48h-P8-L1/2021-12-18/854/specs935-v1-FA-P015090-U2OS-48h-P8-L1_E19_s8_w57F590377-7C01-40CE-800E-693A3A6E5119.npy,dmso
P015090,E19,s9,dmso,/mnt/micro-images-pvc/specs935-v1/specs935-v1-FA-P015090-U2OS-48h-P8-L1/2021-12-18/854/specs935-v1-FA-P015090-U2OS-48h-P8-L1_E19_s9_w5B439966D-66A5-4954-AE2B-68532F1A8CED.npy,dmso
P015090,F13,s1,dmso,/mnt/micro-images-pvc/specs935-v1/specs935-v1-FA-P015090-U2OS-48h-P8-L1/2021-12-18/854/specs935-v1-FA-P015090-U2OS-48h-P8-L1_F13_s1_w5FAB1E091-D997-4409-A40C-661EE0AF8B98.npy,dmso
P015090,F13,s2,dmso,/mnt/micro-images-pvc/specs935-v1/specs935-v1-FA-P015090-U2OS-48h-P8-L1/2021-12-18/854/specs935-v1-FA-P015090-U2OS-48h-P8-L1_F13_s2_w5E0A232CD-F736-4268-B712-6B8F8FFE27D3.npy,dmso
P015090,F13,s3,dmso,/mnt/micro-images-pvc/specs935-v1/specs935-v1-FA-P015090-U2OS-48h-P8-L1/2021-12-18/854/specs935-v1-FA-P015090-U2OS-48h-P8-L1_F13_s3_w5CD32C980-B790-474F-8C36-FA5B2B044B62.npy,dmso
P015090,F13,s4,dmso,/mnt/micro-images-pvc/specs935-v1/specs935-v1-FA-P015090-U2OS-48h-P8-L1/2021-12-18/854/specs935-v1-FA-P015090-U2OS-48h-P8-L1_F13_s4_w54DCFE759-A665-48EA-ABDF-7B741849D77A.npy,dmso
P015090,F13,s5,dmso,/mnt/micro-images-pvc/specs935-v1/specs935-v1-FA-P015090-U2OS-48h-P8-L1/2021-12-18/854/specs935-v1-FA-P015090-U2OS-48h-P8-L1_F13_s5_w545CB6BFD-2B54-420B-93AB-3767331D5183.npy,dmso
P015090,F13,s6,dmso,/mnt/micro-images-pvc/specs935-v1/specs935-v1-FA-P015090-U2OS-48h-P8-L1/2021-12-18/854/specs935-v1-FA-P015090-U2OS-48h-P8-L1_F13_s6_w57B46D746-F1C9-4BB2-BC8B-B69E543CC390.npy,dmso
P015090,F13,s7,dmso,/mnt/micro-images-pvc/specs935-v1/specs935-v1-FA-P015090-U2OS-48h-P8-L1/2021-12-18/854/specs935-v1-FA-P015090-U2OS-48h-P8-L1_F13_s7_w57596ECA4-EDD0-488C-AE43-11060698BF94.npy,dmso
P015090,F13,s8,dmso,/mnt/micro-images-pvc/specs935-v1/specs935-v1-FA-P015090-U2OS-48h-P8-L1/2021-12-18/854/specs935-v1-FA-P015090-U2OS-48h-P8-L1_F13_s8_w584E955E1-6EAE-4C9C-BEA7-60811AE61866.npy,dmso
P015090,F13,s9,dmso,/mnt/micro-images-pvc/specs935-v1/specs935-v1-FA-P015090-U2OS-48h-P8-L1/2021-12-18/854/specs935-v1-FA-P015090-U2OS-48h-P8-L1_F13_s9_w5844ED478-1723-4F95-8D4D-6BEF96978FB6.npy,dmso
P015090,F15,s1,dmso,/mnt/micro-images-pvc/specs935-v1/specs935-v1-FA-P015090-U2OS-48h-P8-L1/2021-12-18/854/specs935-v1-FA-P015090-U2OS-48h-P8-L1_F15_s1_w5F83B467E-02FC-4A35-9526-DC665F905D5A.npy,dmso
P015090,F15,s2,dmso,/mnt/micro-images-pvc/specs935-v1/specs935-v1-FA-P015090-U2OS-48h-P8-L1/2021-12-18/854/specs935-v1-FA-P015090-U2OS-48h-P8-L1_F15_s2_w514804776-ADFD-429C-97B5-8D7DD0297D61.npy,dmso
P015090,F15,s3,dmso,/mnt/micro-images-pvc/specs935-v1/specs935-v1-FA-P015090-U2OS-48h-P8-L1/2021-12-18/854/specs935-v1-FA-P015090-U2OS-48h-P8-L1_F15_s3_w55E421C0B-DAE0-4A9F-B0B4-8BCC43E2B2BB.npy,dmso
P015090,F15,s4,dmso,/mnt/micro-images-pvc/specs935-v1/specs935-v1-FA-P015090-U2OS-48h-P8-L1/2021-12-18/854/specs935-v1-FA-P015090-U2OS-48h-P8-L1_F15_s4_w58DA612F5-0388-482C-9248-EA4EACD89E59.npy,dmso
P015090,F15,s5,dmso,/mnt/micro-images-pvc/specs935-v1/specs935-v1-FA-P015090-U2OS-48h-P8-L1/2021-12-18/854/specs935-v1-FA-P015090-U2OS-48h-P8-L1_F15_s5_w5009C6CEA-FDCF-483D-93A9-43732FFE46E8.npy,dmso
P015090,F15,s6,dmso,/mnt/micro-images-pvc/specs935-v1/specs935-v1-FA-P015090-U2OS-48h-P8-L1/2021-12-18/854/specs935-v1-FA-P015090-U2OS-48h-P8-L1_F15_s6_w5E43B5455-5107-47FD-89B1-F9D8D81DE708.npy,dmso
P015090,F15,s7,dmso,/mnt/micro-images-pvc/specs935-v1/specs935-v1-FA-P015090-U2OS-48h-P8-L1/2021-12-18/854/specs935-v1-FA-P015090-U2OS-48h-P8-L1_F15_s7_w5D40FE340-445D-45D6-A228-9E9AC167BA5B.npy,dmso
P015090,F15,s8,dmso,/mnt/micro-images-pvc/specs935-v1/specs935-v1-FA-P015090-U2OS-48h-P8-L1/2021-12-18/854/specs935-v1-FA-P015090-U2OS-48h-P8-L1_F15_s8_w525687B55-FDF0-4A7C-945F-3EA211FD52B0.npy,dmso
P015090,F15,s9,dmso,/mnt/micro-images-pvc/specs935-v1/specs935-v1-FA-P015090-U2OS-48h-P8-L1/2021-12-18/854/specs935-v1-FA-P015090-U2OS-48h-P8-L1_F15_s9_w52B929A2B-EB6B-4598-B708-093D81A8B8D3.npy,dmso
P015090,G02,s1,dmso,/mnt/micro-images-pvc/specs935-v1/specs935-v1-FA-P015090-U2OS-48h-P8-L1/2021-12-18/854/specs935-v1-FA-P015090-U2OS-48h-P8-L1_G02_s1_w56F00E14C-021A-4051-AB5C-20B12FCCCB6A.npy,dmso
P015090,G02,s2,dmso,/mnt/micro-images-pvc/specs935-v1/specs935-v1-FA-P015090-U2OS-48h-P8-L1/2021-12-18/854/specs935-v1-FA-P015090-U2OS-48h-P8-L1_G02_s2_w5024652BC-5818-488B-923D-4A550C03CC1A.npy,dmso
P015090,G02,s3,dmso,/mnt/micro-images-pvc/specs935-v1/specs935-v1-FA-P015090-U2OS-48h-P8-L1/2021-12-18/854/specs935-v1-FA-P015090-U2OS-48h-P8-L1_G02_s3_w5ED6A0A0C-E244-4DBB-A5FF-68FBFEE2B710.npy,dmso
P015090,G02,s4,dmso,/mnt/micro-images-pvc/specs935-v1/specs935-v1-FA-P015090-U2OS-48h-P8-L1/2021-12-18/854/specs935-v1-FA-P015090-U2OS-48h-P8-L1_G02_s4_w519ADA89D-A823-4BB2-AB61-1AE2C606CF5C.npy,dmso
P015090,G02,s5,dmso,/mnt/micro-images-pvc/specs935-v1/specs935-v1-FA-P015090-U2OS-48h-P8-L1/2021-12-18/854/specs935-v1-FA-P015090-U2OS-48h-P8-L1_G02_s5_w54C585F9C-9B42-4F58-B35B-2406FA23A7CC.npy,dmso
P015090,G02,s6,dmso,/mnt/micro-images-pvc/specs935-v1/specs935-v1-FA-P015090-U2OS-48h-P8-L1/2021-12-18/854/specs935-v1-FA-P015090-U2OS-48h-P8-L1_G02_s6_w576941301-0AC3-4134-AAC4-3AB68F7EB7A7.npy,dmso
P015090,G02,s7,dmso,/mnt/micro-images-pvc/specs935-v1/specs935-v1-FA-P015090-U2OS-48h-P8-L1/2021-12-18/854/specs935-v1-FA-P015090-U2OS-48h-P8-L1_G02_s7_w500CC9BF4-3335-4A70-B086-8324A97A3B07.npy,dmso
P015090,G02,s8,dmso,/mnt/micro-images-pvc/specs935-v1/specs935-v1-FA-P015090-U2OS-48h-P8-L1/2021-12-18/854/specs935-v1-FA-P015090-U2OS-48h-P8-L1_G02_s8_w53AB5BF41-176F-4948-B66E-680DB5C5887C.npy,dmso
P015090,G02,s9,dmso,/mnt/micro-images-pvc/specs935-v1/specs935-v1-FA-P015090-U2OS-48h-P8-L1/2021-12-18/854/specs935-v1-FA-P015090-U2OS-48h-P8-L1_G02_s9_w5A74C1D72-2536-4AC9-950A-393885AC2BF1.npy,dmso
P015090,G18,s1,dmso,/mnt/micro-images-pvc/specs935-v1/specs935-v1-FA-P015090-U2OS-48h-P8-L1/2021-12-18/854/specs935-v1-FA-P015090-U2OS-48h-P8-L1_G18_s1_w5ECAB0F45-5000-4DC2-9394-9BD189D46035.npy,dmso
P015090,G18,s2,dmso,/mnt/micro-images-pvc/specs935-v1/specs935-v1-FA-P015090-U2OS-48h-P8-L1/2021-12-18/854/specs935-v1-FA-P015090-U2OS-48h-P8-L1_G18_s2_w5972AEBC6-13DC-43B7-A10E-4F8E2A45E5FC.npy,dmso
P015090,G18,s3,dmso,/mnt/micro-images-pvc/specs935-v1/specs935-v1-FA-P015090-U2OS-48h-P8-L1/2021-12-18/854/specs935-v1-FA-P015090-U2OS-48h-P8-L1_G18_s3_w55F4C55C0-636C-4B87-8E6B-CD1570B0592C.npy,dmso
P015090,G18,s4,dmso,/mnt/micro-images-pvc/specs935-v1/specs935-v1-FA-P015090-U2OS-48h-P8-L1/2021-12-18/854/specs935-v1-FA-P015090-U2OS-48h-P8-L1_G18_s4_w5AB4B661A-919B-4D8C-A524-B756EC08CFC6.npy,dmso
P015090,G18,s5,dmso,/mnt/micro-images-pvc/specs935-v1/specs935-v1-FA-P015090-U2OS-48h-P8-L1/2021-12-18/854/specs935-v1-FA-P015090-U2OS-48h-P8-L1_G18_s5_w5F83F93CE-3269-4556-8A30-2EFD909BDAC8.npy,dmso
P015090,G18,s6,dmso,/mnt/micro-images-pvc/specs935-v1/specs935-v1-FA-P015090-U2OS-48h-P8-L1/2021-12-18/854/specs935-v1-FA-P015090-U2OS-48h-P8-L1_G18_s6_w54475AE6E-E65C-4C07-B67C-7EF3FBBEBCD3.npy,dmso
P015090,G18,s7,dmso,/mnt/micro-images-pvc/specs935-v1/specs935-v1-FA-P015090-U2OS-48h-P8-L1/2021-12-18/854/specs935-v1-FA-P015090-U2OS-48h-P8-L1_G18_s7_w51EDDD456-B640-4C3E-BF90-F6CCFB468C7B.npy,dmso
P015090,G18,s8,dmso,/mnt/micro-images-pvc/specs935-v1/specs935-v1-FA-P015090-U2OS-48h-P8-L1/2021-12-18/854/specs935-v1-FA-P015090-U2OS-48h-P8-L1_G18_s8_w535F081D6-BA83-462B-8EAE-C789E5824FD2.npy,dmso
P015090,G18,s9,dmso,/mnt/micro-images-pvc/specs935-v1/specs935-v1-FA-P015090-U2OS-48h-P8-L1/2021-12-18/854/specs935-v1-FA-P015090-U2OS-48h-P8-L1_G18_s9_w56B4D3D74-8A2F-4A94-820A-033938A729A8.npy,dmso
P015090,H08,s1,dmso,/mnt/micro-images-pvc/specs935-v1/specs935-v1-FA-P015090-U2OS-48h-P8-L1/2021-12-18/854/specs935-v1-FA-P015090-U2OS-48h-P8-L1_H08_s1_w5F3BDF1D6-41AE-4D34-813D-4D87142AF012.npy,dmso
P015090,H08,s2,dmso,/mnt/micro-images-pvc/specs935-v1/specs935-v1-FA-P015090-U2OS-48h-P8-L1/2021-12-18/854/specs935-v1-FA-P015090-U2OS-48h-P8-L1_H08_s2_w5E96B6F54-E918-49EC-8BA1-07957B94E1CE.npy,dmso
P015090,H08,s3,dmso,/mnt/micro-images-pvc/specs935-v1/specs935-v1-FA-P015090-U2OS-48h-P8-L1/2021-12-18/854/specs935-v1-FA-P015090-U2OS-48h-P8-L1_H08_s3_w556254745-3E63-447A-AABC-E459F4F97AE2.npy,dmso
P015090,H08,s4,dmso,/mnt/micro-images-pvc/specs935-v1/specs935-v1-FA-P015090-U2OS-48h-P8-L1/2021-12-18/854/specs935-v1-FA-P015090-U2OS-48h-P8-L1_H08_s4_w51842A091-729A-4CE7-B173-A9CD7F58CDCD.npy,dmso
P015090,H08,s5,dmso,/mnt/micro-images-pvc/specs935-v1/specs935-v1-FA-P015090-U2OS-48h-P8-L1/2021-12-18/854/specs935-v1-FA-P015090-U2OS-48h-P8-L1_H08_s5_w5B3E8A586-0538-4AD3-9195-8E955416DA92.npy,dmso
P015090,H08,s6,dmso,/mnt/micro-images-pvc/specs935-v1/specs935-v1-FA-P015090-U2OS-48h-P8-L1/2021-12-18/854/specs935-v1-FA-P015090-U2OS-48h-P8-L1_H08_s6_w56B20CE4F-2347-428A-8D59-60DDBF9C00A8.npy,dmso
P015090,H08,s7,dmso,/mnt/micro-images-pvc/specs935-v1/specs935-v1-FA-P015090-U2OS-48h-P8-L1/2021-12-18/854/specs935-v1-FA-P015090-U2OS-48h-P8-L1_H08_s7_w59866DC29-0C64-4504-94E4-EC2D2C897331.npy,dmso
P015090,H08,s8,dmso,/mnt/micro-images-pvc/specs935-v1/specs935-v1-FA-P015090-U2OS-48h-P8-L1/2021-12-18/854/specs935-v1-FA-P015090-U2OS-48h-P8-L1_H08_s8_w5C8252D4D-EB9B-4BA9-A5A0-0607B0F6A529.npy,dmso
P015090,H08,s9,dmso,/mnt/micro-images-pvc/specs935-v1/specs935-v1-FA-P015090-U2OS-48h-P8-L1/2021-12-18/854/specs935-v1-FA-P015090-U2OS-48h-P8-L1_H08_s9_w5511253CE-84BE-425D-9F00-D1E881810821.npy,dmso
P015090,I21,s1,dmso,/mnt/micro-images-pvc/specs935-v1/specs935-v1-FA-P015090-U2OS-48h-P8-L1/2021-12-18/854/specs935-v1-FA-P015090-U2OS-48h-P8-L1_I21_s1_w53194755F-5429-45EC-80EA-5035D93E144D.npy,dmso
P015090,I21,s2,dmso,/mnt/micro-images-pvc/specs935-v1/specs935-v1-FA-P015090-U2OS-48h-P8-L1/2021-12-18/854/specs935-v1-FA-P015090-U2OS-48h-P8-L1_I21_s2_w5CCD6D59A-1005-4275-805B-76F3C78762A9.npy,dmso
P015090,I21,s3,dmso,/mnt/micro-images-pvc/specs935-v1/specs935-v1-FA-P015090-U2OS-48h-P8-L1/2021-12-18/854/specs935-v1-FA-P015090-U2OS-48h-P8-L1_I21_s3_w5675A0E56-7487-42E5-AAF4-FCD5475A804A.npy,dmso
P015090,I21,s4,dmso,/mnt/micro-images-pvc/specs935-v1/specs935-v1-FA-P015090-U2OS-48h-P8-L1/2021-12-18/854/specs935-v1-FA-P015090-U2OS-48h-P8-L1_I21_s4_w56C541B3B-A8EA-4D32-BF87-1178A3D506FB.npy,dmso
P015090,I21,s5,dmso,/mnt/micro-images-pvc/specs935-v1/specs935-v1-FA-P015090-U2OS-48h-P8-L1/2021-12-18/854/specs935-v1-FA-P015090-U2OS-48h-P8-L1_I21_s5_w5035DE0FD-AA0C-43D7-B158-85D68463B28A.npy,dmso
P015090,I21,s6,dmso,/mnt/micro-images-pvc/specs935-v1/specs935-v1-FA-P015090-U2OS-48h-P8-L1/2021-12-18/854/specs935-v1-FA-P015090-U2OS-48h-P8-L1_I21_s6_w55BAAB112-F98E-452F-A2CD-7914C1919A3E.npy,dmso
P015090,I21,s7,dmso,/mnt/micro-images-pvc/specs935-v1/specs935-v1-FA-P015090-U2OS-48h-P8-L1/2021-12-18/854/specs935-v1-FA-P015090-U2OS-48h-P8-L1_I21_s7_w57655B339-948A-43DE-BAA8-9195D789A496.npy,dmso
P015090,I21,s8,dmso,/mnt/micro-images-pvc/specs935-v1/specs935-v1-FA-P015090-U2OS-48h-P8-L1/2021-12-18/854/specs935-v1-FA-P015090-U2OS-48h-P8-L1_I21_s8_w50E6552CB-49F2-4F25-8DE2-534532C68E31.npy,dmso
P015090,I21,s9,dmso,/mnt/micro-images-pvc/specs935-v1/specs935-v1-FA-P015090-U2OS-48h-P8-L1/2021-12-18/854/specs935-v1-FA-P015090-U2OS-48h-P8-L1_I21_s9_w5E6734C25-F113-47A1-832D-A1638AB8FA7F.npy,dmso
P015090,J11,s1,dmso,/mnt/micro-images-pvc/specs935-v1/specs935-v1-FA-P015090-U2OS-48h-P8-L1/2021-12-18/854/specs935-v1-FA-P015090-U2OS-48h-P8-L1_J11_s1_w5C1AD6A60-E31F-4A55-828E-D427A0EFAE09.npy,dmso
P015090,J11,s2,dmso,/mnt/micro-images-pvc/specs935-v1/specs935-v1-FA-P015090-U2OS-48h-P8-L1/2021-12-18/854/specs935-v1-FA-P015090-U2OS-48h-P8-L1_J11_s2_w5B3E08D1E-0509-4EFB-8BB0-C0E4D8724667.npy,dmso
P015090,J11,s3,dmso,/mnt/micro-images-pvc/specs935-v1/specs935-v1-FA-P015090-U2OS-48h-P8-L1/2021-12-18/854/specs935-v1-FA-P015090-U2OS-48h-P8-L1_J11_s3_w5DE036032-308B-4A28-927E-B3AA5D16850A.npy,dmso
P015090,J11,s4,dmso,/mnt/micro-images-pvc/specs935-v1/specs935-v1-FA-P015090-U2OS-48h-P8-L1/2021-12-18/854/specs935-v1-FA-P015090-U2OS-48h-P8-L1_J11_s4_w536E92A00-49E1-4230-B3AD-18872059852A.npy,dmso
P015090,J11,s5,dmso,/mnt/micro-images-pvc/specs935-v1/specs935-v1-FA-P015090-U2OS-48h-P8-L1/2021-12-18/854/specs935-v1-FA-P015090-U2OS-48h-P8-L1_J11_s5_w5047E1A2B-1E2E-4B88-AA27-C4E691F62A26.npy,dmso
P015090,J11,s6,dmso,/mnt/micro-images-pvc/specs935-v1/specs935-v1-FA-P015090-U2OS-48h-P8-L1/2021-12-18/854/specs935-v1-FA-P015090-U2OS-48h-P8-L1_J11_s6_w569FB83F4-6476-46B0-9C51-9D09A63AF8CF.npy,dmso
P015090,J11,s7,dmso,/mnt/micro-images-pvc/specs935-v1/specs935-v1-FA-P015090-U2OS-48h-P8-L1/2021-12-18/854/specs935-v1-FA-P015090-U2OS-48h-P8-L1_J11_s7_w598EDEAB2-99CC-4CD3-8CCE-079BFB88EEBB.npy,dmso
P015090,J11,s8,dmso,/mnt/micro-images-pvc/specs935-v1/specs935-v1-FA-P015090-U2OS-48h-P8-L1/2021-12-18/854/specs935-v1-FA-P015090-U2OS-48h-P8-L1_J11_s8_w59B11D122-D693-4249-90AF-9C6BA7DBE36C.npy,dmso
P015090,J11,s9,dmso,/mnt/micro-images-pvc/specs935-v1/specs935-v1-FA-P015090-U2OS-48h-P8-L1/2021-12-18/854/specs935-v1-FA-P015090-U2OS-48h-P8-L1_J11_s9_w502E51574-1F50-4269-B27A-7E55E39B01BD.npy,dmso
P015090,J16,s1,dmso,/mnt/micro-images-pvc/specs935-v1/specs935-v1-FA-P015090-U2OS-48h-P8-L1/2021-12-18/854/specs935-v1-FA-P015090-U2OS-48h-P8-L1_J16_s1_w585D20CED-27FB-4297-A2BD-FDEC662E0F31.npy,dmso
P015090,J16,s2,dmso,/mnt/micro-images-pvc/specs935-v1/specs935-v1-FA-P015090-U2OS-48h-P8-L1/2021-12-18/854/specs935-v1-FA-P015090-U2OS-48h-P8-L1_J16_s2_w568E993B0-8E73-4655-A7BF-C6018190C1F4.npy,dmso
P015090,J16,s3,dmso,/mnt/micro-images-pvc/specs935-v1/specs935-v1-FA-P015090-U2OS-48h-P8-L1/2021-12-18/854/specs935-v1-FA-P015090-U2OS-48h-P8-L1_J16_s3_w520D7B6F0-8A7B-450D-AFAD-8E1BD9355B85.npy,dmso
P015090,J16,s4,dmso,/mnt/micro-images-pvc/specs935-v1/specs935-v1-FA-P015090-U2OS-48h-P8-L1/2021-12-18/854/specs935-v1-FA-P015090-U2OS-48h-P8-L1_J16_s4_w51887847F-0202-49DE-9EF8-F28E651848C1.npy,dmso
P015090,J16,s5,dmso,/mnt/micro-images-pvc/specs935-v1/specs935-v1-FA-P015090-U2OS-48h-P8-L1/2021-12-18/854/specs935-v1-FA-P015090-U2OS-48h-P8-L1_J16_s5_w534419FE1-1921-433A-96A4-E2F68B407036.npy,dmso
P015090,J16,s6,dmso,/mnt/micro-images-pvc/specs935-v1/specs935-v1-FA-P015090-U2OS-48h-P8-L1/2021-12-18/854/specs935-v1-FA-P015090-U2OS-48h-P8-L1_J16_s6_w5B5ECC938-B01A-4683-8773-53D19538739C.npy,dmso
P015090,J16,s7,dmso,/mnt/micro-images-pvc/specs935-v1/specs935-v1-FA-P015090-U2OS-48h-P8-L1/2021-12-18/854/specs935-v1-FA-P015090-U2OS-48h-P8-L1_J16_s7_w5C4B73635-AC65-477F-B031-28DC7C170888.npy,dmso
P015090,J16,s8,dmso,/mnt/micro-images-pvc/specs935-v1/specs935-v1-FA-P015090-U2OS-48h-P8-L1/2021-12-18/854/specs935-v1-FA-P015090-U2OS-48h-P8-L1_J16_s8_w50644C8A7-4263-4744-BEAF-1C8DE47585D4.npy,dmso
P015090,J16,s9,dmso,/mnt/micro-images-pvc/specs935-v1/specs935-v1-FA-P015090-U2OS-48h-P8-L1/2021-12-18/854/specs935-v1-FA-P015090-U2OS-48h-P8-L1_J16_s9_w528D0A926-4DBC-46B0-98B5-455D000CBFCF.npy,dmso
P015090,L04,s1,dmso,/mnt/micro-images-pvc/specs935-v1/specs935-v1-FA-P015090-U2OS-48h-P8-L1/2021-12-18/854/specs935-v1-FA-P015090-U2OS-48h-P8-L1_L04_s1_w536AC5B23-3395-408E-B50E-530163F9E7E9.npy,dmso
P015090,L04,s2,dmso,/mnt/micro-images-pvc/specs935-v1/specs935-v1-FA-P015090-U2OS-48h-P8-L1/2021-12-18/854/specs935-v1-FA-P015090-U2OS-48h-P8-L1_L04_s2_w5251C2596-AF29-44B5-8B8C-BD7D472653D5.npy,dmso
P015090,L04,s3,dmso,/mnt/micro-images-pvc/specs935-v1/specs935-v1-FA-P015090-U2OS-48h-P8-L1/2021-12-18/854/specs935-v1-FA-P015090-U2OS-48h-P8-L1_L04_s3_w5D1E86EBD-4ADE-4F03-B900-632C22223F9F.npy,dmso
P015090,L04,s4,dmso,/mnt/micro-images-pvc/specs935-v1/specs935-v1-FA-P015090-U2OS-48h-P8-L1/2021-12-18/854/specs935-v1-FA-P015090-U2OS-48h-P8-L1_L04_s4_w56C79F660-3F06-4F9E-8CF0-E88BF8607970.npy,dmso
P015090,L04,s5,dmso,/mnt/micro-images-pvc/specs935-v1/specs935-v1-FA-P015090-U2OS-48h-P8-L1/2021-12-18/854/specs935-v1-FA-P015090-U2OS-48h-P8-L1_L04_s5_w588442585-01F6-4E2B-AFB8-D1CA79472598.npy,dmso
P015090,L04,s6,dmso,/mnt/micro-images-pvc/specs935-v1/specs935-v1-FA-P015090-U2OS-48h-P8-L1/2021-12-18/854/specs935-v1-FA-P015090-U2OS-48h-P8-L1_L04_s6_w5DEC92715-5760-435C-AFDC-5A18FE461693.npy,dmso
P015090,L04,s7,dmso,/mnt/micro-images-pvc/specs935-v1/specs935-v1-FA-P015090-U2OS-48h-P8-L1/2021-12-18/854/specs935-v1-FA-P015090-U2OS-48h-P8-L1_L04_s7_w533953604-3711-4F49-AABE-7726365A3EF6.npy,dmso
P015090,L04,s8,dmso,/mnt/micro-images-pvc/specs935-v1/specs935-v1-FA-P015090-U2OS-48h-P8-L1/2021-12-18/854/specs935-v1-FA-P015090-U2OS-48h-P8-L1_L04_s8_w562144F68-185F-41A1-B50A-694E931D3180.npy,dmso
P015090,L04,s9,dmso,/mnt/micro-images-pvc/specs935-v1/specs935-v1-FA-P015090-U2OS-48h-P8-L1/2021-12-18/854/specs935-v1-FA-P015090-U2OS-48h-P8-L1_L04_s9_w50ED23BCD-701C-4C7E-B2AE-759E3135C7D4.npy,dmso
P015090,L12,s1,dmso,/mnt/micro-images-pvc/specs935-v1/specs935-v1-FA-P015090-U2OS-48h-P8-L1/2021-12-18/854/specs935-v1-FA-P015090-U2OS-48h-P8-L1_L12_s1_w5D5F6FD95-DA1C-4016-B77F-4961444BBC22.npy,dmso
P015090,L12,s2,dmso,/mnt/micro-images-pvc/specs935-v1/specs935-v1-FA-P015090-U2OS-48h-P8-L1/2021-12-18/854/specs935-v1-FA-P015090-U2OS-48h-P8-L1_L12_s2_w546BB24E0-5C7D-4A01-962D-C47F4E4D89B4.npy,dmso
P015090,L12,s3,dmso,/mnt/micro-images-pvc/specs935-v1/specs935-v1-FA-P015090-U2OS-48h-P8-L1/2021-12-18/854/specs935-v1-FA-P015090-U2OS-48h-P8-L1_L12_s3_w5E22F5B0A-C3C5-4174-8BAD-6AFFB976ACB7.npy,dmso
P015090,L12,s4,dmso,/mnt/micro-images-pvc/specs935-v1/specs935-v1-FA-P015090-U2OS-48h-P8-L1/2021-12-18/854/specs935-v1-FA-P015090-U2OS-48h-P8-L1_L12_s4_w59C815EB8-CC3B-4493-B695-D27D40090854.npy,dmso
P015090,L12,s5,dmso,/mnt/micro-images-pvc/specs935-v1/specs935-v1-FA-P015090-U2OS-48h-P8-L1/2021-12-18/854/specs935-v1-FA-P015090-U2OS-48h-P8-L1_L12_s5_w54F4FCFDE-BF30-4CFC-97D2-3659E7FC1D98.npy,dmso
P015090,L12,s6,dmso,/mnt/micro-images-pvc/specs935-v1/specs935-v1-FA-P015090-U2OS-48h-P8-L1/2021-12-18/854/specs935-v1-FA-P015090-U2OS-48h-P8-L1_L12_s6_w531E42309-A433-4CB7-B058-9DD9A79B5FF2.npy,dmso
P015090,L12,s7,dmso,/mnt/micro-images-pvc/specs935-v1/specs935-v1-FA-P015090-U2OS-48h-P8-L1/2021-12-18/854/specs935-v1-FA-P015090-U2OS-48h-P8-L1_L12_s7_w5E66F5F30-3867-414B-99FD-3688A39702B7.npy,dmso
P015090,L12,s8,dmso,/mnt/micro-images-pvc/specs935-v1/specs935-v1-FA-P015090-U2OS-48h-P8-L1/2021-12-18/854/specs935-v1-FA-P015090-U2OS-48h-P8-L1_L12_s8_w5F6F2E6D2-B373-418A-8EF7-BBE17BC9FDDF.npy,dmso
P015090,L12,s9,dmso,/mnt/micro-images-pvc/specs935-v1/specs935-v1-FA-P015090-U2OS-48h-P8-L1/2021-12-18/854/specs935-v1-FA-P015090-U2OS-48h-P8-L1_L12_s9_w58EB3EBFD-7FF0-4CB7-AD34-13298C35CDFB.npy,dmso
P015090,M10,s1,dmso,/mnt/micro-images-pvc/specs935-v1/specs935-v1-FA-P015090-U2OS-48h-P8-L1/2021-12-18/854/specs935-v1-FA-P015090-U2OS-48h-P8-L1_M10_s1_w5E43693C3-6CFD-4336-A8C5-1FDB54481D6A.npy,dmso
P015090,M10,s2,dmso,/mnt/micro-images-pvc/specs935-v1/specs935-v1-FA-P015090-U2OS-48h-P8-L1/2021-12-18/854/specs935-v1-FA-P015090-U2OS-48h-P8-L1_M10_s2_w56F5DBEEB-9ECB-4BF6-AC49-D7AC56B1572E.npy,dmso
P015090,M10,s3,dmso,/mnt/micro-images-pvc/specs935-v1/specs935-v1-FA-P015090-U2OS-48h-P8-L1/2021-12-18/854/specs935-v1-FA-P015090-U2OS-48h-P8-L1_M10_s3_w573A0B180-4B6E-472F-9259-3F349A310E28.npy,dmso
P015090,M10,s4,dmso,/mnt/micro-images-pvc/specs935-v1/specs935-v1-FA-P015090-U2OS-48h-P8-L1/2021-12-18/854/specs935-v1-FA-P015090-U2OS-48h-P8-L1_M10_s4_w59B84E71D-BA96-464C-8E3F-34EC4D3B18DD.npy,dmso
P015090,M10,s5,dmso,/mnt/micro-images-pvc/specs935-v1/specs935-v1-FA-P015090-U2OS-48h-P8-L1/2021-12-18/854/specs935-v1-FA-P015090-U2OS-48h-P8-L1_M10_s5_w5B19C956B-DABF-4FB7-A4FD-68DA29169572.npy,dmso
P015090,M10,s6,dmso,/mnt/micro-images-pvc/specs935-v1/specs935-v1-FA-P015090-U2OS-48h-P8-L1/2021-12-18/854/specs935-v1-FA-P015090-U2OS-48h-P8-L1_M10_s6_w5E7127DDA-4561-4F10-9AA9-67069FC76B73.npy,dmso
P015090,M10,s7,dmso,/mnt/micro-images-pvc/specs935-v1/specs935-v1-FA-P015090-U2OS-48h-P8-L1/2021-12-18/854/specs935-v1-FA-P015090-U2OS-48h-P8-L1_M10_s7_w59156DF5B-48DB-487E-AFFD-15A682286577.npy,dmso
P015090,M10,s8,dmso,/mnt/micro-images-pvc/specs935-v1/specs935-v1-FA-P015090-U2OS-48h-P8-L1/2021-12-18/854/specs935-v1-FA-P015090-U2OS-48h-P8-L1_M10_s8_w5ADDC0087-D06D-4BCB-8FF4-CF8ABDF68242.npy,dmso
P015090,M10,s9,dmso,/mnt/micro-images-pvc/specs935-v1/specs935-v1-FA-P015090-U2OS-48h-P8-L1/2021-12-18/854/specs935-v1-FA-P015090-U2OS-48h-P8-L1_M10_s9_w53E31ACF3-C273-48E9-8E4E-8A078C60FA89.npy,dmso
P015090,N03,s1,dmso,/mnt/micro-images-pvc/specs935-v1/specs935-v1-FA-P015090-U2OS-48h-P8-L1/2021-12-18/854/specs935-v1-FA-P015090-U2OS-48h-P8-L1_N03_s1_w548FD9563-32D0-4581-AF45-840A09794759.npy,dmso
P015090,N03,s2,dmso,/mnt/micro-images-pvc/specs935-v1/specs935-v1-FA-P015090-U2OS-48h-P8-L1/2021-12-18/854/specs935-v1-FA-P015090-U2OS-48h-P8-L1_N03_s2_w5E07300F8-C233-409A-BBD4-AE15229F30C7.npy,dmso
P015090,N03,s3,dmso,/mnt/micro-images-pvc/specs935-v1/specs935-v1-FA-P015090-U2OS-48h-P8-L1/2021-12-18/854/specs935-v1-FA-P015090-U2OS-48h-P8-L1_N03_s3_w526670E35-9A58-4977-81DA-24EF83E5FE13.npy,dmso
P015090,N03,s4,dmso,/mnt/micro-images-pvc/specs935-v1/specs935-v1-FA-P015090-U2OS-48h-P8-L1/2021-12-18/854/specs935-v1-FA-P015090-U2OS-48h-P8-L1_N03_s4_w5D51C524E-615B-470F-9DD1-05EE451CA487.npy,dmso
P015090,N03,s5,dmso,/mnt/micro-images-pvc/specs935-v1/specs935-v1-FA-P015090-U2OS-48h-P8-L1/2021-12-18/854/specs935-v1-FA-P015090-U2OS-48h-P8-L1_N03_s5_w5B1AB36FC-A37B-4524-81AE-E26BB736CC17.npy,dmso
P015090,N03,s6,dmso,/mnt/micro-images-pvc/specs935-v1/specs935-v1-FA-P015090-U2OS-48h-P8-L1/2021-12-18/854/specs935-v1-FA-P015090-U2OS-48h-P8-L1_N03_s6_w507785666-2876-4EF9-9B9C-E95D0819F15D.npy,dmso
P015090,N03,s7,dmso,/mnt/micro-images-pvc/specs935-v1/specs935-v1-FA-P015090-U2OS-48h-P8-L1/2021-12-18/854/specs935-v1-FA-P015090-U2OS-48h-P8-L1_N03_s7_w50523B4DE-F81A-4F1A-ADD9-61DC297E98C1.npy,dmso
P015090,N03,s8,dmso,/mnt/micro-images-pvc/specs935-v1/specs935-v1-FA-P015090-U2OS-48h-P8-L1/2021-12-18/854/specs935-v1-FA-P015090-U2OS-48h-P8-L1_N03_s8_w55B669B1C-1F7F-4FE9-8EB7-043A21FABE0A.npy,dmso
P015090,N03,s9,dmso,/mnt/micro-images-pvc/specs935-v1/specs935-v1-FA-P015090-U2OS-48h-P8-L1/2021-12-18/854/specs935-v1-FA-P015090-U2OS-48h-P8-L1_N03_s9_w564E8FE46-E1ED-4E0F-9299-D6A6B11E4B6C.npy,dmso
P015091,B08,s1,dmso,/mnt/micro-images-pvc/specs935-v1/specs935-v1-FA-P015091-U2OS-48h-P8-L2/2021-12-22/870/specs935-v1-FA-P015091-U2OS-48h-P8-L2_B08_s1_w57AA481AE-828F-4818-AEA0-E9876D172FCD.npy,dmso
P015091,B08,s2,dmso,/mnt/micro-images-pvc/specs935-v1/specs935-v1-FA-P015091-U2OS-48h-P8-L2/2021-12-22/870/specs935-v1-FA-P015091-U2OS-48h-P8-L2_B08_s2_w5C40996E2-7B8B-4F02-81AB-893F015F61F3.npy,dmso
P015091,B08,s3,dmso,/mnt/micro-images-pvc/specs935-v1/specs935-v1-FA-P015091-U2OS-48h-P8-L2/2021-12-22/870/specs935-v1-FA-P015091-U2OS-48h-P8-L2_B08_s3_w58E7EF6E1-163B-4A70-B78C-B23E83C923DF.npy,dmso
P015091,B08,s4,dmso,/mnt/micro-images-pvc/specs935-v1/specs935-v1-FA-P015091-U2OS-48h-P8-L2/2021-12-22/870/specs935-v1-FA-P015091-U2OS-48h-P8-L2_B08_s4_w536617D62-0F66-4350-A872-AAC7980F5CD4.npy,dmso
P015091,B08,s5,dmso,/mnt/micro-images-pvc/specs935-v1/specs935-v1-FA-P015091-U2OS-48h-P8-L2/2021-12-22/870/specs935-v1-FA-P015091-U2OS-48h-P8-L2_B08_s5_w52D3DD4B4-553C-45DC-A35B-D2094B5EC866.npy,dmso
P015091,B08,s6,dmso,/mnt/micro-images-pvc/specs935-v1/specs935-v1-FA-P015091-U2OS-48h-P8-L2/2021-12-22/870/specs935-v1-FA-P015091-U2OS-48h-P8-L2_B08_s6_w5474BAD8A-0710-4A3C-A2EE-576F5AB0E6C5.npy,dmso
P015091,B08,s7,dmso,/mnt/micro-images-pvc/specs935-v1/specs935-v1-FA-P015091-U2OS-48h-P8-L2/2021-12-22/870/specs935-v1-FA-P015091-U2OS-48h-P8-L2_B08_s7_w57AE0B0C1-4775-458F-838A-7EA7B5B400D3.npy,dmso
P015091,B08,s8,dmso,/mnt/micro-images-pvc/specs935-v1/specs935-v1-FA-P015091-U2OS-48h-P8-L2/2021-12-22/870/specs935-v1-FA-P015091-U2OS-48h-P8-L2_B08_s8_w57F87ACA1-4AAA-453A-B153-BC0674691470.npy,dmso
P015091,B08,s9,dmso,/mnt/micro-images-pvc/specs935-v1/specs935-v1-FA-P015091-U2OS-48h-P8-L2/2021-12-22/870/specs935-v1-FA-P015091-U2OS-48h-P8-L2_B08_s9_w508319BED-94BE-4A6E-93A4-1112C9B02798.npy,dmso
P015091,B19,s1,dmso,/mnt/micro-images-pvc/specs935-v1/specs935-v1-FA-P015091-U2OS-48h-P8-L2/2021-12-22/870/specs935-v1-FA-P015091-U2OS-48h-P8-L2_B19_s1_w5F0CF8016-2696-40AC-9E42-D17E064A9F7A.npy,dmso
P015091,B19,s2,dmso,/mnt/micro-images-pvc/specs935-v1/specs935-v1-FA-P015091-U2OS-48h-P8-L2/2021-12-22/870/specs935-v1-FA-P015091-U2OS-48h-P8-L2_B19_s2_w5664C51ED-429E-4C99-865A-775600E98A49.npy,dmso
P015091,B19,s3,dmso,/mnt/micro-images-pvc/specs935-v1/specs935-v1-FA-P015091-U2OS-48h-P8-L2/2021-12-22/870/specs935-v1-FA-P015091-U2OS-48h-P8-L2_B19_s3_w562F6A0E5-DC43-4607-9F41-08B11D428720.npy,dmso
P015091,B19,s4,dmso,/mnt/micro-images-pvc/specs935-v1/specs935-v1-FA-P015091-U2OS-48h-P8-L2/2021-12-22/870/specs935-v1-FA-P015091-U2OS-48h-P8-L2_B19_s4_w5767D17C5-E641-478D-A756-CFCAF7C3EC4D.npy,dmso
P015091,B19,s5,dmso,/mnt/micro-images-pvc/specs935-v1/specs935-v1-FA-P015091-U2OS-48h-P8-L2/2021-12-22/870/specs935-v1-FA-P015091-U2OS-48h-P8-L2_B19_s5_w560981D5A-B71F-4871-888D-5CF5F6B2C202.npy,dmso
P015091,B19,s6,dmso,/mnt/micro-images-pvc/specs935-v1/specs935-v1-FA-P015091-U2OS-48h-P8-L2/2021-12-22/870/specs935-v1-FA-P015091-U2OS-48h-P8-L2_B19_s6_w5DD27C929-4B5B-4E05-9305-8E19B81A102C.npy,dmso
P015091,B19,s7,dmso,/mnt/micro-images-pvc/specs935-v1/specs935-v1-FA-P015091-U2OS-48h-P8-L2/2021-12-22/870/specs935-v1-FA-P015091-U2OS-48h-P8-L2_B19_s7_w5B64DC422-E8F5-4375-812A-8F442E0A0CF4.npy,dmso
P015091,B19,s8,dmso,/mnt/micro-images-pvc/specs935-v1/specs935-v1-FA-P015091-U2OS-48h-P8-L2/2021-12-22/870/specs935-v1-FA-P015091-U2OS-48h-P8-L2_B19_s8_w5A22AF2CD-4C1D-46BD-B318-A2C127DB2A1B.npy,dmso
P015091,B19,s9,dmso,/mnt/micro-images-pvc/specs935-v1/specs935-v1-FA-P015091-U2OS-48h-P8-L2/2021-12-22/870/specs935-v1-FA-P015091-U2OS-48h-P8-L2_B19_s9_w538504D9F-5FE7-4EF9-A8CC-464428A1AC4C.npy,dmso
P015091,C16,s1,dmso,/mnt/micro-images-pvc/specs935-v1/specs935-v1-FA-P015091-U2OS-48h-P8-L2/2021-12-22/870/specs935-v1-FA-P015091-U2OS-48h-P8-L2_C16_s1_w52688638C-62AE-4BBC-B6E5-CB7422C13A95.npy,dmso
P015091,C16,s2,dmso,/mnt/micro-images-pvc/specs935-v1/specs935-v1-FA-P015091-U2OS-48h-P8-L2/2021-12-22/870/specs935-v1-FA-P015091-U2OS-48h-P8-L2_C16_s2_w541D62160-E9CB-41BB-884C-0342F0038DB0.npy,dmso
P015091,C16,s3,dmso,/mnt/micro-images-pvc/specs935-v1/specs935-v1-FA-P015091-U2OS-48h-P8-L2/2021-12-22/870/specs935-v1-FA-P015091-U2OS-48h-P8-L2_C16_s3_w582880A4C-F2BD-466A-ACA2-4E532906D8BE.npy,dmso
P015091,C16,s4,dmso,/mnt/micro-images-pvc/specs935-v1/specs935-v1-FA-P015091-U2OS-48h-P8-L2/2021-12-22/870/specs935-v1-FA-P015091-U2OS-48h-P8-L2_C16_s4_w535E95F59-E6E4-4AA1-B413-95D3976D96F1.npy,dmso
P015091,C16,s5,dmso,/mnt/micro-images-pvc/specs935-v1/specs935-v1-FA-P015091-U2OS-48h-P8-L2/2021-12-22/870/specs935-v1-FA-P015091-U2OS-48h-P8-L2_C16_s5_w5708B3FC0-F9D6-481C-972B-348C32CB1915.npy,dmso
P015091,C16,s6,dmso,/mnt/micro-images-pvc/specs935-v1/specs935-v1-FA-P015091-U2OS-48h-P8-L2/2021-12-22/870/specs935-v1-FA-P015091-U2OS-48h-P8-L2_C16_s6_w5EB5BB2EA-74AA-4EC6-A3B9-634CA975DFDC.npy,dmso
P015091,C16,s7,dmso,/mnt/micro-images-pvc/specs935-v1/specs935-v1-FA-P015091-U2OS-48h-P8-L2/2021-12-22/870/specs935-v1-FA-P015091-U2OS-48h-P8-L2_C16_s7_w5412791C1-3AD6-46F4-A400-234AD0D271C1.npy,dmso
P015091,C16,s8,dmso,/mnt/micro-images-pvc/specs935-v1/specs935-v1-FA-P015091-U2OS-48h-P8-L2/2021-12-22/870/specs935-v1-FA-P015091-U2OS-48h-P8-L2_C16_s8_w540F70D50-3323-4972-8012-F8A7D7C663BB.npy,dmso
P015091,C16,s9,dmso,/mnt/micro-images-pvc/specs935-v1/specs935-v1-FA-P015091-U2OS-48h-P8-L2/2021-12-22/870/specs935-v1-FA-P015091-U2OS-48h-P8-L2_C16_s9_w501964A11-2AC0-459B-BD1A-6B0959B2E261.npy,dmso
P015091,D13,s1,dmso,/mnt/micro-images-pvc/specs935-v1/specs935-v1-FA-P015091-U2OS-48h-P8-L2/2021-12-22/870/specs935-v1-FA-P015091-U2OS-48h-P8-L2_D13_s1_w5E5AF9E7C-1715-4348-B31F-0488EEFA92C3.npy,dmso
P015091,D13,s2,dmso,/mnt/micro-images-pvc/specs935-v1/specs935-v1-FA-P015091-U2OS-48h-P8-L2/2021-12-22/870/specs935-v1-FA-P015091-U2OS-48h-P8-L2_D13_s2_w57BA478DD-DF93-43B2-86DF-74AA8AF3C198.npy,dmso
P015091,D13,s3,dmso,/mnt/micro-images-pvc/specs935-v1/specs935-v1-FA-P015091-U2OS-48h-P8-L2/2021-12-22/870/specs935-v1-FA-P015091-U2OS-48h-P8-L2_D13_s3_w5D5BD4ABE-DA45-4487-94B1-F1A10C3DA8BD.npy,dmso
P015091,D13,s4,dmso,/mnt/micro-images-pvc/specs935-v1/specs935-v1-FA-P015091-U2OS-48h-P8-L2/2021-12-22/870/specs935-v1-FA-P015091-U2OS-48h-P8-L2_D13_s4_w56E888F0D-05EB-4532-AB88-E121F61BA2CD.npy,dmso
P015091,D13,s5,dmso,/mnt/micro-images-pvc/specs935-v1/specs935-v1-FA-P015091-U2OS-48h-P8-L2/2021-12-22/870/specs935-v1-FA-P015091-U2OS-48h-P8-L2_D13_s5_w5C6324F0B-9F1C-4043-873F-DA9EA82D0EE4.npy,dmso
P015091,D13,s6,dmso,/mnt/micro-images-pvc/specs935-v1/specs935-v1-FA-P015091-U2OS-48h-P8-L2/2021-12-22/870/specs935-v1-FA-P015091-U2OS-48h-P8-L2_D13_s6_w568483513-3F33-4266-ACEE-D5F110178357.npy,dmso
P015091,D13,s7,dmso,/mnt/micro-images-pvc/specs935-v1/specs935-v1-FA-P015091-U2OS-48h-P8-L2/2021-12-22/870/specs935-v1-FA-P015091-U2OS-48h-P8-L2_D13_s7_w5795B5D17-D02B-4279-81B6-7D6CCD810A2B.npy,dmso
P015091,D13,s8,dmso,/mnt/micro-images-pvc/specs935-v1/specs935-v1-FA-P015091-U2OS-48h-P8-L2/2021-12-22/870/specs935-v1-FA-P015091-U2OS-48h-P8-L2_D13_s8_w57D726566-7502-496F-BC01-C6A12AC38B30.npy,dmso
P015091,D13,s9,dmso,/mnt/micro-images-pvc/specs935-v1/specs935-v1-FA-P015091-U2OS-48h-P8-L2/2021-12-22/870/specs935-v1-FA-P015091-U2OS-48h-P8-L2_D13_s9_w55A04BD39-A067-4F96-9028-281812D940B6.npy,dmso
P015091,D21,s1,dmso,/mnt/micro-images-pvc/specs935-v1/specs935-v1-FA-P015091-U2OS-48h-P8-L2/2021-12-22/870/specs935-v1-FA-P015091-U2OS-48h-P8-L2_D21_s1_w5A65C9285-C0A6-4955-BD95-F4C120DD295A.npy,dmso
P015091,D21,s2,dmso,/mnt/micro-images-pvc/specs935-v1/specs935-v1-FA-P015091-U2OS-48h-P8-L2/2021-12-22/870/specs935-v1-FA-P015091-U2OS-48h-P8-L2_D21_s2_w59EA93952-3567-4FC9-B60C-6E9F3256971A.npy,dmso
P015091,D21,s3,dmso,/mnt/micro-images-pvc/specs935-v1/specs935-v1-FA-P015091-U2OS-48h-P8-L2/2021-12-22/870/specs935-v1-FA-P015091-U2OS-48h-P8-L2_D21_s3_w564A8EEE4-D9AB-48A2-9AB2-44DDB7D5E7B5.npy,dmso
P015091,D21,s4,dmso,/mnt/micro-images-pvc/specs935-v1/specs935-v1-FA-P015091-U2OS-48h-P8-L2/2021-12-22/870/specs935-v1-FA-P015091-U2OS-48h-P8-L2_D21_s4_w5D380ECAA-45D3-4C25-8B11-5864690CA6DA.npy,dmso
P015091,D21,s5,dmso,/mnt/micro-images-pvc/specs935-v1/specs935-v1-FA-P015091-U2OS-48h-P8-L2/2021-12-22/870/specs935-v1-FA-P015091-U2OS-48h-P8-L2_D21_s5_w54FDD2A26-11AF-4312-8617-927755A62920.npy,dmso
P015091,D21,s6,dmso,/mnt/micro-images-pvc/specs935-v1/specs935-v1-FA-P015091-U2OS-48h-P8-L2/2021-12-22/870/specs935-v1-FA-P015091-U2OS-48h-P8-L2_D21_s6_w5FE5693AF-68DF-4774-88A3-0E095F2E5CA1.npy,dmso
P015091,D21,s7,dmso,/mnt/micro-images-pvc/specs935-v1/specs935-v1-FA-P015091-U2OS-48h-P8-L2/2021-12-22/870/specs935-v1-FA-P015091-U2OS-48h-P8-L2_D21_s7_w573C9DD2D-5E34-4106-9579-0E142ABC451B.npy,dmso
P015091,D21,s8,dmso,/mnt/micro-images-pvc/specs935-v1/specs935-v1-FA-P015091-U2OS-48h-P8-L2/2021-12-22/870/specs935-v1-FA-P015091-U2OS-48h-P8-L2_D21_s8_w570239110-1CFA-4973-A016-5DF229C8BE48.npy,dmso
P015091,D21,s9,dmso,/mnt/micro-images-pvc/specs935-v1/specs935-v1-FA-P015091-U2OS-48h-P8-L2/2021-12-22/870/specs935-v1-FA-P015091-U2OS-48h-P8-L2_D21_s9_w5C623CFB7-DE30-4687-B368-1DF9E243ADFD.npy,dmso
P015091,E17,s1,dmso,/mnt/micro-images-pvc/specs935-v1/specs935-v1-FA-P015091-U2OS-48h-P8-L2/2021-12-22/870/specs935-v1-FA-P015091-U2OS-48h-P8-L2_E17_s1_w599C218D6-E424-461B-B865-ADAD8B8CF7E0.npy,dmso
P015091,E17,s2,dmso,/mnt/micro-images-pvc/specs935-v1/specs935-v1-FA-P015091-U2OS-48h-P8-L2/2021-12-22/870/specs935-v1-FA-P015091-U2OS-48h-P8-L2_E17_s2_w5CCAA5B07-2CCB-4C7C-85D9-ED5CD4FABBDC.npy,dmso
P015091,E17,s3,dmso,/mnt/micro-images-pvc/specs935-v1/specs935-v1-FA-P015091-U2OS-48h-P8-L2/2021-12-22/870/specs935-v1-FA-P015091-U2OS-48h-P8-L2_E17_s3_w501AF3C39-C0DE-4D3F-899A-9C1145928A69.npy,dmso
P015091,E17,s4,dmso,/mnt/micro-images-pvc/specs935-v1/specs935-v1-FA-P015091-U2OS-48h-P8-L2/2021-12-22/870/specs935-v1-FA-P015091-U2OS-48h-P8-L2_E17_s4_w57C0217A7-D40A-4789-8BBE-CB75B1A686D0.npy,dmso
P015091,E17,s5,dmso,/mnt/micro-images-pvc/specs935-v1/specs935-v1-FA-P015091-U2OS-48h-P8-L2/2021-12-22/870/specs935-v1-FA-P015091-U2OS-48h-P8-L2_E17_s5_w596AF8FCD-AA0D-4340-A2F9-6048F59EE975.npy,dmso
P015091,E17,s6,dmso,/mnt/micro-images-pvc/specs935-v1/specs935-v1-FA-P015091-U2OS-48h-P8-L2/2021-12-22/870/specs935-v1-FA-P015091-U2OS-48h-P8-L2_E17_s6_w568EC6AD9-9CDE-440F-ACBD-8C71D5F11ACA.npy,dmso
P015091,E17,s7,dmso,/mnt/micro-images-pvc/specs935-v1/specs935-v1-FA-P015091-U2OS-48h-P8-L2/2021-12-22/870/specs935-v1-FA-P015091-U2OS-48h-P8-L2_E17_s7_w52898F176-AE15-48A6-9928-31D1D2E66A58.npy,dmso
P015091,E17,s8,dmso,/mnt/micro-images-pvc/specs935-v1/specs935-v1-FA-P015091-U2OS-48h-P8-L2/2021-12-22/870/specs935-v1-FA-P015091-U2OS-48h-P8-L2_E17_s8_w5338DC92D-8314-4FB9-98E7-66F0F3273286.npy,dmso
P015091,E17,s9,dmso,/mnt/micro-images-pvc/specs935-v1/specs935-v1-FA-P015091-U2OS-48h-P8-L2/2021-12-22/870/specs935-v1-FA-P015091-U2OS-48h-P8-L2_E17_s9_w53316D713-AFFA-4F7F-94C6-FE8E1EFDF363.npy,dmso
P015091,F15,s1,dmso,/mnt/micro-images-pvc/specs935-v1/specs935-v1-FA-P015091-U2OS-48h-P8-L2/2021-12-22/870/specs935-v1-FA-P015091-U2OS-48h-P8-L2_F15_s1_w58A056F48-4076-42A3-A5A4-978D0586B3E5.npy,dmso
P015091,F15,s2,dmso,/mnt/micro-images-pvc/specs935-v1/specs935-v1-FA-P015091-U2OS-48h-P8-L2/2021-12-22/870/specs935-v1-FA-P015091-U2OS-48h-P8-L2_F15_s2_w5A5E7B92C-D86E-4F59-962A-ADA3452E8BF3.npy,dmso
P015091,F15,s3,dmso,/mnt/micro-images-pvc/specs935-v1/specs935-v1-FA-P015091-U2OS-48h-P8-L2/2021-12-22/870/specs935-v1-FA-P015091-U2OS-48h-P8-L2_F15_s3_w5532D1FDC-8B81-401A-85E2-33C7F4C46D32.npy,dmso
P015091,F15,s4,dmso,/mnt/micro-images-pvc/specs935-v1/specs935-v1-FA-P015091-U2OS-48h-P8-L2/2021-12-22/870/specs935-v1-FA-P015091-U2OS-48h-P8-L2_F15_s4_w5B43AC207-EF53-4860-98D7-4A3C1EBE4C6D.npy,dmso
P015091,F15,s5,dmso,/mnt/micro-images-pvc/specs935-v1/specs935-v1-FA-P015091-U2OS-48h-P8-L2/2021-12-22/870/specs935-v1-FA-P015091-U2OS-48h-P8-L2_F15_s5_w5103E73E9-923D-4C6D-A18A-E36202695745.npy,dmso
P015091,F15,s6,dmso,/mnt/micro-images-pvc/specs935-v1/specs935-v1-FA-P015091-U2OS-48h-P8-L2/2021-12-22/870/specs935-v1-FA-P015091-U2OS-48h-P8-L2_F15_s6_w5CAD29ED4-50FE-4958-A535-064DE1B5A667.npy,dmso
P015091,F15,s7,dmso,/mnt/micro-images-pvc/specs935-v1/specs935-v1-FA-P015091-U2OS-48h-P8-L2/2021-12-22/870/specs935-v1-FA-P015091-U2OS-48h-P8-L2_F15_s7_w513982BC3-92C4-4E35-8E34-E0AD87302B99.npy,dmso
P015091,F15,s8,dmso,/mnt/micro-images-pvc/specs935-v1/specs935-v1-FA-P015091-U2OS-48h-P8-L2/2021-12-22/870/specs935-v1-FA-P015091-U2OS-48h-P8-L2_F15_s8_w583CE6684-B27E-43DD-BBEF-1CEDE344BD04.npy,dmso
P015091,F15,s9,dmso,/mnt/micro-images-pvc/specs935-v1/specs935-v1-FA-P015091-U2OS-48h-P8-L2/2021-12-22/870/specs935-v1-FA-P015091-U2OS-48h-P8-L2_F15_s9_w5066AF7B4-2E68-4F78-8B64-DB920E29F706.npy,dmso
P015091,G09,s1,dmso,/mnt/micro-images-pvc/specs935-v1/specs935-v1-FA-P015091-U2OS-48h-P8-L2/2021-12-22/870/specs935-v1-FA-P015091-U2OS-48h-P8-L2_G09_s1_w568FEC304-CB91-4A6D-8EE6-35CC7734ABBA.npy,dmso
P015091,G09,s2,dmso,/mnt/micro-images-pvc/specs935-v1/specs935-v1-FA-P015091-U2OS-48h-P8-L2/2021-12-22/870/specs935-v1-FA-P015091-U2OS-48h-P8-L2_G09_s2_w5871DB53F-F680-440B-9168-54BEB628A122.npy,dmso
P015091,G09,s3,dmso,/mnt/micro-images-pvc/specs935-v1/specs935-v1-FA-P015091-U2OS-48h-P8-L2/2021-12-22/870/specs935-v1-FA-P015091-U2OS-48h-P8-L2_G09_s3_w5FB1795A6-0604-4C63-A46D-C0FCAF456BF9.npy,dmso
P015091,G09,s4,dmso,/mnt/micro-images-pvc/specs935-v1/specs935-v1-FA-P015091-U2OS-48h-P8-L2/2021-12-22/870/specs935-v1-FA-P015091-U2OS-48h-P8-L2_G09_s4_w5B4D95799-3F3E-4F6F-BDEB-265FA44B9AA8.npy,dmso
P015091,G09,s5,dmso,/mnt/micro-images-pvc/specs935-v1/specs935-v1-FA-P015091-U2OS-48h-P8-L2/2021-12-22/870/specs935-v1-FA-P015091-U2OS-48h-P8-L2_G09_s5_w5CD306071-8872-402A-9346-68C7D94AC152.npy,dmso
P015091,G09,s6,dmso,/mnt/micro-images-pvc/specs935-v1/specs935-v1-FA-P015091-U2OS-48h-P8-L2/2021-12-22/870/specs935-v1-FA-P015091-U2OS-48h-P8-L2_G09_s6_w50AB35B93-E9AA-4EC5-B01C-9BC1C98440CF.npy,dmso
P015091,G09,s7,dmso,/mnt/micro-images-pvc/specs935-v1/specs935-v1-FA-P015091-U2OS-48h-P8-L2/2021-12-22/870/specs935-v1-FA-P015091-U2OS-48h-P8-L2_G09_s7_w5AB5F11C9-A07A-4FD3-A3C1-07A5CC2067BC.npy,dmso
P015091,G09,s8,dmso,/mnt/micro-images-pvc/specs935-v1/specs935-v1-FA-P015091-U2OS-48h-P8-L2/2021-12-22/870/specs935-v1-FA-P015091-U2OS-48h-P8-L2_G09_s8_w5CD678CB9-296C-40EF-A6DD-DFC75AE65818.npy,dmso
P015091,G09,s9,dmso,/mnt/micro-images-pvc/specs935-v1/specs935-v1-FA-P015091-U2OS-48h-P8-L2/2021-12-22/870/specs935-v1-FA-P015091-U2OS-48h-P8-L2_G09_s9_w50EE7C073-6493-45DB-9352-365BCDCF067E.npy,dmso
P015091,G22,s1,dmso,/mnt/micro-images-pvc/specs935-v1/specs935-v1-FA-P015091-U2OS-48h-P8-L2/2021-12-22/870/specs935-v1-FA-P015091-U2OS-48h-P8-L2_G22_s1_w54F4BBB66-D665-4008-B39D-39300CEA7D98.npy,dmso
P015091,G22,s2,dmso,/mnt/micro-images-pvc/specs935-v1/specs935-v1-FA-P015091-U2OS-48h-P8-L2/2021-12-22/870/specs935-v1-FA-P015091-U2OS-48h-P8-L2_G22_s2_w5AB8D219A-2DA7-4CF2-A1E4-171E8D4E27F1.npy,dmso
P015091,G22,s3,dmso,/mnt/micro-images-pvc/specs935-v1/specs935-v1-FA-P015091-U2OS-48h-P8-L2/2021-12-22/870/specs935-v1-FA-P015091-U2OS-48h-P8-L2_G22_s3_w59979F1EC-F77E-4DCA-8012-C403794BFA9F.npy,dmso
P015091,G22,s4,dmso,/mnt/micro-images-pvc/specs935-v1/specs935-v1-FA-P015091-U2OS-48h-P8-L2/2021-12-22/870/specs935-v1-FA-P015091-U2OS-48h-P8-L2_G22_s4_w5B2F8BE9F-5893-4003-B7AC-5CA74BEE7B02.npy,dmso
P015091,G22,s5,dmso,/mnt/micro-images-pvc/specs935-v1/specs935-v1-FA-P015091-U2OS-48h-P8-L2/2021-12-22/870/specs935-v1-FA-P015091-U2OS-48h-P8-L2_G22_s5_w512B3A2CB-3CCA-403C-96BF-90B08F9198B5.npy,dmso
P015091,G22,s6,dmso,/mnt/micro-images-pvc/specs935-v1/specs935-v1-FA-P015091-U2OS-48h-P8-L2/2021-12-22/870/specs935-v1-FA-P015091-U2OS-48h-P8-L2_G22_s6_w56D530E8D-739F-42BD-B00D-CCF3C4FC266C.npy,dmso
P015091,G22,s7,dmso,/mnt/micro-images-pvc/specs935-v1/specs935-v1-FA-P015091-U2OS-48h-P8-L2/2021-12-22/870/specs935-v1-FA-P015091-U2OS-48h-P8-L2_G22_s7_w5036BC7A3-93A2-4E96-BD2D-2F0787B50047.npy,dmso
P015091,G22,s8,dmso,/mnt/micro-images-pvc/specs935-v1/specs935-v1-FA-P015091-U2OS-48h-P8-L2/2021-12-22/870/specs935-v1-FA-P015091-U2OS-48h-P8-L2_G22_s8_w52A9965D2-A843-4E2E-9582-BF25491B6C80.npy,dmso
P015091,G22,s9,dmso,/mnt/micro-images-pvc/specs935-v1/specs935-v1-FA-P015091-U2OS-48h-P8-L2/2021-12-22/870/specs935-v1-FA-P015091-U2OS-48h-P8-L2_G22_s9_w59FA8D166-D818-4C35-9A07-549A4B7B89D7.npy,dmso
P015091,H06,s1,dmso,/mnt/micro-images-pvc/specs935-v1/specs935-v1-FA-P015091-U2OS-48h-P8-L2/2021-12-22/870/specs935-v1-FA-P015091-U2OS-48h-P8-L2_H06_s1_w54078D361-1519-4C7A-9ACA-3FDB98CA3C33.npy,dmso
P015091,H06,s2,dmso,/mnt/micro-images-pvc/specs935-v1/specs935-v1-FA-P015091-U2OS-48h-P8-L2/2021-12-22/870/specs935-v1-FA-P015091-U2OS-48h-P8-L2_H06_s2_w5E07C0506-E6F0-43AC-8E15-37CE0054FA75.npy,dmso
P015091,H06,s3,dmso,/mnt/micro-images-pvc/specs935-v1/specs935-v1-FA-P015091-U2OS-48h-P8-L2/2021-12-22/870/specs935-v1-FA-P015091-U2OS-48h-P8-L2_H06_s3_w5A451772D-9B33-4778-8F29-AA82EB54F84F.npy,dmso
P015091,H06,s4,dmso,/mnt/micro-images-pvc/specs935-v1/specs935-v1-FA-P015091-U2OS-48h-P8-L2/2021-12-22/870/specs935-v1-FA-P015091-U2OS-48h-P8-L2_H06_s4_w5DFD1B09C-14A1-4069-A8B9-3CBEAED2F5F9.npy,dmso
P015091,H06,s5,dmso,/mnt/micro-images-pvc/specs935-v1/specs935-v1-FA-P015091-U2OS-48h-P8-L2/2021-12-22/870/specs935-v1-FA-P015091-U2OS-48h-P8-L2_H06_s5_w57B935071-5A41-4951-B200-3F305AC2458F.npy,dmso
P015091,H06,s6,dmso,/mnt/micro-images-pvc/specs935-v1/specs935-v1-FA-P015091-U2OS-48h-P8-L2/2021-12-22/870/specs935-v1-FA-P015091-U2OS-48h-P8-L2_H06_s6_w556CFF21B-6303-4DCD-B954-8C49BAD9A8B7.npy,dmso
P015091,H06,s7,dmso,/mnt/micro-images-pvc/specs935-v1/specs935-v1-FA-P015091-U2OS-48h-P8-L2/2021-12-22/870/specs935-v1-FA-P015091-U2OS-48h-P8-L2_H06_s7_w5D1380573-9611-4D8A-BB26-D03B38F45D13.npy,dmso
P015091,H06,s8,dmso,/mnt/micro-images-pvc/specs935-v1/specs935-v1-FA-P015091-U2OS-48h-P8-L2/2021-12-22/870/specs935-v1-FA-P015091-U2OS-48h-P8-L2_H06_s8_w506E5F380-632F-4593-A043-2D384610001D.npy,dmso
P015091,H06,s9,dmso,/mnt/micro-images-pvc/specs935-v1/specs935-v1-FA-P015091-U2OS-48h-P8-L2/2021-12-22/870/specs935-v1-FA-P015091-U2OS-48h-P8-L2_H06_s9_w54E865568-96EF-4C85-AFAC-45CB64E9E5E7.npy,dmso
P015091,I02,s1,dmso,/mnt/micro-images-pvc/specs935-v1/specs935-v1-FA-P015091-U2OS-48h-P8-L2/2021-12-22/870/specs935-v1-FA-P015091-U2OS-48h-P8-L2_I02_s1_w5B6A341B1-A2D2-429E-B131-E8AEAE5D9E3C.npy,dmso
P015091,I02,s2,dmso,/mnt/micro-images-pvc/specs935-v1/specs935-v1-FA-P015091-U2OS-48h-P8-L2/2021-12-22/870/specs935-v1-FA-P015091-U2OS-48h-P8-L2_I02_s2_w5E107D4E9-E6BC-4657-92A3-EF0A380C5089.npy,dmso
P015091,I02,s3,dmso,/mnt/micro-images-pvc/specs935-v1/specs935-v1-FA-P015091-U2OS-48h-P8-L2/2021-12-22/870/specs935-v1-FA-P015091-U2OS-48h-P8-L2_I02_s3_w5A921B7FA-AFE8-469F-8911-310C0C945CB1.npy,dmso
P015091,I02,s4,dmso,/mnt/micro-images-pvc/specs935-v1/specs935-v1-FA-P015091-U2OS-48h-P8-L2/2021-12-22/870/specs935-v1-FA-P015091-U2OS-48h-P8-L2_I02_s4_w516872474-E42A-466E-8FE7-11FF9807DF1C.npy,dmso
P015091,I02,s5,dmso,/mnt/micro-images-pvc/specs935-v1/specs935-v1-FA-P015091-U2OS-48h-P8-L2/2021-12-22/870/specs935-v1-FA-P015091-U2OS-48h-P8-L2_I02_s5_w5E5BED69F-0F5E-4652-8F9E-D2592B19409C.npy,dmso
P015091,I02,s6,dmso,/mnt/micro-images-pvc/specs935-v1/specs935-v1-FA-P015091-U2OS-48h-P8-L2/2021-12-22/870/specs935-v1-FA-P015091-U2OS-48h-P8-L2_I02_s6_w53E8C94C7-70F6-4859-9798-1251AE6C4F73.npy,dmso
P015091,I02,s7,dmso,/mnt/micro-images-pvc/specs935-v1/specs935-v1-FA-P015091-U2OS-48h-P8-L2/2021-12-22/870/specs935-v1-FA-P015091-U2OS-48h-P8-L2_I02_s7_w5E65C5F12-1123-40C5-86C1-0C0D7BB4AE4F.npy,dmso
P015091,I02,s8,dmso,/mnt/micro-images-pvc/specs935-v1/specs935-v1-FA-P015091-U2OS-48h-P8-L2/2021-12-22/870/specs935-v1-FA-P015091-U2OS-48h-P8-L2_I02_s8_w5FDDE0E41-DD18-4045-A39E-2E3C5AC4D11E.npy,dmso
P015091,I02,s9,dmso,/mnt/micro-images-pvc/specs935-v1/specs935-v1-FA-P015091-U2OS-48h-P8-L2/2021-12-22/870/specs935-v1-FA-P015091-U2OS-48h-P8-L2_I02_s9_w52F6497AE-7D50-4DB7-9EB7-0D331AE32DD3.npy,dmso
P015091,J12,s1,dmso,/mnt/micro-images-pvc/specs935-v1/specs935-v1-FA-P015091-U2OS-48h-P8-L2/2021-12-22/870/specs935-v1-FA-P015091-U2OS-48h-P8-L2_J12_s1_w5153C891D-1912-4E94-B651-476995391552.npy,dmso
P015091,J12,s2,dmso,/mnt/micro-images-pvc/specs935-v1/specs935-v1-FA-P015091-U2OS-48h-P8-L2/2021-12-22/870/specs935-v1-FA-P015091-U2OS-48h-P8-L2_J12_s2_w570230641-7EAD-42DD-9F2A-48EBB317C967.npy,dmso
P015091,J12,s3,dmso,/mnt/micro-images-pvc/specs935-v1/specs935-v1-FA-P015091-U2OS-48h-P8-L2/2021-12-22/870/specs935-v1-FA-P015091-U2OS-48h-P8-L2_J12_s3_w5FAE39E9C-683A-4985-91FA-1D3D7C6A115B.npy,dmso
P015091,J12,s4,dmso,/mnt/micro-images-pvc/specs935-v1/specs935-v1-FA-P015091-U2OS-48h-P8-L2/2021-12-22/870/specs935-v1-FA-P015091-U2OS-48h-P8-L2_J12_s4_w50DBB22BE-7FB4-496D-955F-618938426123.npy,dmso
P015091,J12,s5,dmso,/mnt/micro-images-pvc/specs935-v1/specs935-v1-FA-P015091-U2OS-48h-P8-L2/2021-12-22/870/specs935-v1-FA-P015091-U2OS-48h-P8-L2_J12_s5_w51191989C-EA83-4F9B-9803-722340EC07E0.npy,dmso
P015091,J12,s6,dmso,/mnt/micro-images-pvc/specs935-v1/specs935-v1-FA-P015091-U2OS-48h-P8-L2/2021-12-22/870/specs935-v1-FA-P015091-U2OS-48h-P8-L2_J12_s6_w587C5932E-B987-4A31-BCA6-DCD5F2761849.npy,dmso
P015091,J12,s7,dmso,/mnt/micro-images-pvc/specs935-v1/specs935-v1-FA-P015091-U2OS-48h-P8-L2/2021-12-22/870/specs935-v1-FA-P015091-U2OS-48h-P8-L2_J12_s7_w57779EE2F-74F4-488D-9E88-5F6751B6F296.npy,dmso
P015091,J12,s8,dmso,/mnt/micro-images-pvc/specs935-v1/specs935-v1-FA-P015091-U2OS-48h-P8-L2/2021-12-22/870/specs935-v1-FA-P015091-U2OS-48h-P8-L2_J12_s8_w5FA42E8CD-4921-4CE9-9F19-A38FE38EB8E1.npy,dmso
P015091,J12,s9,dmso,/mnt/micro-images-pvc/specs935-v1/specs935-v1-FA-P015091-U2OS-48h-P8-L2/2021-12-22/870/specs935-v1-FA-P015091-U2OS-48h-P8-L2_J12_s9_w5EE37F855-D777-4BBD-84F0-659EC12E63A0.npy,dmso
P015091,K04,s1,dmso,/mnt/micro-images-pvc/specs935-v1/specs935-v1-FA-P015091-U2OS-48h-P8-L2/2021-12-22/870/specs935-v1-FA-P015091-U2OS-48h-P8-L2_K04_s1_w513D5257F-2EDB-456B-93BA-F6C1CFEF4BDD.npy,dmso
P015091,K04,s2,dmso,/mnt/micro-images-pvc/specs935-v1/specs935-v1-FA-P015091-U2OS-48h-P8-L2/2021-12-22/870/specs935-v1-FA-P015091-U2OS-48h-P8-L2_K04_s2_w5DABB2D29-BC22-43BE-83E2-0EC31396009C.npy,dmso
P015091,K04,s3,dmso,/mnt/micro-images-pvc/specs935-v1/specs935-v1-FA-P015091-U2OS-48h-P8-L2/2021-12-22/870/specs935-v1-FA-P015091-U2OS-48h-P8-L2_K04_s3_w5D412DD4F-B390-4EA7-B8D2-044D8CAFADE6.npy,dmso
P015091,K04,s4,dmso,/mnt/micro-images-pvc/specs935-v1/specs935-v1-FA-P015091-U2OS-48h-P8-L2/2021-12-22/870/specs935-v1-FA-P015091-U2OS-48h-P8-L2_K04_s4_w525DC66B9-F677-4A56-9569-80B3702177B4.npy,dmso
P015091,K04,s5,dmso,/mnt/micro-images-pvc/specs935-v1/specs935-v1-FA-P015091-U2OS-48h-P8-L2/2021-12-22/870/specs935-v1-FA-P015091-U2OS-48h-P8-L2_K04_s5_w5B0029B7E-92FD-4514-A2E5-835031D46DF8.npy,dmso
P015091,K04,s6,dmso,/mnt/micro-images-pvc/specs935-v1/specs935-v1-FA-P015091-U2OS-48h-P8-L2/2021-12-22/870/specs935-v1-FA-P015091-U2OS-48h-P8-L2_K04_s6_w5D19DF001-4812-4DD1-B922-3B72288B3D86.npy,dmso
P015091,K04,s7,dmso,/mnt/micro-images-pvc/specs935-v1/specs935-v1-FA-P015091-U2OS-48h-P8-L2/2021-12-22/870/specs935-v1-FA-P015091-U2OS-48h-P8-L2_K04_s7_w5692A4F2B-3D28-46B8-B22A-07F9867666F8.npy,dmso
P015091,K04,s8,dmso,/mnt/micro-images-pvc/specs935-v1/specs935-v1-FA-P015091-U2OS-48h-P8-L2/2021-12-22/870/specs935-v1-FA-P015091-U2OS-48h-P8-L2_K04_s8_w515877CBB-2C43-4407-8CB4-A8D2A9DC0CDF.npy,dmso
P015091,K04,s9,dmso,/mnt/micro-images-pvc/specs935-v1/specs935-v1-FA-P015091-U2OS-48h-P8-L2/2021-12-22/870/specs935-v1-FA-P015091-U2OS-48h-P8-L2_K04_s9_w5C654F3DD-508F-48A5-ADD5-A8259EB20018.npy,dmso
P015091,K14,s1,dmso,/mnt/micro-images-pvc/specs935-v1/specs935-v1-FA-P015091-U2OS-48h-P8-L2/2021-12-22/870/specs935-v1-FA-P015091-U2OS-48h-P8-L2_K14_s1_w5BBE3B8AF-2A5A-436B-BCA8-897A67EDBC12.npy,dmso
P015091,K14,s2,dmso,/mnt/micro-images-pvc/specs935-v1/specs935-v1-FA-P015091-U2OS-48h-P8-L2/2021-12-22/870/specs935-v1-FA-P015091-U2OS-48h-P8-L2_K14_s2_w5252A9F89-D78C-4FBB-B426-BCDBA560EC1E.npy,dmso
P015091,K14,s3,dmso,/mnt/micro-images-pvc/specs935-v1/specs935-v1-FA-P015091-U2OS-48h-P8-L2/2021-12-22/870/specs935-v1-FA-P015091-U2OS-48h-P8-L2_K14_s3_w5E0EE5872-B8DD-4B56-A603-6F50F3A31F1E.npy,dmso
P015091,K14,s4,dmso,/mnt/micro-images-pvc/specs935-v1/specs935-v1-FA-P015091-U2OS-48h-P8-L2/2021-12-22/870/specs935-v1-FA-P015091-U2OS-48h-P8-L2_K14_s4_w57FC21C3C-BD87-4490-81A1-33FD871E1697.npy,dmso
P015091,K14,s5,dmso,/mnt/micro-images-pvc/specs935-v1/specs935-v1-FA-P015091-U2OS-48h-P8-L2/2021-12-22/870/specs935-v1-FA-P015091-U2OS-48h-P8-L2_K14_s5_w58E2436C2-00B9-4E4F-9867-B69313C20BD7.npy,dmso
P015091,K14,s6,dmso,/mnt/micro-images-pvc/specs935-v1/specs935-v1-FA-P015091-U2OS-48h-P8-L2/2021-12-22/870/specs935-v1-FA-P015091-U2OS-48h-P8-L2_K14_s6_w5B9BBF93A-71DC-4EEE-8C38-3488F9321E21.npy,dmso
P015091,K14,s7,dmso,/mnt/micro-images-pvc/specs935-v1/specs935-v1-FA-P015091-U2OS-48h-P8-L2/2021-12-22/870/specs935-v1-FA-P015091-U2OS-48h-P8-L2_K14_s7_w5F448298A-E504-41FB-9D0E-E7C56F4E964C.npy,dmso
P015091,K14,s8,dmso,/mnt/micro-images-pvc/specs935-v1/specs935-v1-FA-P015091-U2OS-48h-P8-L2/2021-12-22/870/specs935-v1-FA-P015091-U2OS-48h-P8-L2_K14_s8_w543F0FF7F-F2D9-4D4B-97E7-9976EF7111DD.npy,dmso
P015091,K14,s9,dmso,/mnt/micro-images-pvc/specs935-v1/specs935-v1-FA-P015091-U2OS-48h-P8-L2/2021-12-22/870/specs935-v1-FA-P015091-U2OS-48h-P8-L2_K14_s9_w55765D6D2-BC17-41CF-B9ED-61910B70C5F8.npy,dmso
P015091,L23,s1,dmso,/mnt/micro-images-pvc/specs935-v1/specs935-v1-FA-P015091-U2OS-48h-P8-L2/2021-12-22/870/specs935-v1-FA-P015091-U2OS-48h-P8-L2_L23_s1_w5A86C883A-8372-4A7F-82EA-9C51AB89A5A0.npy,dmso
P015091,L23,s2,dmso,/mnt/micro-images-pvc/specs935-v1/specs935-v1-FA-P015091-U2OS-48h-P8-L2/2021-12-22/870/specs935-v1-FA-P015091-U2OS-48h-P8-L2_L23_s2_w5BC55E6C3-0569-4BC5-825C-8B4CD258620F.npy,dmso
P015091,L23,s3,dmso,/mnt/micro-images-pvc/specs935-v1/specs935-v1-FA-P015091-U2OS-48h-P8-L2/2021-12-22/870/specs935-v1-FA-P015091-U2OS-48h-P8-L2_L23_s3_w59BBDD9F9-E8E7-4F6C-B4F8-2D700099002B.npy,dmso
P015091,L23,s4,dmso,/mnt/micro-images-pvc/specs935-v1/specs935-v1-FA-P015091-U2OS-48h-P8-L2/2021-12-22/870/specs935-v1-FA-P015091-U2OS-48h-P8-L2_L23_s4_w56776AFA2-4D37-45EA-8DFF-2DEEF6712457.npy,dmso
P015091,L23,s5,dmso,/mnt/micro-images-pvc/specs935-v1/specs935-v1-FA-P015091-U2OS-48h-P8-L2/2021-12-22/870/specs935-v1-FA-P015091-U2OS-48h-P8-L2_L23_s5_w5DA9CD238-D6F4-410B-8585-23C211B36B0A.npy,dmso
P015091,L23,s6,dmso,/mnt/micro-images-pvc/specs935-v1/specs935-v1-FA-P015091-U2OS-48h-P8-L2/2021-12-22/870/specs935-v1-FA-P015091-U2OS-48h-P8-L2_L23_s6_w5A54B3AF2-40FC-4441-A94B-C31789579324.npy,dmso
P015091,L23,s7,dmso,/mnt/micro-images-pvc/specs935-v1/specs935-v1-FA-P015091-U2OS-48h-P8-L2/2021-12-22/870/specs935-v1-FA-P015091-U2OS-48h-P8-L2_L23_s7_w5A9FA2CAF-4899-442C-98AB-D13285762831.npy,dmso
P015091,L23,s8,dmso,/mnt/micro-images-pvc/specs935-v1/specs935-v1-FA-P015091-U2OS-48h-P8-L2/2021-12-22/870/specs935-v1-FA-P015091-U2OS-48h-P8-L2_L23_s8_w5FC8680E5-2473-4112-93DB-3134FDE50414.npy,dmso
P015091,L23,s9,dmso,/mnt/micro-images-pvc/specs935-v1/specs935-v1-FA-P015091-U2OS-48h-P8-L2/2021-12-22/870/specs935-v1-FA-P015091-U2OS-48h-P8-L2_L23_s9_w5EC08ECEA-3E79-4B61-B772-7552CE2F71A2.npy,dmso
P015091,N05,s1,dmso,/mnt/micro-images-pvc/specs935-v1/specs935-v1-FA-P015091-U2OS-48h-P8-L2/2021-12-22/870/specs935-v1-FA-P015091-U2OS-48h-P8-L2_N05_s1_w51978C9E8-2C95-4E18-9BBA-3445872B4D67.npy,dmso
P015091,N05,s2,dmso,/mnt/micro-images-pvc/specs935-v1/specs935-v1-FA-P015091-U2OS-48h-P8-L2/2021-12-22/870/specs935-v1-FA-P015091-U2OS-48h-P8-L2_N05_s2_w5B9D8318D-047D-4E07-B272-576DB8F639AD.npy,dmso
P015091,N05,s3,dmso,/mnt/micro-images-pvc/specs935-v1/specs935-v1-FA-P015091-U2OS-48h-P8-L2/2021-12-22/870/specs935-v1-FA-P015091-U2OS-48h-P8-L2_N05_s3_w56E9456B0-4095-44F9-8A56-1E961FECDAA8.npy,dmso
P015091,N05,s4,dmso,/mnt/micro-images-pvc/specs935-v1/specs935-v1-FA-P015091-U2OS-48h-P8-L2/2021-12-22/870/specs935-v1-FA-P015091-U2OS-48h-P8-L2_N05_s4_w5328E34B5-225B-478E-B472-92364F34B6DD.npy,dmso
P015091,N05,s5,dmso,/mnt/micro-images-pvc/specs935-v1/specs935-v1-FA-P015091-U2OS-48h-P8-L2/2021-12-22/870/specs935-v1-FA-P015091-U2OS-48h-P8-L2_N05_s5_w5B2325168-AB3B-4B7A-9AA2-6107F873B2BF.npy,dmso
P015091,N05,s6,dmso,/mnt/micro-images-pvc/specs935-v1/specs935-v1-FA-P015091-U2OS-48h-P8-L2/2021-12-22/870/specs935-v1-FA-P015091-U2OS-48h-P8-L2_N05_s6_w59B08B818-4250-4AB0-A807-3599D5C5CC34.npy,dmso
P015091,N05,s7,dmso,/mnt/micro-images-pvc/specs935-v1/specs935-v1-FA-P015091-U2OS-48h-P8-L2/2021-12-22/870/specs935-v1-FA-P015091-U2OS-48h-P8-L2_N05_s7_w5B2848DDE-352C-48FF-BF59-28DE93BFD5CD.npy,dmso
P015091,N05,s8,dmso,/mnt/micro-images-pvc/specs935-v1/specs935-v1-FA-P015091-U2OS-48h-P8-L2/2021-12-22/870/specs935-v1-FA-P015091-U2OS-48h-P8-L2_N05_s8_w53CBE77C4-430B-418A-A206-8D9683EF87F9.npy,dmso
P015091,N05,s9,dmso,/mnt/micro-images-pvc/specs935-v1/specs935-v1-FA-P015091-U2OS-48h-P8-L2/2021-12-22/870/specs935-v1-FA-P015091-U2OS-48h-P8-L2_N05_s9_w5FD0CF647-AF3B-43D7-9919-1B5010334ACB.npy,dmso
P015091,O03,s1,dmso,/mnt/micro-images-pvc/specs935-v1/specs935-v1-FA-P015091-U2OS-48h-P8-L2/2021-12-22/870/specs935-v1-FA-P015091-U2OS-48h-P8-L2_O03_s1_w5120563C1-F600-42B2-9280-534264F22FC0.npy,dmso
P015091,O03,s2,dmso,/mnt/micro-images-pvc/specs935-v1/specs935-v1-FA-P015091-U2OS-48h-P8-L2/2021-12-22/870/specs935-v1-FA-P015091-U2OS-48h-P8-L2_O03_s2_w5F34AA067-4072-4BB5-9DB1-05ADD3A4D325.npy,dmso
P015091,O03,s3,dmso,/mnt/micro-images-pvc/specs935-v1/specs935-v1-FA-P015091-U2OS-48h-P8-L2/2021-12-22/870/specs935-v1-FA-P015091-U2OS-48h-P8-L2_O03_s3_w58DBFDAC6-12B2-48D8-9159-2DB20CD26013.npy,dmso
P015091,O03,s4,dmso,/mnt/micro-images-pvc/specs935-v1/specs935-v1-FA-P015091-U2OS-48h-P8-L2/2021-12-22/870/specs935-v1-FA-P015091-U2OS-48h-P8-L2_O03_s4_w5B7B4E37A-0DEC-4577-8388-71061CC08224.npy,dmso
P015091,O03,s5,dmso,/mnt/micro-images-pvc/specs935-v1/specs935-v1-FA-P015091-U2OS-48h-P8-L2/2021-12-22/870/specs935-v1-FA-P015091-U2OS-48h-P8-L2_O03_s5_w5EE44068F-B3A3-42BF-B8BF-8B0C5B375A03.npy,dmso
P015091,O03,s6,dmso,/mnt/micro-images-pvc/specs935-v1/specs935-v1-FA-P015091-U2OS-48h-P8-L2/2021-12-22/870/specs935-v1-FA-P015091-U2OS-48h-P8-L2_O03_s6_w505982B3F-9901-49D3-9DD7-18B9741C7108.npy,dmso
P015091,O03,s7,dmso,/mnt/micro-images-pvc/specs935-v1/specs935-v1-FA-P015091-U2OS-48h-P8-L2/2021-12-22/870/specs935-v1-FA-P015091-U2OS-48h-P8-L2_O03_s7_w525F26323-76CE-459B-8E5B-485EEAD5A058.npy,dmso
P015091,O03,s8,dmso,/mnt/micro-images-pvc/specs935-v1/specs935-v1-FA-P015091-U2OS-48h-P8-L2/2021-12-22/870/specs935-v1-FA-P015091-U2OS-48h-P8-L2_O03_s8_w5E5443F86-B65A-4BFD-B7CD-B1B3B09428E7.npy,dmso
P015091,O03,s9,dmso,/mnt/micro-images-pvc/specs935-v1/specs935-v1-FA-P015091-U2OS-48h-P8-L2/2021-12-22/870/specs935-v1-FA-P015091-U2OS-48h-P8-L2_O03_s9_w57A919958-035A-4BCC-8D96-C603399F6193.npy,dmso
P015091,O07,s1,dmso,/mnt/micro-images-pvc/specs935-v1/specs935-v1-FA-P015091-U2OS-48h-P8-L2/2021-12-22/870/specs935-v1-FA-P015091-U2OS-48h-P8-L2_O07_s1_w55DEE97BA-31B9-4882-BF84-C1CE37A49D8E.npy,dmso
P015091,O07,s2,dmso,/mnt/micro-images-pvc/specs935-v1/specs935-v1-FA-P015091-U2OS-48h-P8-L2/2021-12-22/870/specs935-v1-FA-P015091-U2OS-48h-P8-L2_O07_s2_w5041F9847-2946-449A-B456-8F3630FE2F24.npy,dmso
P015091,O07,s3,dmso,/mnt/micro-images-pvc/specs935-v1/specs935-v1-FA-P015091-U2OS-48h-P8-L2/2021-12-22/870/specs935-v1-FA-P015091-U2OS-48h-P8-L2_O07_s3_w5D5332708-2744-453C-B051-E46F93737D54.npy,dmso
P015091,O07,s4,dmso,/mnt/micro-images-pvc/specs935-v1/specs935-v1-FA-P015091-U2OS-48h-P8-L2/2021-12-22/870/specs935-v1-FA-P015091-U2OS-48h-P8-L2_O07_s4_w5D4D5C3E2-6C71-4FF2-B66A-F4C91CEE26B1.npy,dmso
P015091,O07,s5,dmso,/mnt/micro-images-pvc/specs935-v1/specs935-v1-FA-P015091-U2OS-48h-P8-L2/2021-12-22/870/specs935-v1-FA-P015091-U2OS-48h-P8-L2_O07_s5_w51E953C91-7E35-40A0-966F-DE1761A1AE20.npy,dmso
P015091,O07,s6,dmso,/mnt/micro-images-pvc/specs935-v1/specs935-v1-FA-P015091-U2OS-48h-P8-L2/2021-12-22/870/specs935-v1-FA-P015091-U2OS-48h-P8-L2_O07_s6_w5E09ADB40-6F72-4FF4-9F38-247923E01339.npy,dmso
P015091,O07,s7,dmso,/mnt/micro-images-pvc/specs935-v1/specs935-v1-FA-P015091-U2OS-48h-P8-L2/2021-12-22/870/specs935-v1-FA-P015091-U2OS-48h-P8-L2_O07_s7_w50F637E64-5C4F-4919-84F1-6046FBD5FB7C.npy,dmso
P015091,O07,s8,dmso,/mnt/micro-images-pvc/specs935-v1/specs935-v1-FA-P015091-U2OS-48h-P8-L2/2021-12-22/870/specs935-v1-FA-P015091-U2OS-48h-P8-L2_O07_s8_w55EA203FB-E509-475D-8666-5EC31262279C.npy,dmso
P015091,O07,s9,dmso,/mnt/micro-images-pvc/specs935-v1/specs935-v1-FA-P015091-U2OS-48h-P8-L2/2021-12-22/870/specs935-v1-FA-P015091-U2OS-48h-P8-L2_O07_s9_w52E5B37E3-0707-4A23-8F42-1A59EFB3C584.npy,dmso
P015092,C16,s1,dmso,/mnt/micro-images-pvc/specs935-v1/specs935-v1-FA-P015092-U2OS-48h-P9-L1/2021-12-18/855/specs935-v1-FA-P015092-U2OS-48h-P9-L1_C16_s1_w5F3903B2E-BD56-45FD-A070-D6B7C732594D.npy,dmso
P015092,C16,s2,dmso,/mnt/micro-images-pvc/specs935-v1/specs935-v1-FA-P015092-U2OS-48h-P9-L1/2021-12-18/855/specs935-v1-FA-P015092-U2OS-48h-P9-L1_C16_s2_w5013A3B24-0DA0-43FE-B6A0-558D75C28EDE.npy,dmso
P015092,C16,s3,dmso,/mnt/micro-images-pvc/specs935-v1/specs935-v1-FA-P015092-U2OS-48h-P9-L1/2021-12-18/855/specs935-v1-FA-P015092-U2OS-48h-P9-L1_C16_s3_w5BFFB0410-1551-4FBB-8422-515CD8A156CC.npy,dmso
P015092,C16,s4,dmso,/mnt/micro-images-pvc/specs935-v1/specs935-v1-FA-P015092-U2OS-48h-P9-L1/2021-12-18/855/specs935-v1-FA-P015092-U2OS-48h-P9-L1_C16_s4_w53DD82EF0-01D7-48ED-882F-9B664D31DA77.npy,dmso
P015092,C16,s5,dmso,/mnt/micro-images-pvc/specs935-v1/specs935-v1-FA-P015092-U2OS-48h-P9-L1/2021-12-18/855/specs935-v1-FA-P015092-U2OS-48h-P9-L1_C16_s5_w521B47BB8-6B4C-4E58-B7B6-1656F1A26FE1.npy,dmso
P015092,C16,s6,dmso,/mnt/micro-images-pvc/specs935-v1/specs935-v1-FA-P015092-U2OS-48h-P9-L1/2021-12-18/855/specs935-v1-FA-P015092-U2OS-48h-P9-L1_C16_s6_w545F0DB10-3C9B-4A4B-8E02-75BC2DBB5211.npy,dmso
P015092,C16,s7,dmso,/mnt/micro-images-pvc/specs935-v1/specs935-v1-FA-P015092-U2OS-48h-P9-L1/2021-12-18/855/specs935-v1-FA-P015092-U2OS-48h-P9-L1_C16_s7_w5CB5FECC1-9D8D-4A19-82A9-61A22931EF21.npy,dmso
P015092,C16,s8,dmso,/mnt/micro-images-pvc/specs935-v1/specs935-v1-FA-P015092-U2OS-48h-P9-L1/2021-12-18/855/specs935-v1-FA-P015092-U2OS-48h-P9-L1_C16_s8_w575EA14D7-5134-4BBD-B2DC-957CED575659.npy,dmso
P015092,C16,s9,dmso,/mnt/micro-images-pvc/specs935-v1/specs935-v1-FA-P015092-U2OS-48h-P9-L1/2021-12-18/855/specs935-v1-FA-P015092-U2OS-48h-P9-L1_C16_s9_w517CE5BC5-EE6F-4E0D-9335-9787C5142AEC.npy,dmso
P015092,E07,s1,dmso,/mnt/micro-images-pvc/specs935-v1/specs935-v1-FA-P015092-U2OS-48h-P9-L1/2021-12-18/855/specs935-v1-FA-P015092-U2OS-48h-P9-L1_E07_s1_w5E5D5FE3B-7CA3-4BB9-8B31-CD768825699D.npy,dmso
P015092,E07,s2,dmso,/mnt/micro-images-pvc/specs935-v1/specs935-v1-FA-P015092-U2OS-48h-P9-L1/2021-12-18/855/specs935-v1-FA-P015092-U2OS-48h-P9-L1_E07_s2_w57F42222B-BE66-488E-BEF0-D0B6655862D3.npy,dmso
P015092,E07,s3,dmso,/mnt/micro-images-pvc/specs935-v1/specs935-v1-FA-P015092-U2OS-48h-P9-L1/2021-12-18/855/specs935-v1-FA-P015092-U2OS-48h-P9-L1_E07_s3_w5BF30EA9A-B14D-4975-A109-073E4D6F5682.npy,dmso
P015092,E07,s4,dmso,/mnt/micro-images-pvc/specs935-v1/specs935-v1-FA-P015092-U2OS-48h-P9-L1/2021-12-18/855/specs935-v1-FA-P015092-U2OS-48h-P9-L1_E07_s4_w5AB070889-4C45-4872-9F68-53FA09A2593A.npy,dmso
P015092,E07,s5,dmso,/mnt/micro-images-pvc/specs935-v1/specs935-v1-FA-P015092-U2OS-48h-P9-L1/2021-12-18/855/specs935-v1-FA-P015092-U2OS-48h-P9-L1_E07_s5_w5C1D940AC-AC96-49D7-AF89-66E5B20C832D.npy,dmso
P015092,E07,s6,dmso,/mnt/micro-images-pvc/specs935-v1/specs935-v1-FA-P015092-U2OS-48h-P9-L1/2021-12-18/855/specs935-v1-FA-P015092-U2OS-48h-P9-L1_E07_s6_w5B1B9BFAD-72C1-477B-BAC2-E8F15E79C662.npy,dmso
P015092,E07,s7,dmso,/mnt/micro-images-pvc/specs935-v1/specs935-v1-FA-P015092-U2OS-48h-P9-L1/2021-12-18/855/specs935-v1-FA-P015092-U2OS-48h-P9-L1_E07_s7_w56F88BD04-B454-47DB-8BE6-7C28BFC40123.npy,dmso
P015092,E07,s8,dmso,/mnt/micro-images-pvc/specs935-v1/specs935-v1-FA-P015092-U2OS-48h-P9-L1/2021-12-18/855/specs935-v1-FA-P015092-U2OS-48h-P9-L1_E07_s8_w5EE12AA1C-BF67-40C0-B286-97958DAA2F43.npy,dmso
P015092,E07,s9,dmso,/mnt/micro-images-pvc/specs935-v1/specs935-v1-FA-P015092-U2OS-48h-P9-L1/2021-12-18/855/specs935-v1-FA-P015092-U2OS-48h-P9-L1_E07_s9_w51A9460B0-C9FE-4820-8A0B-7FC079013A1E.npy,dmso
P015092,F03,s1,dmso,/mnt/micro-images-pvc/specs935-v1/specs935-v1-FA-P015092-U2OS-48h-P9-L1/2021-12-18/855/specs935-v1-FA-P015092-U2OS-48h-P9-L1_F03_s1_w55FAA6BF5-95A1-4841-8AAE-E87C07F63D3C.npy,dmso
P015092,F03,s2,dmso,/mnt/micro-images-pvc/specs935-v1/specs935-v1-FA-P015092-U2OS-48h-P9-L1/2021-12-18/855/specs935-v1-FA-P015092-U2OS-48h-P9-L1_F03_s2_w59FCA14D3-6DCE-4C20-B84C-AF0C09721620.npy,dmso
P015092,F03,s3,dmso,/mnt/micro-images-pvc/specs935-v1/specs935-v1-FA-P015092-U2OS-48h-P9-L1/2021-12-18/855/specs935-v1-FA-P015092-U2OS-48h-P9-L1_F03_s3_w54925D9BF-94FF-4EF4-9A2A-DD95062BCBA3.npy,dmso
P015092,F03,s4,dmso,/mnt/micro-images-pvc/specs935-v1/specs935-v1-FA-P015092-U2OS-48h-P9-L1/2021-12-18/855/specs935-v1-FA-P015092-U2OS-48h-P9-L1_F03_s4_w584E7FB87-3E0E-4D1F-AD5E-745EA0D8B22A.npy,dmso
P015092,F03,s5,dmso,/mnt/micro-images-pvc/specs935-v1/specs935-v1-FA-P015092-U2OS-48h-P9-L1/2021-12-18/855/specs935-v1-FA-P015092-U2OS-48h-P9-L1_F03_s5_w5FDF0D866-AA9F-4D06-8466-813A2B3B908B.npy,dmso
P015092,F03,s6,dmso,/mnt/micro-images-pvc/specs935-v1/specs935-v1-FA-P015092-U2OS-48h-P9-L1/2021-12-18/855/specs935-v1-FA-P015092-U2OS-48h-P9-L1_F03_s6_w5777DDCA6-F3D9-4786-B2DC-7A315E2FF22C.npy,dmso
P015092,F03,s7,dmso,/mnt/micro-images-pvc/specs935-v1/specs935-v1-FA-P015092-U2OS-48h-P9-L1/2021-12-18/855/specs935-v1-FA-P015092-U2OS-48h-P9-L1_F03_s7_w5FE1A9461-9E11-4BB9-A58A-E952BF678CC7.npy,dmso
P015092,F03,s8,dmso,/mnt/micro-images-pvc/specs935-v1/specs935-v1-FA-P015092-U2OS-48h-P9-L1/2021-12-18/855/specs935-v1-FA-P015092-U2OS-48h-P9-L1_F03_s8_w5780A1137-8772-4EB1-AF01-95D27EA10FC9.npy,dmso
P015092,F03,s9,dmso,/mnt/micro-images-pvc/specs935-v1/specs935-v1-FA-P015092-U2OS-48h-P9-L1/2021-12-18/855/specs935-v1-FA-P015092-U2OS-48h-P9-L1_F03_s9_w587D75F8F-1AD1-43DE-A6EA-368519C18185.npy,dmso
P015092,F21,s1,dmso,/mnt/micro-images-pvc/specs935-v1/specs935-v1-FA-P015092-U2OS-48h-P9-L1/2021-12-18/855/specs935-v1-FA-P015092-U2OS-48h-P9-L1_F21_s1_w55EFCA342-2664-4C74-BDC8-CBDD8E4AD921.npy,dmso
P015092,F21,s2,dmso,/mnt/micro-images-pvc/specs935-v1/specs935-v1-FA-P015092-U2OS-48h-P9-L1/2021-12-18/855/specs935-v1-FA-P015092-U2OS-48h-P9-L1_F21_s2_w5E445D286-B554-453F-B8BD-622FF0526427.npy,dmso
P015092,F21,s3,dmso,/mnt/micro-images-pvc/specs935-v1/specs935-v1-FA-P015092-U2OS-48h-P9-L1/2021-12-18/855/specs935-v1-FA-P015092-U2OS-48h-P9-L1_F21_s3_w5489BF746-A5BB-49BC-807A-CEFFE9EF9E2A.npy,dmso
P015092,F21,s4,dmso,/mnt/micro-images-pvc/specs935-v1/specs935-v1-FA-P015092-U2OS-48h-P9-L1/2021-12-18/855/specs935-v1-FA-P015092-U2OS-48h-P9-L1_F21_s4_w5E2BBB36A-BCCE-4CBD-889C-F5164FEEFD68.npy,dmso
P015092,F21,s5,dmso,/mnt/micro-images-pvc/specs935-v1/specs935-v1-FA-P015092-U2OS-48h-P9-L1/2021-12-18/855/specs935-v1-FA-P015092-U2OS-48h-P9-L1_F21_s5_w5C304BB75-097E-4F92-8575-C22140447BE1.npy,dmso
P015092,F21,s6,dmso,/mnt/micro-images-pvc/specs935-v1/specs935-v1-FA-P015092-U2OS-48h-P9-L1/2021-12-18/855/specs935-v1-FA-P015092-U2OS-48h-P9-L1_F21_s6_w50EAB78AE-2641-4071-8D65-68E49849692B.npy,dmso
P015092,F21,s7,dmso,/mnt/micro-images-pvc/specs935-v1/specs935-v1-FA-P015092-U2OS-48h-P9-L1/2021-12-18/855/specs935-v1-FA-P015092-U2OS-48h-P9-L1_F21_s7_w5F3FFED33-EE2A-4E1C-BBEA-33BE2881153E.npy,dmso
P015092,F21,s8,dmso,/mnt/micro-images-pvc/specs935-v1/specs935-v1-FA-P015092-U2OS-48h-P9-L1/2021-12-18/855/specs935-v1-FA-P015092-U2OS-48h-P9-L1_F21_s8_w5FA3CB4E4-A7AF-42B2-BD8B-A3F1E1A1995E.npy,dmso
P015092,F21,s9,dmso,/mnt/micro-images-pvc/specs935-v1/specs935-v1-FA-P015092-U2OS-48h-P9-L1/2021-12-18/855/specs935-v1-FA-P015092-U2OS-48h-P9-L1_F21_s9_w5BED3D6A1-A38D-4145-B6E6-16B0EBE63222.npy,dmso
P015092,G11,s1,dmso,/mnt/micro-images-pvc/specs935-v1/specs935-v1-FA-P015092-U2OS-48h-P9-L1/2021-12-18/855/specs935-v1-FA-P015092-U2OS-48h-P9-L1_G11_s1_w55E59FB61-0535-4C7C-8541-E7BE94476AF2.npy,dmso
P015092,G11,s2,dmso,/mnt/micro-images-pvc/specs935-v1/specs935-v1-FA-P015092-U2OS-48h-P9-L1/2021-12-18/855/specs935-v1-FA-P015092-U2OS-48h-P9-L1_G11_s2_w5B7F76C6D-D900-44EF-B1B3-0231F03FFA3E.npy,dmso
P015092,G11,s3,dmso,/mnt/micro-images-pvc/specs935-v1/specs935-v1-FA-P015092-U2OS-48h-P9-L1/2021-12-18/855/specs935-v1-FA-P015092-U2OS-48h-P9-L1_G11_s3_w5C397A362-E4D2-4A74-9377-15E43CD63077.npy,dmso
P015092,G11,s4,dmso,/mnt/micro-images-pvc/specs935-v1/specs935-v1-FA-P015092-U2OS-48h-P9-L1/2021-12-18/855/specs935-v1-FA-P015092-U2OS-48h-P9-L1_G11_s4_w5A0610527-418D-4529-87D7-AAC60AB446D3.npy,dmso
P015092,G11,s5,dmso,/mnt/micro-images-pvc/specs935-v1/specs935-v1-FA-P015092-U2OS-48h-P9-L1/2021-12-18/855/specs935-v1-FA-P015092-U2OS-48h-P9-L1_G11_s5_w5A16236D6-E027-48B9-93AD-113D6160AABD.npy,dmso
P015092,G11,s6,dmso,/mnt/micro-images-pvc/specs935-v1/specs935-v1-FA-P015092-U2OS-48h-P9-L1/2021-12-18/855/specs935-v1-FA-P015092-U2OS-48h-P9-L1_G11_s6_w51F1C5561-2E1D-4DE8-ADB1-CA9ADF6233FF.npy,dmso
P015092,G11,s7,dmso,/mnt/micro-images-pvc/specs935-v1/specs935-v1-FA-P015092-U2OS-48h-P9-L1/2021-12-18/855/specs935-v1-FA-P015092-U2OS-48h-P9-L1_G11_s7_w5F5AB1F72-7138-4BD9-AB48-0FF5A142E0F4.npy,dmso
P015092,G11,s8,dmso,/mnt/micro-images-pvc/specs935-v1/specs935-v1-FA-P015092-U2OS-48h-P9-L1/2021-12-18/855/specs935-v1-FA-P015092-U2OS-48h-P9-L1_G11_s8_w518781ADE-CD84-4DCF-84A3-3486B926B514.npy,dmso
P015092,G11,s9,dmso,/mnt/micro-images-pvc/specs935-v1/specs935-v1-FA-P015092-U2OS-48h-P9-L1/2021-12-18/855/specs935-v1-FA-P015092-U2OS-48h-P9-L1_G11_s9_w5637DB8C1-91A0-4781-85F1-B30ACA0ECE81.npy,dmso
P015092,G15,s1,dmso,/mnt/micro-images-pvc/specs935-v1/specs935-v1-FA-P015092-U2OS-48h-P9-L1/2021-12-18/855/specs935-v1-FA-P015092-U2OS-48h-P9-L1_G15_s1_w5A69274F8-7336-4EFF-A50E-366231D93B78.npy,dmso
P015092,G15,s2,dmso,/mnt/micro-images-pvc/specs935-v1/specs935-v1-FA-P015092-U2OS-48h-P9-L1/2021-12-18/855/specs935-v1-FA-P015092-U2OS-48h-P9-L1_G15_s2_w58FCC5350-32D7-40DF-AE22-55C4C60A4C60.npy,dmso
P015092,G15,s3,dmso,/mnt/micro-images-pvc/specs935-v1/specs935-v1-FA-P015092-U2OS-48h-P9-L1/2021-12-18/855/specs935-v1-FA-P015092-U2OS-48h-P9-L1_G15_s3_w5A654C495-2F55-4880-A50A-0515947ADCA7.npy,dmso
P015092,G15,s4,dmso,/mnt/micro-images-pvc/specs935-v1/specs935-v1-FA-P015092-U2OS-48h-P9-L1/2021-12-18/855/specs935-v1-FA-P015092-U2OS-48h-P9-L1_G15_s4_w538A7735E-3F0B-4421-8C54-D9E80BCB95AE.npy,dmso
P015092,G15,s5,dmso,/mnt/micro-images-pvc/specs935-v1/specs935-v1-FA-P015092-U2OS-48h-P9-L1/2021-12-18/855/specs935-v1-FA-P015092-U2OS-48h-P9-L1_G15_s5_w5BD095F3D-7D86-4002-A307-F4E50BB7316A.npy,dmso
P015092,G15,s6,dmso,/mnt/micro-images-pvc/specs935-v1/specs935-v1-FA-P015092-U2OS-48h-P9-L1/2021-12-18/855/specs935-v1-FA-P015092-U2OS-48h-P9-L1_G15_s6_w5934EE051-58FA-47F8-A7C2-AB3045F27D05.npy,dmso
P015092,G15,s7,dmso,/mnt/micro-images-pvc/specs935-v1/specs935-v1-FA-P015092-U2OS-48h-P9-L1/2021-12-18/855/specs935-v1-FA-P015092-U2OS-48h-P9-L1_G15_s7_w589E6D258-B7FC-4D2E-8C22-6F07A0455B2A.npy,dmso
P015092,G15,s8,dmso,/mnt/micro-images-pvc/specs935-v1/specs935-v1-FA-P015092-U2OS-48h-P9-L1/2021-12-18/855/specs935-v1-FA-P015092-U2OS-48h-P9-L1_G15_s8_w57FEA6349-F0CE-4CA8-ACDD-0AA63A4626F1.npy,dmso
P015092,G15,s9,dmso,/mnt/micro-images-pvc/specs935-v1/specs935-v1-FA-P015092-U2OS-48h-P9-L1/2021-12-18/855/specs935-v1-FA-P015092-U2OS-48h-P9-L1_G15_s9_w5520B6FD2-BA43-4754-9758-F2D34084FF3A.npy,dmso
P015092,H09,s1,dmso,/mnt/micro-images-pvc/specs935-v1/specs935-v1-FA-P015092-U2OS-48h-P9-L1/2021-12-18/855/specs935-v1-FA-P015092-U2OS-48h-P9-L1_H09_s1_w589322562-D214-40B7-A847-4156FD823163.npy,dmso
P015092,H09,s2,dmso,/mnt/micro-images-pvc/specs935-v1/specs935-v1-FA-P015092-U2OS-48h-P9-L1/2021-12-18/855/specs935-v1-FA-P015092-U2OS-48h-P9-L1_H09_s2_w56ADFE2D9-A933-4E7B-A296-AE64213A6169.npy,dmso
P015092,H09,s3,dmso,/mnt/micro-images-pvc/specs935-v1/specs935-v1-FA-P015092-U2OS-48h-P9-L1/2021-12-18/855/specs935-v1-FA-P015092-U2OS-48h-P9-L1_H09_s3_w59B18CFF1-989E-4604-B06F-170F3D97280B.npy,dmso
P015092,H09,s4,dmso,/mnt/micro-images-pvc/specs935-v1/specs935-v1-FA-P015092-U2OS-48h-P9-L1/2021-12-18/855/specs935-v1-FA-P015092-U2OS-48h-P9-L1_H09_s4_w5513CDEC3-C305-4EB3-8AD3-C73D406C595E.npy,dmso
P015092,H09,s5,dmso,/mnt/micro-images-pvc/specs935-v1/specs935-v1-FA-P015092-U2OS-48h-P9-L1/2021-12-18/855/specs935-v1-FA-P015092-U2OS-48h-P9-L1_H09_s5_w5BC82F6D2-609B-4950-B362-AF465FE9E9E7.npy,dmso
P015092,H09,s6,dmso,/mnt/micro-images-pvc/specs935-v1/specs935-v1-FA-P015092-U2OS-48h-P9-L1/2021-12-18/855/specs935-v1-FA-P015092-U2OS-48h-P9-L1_H09_s6_w5B1AA4CB9-653C-4492-9C20-2CA95D04899B.npy,dmso
P015092,H09,s7,dmso,/mnt/micro-images-pvc/specs935-v1/specs935-v1-FA-P015092-U2OS-48h-P9-L1/2021-12-18/855/specs935-v1-FA-P015092-U2OS-48h-P9-L1_H09_s7_w58574E640-C75E-4B4D-A7E6-FDF6D7E78BEE.npy,dmso
P015092,H09,s8,dmso,/mnt/micro-images-pvc/specs935-v1/specs935-v1-FA-P015092-U2OS-48h-P9-L1/2021-12-18/855/specs935-v1-FA-P015092-U2OS-48h-P9-L1_H09_s8_w5902B8724-9C74-4EA7-A586-A15016AF4E65.npy,dmso
P015092,H09,s9,dmso,/mnt/micro-images-pvc/specs935-v1/specs935-v1-FA-P015092-U2OS-48h-P9-L1/2021-12-18/855/specs935-v1-FA-P015092-U2OS-48h-P9-L1_H09_s9_w59F273759-2E5B-45B5-A00E-27AA2CAF0AD0.npy,dmso
P015092,H19,s1,dmso,/mnt/micro-images-pvc/specs935-v1/specs935-v1-FA-P015092-U2OS-48h-P9-L1/2021-12-18/855/specs935-v1-FA-P015092-U2OS-48h-P9-L1_H19_s1_w5FF128159-2970-475A-AD3D-8E10E5AB931A.npy,dmso
P015092,H19,s2,dmso,/mnt/micro-images-pvc/specs935-v1/specs935-v1-FA-P015092-U2OS-48h-P9-L1/2021-12-18/855/specs935-v1-FA-P015092-U2OS-48h-P9-L1_H19_s2_w584884C30-3A1B-4A9E-B0E9-738AF5C62D4E.npy,dmso
P015092,H19,s3,dmso,/mnt/micro-images-pvc/specs935-v1/specs935-v1-FA-P015092-U2OS-48h-P9-L1/2021-12-18/855/specs935-v1-FA-P015092-U2OS-48h-P9-L1_H19_s3_w5416A8DA9-5407-445B-8DFD-7F7F710B722D.npy,dmso
P015092,H19,s4,dmso,/mnt/micro-images-pvc/specs935-v1/specs935-v1-FA-P015092-U2OS-48h-P9-L1/2021-12-18/855/specs935-v1-FA-P015092-U2OS-48h-P9-L1_H19_s4_w59C394B55-F857-46BD-AFA7-F419B0713105.npy,dmso
P015092,H19,s5,dmso,/mnt/micro-images-pvc/specs935-v1/specs935-v1-FA-P015092-U2OS-48h-P9-L1/2021-12-18/855/specs935-v1-FA-P015092-U2OS-48h-P9-L1_H19_s5_w5430B1ABD-A5E5-438E-B253-F44A1D23231C.npy,dmso
P015092,H19,s6,dmso,/mnt/micro-images-pvc/specs935-v1/specs935-v1-FA-P015092-U2OS-48h-P9-L1/2021-12-18/855/specs935-v1-FA-P015092-U2OS-48h-P9-L1_H19_s6_w569EF58BE-8642-49BB-9F61-92ED4324CB81.npy,dmso
P015092,H19,s7,dmso,/mnt/micro-images-pvc/specs935-v1/specs935-v1-FA-P015092-U2OS-48h-P9-L1/2021-12-18/855/specs935-v1-FA-P015092-U2OS-48h-P9-L1_H19_s7_w590F6E314-D803-409E-A798-DE04C3C2AAB9.npy,dmso
P015092,H19,s8,dmso,/mnt/micro-images-pvc/specs935-v1/specs935-v1-FA-P015092-U2OS-48h-P9-L1/2021-12-18/855/specs935-v1-FA-P015092-U2OS-48h-P9-L1_H19_s8_w50143EFD2-0CA0-4969-9B7F-A3706C82EA6D.npy,dmso
P015092,H19,s9,dmso,/mnt/micro-images-pvc/specs935-v1/specs935-v1-FA-P015092-U2OS-48h-P9-L1/2021-12-18/855/specs935-v1-FA-P015092-U2OS-48h-P9-L1_H19_s9_w590554B78-081C-4AAA-B942-BBD5151680F7.npy,dmso
P015092,J06,s1,dmso,/mnt/micro-images-pvc/specs935-v1/specs935-v1-FA-P015092-U2OS-48h-P9-L1/2021-12-18/855/specs935-v1-FA-P015092-U2OS-48h-P9-L1_J06_s1_w5132E48AB-6F79-4024-8052-4FFCD075AD44.npy,dmso
P015092,J06,s2,dmso,/mnt/micro-images-pvc/specs935-v1/specs935-v1-FA-P015092-U2OS-48h-P9-L1/2021-12-18/855/specs935-v1-FA-P015092-U2OS-48h-P9-L1_J06_s2_w5118B9FA9-4DCA-44A5-ACE2-906BAA96C03F.npy,dmso
P015092,J06,s3,dmso,/mnt/micro-images-pvc/specs935-v1/specs935-v1-FA-P015092-U2OS-48h-P9-L1/2021-12-18/855/specs935-v1-FA-P015092-U2OS-48h-P9-L1_J06_s3_w5D5B17BCC-3783-4E6B-BFDF-0887B862D00A.npy,dmso
P015092,J06,s4,dmso,/mnt/micro-images-pvc/specs935-v1/specs935-v1-FA-P015092-U2OS-48h-P9-L1/2021-12-18/855/specs935-v1-FA-P015092-U2OS-48h-P9-L1_J06_s4_w541CFD58F-AA0D-431F-9459-716981338484.npy,dmso
P015092,J06,s5,dmso,/mnt/micro-images-pvc/specs935-v1/specs935-v1-FA-P015092-U2OS-48h-P9-L1/2021-12-18/855/specs935-v1-FA-P015092-U2OS-48h-P9-L1_J06_s5_w5092B09ED-78BE-46D8-AD7F-9DBA71796384.npy,dmso
P015092,J06,s6,dmso,/mnt/micro-images-pvc/specs935-v1/specs935-v1-FA-P015092-U2OS-48h-P9-L1/2021-12-18/855/specs935-v1-FA-P015092-U2OS-48h-P9-L1_J06_s6_w5B4560648-B097-42EF-AC72-3CE49F87F6CE.npy,dmso
P015092,J06,s7,dmso,/mnt/micro-images-pvc/specs935-v1/specs935-v1-FA-P015092-U2OS-48h-P9-L1/2021-12-18/855/specs935-v1-FA-P015092-U2OS-48h-P9-L1_J06_s7_w5E1807878-E90D-4C15-B5ED-15378F8A9ED3.npy,dmso
P015092,J06,s8,dmso,/mnt/micro-images-pvc/specs935-v1/specs935-v1-FA-P015092-U2OS-48h-P9-L1/2021-12-18/855/specs935-v1-FA-P015092-U2OS-48h-P9-L1_J06_s8_w5AA654FBF-789B-4E46-AB53-6BB2E91123F7.npy,dmso
P015092,J06,s9,dmso,/mnt/micro-images-pvc/specs935-v1/specs935-v1-FA-P015092-U2OS-48h-P9-L1/2021-12-18/855/specs935-v1-FA-P015092-U2OS-48h-P9-L1_J06_s9_w58DB4C28E-89FE-4EE5-836F-520F78CA5947.npy,dmso
P015092,J10,s1,dmso,/mnt/micro-images-pvc/specs935-v1/specs935-v1-FA-P015092-U2OS-48h-P9-L1/2021-12-18/855/specs935-v1-FA-P015092-U2OS-48h-P9-L1_J10_s1_w5723B3BAF-0DD9-4022-BF4F-A6E9CDA66D5C.npy,dmso
P015092,J10,s2,dmso,/mnt/micro-images-pvc/specs935-v1/specs935-v1-FA-P015092-U2OS-48h-P9-L1/2021-12-18/855/specs935-v1-FA-P015092-U2OS-48h-P9-L1_J10_s2_w50FD36546-0527-44D9-9A0A-339BC3B2C4D9.npy,dmso
P015092,J10,s3,dmso,/mnt/micro-images-pvc/specs935-v1/specs935-v1-FA-P015092-U2OS-48h-P9-L1/2021-12-18/855/specs935-v1-FA-P015092-U2OS-48h-P9-L1_J10_s3_w5B56D4E2D-A09F-4EE4-80AF-A92A7FA474E9.npy,dmso
P015092,J10,s4,dmso,/mnt/micro-images-pvc/specs935-v1/specs935-v1-FA-P015092-U2OS-48h-P9-L1/2021-12-18/855/specs935-v1-FA-P015092-U2OS-48h-P9-L1_J10_s4_w53152A301-C428-4A8C-8ED3-C4025FE00392.npy,dmso
P015092,J10,s5,dmso,/mnt/micro-images-pvc/specs935-v1/specs935-v1-FA-P015092-U2OS-48h-P9-L1/2021-12-18/855/specs935-v1-FA-P015092-U2OS-48h-P9-L1_J10_s5_w569143A6F-A705-46A2-AB5B-251287A17373.npy,dmso
P015092,J10,s6,dmso,/mnt/micro-images-pvc/specs935-v1/specs935-v1-FA-P015092-U2OS-48h-P9-L1/2021-12-18/855/specs935-v1-FA-P015092-U2OS-48h-P9-L1_J10_s6_w5266E53DF-2381-4D00-84C8-105E9C62D02E.npy,dmso
P015092,J10,s7,dmso,/mnt/micro-images-pvc/specs935-v1/specs935-v1-FA-P015092-U2OS-48h-P9-L1/2021-12-18/855/specs935-v1-FA-P015092-U2OS-48h-P9-L1_J10_s7_w591BEF685-E6CB-44AE-8549-33DD0B4CA566.npy,dmso
P015092,J10,s8,dmso,/mnt/micro-images-pvc/specs935-v1/specs935-v1-FA-P015092-U2OS-48h-P9-L1/2021-12-18/855/specs935-v1-FA-P015092-U2OS-48h-P9-L1_J10_s8_w5B1C823F5-72D0-41B8-8DAF-021EFCDA2FF3.npy,dmso
P015092,J10,s9,dmso,/mnt/micro-images-pvc/specs935-v1/specs935-v1-FA-P015092-U2OS-48h-P9-L1/2021-12-18/855/specs935-v1-FA-P015092-U2OS-48h-P9-L1_J10_s9_w5AF17013D-7962-446A-A1A2-106565AAAF0C.npy,dmso
P015092,K04,s1,dmso,/mnt/micro-images-pvc/specs935-v1/specs935-v1-FA-P015092-U2OS-48h-P9-L1/2021-12-18/855/specs935-v1-FA-P015092-U2OS-48h-P9-L1_K04_s1_w59E15E035-E1E7-490D-958E-913C1F286233.npy,dmso
P015092,K04,s2,dmso,/mnt/micro-images-pvc/specs935-v1/specs935-v1-FA-P015092-U2OS-48h-P9-L1/2021-12-18/855/specs935-v1-FA-P015092-U2OS-48h-P9-L1_K04_s2_w5D852FC2A-2CED-4B1B-9B4C-A418AA6C1CCB.npy,dmso
P015092,K04,s3,dmso,/mnt/micro-images-pvc/specs935-v1/specs935-v1-FA-P015092-U2OS-48h-P9-L1/2021-12-18/855/specs935-v1-FA-P015092-U2OS-48h-P9-L1_K04_s3_w59DD00AA3-FA7A-4D1A-B00C-7485BD580C99.npy,dmso
P015092,K04,s4,dmso,/mnt/micro-images-pvc/specs935-v1/specs935-v1-FA-P015092-U2OS-48h-P9-L1/2021-12-18/855/specs935-v1-FA-P015092-U2OS-48h-P9-L1_K04_s4_w5B01645F3-AC2F-4A74-823D-8C382B3B8841.npy,dmso
P015092,K04,s5,dmso,/mnt/micro-images-pvc/specs935-v1/specs935-v1-FA-P015092-U2OS-48h-P9-L1/2021-12-18/855/specs935-v1-FA-P015092-U2OS-48h-P9-L1_K04_s5_w54A9ECC35-D408-4D7F-B99E-7CA49C902B3F.npy,dmso
P015092,K04,s6,dmso,/mnt/micro-images-pvc/specs935-v1/specs935-v1-FA-P015092-U2OS-48h-P9-L1/2021-12-18/855/specs935-v1-FA-P015092-U2OS-48h-P9-L1_K04_s6_w5F31AB624-9736-40EA-8A28-0830B40C197C.npy,dmso
P015092,K04,s7,dmso,/mnt/micro-images-pvc/specs935-v1/specs935-v1-FA-P015092-U2OS-48h-P9-L1/2021-12-18/855/specs935-v1-FA-P015092-U2OS-48h-P9-L1_K04_s7_w5D593E635-A9AA-451C-8FCE-A79C5663F3CB.npy,dmso
P015092,K04,s8,dmso,/mnt/micro-images-pvc/specs935-v1/specs935-v1-FA-P015092-U2OS-48h-P9-L1/2021-12-18/855/specs935-v1-FA-P015092-U2OS-48h-P9-L1_K04_s8_w515743539-B335-4EC1-B4E8-9B5F4B1931A7.npy,dmso
P015092,K04,s9,dmso,/mnt/micro-images-pvc/specs935-v1/specs935-v1-FA-P015092-U2OS-48h-P9-L1/2021-12-18/855/specs935-v1-FA-P015092-U2OS-48h-P9-L1_K04_s9_w551096738-D65A-4E41-A9C4-5D0DD57E94DC.npy,dmso
P015092,L22,s1,dmso,/mnt/micro-images-pvc/specs935-v1/specs935-v1-FA-P015092-U2OS-48h-P9-L1/2021-12-18/855/specs935-v1-FA-P015092-U2OS-48h-P9-L1_L22_s1_w54084ECF7-BB26-47E3-B03D-7B8AF2D64AB5.npy,dmso
P015092,L22,s2,dmso,/mnt/micro-images-pvc/specs935-v1/specs935-v1-FA-P015092-U2OS-48h-P9-L1/2021-12-18/855/specs935-v1-FA-P015092-U2OS-48h-P9-L1_L22_s2_w5488E8F6F-E3C6-4966-802C-A3A922EB9CB7.npy,dmso
P015092,L22,s3,dmso,/mnt/micro-images-pvc/specs935-v1/specs935-v1-FA-P015092-U2OS-48h-P9-L1/2021-12-18/855/specs935-v1-FA-P015092-U2OS-48h-P9-L1_L22_s3_w5AEAD8B66-3D30-410E-8539-A59BB6F8B3CA.npy,dmso
P015092,L22,s4,dmso,/mnt/micro-images-pvc/specs935-v1/specs935-v1-FA-P015092-U2OS-48h-P9-L1/2021-12-18/855/specs935-v1-FA-P015092-U2OS-48h-P9-L1_L22_s4_w536A42A36-9ABC-48A0-ADC7-F2E2F863A99D.npy,dmso
P015092,L22,s5,dmso,/mnt/micro-images-pvc/specs935-v1/specs935-v1-FA-P015092-U2OS-48h-P9-L1/2021-12-18/855/specs935-v1-FA-P015092-U2OS-48h-P9-L1_L22_s5_w5FBD21B48-6646-4101-9D57-F04F8E4DD4D9.npy,dmso
P015092,L22,s6,dmso,/mnt/micro-images-pvc/specs935-v1/specs935-v1-FA-P015092-U2OS-48h-P9-L1/2021-12-18/855/specs935-v1-FA-P015092-U2OS-48h-P9-L1_L22_s6_w5ED662C52-2633-477F-AEC7-45A48884CCCB.npy,dmso
P015092,L22,s7,dmso,/mnt/micro-images-pvc/specs935-v1/specs935-v1-FA-P015092-U2OS-48h-P9-L1/2021-12-18/855/specs935-v1-FA-P015092-U2OS-48h-P9-L1_L22_s7_w5EBD49E41-5CFB-41B0-8B1A-34D53C2D71D4.npy,dmso
P015092,L22,s8,dmso,/mnt/micro-images-pvc/specs935-v1/specs935-v1-FA-P015092-U2OS-48h-P9-L1/2021-12-18/855/specs935-v1-FA-P015092-U2OS-48h-P9-L1_L22_s8_w512FCE400-CF9E-42D3-B229-F11069BA614B.npy,dmso
P015092,L22,s9,dmso,/mnt/micro-images-pvc/specs935-v1/specs935-v1-FA-P015092-U2OS-48h-P9-L1/2021-12-18/855/specs935-v1-FA-P015092-U2OS-48h-P9-L1_L22_s9_w511CE5D84-CBCA-43A7-AA34-6470559DB9D2.npy,dmso
P015092,M08,s1,dmso,/mnt/micro-images-pvc/specs935-v1/specs935-v1-FA-P015092-U2OS-48h-P9-L1/2021-12-18/855/specs935-v1-FA-P015092-U2OS-48h-P9-L1_M08_s1_w5452A2172-3463-4352-91FD-7CF35681DD39.npy,dmso
P015092,M08,s2,dmso,/mnt/micro-images-pvc/specs935-v1/specs935-v1-FA-P015092-U2OS-48h-P9-L1/2021-12-18/855/specs935-v1-FA-P015092-U2OS-48h-P9-L1_M08_s2_w5FC9E6B00-C0D2-451F-B87E-FB4E1C155C3C.npy,dmso
P015092,M08,s3,dmso,/mnt/micro-images-pvc/specs935-v1/specs935-v1-FA-P015092-U2OS-48h-P9-L1/2021-12-18/855/specs935-v1-FA-P015092-U2OS-48h-P9-L1_M08_s3_w5E4A5C1F5-8249-41F3-BE18-B5F198C3B86D.npy,dmso
P015092,M08,s4,dmso,/mnt/micro-images-pvc/specs935-v1/specs935-v1-FA-P015092-U2OS-48h-P9-L1/2021-12-18/855/specs935-v1-FA-P015092-U2OS-48h-P9-L1_M08_s4_w52EEA2CBB-3FE9-4C53-94E8-FBE4030EF215.npy,dmso
P015092,M08,s5,dmso,/mnt/micro-images-pvc/specs935-v1/specs935-v1-FA-P015092-U2OS-48h-P9-L1/2021-12-18/855/specs935-v1-FA-P015092-U2OS-48h-P9-L1_M08_s5_w5B1B160C2-A69D-45D7-91D7-44A72C7F1A49.npy,dmso
P015092,M08,s6,dmso,/mnt/micro-images-pvc/specs935-v1/specs935-v1-FA-P015092-U2OS-48h-P9-L1/2021-12-18/855/specs935-v1-FA-P015092-U2OS-48h-P9-L1_M08_s6_w5BCEC0479-052C-4D4E-A684-DE918C6C00C2.npy,dmso
P015092,M08,s7,dmso,/mnt/micro-images-pvc/specs935-v1/specs935-v1-FA-P015092-U2OS-48h-P9-L1/2021-12-18/855/specs935-v1-FA-P015092-U2OS-48h-P9-L1_M08_s7_w5FF6F0C41-9152-4782-AAF2-5A09AD6BFDC2.npy,dmso
P015092,M08,s8,dmso,/mnt/micro-images-pvc/specs935-v1/specs935-v1-FA-P015092-U2OS-48h-P9-L1/2021-12-18/855/specs935-v1-FA-P015092-U2OS-48h-P9-L1_M08_s8_w5CEFF34D1-9498-4137-8031-0F07B440F149.npy,dmso
P015092,M08,s9,dmso,/mnt/micro-images-pvc/specs935-v1/specs935-v1-FA-P015092-U2OS-48h-P9-L1/2021-12-18/855/specs935-v1-FA-P015092-U2OS-48h-P9-L1_M08_s9_w50EE4996A-BA9D-4579-8391-CCA5D8F108B2.npy,dmso
P015092,M17,s1,dmso,/mnt/micro-images-pvc/specs935-v1/specs935-v1-FA-P015092-U2OS-48h-P9-L1/2021-12-18/855/specs935-v1-FA-P015092-U2OS-48h-P9-L1_M17_s1_w55244CDAD-1EFC-45FC-9076-D2C81294B2AC.npy,dmso
P015092,M17,s2,dmso,/mnt/micro-images-pvc/specs935-v1/specs935-v1-FA-P015092-U2OS-48h-P9-L1/2021-12-18/855/specs935-v1-FA-P015092-U2OS-48h-P9-L1_M17_s2_w53D89DC07-1D7F-43B2-B508-26C78F3A0F37.npy,dmso
P015092,M17,s3,dmso,/mnt/micro-images-pvc/specs935-v1/specs935-v1-FA-P015092-U2OS-48h-P9-L1/2021-12-18/855/specs935-v1-FA-P015092-U2OS-48h-P9-L1_M17_s3_w553A28A3B-A419-4F1E-B12C-D4F68DA6421C.npy,dmso
P015092,M17,s4,dmso,/mnt/micro-images-pvc/specs935-v1/specs935-v1-FA-P015092-U2OS-48h-P9-L1/2021-12-18/855/specs935-v1-FA-P015092-U2OS-48h-P9-L1_M17_s4_w58B6ADFC0-CF49-4A7B-B458-23FFC834AD1E.npy,dmso
P015092,M17,s5,dmso,/mnt/micro-images-pvc/specs935-v1/specs935-v1-FA-P015092-U2OS-48h-P9-L1/2021-12-18/855/specs935-v1-FA-P015092-U2OS-48h-P9-L1_M17_s5_w51B0FB41F-8343-4568-A2A8-596283AF12BB.npy,dmso
P015092,M17,s6,dmso,/mnt/micro-images-pvc/specs935-v1/specs935-v1-FA-P015092-U2OS-48h-P9-L1/2021-12-18/855/specs935-v1-FA-P015092-U2OS-48h-P9-L1_M17_s6_w5EE915B79-D917-4E0C-A885-8893A2CD7EA1.npy,dmso
P015092,M17,s7,dmso,/mnt/micro-images-pvc/specs935-v1/specs935-v1-FA-P015092-U2OS-48h-P9-L1/2021-12-18/855/specs935-v1-FA-P015092-U2OS-48h-P9-L1_M17_s7_w514F0CBB9-9CF2-4DE0-A8BF-BB8E1C6EE9DC.npy,dmso
P015092,M17,s8,dmso,/mnt/micro-images-pvc/specs935-v1/specs935-v1-FA-P015092-U2OS-48h-P9-L1/2021-12-18/855/specs935-v1-FA-P015092-U2OS-48h-P9-L1_M17_s8_w5CB3538FE-015D-40A9-9894-9052B7B59E3E.npy,dmso
P015092,M17,s9,dmso,/mnt/micro-images-pvc/specs935-v1/specs935-v1-FA-P015092-U2OS-48h-P9-L1/2021-12-18/855/specs935-v1-FA-P015092-U2OS-48h-P9-L1_M17_s9_w5D2B2FCB6-76DC-43B5-BBC7-0059334DDE25.npy,dmso
P015092,N20,s1,dmso,/mnt/micro-images-pvc/specs935-v1/specs935-v1-FA-P015092-U2OS-48h-P9-L1/2021-12-18/855/specs935-v1-FA-P015092-U2OS-48h-P9-L1_N20_s1_w5FDDE9A9A-85DA-4F7F-AE9A-67F83F58FE5A.npy,dmso
P015092,N20,s2,dmso,/mnt/micro-images-pvc/specs935-v1/specs935-v1-FA-P015092-U2OS-48h-P9-L1/2021-12-18/855/specs935-v1-FA-P015092-U2OS-48h-P9-L1_N20_s2_w523D1E11C-222A-4C63-A5A5-01C5923F4985.npy,dmso
P015092,N20,s3,dmso,/mnt/micro-images-pvc/specs935-v1/specs935-v1-FA-P015092-U2OS-48h-P9-L1/2021-12-18/855/specs935-v1-FA-P015092-U2OS-48h-P9-L1_N20_s3_w54727DDB3-187D-4857-8550-CA108AE355C1.npy,dmso
P015092,N20,s4,dmso,/mnt/micro-images-pvc/specs935-v1/specs935-v1-FA-P015092-U2OS-48h-P9-L1/2021-12-18/855/specs935-v1-FA-P015092-U2OS-48h-P9-L1_N20_s4_w5C14654D3-6801-4E55-87D7-2F0E6E467B11.npy,dmso
P015092,N20,s5,dmso,/mnt/micro-images-pvc/specs935-v1/specs935-v1-FA-P015092-U2OS-48h-P9-L1/2021-12-18/855/specs935-v1-FA-P015092-U2OS-48h-P9-L1_N20_s5_w5E18BD868-19E2-4105-8DA1-E1CDA0C2C88F.npy,dmso
P015092,N20,s6,dmso,/mnt/micro-images-pvc/specs935-v1/specs935-v1-FA-P015092-U2OS-48h-P9-L1/2021-12-18/855/specs935-v1-FA-P015092-U2OS-48h-P9-L1_N20_s6_w5E51BDD7D-F047-4185-BC47-7AB08F7F88F7.npy,dmso
P015092,N20,s7,dmso,/mnt/micro-images-pvc/specs935-v1/specs935-v1-FA-P015092-U2OS-48h-P9-L1/2021-12-18/855/specs935-v1-FA-P015092-U2OS-48h-P9-L1_N20_s7_w512199C1A-982A-455E-AA4F-47EF1A2534ED.npy,dmso
P015092,N20,s8,dmso,/mnt/micro-images-pvc/specs935-v1/specs935-v1-FA-P015092-U2OS-48h-P9-L1/2021-12-18/855/specs935-v1-FA-P015092-U2OS-48h-P9-L1_N20_s8_w53D1F4DA0-48C6-42EA-A35A-988B54B30BE4.npy,dmso
P015092,N20,s9,dmso,/mnt/micro-images-pvc/specs935-v1/specs935-v1-FA-P015092-U2OS-48h-P9-L1/2021-12-18/855/specs935-v1-FA-P015092-U2OS-48h-P9-L1_N20_s9_w58715742E-450D-44CE-81EC-BF25E4D1FFB5.npy,dmso
P015092,O02,s1,dmso,/mnt/micro-images-pvc/specs935-v1/specs935-v1-FA-P015092-U2OS-48h-P9-L1/2021-12-18/855/specs935-v1-FA-P015092-U2OS-48h-P9-L1_O02_s1_w53774F981-CFAA-4E18-836B-487C868B58C6.npy,dmso
P015092,O02,s2,dmso,/mnt/micro-images-pvc/specs935-v1/specs935-v1-FA-P015092-U2OS-48h-P9-L1/2021-12-18/855/specs935-v1-FA-P015092-U2OS-48h-P9-L1_O02_s2_w53DB86090-352A-4179-908B-AE6EBC4EF781.npy,dmso
P015092,O02,s3,dmso,/mnt/micro-images-pvc/specs935-v1/specs935-v1-FA-P015092-U2OS-48h-P9-L1/2021-12-18/855/specs935-v1-FA-P015092-U2OS-48h-P9-L1_O02_s3_w5B2BC83DF-E7F7-42B6-8193-808BAD432AE1.npy,dmso
P015092,O02,s4,dmso,/mnt/micro-images-pvc/specs935-v1/specs935-v1-FA-P015092-U2OS-48h-P9-L1/2021-12-18/855/specs935-v1-FA-P015092-U2OS-48h-P9-L1_O02_s4_w546D4A16E-8651-432C-9A39-73C21EE260F4.npy,dmso
P015092,O02,s5,dmso,/mnt/micro-images-pvc/specs935-v1/specs935-v1-FA-P015092-U2OS-48h-P9-L1/2021-12-18/855/specs935-v1-FA-P015092-U2OS-48h-P9-L1_O02_s5_w5625FF11D-9AE8-4378-B9D4-CC42F28C7ED3.npy,dmso
P015092,O02,s6,dmso,/mnt/micro-images-pvc/specs935-v1/specs935-v1-FA-P015092-U2OS-48h-P9-L1/2021-12-18/855/specs935-v1-FA-P015092-U2OS-48h-P9-L1_O02_s6_w52EDDA32E-7573-452D-9EF4-806C6B49D41F.npy,dmso
P015092,O02,s7,dmso,/mnt/micro-images-pvc/specs935-v1/specs935-v1-FA-P015092-U2OS-48h-P9-L1/2021-12-18/855/specs935-v1-FA-P015092-U2OS-48h-P9-L1_O02_s7_w514C634A5-B225-45CA-84F9-B308E955C2EE.npy,dmso
P015092,O02,s8,dmso,/mnt/micro-images-pvc/specs935-v1/specs935-v1-FA-P015092-U2OS-48h-P9-L1/2021-12-18/855/specs935-v1-FA-P015092-U2OS-48h-P9-L1_O02_s8_w5E6E73237-3300-468B-9508-B22B8419D3B9.npy,dmso
P015092,O02,s9,dmso,/mnt/micro-images-pvc/specs935-v1/specs935-v1-FA-P015092-U2OS-48h-P9-L1/2021-12-18/855/specs935-v1-FA-P015092-U2OS-48h-P9-L1_O02_s9_w55A909EEB-DE2F-4437-BED0-05602BBC517E.npy,dmso
P015093,B22,s1,dmso,/mnt/micro-images-pvc/specs935-v1/specs935-v1-FA-P015093-U2OS-48h-P9-L2/2021-12-22/871/specs935-v1-FA-P015093-U2OS-48h-P9-L2_B22_s1_w536C8F884-32A2-476D-B97C-ACE57095D8C7.npy,dmso
P015093,B22,s2,dmso,/mnt/micro-images-pvc/specs935-v1/specs935-v1-FA-P015093-U2OS-48h-P9-L2/2021-12-22/871/specs935-v1-FA-P015093-U2OS-48h-P9-L2_B22_s2_w57F4C04A3-D076-4CE7-96CF-B322FE4B8D7B.npy,dmso
P015093,B22,s3,dmso,/mnt/micro-images-pvc/specs935-v1/specs935-v1-FA-P015093-U2OS-48h-P9-L2/2021-12-22/871/specs935-v1-FA-P015093-U2OS-48h-P9-L2_B22_s3_w51903829A-3283-4ABF-9DD3-D812CE3C46D8.npy,dmso
P015093,B22,s4,dmso,/mnt/micro-images-pvc/specs935-v1/specs935-v1-FA-P015093-U2OS-48h-P9-L2/2021-12-22/871/specs935-v1-FA-P015093-U2OS-48h-P9-L2_B22_s4_w5475A6833-D6CC-4134-BF34-E049D7E65C49.npy,dmso
P015093,B22,s5,dmso,/mnt/micro-images-pvc/specs935-v1/specs935-v1-FA-P015093-U2OS-48h-P9-L2/2021-12-22/871/specs935-v1-FA-P015093-U2OS-48h-P9-L2_B22_s5_w5854E5C72-B376-49FF-A354-09671680C84B.npy,dmso
P015093,B22,s6,dmso,/mnt/micro-images-pvc/specs935-v1/specs935-v1-FA-P015093-U2OS-48h-P9-L2/2021-12-22/871/specs935-v1-FA-P015093-U2OS-48h-P9-L2_B22_s6_w5D0C79859-0059-4596-BB98-BD91DDA31AAC.npy,dmso
P015093,B22,s7,dmso,/mnt/micro-images-pvc/specs935-v1/specs935-v1-FA-P015093-U2OS-48h-P9-L2/2021-12-22/871/specs935-v1-FA-P015093-U2OS-48h-P9-L2_B22_s7_w5D8B3E31A-C2B8-46CC-A115-4CD1839C2DC1.npy,dmso
P015093,B22,s8,dmso,/mnt/micro-images-pvc/specs935-v1/specs935-v1-FA-P015093-U2OS-48h-P9-L2/2021-12-22/871/specs935-v1-FA-P015093-U2OS-48h-P9-L2_B22_s8_w58ABE23C8-2D1D-4F41-A78F-E3B98F686588.npy,dmso
P015093,B22,s9,dmso,/mnt/micro-images-pvc/specs935-v1/specs935-v1-FA-P015093-U2OS-48h-P9-L2/2021-12-22/871/specs935-v1-FA-P015093-U2OS-48h-P9-L2_B22_s9_w5713C21D5-1102-488A-9553-B39B182095E8.npy,dmso
P015093,C20,s1,dmso,/mnt/micro-images-pvc/specs935-v1/specs935-v1-FA-P015093-U2OS-48h-P9-L2/2021-12-22/871/specs935-v1-FA-P015093-U2OS-48h-P9-L2_C20_s1_w5092496EC-73DA-4C23-BC3A-62348D6CD4E0.npy,dmso
P015093,C20,s2,dmso,/mnt/micro-images-pvc/specs935-v1/specs935-v1-FA-P015093-U2OS-48h-P9-L2/2021-12-22/871/specs935-v1-FA-P015093-U2OS-48h-P9-L2_C20_s2_w51A163A64-49FA-4C46-860F-0124819B30BD.npy,dmso
P015093,C20,s3,dmso,/mnt/micro-images-pvc/specs935-v1/specs935-v1-FA-P015093-U2OS-48h-P9-L2/2021-12-22/871/specs935-v1-FA-P015093-U2OS-48h-P9-L2_C20_s3_w5D2F716C2-BD69-435C-8B13-4C83331F43F0.npy,dmso
P015093,C20,s4,dmso,/mnt/micro-images-pvc/specs935-v1/specs935-v1-FA-P015093-U2OS-48h-P9-L2/2021-12-22/871/specs935-v1-FA-P015093-U2OS-48h-P9-L2_C20_s4_w5F83AF137-F3C5-4F52-8E64-2A88D85C76C9.npy,dmso
P015093,C20,s5,dmso,/mnt/micro-images-pvc/specs935-v1/specs935-v1-FA-P015093-U2OS-48h-P9-L2/2021-12-22/871/specs935-v1-FA-P015093-U2OS-48h-P9-L2_C20_s5_w57115D772-FF7F-45A6-A88C-420F2B0C139B.npy,dmso
P015093,C20,s6,dmso,/mnt/micro-images-pvc/specs935-v1/specs935-v1-FA-P015093-U2OS-48h-P9-L2/2021-12-22/871/specs935-v1-FA-P015093-U2OS-48h-P9-L2_C20_s6_w504F00AE5-1DEA-48C3-9B2E-587F7A795211.npy,dmso
P015093,C20,s7,dmso,/mnt/micro-images-pvc/specs935-v1/specs935-v1-FA-P015093-U2OS-48h-P9-L2/2021-12-22/871/specs935-v1-FA-P015093-U2OS-48h-P9-L2_C20_s7_w587F22240-5B53-473A-8FD9-E12C4DD03943.npy,dmso
P015093,C20,s8,dmso,/mnt/micro-images-pvc/specs935-v1/specs935-v1-FA-P015093-U2OS-48h-P9-L2/2021-12-22/871/specs935-v1-FA-P015093-U2OS-48h-P9-L2_C20_s8_w5FA0976ED-32E7-46BE-BF2A-D404BE6876AB.npy,dmso
P015093,C20,s9,dmso,/mnt/micro-images-pvc/specs935-v1/specs935-v1-FA-P015093-U2OS-48h-P9-L2/2021-12-22/871/specs935-v1-FA-P015093-U2OS-48h-P9-L2_C20_s9_w5D7CE1812-61E2-45FA-B145-C9DE2CCB8697.npy,dmso
P015093,F18,s1,dmso,/mnt/micro-images-pvc/specs935-v1/specs935-v1-FA-P015093-U2OS-48h-P9-L2/2021-12-22/871/specs935-v1-FA-P015093-U2OS-48h-P9-L2_F18_s1_w523F1D856-8966-4605-9512-136BFEFFF085.npy,dmso
P015093,F18,s2,dmso,/mnt/micro-images-pvc/specs935-v1/specs935-v1-FA-P015093-U2OS-48h-P9-L2/2021-12-22/871/specs935-v1-FA-P015093-U2OS-48h-P9-L2_F18_s2_w50A261D14-C1E2-4EBF-A96F-831DC1AE5676.npy,dmso
P015093,F18,s3,dmso,/mnt/micro-images-pvc/specs935-v1/specs935-v1-FA-P015093-U2OS-48h-P9-L2/2021-12-22/871/specs935-v1-FA-P015093-U2OS-48h-P9-L2_F18_s3_w52107985F-77E6-48E9-82A5-512ABF60E0E5.npy,dmso
P015093,F18,s4,dmso,/mnt/micro-images-pvc/specs935-v1/specs935-v1-FA-P015093-U2OS-48h-P9-L2/2021-12-22/871/specs935-v1-FA-P015093-U2OS-48h-P9-L2_F18_s4_w5DC62C782-6193-41FD-B690-20A2C5C81C5F.npy,dmso
P015093,F18,s5,dmso,/mnt/micro-images-pvc/specs935-v1/specs935-v1-FA-P015093-U2OS-48h-P9-L2/2021-12-22/871/specs935-v1-FA-P015093-U2OS-48h-P9-L2_F18_s5_w5CFB91BDD-FD56-425E-96F4-5ACC75786AFD.npy,dmso
P015093,F18,s6,dmso,/mnt/micro-images-pvc/specs935-v1/specs935-v1-FA-P015093-U2OS-48h-P9-L2/2021-12-22/871/specs935-v1-FA-P015093-U2OS-48h-P9-L2_F18_s6_w57522952E-9E89-4C13-B794-1FA22D61658F.npy,dmso
P015093,F18,s7,dmso,/mnt/micro-images-pvc/specs935-v1/specs935-v1-FA-P015093-U2OS-48h-P9-L2/2021-12-22/871/specs935-v1-FA-P015093-U2OS-48h-P9-L2_F18_s7_w56916D0AE-C646-4A79-84EC-7A2A8D9E1FE8.npy,dmso
P015093,F18,s8,dmso,/mnt/micro-images-pvc/specs935-v1/specs935-v1-FA-P015093-U2OS-48h-P9-L2/2021-12-22/871/specs935-v1-FA-P015093-U2OS-48h-P9-L2_F18_s8_w5B40D7A3E-A6FE-4F48-AD73-3008807F7DEB.npy,dmso
P015093,F18,s9,dmso,/mnt/micro-images-pvc/specs935-v1/specs935-v1-FA-P015093-U2OS-48h-P9-L2/2021-12-22/871/specs935-v1-FA-P015093-U2OS-48h-P9-L2_F18_s9_w5D6F23129-212F-4E45-958E-36A0DE31AF51.npy,dmso
P015093,G03,s1,dmso,/mnt/micro-images-pvc/specs935-v1/specs935-v1-FA-P015093-U2OS-48h-P9-L2/2021-12-22/871/specs935-v1-FA-P015093-U2OS-48h-P9-L2_G03_s1_w5ACCBA340-27F3-48AE-9A40-C107D4D42A03.npy,dmso
P015093,G03,s2,dmso,/mnt/micro-images-pvc/specs935-v1/specs935-v1-FA-P015093-U2OS-48h-P9-L2/2021-12-22/871/specs935-v1-FA-P015093-U2OS-48h-P9-L2_G03_s2_w5E9550564-1119-4390-921C-F98767AEBD08.npy,dmso
P015093,G03,s3,dmso,/mnt/micro-images-pvc/specs935-v1/specs935-v1-FA-P015093-U2OS-48h-P9-L2/2021-12-22/871/specs935-v1-FA-P015093-U2OS-48h-P9-L2_G03_s3_w5203367E1-FDAC-4449-8CBA-3BE1035B3E09.npy,dmso
P015093,G03,s4,dmso,/mnt/micro-images-pvc/specs935-v1/specs935-v1-FA-P015093-U2OS-48h-P9-L2/2021-12-22/871/specs935-v1-FA-P015093-U2OS-48h-P9-L2_G03_s4_w514D8887B-9D0B-4E59-B0E9-F91F0942C407.npy,dmso
P015093,G03,s5,dmso,/mnt/micro-images-pvc/specs935-v1/specs935-v1-FA-P015093-U2OS-48h-P9-L2/2021-12-22/871/specs935-v1-FA-P015093-U2OS-48h-P9-L2_G03_s5_w5B6118ABB-767E-4DD3-9219-5C3FF0A56B6F.npy,dmso
P015093,G03,s6,dmso,/mnt/micro-images-pvc/specs935-v1/specs935-v1-FA-P015093-U2OS-48h-P9-L2/2021-12-22/871/specs935-v1-FA-P015093-U2OS-48h-P9-L2_G03_s6_w56943502A-4602-4B73-B467-B751A00591D6.npy,dmso
P015093,G03,s7,dmso,/mnt/micro-images-pvc/specs935-v1/specs935-v1-FA-P015093-U2OS-48h-P9-L2/2021-12-22/871/specs935-v1-FA-P015093-U2OS-48h-P9-L2_G03_s7_w5126805F1-527A-482F-9D57-4990796FAE11.npy,dmso
P015093,G03,s8,dmso,/mnt/micro-images-pvc/specs935-v1/specs935-v1-FA-P015093-U2OS-48h-P9-L2/2021-12-22/871/specs935-v1-FA-P015093-U2OS-48h-P9-L2_G03_s8_w56C896854-89D8-48FF-A416-F6A7C7288FA7.npy,dmso
P015093,G03,s9,dmso,/mnt/micro-images-pvc/specs935-v1/specs935-v1-FA-P015093-U2OS-48h-P9-L2/2021-12-22/871/specs935-v1-FA-P015093-U2OS-48h-P9-L2_G03_s9_w5BF109CAF-426D-4614-836A-4D02BB518686.npy,dmso
P015093,G12,s1,dmso,/mnt/micro-images-pvc/specs935-v1/specs935-v1-FA-P015093-U2OS-48h-P9-L2/2021-12-22/871/specs935-v1-FA-P015093-U2OS-48h-P9-L2_G12_s1_w54968FD79-6F87-4A8F-8A3D-BB55603ABF32.npy,dmso
P015093,G12,s2,dmso,/mnt/micro-images-pvc/specs935-v1/specs935-v1-FA-P015093-U2OS-48h-P9-L2/2021-12-22/871/specs935-v1-FA-P015093-U2OS-48h-P9-L2_G12_s2_w5C3E38B54-1E72-42BF-8E91-948312D0731E.npy,dmso
P015093,G12,s3,dmso,/mnt/micro-images-pvc/specs935-v1/specs935-v1-FA-P015093-U2OS-48h-P9-L2/2021-12-22/871/specs935-v1-FA-P015093-U2OS-48h-P9-L2_G12_s3_w538526C5A-8B1F-46AF-A048-128F62DFEDEA.npy,dmso
P015093,G12,s4,dmso,/mnt/micro-images-pvc/specs935-v1/specs935-v1-FA-P015093-U2OS-48h-P9-L2/2021-12-22/871/specs935-v1-FA-P015093-U2OS-48h-P9-L2_G12_s4_w5FFCE3318-ADEF-4C89-A557-886B9C0C8FAD.npy,dmso
P015093,G12,s5,dmso,/mnt/micro-images-pvc/specs935-v1/specs935-v1-FA-P015093-U2OS-48h-P9-L2/2021-12-22/871/specs935-v1-FA-P015093-U2OS-48h-P9-L2_G12_s5_w5CCD607F4-C2E0-4BC2-A86B-81607853AB9D.npy,dmso
P015093,G12,s6,dmso,/mnt/micro-images-pvc/specs935-v1/specs935-v1-FA-P015093-U2OS-48h-P9-L2/2021-12-22/871/specs935-v1-FA-P015093-U2OS-48h-P9-L2_G12_s6_w5E939F77E-6189-494E-A17F-1DDF0059AD5D.npy,dmso
P015093,G12,s7,dmso,/mnt/micro-images-pvc/specs935-v1/specs935-v1-FA-P015093-U2OS-48h-P9-L2/2021-12-22/871/specs935-v1-FA-P015093-U2OS-48h-P9-L2_G12_s7_w51D189A35-3C32-4EB0-BABB-C863E038D0C7.npy,dmso
P015093,G12,s8,dmso,/mnt/micro-images-pvc/specs935-v1/specs935-v1-FA-P015093-U2OS-48h-P9-L2/2021-12-22/871/specs935-v1-FA-P015093-U2OS-48h-P9-L2_G12_s8_w5088291BA-59E7-434A-B2F1-45F92661AD25.npy,dmso
P015093,G12,s9,dmso,/mnt/micro-images-pvc/specs935-v1/specs935-v1-FA-P015093-U2OS-48h-P9-L2/2021-12-22/871/specs935-v1-FA-P015093-U2OS-48h-P9-L2_G12_s9_w507DE7FC7-0929-4239-887A-2D94C864516D.npy,dmso
P015093,H08,s1,dmso,/mnt/micro-images-pvc/specs935-v1/specs935-v1-FA-P015093-U2OS-48h-P9-L2/2021-12-22/871/specs935-v1-FA-P015093-U2OS-48h-P9-L2_H08_s1_w5338AEE36-9613-40D1-B523-A879E2228B6D.npy,dmso
P015093,H08,s2,dmso,/mnt/micro-images-pvc/specs935-v1/specs935-v1-FA-P015093-U2OS-48h-P9-L2/2021-12-22/871/specs935-v1-FA-P015093-U2OS-48h-P9-L2_H08_s2_w51A330236-D3F0-449D-9C18-F266BD21F548.npy,dmso
P015093,H08,s3,dmso,/mnt/micro-images-pvc/specs935-v1/specs935-v1-FA-P015093-U2OS-48h-P9-L2/2021-12-22/871/specs935-v1-FA-P015093-U2OS-48h-P9-L2_H08_s3_w5380D499F-F01A-442E-A81F-9E4CB72F7B0D.npy,dmso
P015093,H08,s4,dmso,/mnt/micro-images-pvc/specs935-v1/specs935-v1-FA-P015093-U2OS-48h-P9-L2/2021-12-22/871/specs935-v1-FA-P015093-U2OS-48h-P9-L2_H08_s4_w540F59A2E-4706-4456-8BCA-A3E8C63E7AE4.npy,dmso
P015093,H08,s5,dmso,/mnt/micro-images-pvc/specs935-v1/specs935-v1-FA-P015093-U2OS-48h-P9-L2/2021-12-22/871/specs935-v1-FA-P015093-U2OS-48h-P9-L2_H08_s5_w5CF58083E-D276-4DD3-8496-4C7B23600E19.npy,dmso
P015093,H08,s6,dmso,/mnt/micro-images-pvc/specs935-v1/specs935-v1-FA-P015093-U2OS-48h-P9-L2/2021-12-22/871/specs935-v1-FA-P015093-U2OS-48h-P9-L2_H08_s6_w5C81D80B2-D49D-4BAE-8C5A-69159327D17E.npy,dmso
P015093,H08,s7,dmso,/mnt/micro-images-pvc/specs935-v1/specs935-v1-FA-P015093-U2OS-48h-P9-L2/2021-12-22/871/specs935-v1-FA-P015093-U2OS-48h-P9-L2_H08_s7_w5FF685DD6-87D2-4DBC-867A-C082223A02C7.npy,dmso
P015093,H08,s8,dmso,/mnt/micro-images-pvc/specs935-v1/specs935-v1-FA-P015093-U2OS-48h-P9-L2/2021-12-22/871/specs935-v1-FA-P015093-U2OS-48h-P9-L2_H08_s8_w589B92246-DFBC-4FE2-B22E-F3E0D96F5BB2.npy,dmso
P015093,H08,s9,dmso,/mnt/micro-images-pvc/specs935-v1/specs935-v1-FA-P015093-U2OS-48h-P9-L2/2021-12-22/871/specs935-v1-FA-P015093-U2OS-48h-P9-L2_H08_s9_w50584C793-105B-4F26-9C94-97BDB369CF7F.npy,dmso
P015093,H21,s1,dmso,/mnt/micro-images-pvc/specs935-v1/specs935-v1-FA-P015093-U2OS-48h-P9-L2/2021-12-22/871/specs935-v1-FA-P015093-U2OS-48h-P9-L2_H21_s1_w5E71128D4-C160-4E6C-A7D4-896BF3A6DF9A.npy,dmso
P015093,H21,s2,dmso,/mnt/micro-images-pvc/specs935-v1/specs935-v1-FA-P015093-U2OS-48h-P9-L2/2021-12-22/871/specs935-v1-FA-P015093-U2OS-48h-P9-L2_H21_s2_w5CBE8A221-A5CA-4D40-9F19-9FF84E6BDE4C.npy,dmso
P015093,H21,s3,dmso,/mnt/micro-images-pvc/specs935-v1/specs935-v1-FA-P015093-U2OS-48h-P9-L2/2021-12-22/871/specs935-v1-FA-P015093-U2OS-48h-P9-L2_H21_s3_w536AC82BB-11DB-4557-8E62-D462BCF6B645.npy,dmso
P015093,H21,s4,dmso,/mnt/micro-images-pvc/specs935-v1/specs935-v1-FA-P015093-U2OS-48h-P9-L2/2021-12-22/871/specs935-v1-FA-P015093-U2OS-48h-P9-L2_H21_s4_w592CAA3B9-B438-44D2-B59F-1787E7B64C6D.npy,dmso
P015093,H21,s5,dmso,/mnt/micro-images-pvc/specs935-v1/specs935-v1-FA-P015093-U2OS-48h-P9-L2/2021-12-22/871/specs935-v1-FA-P015093-U2OS-48h-P9-L2_H21_s5_w53D7B5923-D99C-461E-98A3-E55A3B02682F.npy,dmso
P015093,H21,s6,dmso,/mnt/micro-images-pvc/specs935-v1/specs935-v1-FA-P015093-U2OS-48h-P9-L2/2021-12-22/871/specs935-v1-FA-P015093-U2OS-48h-P9-L2_H21_s6_w5BAA1CA4B-3766-442A-B561-D7D7F29B8871.npy,dmso
P015093,H21,s7,dmso,/mnt/micro-images-pvc/specs935-v1/specs935-v1-FA-P015093-U2OS-48h-P9-L2/2021-12-22/871/specs935-v1-FA-P015093-U2OS-48h-P9-L2_H21_s7_w5B074861A-A341-4239-ADCC-1900C32AC6B2.npy,dmso
P015093,H21,s8,dmso,/mnt/micro-images-pvc/specs935-v1/specs935-v1-FA-P015093-U2OS-48h-P9-L2/2021-12-22/871/specs935-v1-FA-P015093-U2OS-48h-P9-L2_H21_s8_w56119F970-4DBB-4CA2-B7C3-396A15C22A72.npy,dmso
P015093,H21,s9,dmso,/mnt/micro-images-pvc/specs935-v1/specs935-v1-FA-P015093-U2OS-48h-P9-L2/2021-12-22/871/specs935-v1-FA-P015093-U2OS-48h-P9-L2_H21_s9_w537B432C4-1EF7-4592-8A9D-638F7649C53F.npy,dmso
P015093,I06,s1,dmso,/mnt/micro-images-pvc/specs935-v1/specs935-v1-FA-P015093-U2OS-48h-P9-L2/2021-12-22/871/specs935-v1-FA-P015093-U2OS-48h-P9-L2_I06_s1_w5183805A7-43ED-4FF4-91DE-F610043EBDE0.npy,dmso
P015093,I06,s2,dmso,/mnt/micro-images-pvc/specs935-v1/specs935-v1-FA-P015093-U2OS-48h-P9-L2/2021-12-22/871/specs935-v1-FA-P015093-U2OS-48h-P9-L2_I06_s2_w5B5B8FFEE-8C5A-4647-ADF3-43444040639E.npy,dmso
P015093,I06,s3,dmso,/mnt/micro-images-pvc/specs935-v1/specs935-v1-FA-P015093-U2OS-48h-P9-L2/2021-12-22/871/specs935-v1-FA-P015093-U2OS-48h-P9-L2_I06_s3_w5172913E0-5E38-4063-ABD7-C9C509C2D253.npy,dmso
P015093,I06,s4,dmso,/mnt/micro-images-pvc/specs935-v1/specs935-v1-FA-P015093-U2OS-48h-P9-L2/2021-12-22/871/specs935-v1-FA-P015093-U2OS-48h-P9-L2_I06_s4_w5257861EA-2E02-42A9-B059-63AA4D1F8FF0.npy,dmso
P015093,I06,s5,dmso,/mnt/micro-images-pvc/specs935-v1/specs935-v1-FA-P015093-U2OS-48h-P9-L2/2021-12-22/871/specs935-v1-FA-P015093-U2OS-48h-P9-L2_I06_s5_w521343734-EABA-4962-B756-C7E435B8D326.npy,dmso
P015093,I06,s6,dmso,/mnt/micro-images-pvc/specs935-v1/specs935-v1-FA-P015093-U2OS-48h-P9-L2/2021-12-22/871/specs935-v1-FA-P015093-U2OS-48h-P9-L2_I06_s6_w516A4AECE-205F-423D-888D-1E17C1FF6858.npy,dmso
P015093,I06,s7,dmso,/mnt/micro-images-pvc/specs935-v1/specs935-v1-FA-P015093-U2OS-48h-P9-L2/2021-12-22/871/specs935-v1-FA-P015093-U2OS-48h-P9-L2_I06_s7_w58F86931F-F746-4FB7-8A90-D945C4A9417E.npy,dmso
P015093,I06,s8,dmso,/mnt/micro-images-pvc/specs935-v1/specs935-v1-FA-P015093-U2OS-48h-P9-L2/2021-12-22/871/specs935-v1-FA-P015093-U2OS-48h-P9-L2_I06_s8_w50E81F6D1-DC13-4A2C-87C0-04128C02BD97.npy,dmso
P015093,I06,s9,dmso,/mnt/micro-images-pvc/specs935-v1/specs935-v1-FA-P015093-U2OS-48h-P9-L2/2021-12-22/871/specs935-v1-FA-P015093-U2OS-48h-P9-L2_I06_s9_w5E4C0CE81-C3BE-4B24-9BAD-2247A439E677.npy,dmso
P015093,J10,s1,dmso,/mnt/micro-images-pvc/specs935-v1/specs935-v1-FA-P015093-U2OS-48h-P9-L2/2021-12-22/871/specs935-v1-FA-P015093-U2OS-48h-P9-L2_J10_s1_w5524156AC-093C-44C3-B4BC-C4BD71BDE08B.npy,dmso
P015093,J10,s2,dmso,/mnt/micro-images-pvc/specs935-v1/specs935-v1-FA-P015093-U2OS-48h-P9-L2/2021-12-22/871/specs935-v1-FA-P015093-U2OS-48h-P9-L2_J10_s2_w5EC565A82-7001-4FD0-BE5A-0D19F6533462.npy,dmso
P015093,J10,s3,dmso,/mnt/micro-images-pvc/specs935-v1/specs935-v1-FA-P015093-U2OS-48h-P9-L2/2021-12-22/871/specs935-v1-FA-P015093-U2OS-48h-P9-L2_J10_s3_w59F16AF28-0B2B-45DD-B8A3-C951A72E4767.npy,dmso
P015093,J10,s4,dmso,/mnt/micro-images-pvc/specs935-v1/specs935-v1-FA-P015093-U2OS-48h-P9-L2/2021-12-22/871/specs935-v1-FA-P015093-U2OS-48h-P9-L2_J10_s4_w5BCCC9F28-3541-4150-90E9-FDB858756104.npy,dmso
P015093,J10,s5,dmso,/mnt/micro-images-pvc/specs935-v1/specs935-v1-FA-P015093-U2OS-48h-P9-L2/2021-12-22/871/specs935-v1-FA-P015093-U2OS-48h-P9-L2_J10_s5_w5F9E56049-C7CE-47FF-A393-410DC8B12E7C.npy,dmso
P015093,J10,s6,dmso,/mnt/micro-images-pvc/specs935-v1/specs935-v1-FA-P015093-U2OS-48h-P9-L2/2021-12-22/871/specs935-v1-FA-P015093-U2OS-48h-P9-L2_J10_s6_w590E132F2-37A4-4342-A6DA-2C2FEC40C774.npy,dmso
P015093,J10,s7,dmso,/mnt/micro-images-pvc/specs935-v1/specs935-v1-FA-P015093-U2OS-48h-P9-L2/2021-12-22/871/specs935-v1-FA-P015093-U2OS-48h-P9-L2_J10_s7_w5859900C1-0D5D-457A-846E-DF25891082CE.npy,dmso
P015093,J10,s8,dmso,/mnt/micro-images-pvc/specs935-v1/specs935-v1-FA-P015093-U2OS-48h-P9-L2/2021-12-22/871/specs935-v1-FA-P015093-U2OS-48h-P9-L2_J10_s8_w5FF3118D6-CEDD-45DF-AEB0-268DD1B5E3F1.npy,dmso
P015093,J10,s9,dmso,/mnt/micro-images-pvc/specs935-v1/specs935-v1-FA-P015093-U2OS-48h-P9-L2/2021-12-22/871/specs935-v1-FA-P015093-U2OS-48h-P9-L2_J10_s9_w506297C56-F48E-48D6-A8EF-5B8F0A0755AC.npy,dmso
P015093,K14,s1,dmso,/mnt/micro-images-pvc/specs935-v1/specs935-v1-FA-P015093-U2OS-48h-P9-L2/2021-12-22/871/specs935-v1-FA-P015093-U2OS-48h-P9-L2_K14_s1_w5D13CA2F0-2606-4B91-9799-B3F73440DDF5.npy,dmso
P015093,K14,s2,dmso,/mnt/micro-images-pvc/specs935-v1/specs935-v1-FA-P015093-U2OS-48h-P9-L2/2021-12-22/871/specs935-v1-FA-P015093-U2OS-48h-P9-L2_K14_s2_w53A4E357D-022D-429F-A931-F8EE248768DB.npy,dmso
P015093,K14,s3,dmso,/mnt/micro-images-pvc/specs935-v1/specs935-v1-FA-P015093-U2OS-48h-P9-L2/2021-12-22/871/specs935-v1-FA-P015093-U2OS-48h-P9-L2_K14_s3_w5F16D6679-DE49-448F-995A-CAEF4AAAB7E4.npy,dmso
P015093,K14,s4,dmso,/mnt/micro-images-pvc/specs935-v1/specs935-v1-FA-P015093-U2OS-48h-P9-L2/2021-12-22/871/specs935-v1-FA-P015093-U2OS-48h-P9-L2_K14_s4_w5552B6A06-09F1-498D-9744-026E84664DCD.npy,dmso
P015093,K14,s5,dmso,/mnt/micro-images-pvc/specs935-v1/specs935-v1-FA-P015093-U2OS-48h-P9-L2/2021-12-22/871/specs935-v1-FA-P015093-U2OS-48h-P9-L2_K14_s5_w53EE0783F-FA45-4C7B-9659-4250E363681D.npy,dmso
P015093,K14,s6,dmso,/mnt/micro-images-pvc/specs935-v1/specs935-v1-FA-P015093-U2OS-48h-P9-L2/2021-12-22/871/specs935-v1-FA-P015093-U2OS-48h-P9-L2_K14_s6_w5BD2B2AB1-BCCD-4886-BFE8-C736E6764A88.npy,dmso
P015093,K14,s7,dmso,/mnt/micro-images-pvc/specs935-v1/specs935-v1-FA-P015093-U2OS-48h-P9-L2/2021-12-22/871/specs935-v1-FA-P015093-U2OS-48h-P9-L2_K14_s7_w5D6229B66-6A29-4D72-A477-E25786762CCA.npy,dmso
P015093,K14,s8,dmso,/mnt/micro-images-pvc/specs935-v1/specs935-v1-FA-P015093-U2OS-48h-P9-L2/2021-12-22/871/specs935-v1-FA-P015093-U2OS-48h-P9-L2_K14_s8_w59D673789-FC15-4535-B1C5-8B32980605C4.npy,dmso
P015093,K14,s9,dmso,/mnt/micro-images-pvc/specs935-v1/specs935-v1-FA-P015093-U2OS-48h-P9-L2/2021-12-22/871/specs935-v1-FA-P015093-U2OS-48h-P9-L2_K14_s9_w517B98084-B618-46D7-9747-A98DCB861C93.npy,dmso
P015093,K19,s1,dmso,/mnt/micro-images-pvc/specs935-v1/specs935-v1-FA-P015093-U2OS-48h-P9-L2/2021-12-22/871/specs935-v1-FA-P015093-U2OS-48h-P9-L2_K19_s1_w5DD57DE88-6BF7-42A7-A67F-F3C66CDDC98D.npy,dmso
P015093,K19,s2,dmso,/mnt/micro-images-pvc/specs935-v1/specs935-v1-FA-P015093-U2OS-48h-P9-L2/2021-12-22/871/specs935-v1-FA-P015093-U2OS-48h-P9-L2_K19_s2_w56D4E67A1-D1C5-4598-9E25-4D689A1DC735.npy,dmso
P015093,K19,s3,dmso,/mnt/micro-images-pvc/specs935-v1/specs935-v1-FA-P015093-U2OS-48h-P9-L2/2021-12-22/871/specs935-v1-FA-P015093-U2OS-48h-P9-L2_K19_s3_w59346423A-0E88-4286-A3EF-3CE22CA4C2CE.npy,dmso
P015093,K19,s4,dmso,/mnt/micro-images-pvc/specs935-v1/specs935-v1-FA-P015093-U2OS-48h-P9-L2/2021-12-22/871/specs935-v1-FA-P015093-U2OS-48h-P9-L2_K19_s4_w51725B49D-0ACE-4BF4-A2EA-A3B4E98ACCF5.npy,dmso
P015093,K19,s5,dmso,/mnt/micro-images-pvc/specs935-v1/specs935-v1-FA-P015093-U2OS-48h-P9-L2/2021-12-22/871/specs935-v1-FA-P015093-U2OS-48h-P9-L2_K19_s5_w57E447DC0-AF88-4D34-8FAA-C4CD0CA9E104.npy,dmso
P015093,K19,s6,dmso,/mnt/micro-images-pvc/specs935-v1/specs935-v1-FA-P015093-U2OS-48h-P9-L2/2021-12-22/871/specs935-v1-FA-P015093-U2OS-48h-P9-L2_K19_s6_w53C4B672C-28E6-4809-B360-A1C2156DCB26.npy,dmso
P015093,K19,s7,dmso,/mnt/micro-images-pvc/specs935-v1/specs935-v1-FA-P015093-U2OS-48h-P9-L2/2021-12-22/871/specs935-v1-FA-P015093-U2OS-48h-P9-L2_K19_s7_w530C6A0CA-A8F5-4A1F-AA88-524B74E2808B.npy,dmso
P015093,K19,s8,dmso,/mnt/micro-images-pvc/specs935-v1/specs935-v1-FA-P015093-U2OS-48h-P9-L2/2021-12-22/871/specs935-v1-FA-P015093-U2OS-48h-P9-L2_K19_s8_w552787BE6-C33F-4614-96E2-AA0670A90BC2.npy,dmso
P015093,K19,s9,dmso,/mnt/micro-images-pvc/specs935-v1/specs935-v1-FA-P015093-U2OS-48h-P9-L2/2021-12-22/871/specs935-v1-FA-P015093-U2OS-48h-P9-L2_K19_s9_w5498FC730-3571-48E3-ACE3-039012677725.npy,dmso
P015093,N09,s1,dmso,/mnt/micro-images-pvc/specs935-v1/specs935-v1-FA-P015093-U2OS-48h-P9-L2/2021-12-22/871/specs935-v1-FA-P015093-U2OS-48h-P9-L2_N09_s1_w58FF18F6E-0591-4584-9B2A-57DD84BE7734.npy,dmso
P015093,N09,s2,dmso,/mnt/micro-images-pvc/specs935-v1/specs935-v1-FA-P015093-U2OS-48h-P9-L2/2021-12-22/871/specs935-v1-FA-P015093-U2OS-48h-P9-L2_N09_s2_w5EA5CCDDF-8491-4A10-A902-B45900785093.npy,dmso
P015093,N09,s3,dmso,/mnt/micro-images-pvc/specs935-v1/specs935-v1-FA-P015093-U2OS-48h-P9-L2/2021-12-22/871/specs935-v1-FA-P015093-U2OS-48h-P9-L2_N09_s3_w55D3FB7BB-BC3F-4063-91F5-A1D4EEA6A385.npy,dmso
P015093,N09,s4,dmso,/mnt/micro-images-pvc/specs935-v1/specs935-v1-FA-P015093-U2OS-48h-P9-L2/2021-12-22/871/specs935-v1-FA-P015093-U2OS-48h-P9-L2_N09_s4_w50EDDF126-43CC-42A9-B274-849439E5F8AD.npy,dmso
P015093,N09,s5,dmso,/mnt/micro-images-pvc/specs935-v1/specs935-v1-FA-P015093-U2OS-48h-P9-L2/2021-12-22/871/specs935-v1-FA-P015093-U2OS-48h-P9-L2_N09_s5_w5D93D1EB9-5EBC-4BFB-8760-70AC639BE171.npy,dmso
P015093,N09,s6,dmso,/mnt/micro-images-pvc/specs935-v1/specs935-v1-FA-P015093-U2OS-48h-P9-L2/2021-12-22/871/specs935-v1-FA-P015093-U2OS-48h-P9-L2_N09_s6_w5B6EFCCA5-6564-4E53-BB1F-28AF8E7E906C.npy,dmso
P015093,N09,s7,dmso,/mnt/micro-images-pvc/specs935-v1/specs935-v1-FA-P015093-U2OS-48h-P9-L2/2021-12-22/871/specs935-v1-FA-P015093-U2OS-48h-P9-L2_N09_s7_w57E70C059-D00A-466E-83D8-B1DAD3A2BFFF.npy,dmso
P015093,N09,s8,dmso,/mnt/micro-images-pvc/specs935-v1/specs935-v1-FA-P015093-U2OS-48h-P9-L2/2021-12-22/871/specs935-v1-FA-P015093-U2OS-48h-P9-L2_N09_s8_w5E448E8F1-5C5A-41E9-90CD-4A1E4F0A88DA.npy,dmso
P015093,N09,s9,dmso,/mnt/micro-images-pvc/specs935-v1/specs935-v1-FA-P015093-U2OS-48h-P9-L2/2021-12-22/871/specs935-v1-FA-P015093-U2OS-48h-P9-L2_N09_s9_w5AE8886FD-ECB6-4CD2-997A-4543525710B2.npy,dmso
P015094,B22,s1,dmso,/mnt/micro-images-pvc/specs935-v1/specs935-v1-FA-P015094-U2OS-48h-P10-L1/2021-12-19/856/specs935-v1-FA-P015094-U2OS-48h-P10-L1_B22_s1_w5C5C5F688-0EA4-4AA6-927C-30D7250A158B.npy,dmso
P015094,B22,s2,dmso,/mnt/micro-images-pvc/specs935-v1/specs935-v1-FA-P015094-U2OS-48h-P10-L1/2021-12-19/856/specs935-v1-FA-P015094-U2OS-48h-P10-L1_B22_s2_w508E41286-531A-49CB-B530-78041E558FC0.npy,dmso
P015094,B22,s3,dmso,/mnt/micro-images-pvc/specs935-v1/specs935-v1-FA-P015094-U2OS-48h-P10-L1/2021-12-19/856/specs935-v1-FA-P015094-U2OS-48h-P10-L1_B22_s3_w5B54F6A00-D79F-4AD4-A62C-D36B3ECE3A7C.npy,dmso
P015094,B22,s4,dmso,/mnt/micro-images-pvc/specs935-v1/specs935-v1-FA-P015094-U2OS-48h-P10-L1/2021-12-19/856/specs935-v1-FA-P015094-U2OS-48h-P10-L1_B22_s4_w55D3524F9-C330-4C54-A1B2-D6983ECC3025.npy,dmso
P015094,B22,s5,dmso,/mnt/micro-images-pvc/specs935-v1/specs935-v1-FA-P015094-U2OS-48h-P10-L1/2021-12-19/856/specs935-v1-FA-P015094-U2OS-48h-P10-L1_B22_s5_w5D6B22D92-6A26-42C5-A349-DFCAFEC57DD1.npy,dmso
P015094,B22,s6,dmso,/mnt/micro-images-pvc/specs935-v1/specs935-v1-FA-P015094-U2OS-48h-P10-L1/2021-12-19/856/specs935-v1-FA-P015094-U2OS-48h-P10-L1_B22_s6_w59AA1038B-A8E3-48A9-8754-8446CDF4D169.npy,dmso
P015094,B22,s7,dmso,/mnt/micro-images-pvc/specs935-v1/specs935-v1-FA-P015094-U2OS-48h-P10-L1/2021-12-19/856/specs935-v1-FA-P015094-U2OS-48h-P10-L1_B22_s7_w55917526E-48F6-43B2-B1A3-6D91CAC32627.npy,dmso
P015094,B22,s8,dmso,/mnt/micro-images-pvc/specs935-v1/specs935-v1-FA-P015094-U2OS-48h-P10-L1/2021-12-19/856/specs935-v1-FA-P015094-U2OS-48h-P10-L1_B22_s8_w5509967EA-DC16-4179-B4D3-74FE27F70EBA.npy,dmso
P015094,B22,s9,dmso,/mnt/micro-images-pvc/specs935-v1/specs935-v1-FA-P015094-U2OS-48h-P10-L1/2021-12-19/856/specs935-v1-FA-P015094-U2OS-48h-P10-L1_B22_s9_w5D91B69BE-E17F-4102-8869-5E4B25CDD54B.npy,dmso
P015094,C18,s1,dmso,/mnt/micro-images-pvc/specs935-v1/specs935-v1-FA-P015094-U2OS-48h-P10-L1/2021-12-19/856/specs935-v1-FA-P015094-U2OS-48h-P10-L1_C18_s1_w5D48ACABB-2F96-4E60-8748-FAD6E7800EB9.npy,dmso
P015094,C18,s2,dmso,/mnt/micro-images-pvc/specs935-v1/specs935-v1-FA-P015094-U2OS-48h-P10-L1/2021-12-19/856/specs935-v1-FA-P015094-U2OS-48h-P10-L1_C18_s2_w5D5ED51E6-F966-430D-9DA8-7ED850F19741.npy,dmso
P015094,C18,s3,dmso,/mnt/micro-images-pvc/specs935-v1/specs935-v1-FA-P015094-U2OS-48h-P10-L1/2021-12-19/856/specs935-v1-FA-P015094-U2OS-48h-P10-L1_C18_s3_w5F97D1159-4DE0-4B64-B736-1F0DA19C9692.npy,dmso
P015094,C18,s4,dmso,/mnt/micro-images-pvc/specs935-v1/specs935-v1-FA-P015094-U2OS-48h-P10-L1/2021-12-19/856/specs935-v1-FA-P015094-U2OS-48h-P10-L1_C18_s4_w5E83D782D-FB1F-417C-9ECA-2BE78F2A4BC7.npy,dmso
P015094,C18,s5,dmso,/mnt/micro-images-pvc/specs935-v1/specs935-v1-FA-P015094-U2OS-48h-P10-L1/2021-12-19/856/specs935-v1-FA-P015094-U2OS-48h-P10-L1_C18_s5_w55EE80732-C5A1-4144-913E-B9E31A644BAE.npy,dmso
P015094,C18,s6,dmso,/mnt/micro-images-pvc/specs935-v1/specs935-v1-FA-P015094-U2OS-48h-P10-L1/2021-12-19/856/specs935-v1-FA-P015094-U2OS-48h-P10-L1_C18_s6_w56E220C5B-223F-4B8C-8588-2120CF952E6C.npy,dmso
P015094,C18,s7,dmso,/mnt/micro-images-pvc/specs935-v1/specs935-v1-FA-P015094-U2OS-48h-P10-L1/2021-12-19/856/specs935-v1-FA-P015094-U2OS-48h-P10-L1_C18_s7_w5DD997AB8-7B7C-4128-907A-1D19D91972A7.npy,dmso
P015094,C18,s8,dmso,/mnt/micro-images-pvc/specs935-v1/specs935-v1-FA-P015094-U2OS-48h-P10-L1/2021-12-19/856/specs935-v1-FA-P015094-U2OS-48h-P10-L1_C18_s8_w54FDA3EE3-265B-4D07-990D-9569C8DE45EF.npy,dmso
P015094,C18,s9,dmso,/mnt/micro-images-pvc/specs935-v1/specs935-v1-FA-P015094-U2OS-48h-P10-L1/2021-12-19/856/specs935-v1-FA-P015094-U2OS-48h-P10-L1_C18_s9_w53F0A85C2-5CB5-47ED-8A51-088F33C82581.npy,dmso
P015094,D14,s1,dmso,/mnt/micro-images-pvc/specs935-v1/specs935-v1-FA-P015094-U2OS-48h-P10-L1/2021-12-19/856/specs935-v1-FA-P015094-U2OS-48h-P10-L1_D14_s1_w57E3EEDCD-7A1A-4E05-BE0B-FEC7D36D532F.npy,dmso
P015094,D14,s2,dmso,/mnt/micro-images-pvc/specs935-v1/specs935-v1-FA-P015094-U2OS-48h-P10-L1/2021-12-19/856/specs935-v1-FA-P015094-U2OS-48h-P10-L1_D14_s2_w560BB0E63-C304-402C-9B86-A55D6CDDE777.npy,dmso
P015094,D14,s3,dmso,/mnt/micro-images-pvc/specs935-v1/specs935-v1-FA-P015094-U2OS-48h-P10-L1/2021-12-19/856/specs935-v1-FA-P015094-U2OS-48h-P10-L1_D14_s3_w5FC7A236F-2C1E-40C8-AE69-E7530148380C.npy,dmso
P015094,D14,s4,dmso,/mnt/micro-images-pvc/specs935-v1/specs935-v1-FA-P015094-U2OS-48h-P10-L1/2021-12-19/856/specs935-v1-FA-P015094-U2OS-48h-P10-L1_D14_s4_w5647C5CCB-33E9-4B6D-8DED-C655A248962C.npy,dmso
P015094,D14,s5,dmso,/mnt/micro-images-pvc/specs935-v1/specs935-v1-FA-P015094-U2OS-48h-P10-L1/2021-12-19/856/specs935-v1-FA-P015094-U2OS-48h-P10-L1_D14_s5_w5E34FBDA6-2778-4698-BD34-9768738AC06B.npy,dmso
P015094,D14,s6,dmso,/mnt/micro-images-pvc/specs935-v1/specs935-v1-FA-P015094-U2OS-48h-P10-L1/2021-12-19/856/specs935-v1-FA-P015094-U2OS-48h-P10-L1_D14_s6_w538C9C4E0-5250-447F-A9B3-31D7ECFB43C0.npy,dmso
P015094,D14,s7,dmso,/mnt/micro-images-pvc/specs935-v1/specs935-v1-FA-P015094-U2OS-48h-P10-L1/2021-12-19/856/specs935-v1-FA-P015094-U2OS-48h-P10-L1_D14_s7_w584FDDBDF-C0FE-41F1-BC87-39B1F6ABA58A.npy,dmso
P015094,D14,s8,dmso,/mnt/micro-images-pvc/specs935-v1/specs935-v1-FA-P015094-U2OS-48h-P10-L1/2021-12-19/856/specs935-v1-FA-P015094-U2OS-48h-P10-L1_D14_s8_w542923433-8068-4B8B-A348-5A8991CEC2A5.npy,dmso
P015094,D14,s9,dmso,/mnt/micro-images-pvc/specs935-v1/specs935-v1-FA-P015094-U2OS-48h-P10-L1/2021-12-19/856/specs935-v1-FA-P015094-U2OS-48h-P10-L1_D14_s9_w5D6FB3CC0-08F6-46D7-B116-20781CBF2858.npy,dmso
P015094,D20,s1,dmso,/mnt/micro-images-pvc/specs935-v1/specs935-v1-FA-P015094-U2OS-48h-P10-L1/2021-12-19/856/specs935-v1-FA-P015094-U2OS-48h-P10-L1_D20_s1_w54958C252-B6C1-4A2C-9C2C-E8317049C5AA.npy,dmso
P015094,D20,s2,dmso,/mnt/micro-images-pvc/specs935-v1/specs935-v1-FA-P015094-U2OS-48h-P10-L1/2021-12-19/856/specs935-v1-FA-P015094-U2OS-48h-P10-L1_D20_s2_w58B97023D-2689-4A2F-BF4C-6448EA6FC710.npy,dmso
P015094,D20,s3,dmso,/mnt/micro-images-pvc/specs935-v1/specs935-v1-FA-P015094-U2OS-48h-P10-L1/2021-12-19/856/specs935-v1-FA-P015094-U2OS-48h-P10-L1_D20_s3_w55ADDF06E-BB1B-4006-8CD3-2156686AFEFD.npy,dmso
P015094,D20,s4,dmso,/mnt/micro-images-pvc/specs935-v1/specs935-v1-FA-P015094-U2OS-48h-P10-L1/2021-12-19/856/specs935-v1-FA-P015094-U2OS-48h-P10-L1_D20_s4_w5898FCB7F-BD9C-436F-B612-33D7E87856C7.npy,dmso
P015094,D20,s5,dmso,/mnt/micro-images-pvc/specs935-v1/specs935-v1-FA-P015094-U2OS-48h-P10-L1/2021-12-19/856/specs935-v1-FA-P015094-U2OS-48h-P10-L1_D20_s5_w534799DE8-07F1-4CAE-85D8-76127C2A944B.npy,dmso
P015094,D20,s6,dmso,/mnt/micro-images-pvc/specs935-v1/specs935-v1-FA-P015094-U2OS-48h-P10-L1/2021-12-19/856/specs935-v1-FA-P015094-U2OS-48h-P10-L1_D20_s6_w547D5652F-DFDD-4D2B-9F45-80AF8F55AD57.npy,dmso
P015094,D20,s7,dmso,/mnt/micro-images-pvc/specs935-v1/specs935-v1-FA-P015094-U2OS-48h-P10-L1/2021-12-19/856/specs935-v1-FA-P015094-U2OS-48h-P10-L1_D20_s7_w555C7A316-5484-48C0-B075-32178B17BD5E.npy,dmso
P015094,D20,s8,dmso,/mnt/micro-images-pvc/specs935-v1/specs935-v1-FA-P015094-U2OS-48h-P10-L1/2021-12-19/856/specs935-v1-FA-P015094-U2OS-48h-P10-L1_D20_s8_w55C0F9C8A-42AF-4E2A-8616-1249CC81CBA3.npy,dmso
P015094,D20,s9,dmso,/mnt/micro-images-pvc/specs935-v1/specs935-v1-FA-P015094-U2OS-48h-P10-L1/2021-12-19/856/specs935-v1-FA-P015094-U2OS-48h-P10-L1_D20_s9_w5468D28B0-4BF0-4412-81D7-D8E8CBE33A35.npy,dmso
P015094,E03,s1,dmso,/mnt/micro-images-pvc/specs935-v1/specs935-v1-FA-P015094-U2OS-48h-P10-L1/2021-12-19/856/specs935-v1-FA-P015094-U2OS-48h-P10-L1_E03_s1_w5D74E5A5C-D592-479A-AD5F-D3D74DBF4E66.npy,dmso
P015094,E03,s2,dmso,/mnt/micro-images-pvc/specs935-v1/specs935-v1-FA-P015094-U2OS-48h-P10-L1/2021-12-19/856/specs935-v1-FA-P015094-U2OS-48h-P10-L1_E03_s2_w53BB9212D-B554-4202-8A95-FBEDED8FE0EE.npy,dmso
P015094,E03,s3,dmso,/mnt/micro-images-pvc/specs935-v1/specs935-v1-FA-P015094-U2OS-48h-P10-L1/2021-12-19/856/specs935-v1-FA-P015094-U2OS-48h-P10-L1_E03_s3_w53D6F9742-F937-4EE6-BAD2-8BFDD0045E73.npy,dmso
P015094,E03,s4,dmso,/mnt/micro-images-pvc/specs935-v1/specs935-v1-FA-P015094-U2OS-48h-P10-L1/2021-12-19/856/specs935-v1-FA-P015094-U2OS-48h-P10-L1_E03_s4_w5E1ABEDD3-7606-4CC9-90E6-2635EA16C67E.npy,dmso
P015094,E03,s5,dmso,/mnt/micro-images-pvc/specs935-v1/specs935-v1-FA-P015094-U2OS-48h-P10-L1/2021-12-19/856/specs935-v1-FA-P015094-U2OS-48h-P10-L1_E03_s5_w599F4F61D-032B-40B5-9941-D68B69CC258E.npy,dmso
P015094,E03,s6,dmso,/mnt/micro-images-pvc/specs935-v1/specs935-v1-FA-P015094-U2OS-48h-P10-L1/2021-12-19/856/specs935-v1-FA-P015094-U2OS-48h-P10-L1_E03_s6_w502C04D96-1491-4842-9A7D-95750018F184.npy,dmso
P015094,E03,s7,dmso,/mnt/micro-images-pvc/specs935-v1/specs935-v1-FA-P015094-U2OS-48h-P10-L1/2021-12-19/856/specs935-v1-FA-P015094-U2OS-48h-P10-L1_E03_s7_w54DA534D7-A55C-4D29-BEC7-A1ADD877727D.npy,dmso
P015094,E03,s8,dmso,/mnt/micro-images-pvc/specs935-v1/specs935-v1-FA-P015094-U2OS-48h-P10-L1/2021-12-19/856/specs935-v1-FA-P015094-U2OS-48h-P10-L1_E03_s8_w5B6AAC3C9-1420-492A-A027-267F2A135AC4.npy,dmso
P015094,E03,s9,dmso,/mnt/micro-images-pvc/specs935-v1/specs935-v1-FA-P015094-U2OS-48h-P10-L1/2021-12-19/856/specs935-v1-FA-P015094-U2OS-48h-P10-L1_E03_s9_w51990621A-2CFB-4AF2-9B2B-2FA8C35E34D4.npy,dmso
P015094,E08,s1,dmso,/mnt/micro-images-pvc/specs935-v1/specs935-v1-FA-P015094-U2OS-48h-P10-L1/2021-12-19/856/specs935-v1-FA-P015094-U2OS-48h-P10-L1_E08_s1_w5015F52CC-5347-4E86-9AE1-301787E90FD9.npy,dmso
P015094,E08,s2,dmso,/mnt/micro-images-pvc/specs935-v1/specs935-v1-FA-P015094-U2OS-48h-P10-L1/2021-12-19/856/specs935-v1-FA-P015094-U2OS-48h-P10-L1_E08_s2_w5AD70D1CF-B0A1-4494-914D-E4CA4D93D2D4.npy,dmso
P015094,E08,s3,dmso,/mnt/micro-images-pvc/specs935-v1/specs935-v1-FA-P015094-U2OS-48h-P10-L1/2021-12-19/856/specs935-v1-FA-P015094-U2OS-48h-P10-L1_E08_s3_w57B85C032-CF77-4831-87B3-344AB41A7D00.npy,dmso
P015094,E08,s4,dmso,/mnt/micro-images-pvc/specs935-v1/specs935-v1-FA-P015094-U2OS-48h-P10-L1/2021-12-19/856/specs935-v1-FA-P015094-U2OS-48h-P10-L1_E08_s4_w5A8DF34B1-C0CF-4CA9-890D-7ED032C41A1B.npy,dmso
P015094,E08,s5,dmso,/mnt/micro-images-pvc/specs935-v1/specs935-v1-FA-P015094-U2OS-48h-P10-L1/2021-12-19/856/specs935-v1-FA-P015094-U2OS-48h-P10-L1_E08_s5_w5DFB7A230-0C97-44F2-8308-ED2E211A1DB5.npy,dmso
P015094,E08,s6,dmso,/mnt/micro-images-pvc/specs935-v1/specs935-v1-FA-P015094-U2OS-48h-P10-L1/2021-12-19/856/specs935-v1-FA-P015094-U2OS-48h-P10-L1_E08_s6_w5E92407A4-3887-4D62-94F4-5717EC21B99E.npy,dmso
P015094,E08,s7,dmso,/mnt/micro-images-pvc/specs935-v1/specs935-v1-FA-P015094-U2OS-48h-P10-L1/2021-12-19/856/specs935-v1-FA-P015094-U2OS-48h-P10-L1_E08_s7_w5AA378328-0183-4DAD-B7E3-37DF4B51139C.npy,dmso
P015094,E08,s8,dmso,/mnt/micro-images-pvc/specs935-v1/specs935-v1-FA-P015094-U2OS-48h-P10-L1/2021-12-19/856/specs935-v1-FA-P015094-U2OS-48h-P10-L1_E08_s8_w5FC81A282-DECE-4D54-AEAB-5C05776B4C2B.npy,dmso
P015094,E08,s9,dmso,/mnt/micro-images-pvc/specs935-v1/specs935-v1-FA-P015094-U2OS-48h-P10-L1/2021-12-19/856/specs935-v1-FA-P015094-U2OS-48h-P10-L1_E08_s9_w5BFD6C5FE-824E-46F0-8D68-AD8408317751.npy,dmso
P015094,F21,s1,dmso,/mnt/micro-images-pvc/specs935-v1/specs935-v1-FA-P015094-U2OS-48h-P10-L1/2021-12-19/856/specs935-v1-FA-P015094-U2OS-48h-P10-L1_F21_s1_w5B45B1C6F-C3D4-462E-8370-7A1232EFFA6A.npy,dmso
P015094,F21,s2,dmso,/mnt/micro-images-pvc/specs935-v1/specs935-v1-FA-P015094-U2OS-48h-P10-L1/2021-12-19/856/specs935-v1-FA-P015094-U2OS-48h-P10-L1_F21_s2_w5869F9758-6D8C-4FC2-938E-DC0AAAFB1C18.npy,dmso
P015094,F21,s3,dmso,/mnt/micro-images-pvc/specs935-v1/specs935-v1-FA-P015094-U2OS-48h-P10-L1/2021-12-19/856/specs935-v1-FA-P015094-U2OS-48h-P10-L1_F21_s3_w5C8726482-1798-44D4-A416-0B1AE35A93D1.npy,dmso
P015094,F21,s4,dmso,/mnt/micro-images-pvc/specs935-v1/specs935-v1-FA-P015094-U2OS-48h-P10-L1/2021-12-19/856/specs935-v1-FA-P015094-U2OS-48h-P10-L1_F21_s4_w5DAEE211D-D305-4F72-B4A4-973439013CBB.npy,dmso
P015094,F21,s5,dmso,/mnt/micro-images-pvc/specs935-v1/specs935-v1-FA-P015094-U2OS-48h-P10-L1/2021-12-19/856/specs935-v1-FA-P015094-U2OS-48h-P10-L1_F21_s5_w5F35C7326-BACF-4263-9793-BC494AD3D712.npy,dmso
P015094,F21,s6,dmso,/mnt/micro-images-pvc/specs935-v1/specs935-v1-FA-P015094-U2OS-48h-P10-L1/2021-12-19/856/specs935-v1-FA-P015094-U2OS-48h-P10-L1_F21_s6_w5F884A59C-4909-43AC-B909-69EB08A92C21.npy,dmso
P015094,F21,s7,dmso,/mnt/micro-images-pvc/specs935-v1/specs935-v1-FA-P015094-U2OS-48h-P10-L1/2021-12-19/856/specs935-v1-FA-P015094-U2OS-48h-P10-L1_F21_s7_w54E9DE601-7205-4B1A-9CD0-080111977868.npy,dmso
P015094,F21,s8,dmso,/mnt/micro-images-pvc/specs935-v1/specs935-v1-FA-P015094-U2OS-48h-P10-L1/2021-12-19/856/specs935-v1-FA-P015094-U2OS-48h-P10-L1_F21_s8_w51C9C6AD3-4BE9-4F08-AF43-3F40BB1845DA.npy,dmso
P015094,F21,s9,dmso,/mnt/micro-images-pvc/specs935-v1/specs935-v1-FA-P015094-U2OS-48h-P10-L1/2021-12-19/856/specs935-v1-FA-P015094-U2OS-48h-P10-L1_F21_s9_w5CA82B326-E1FD-4B1C-B593-C5E63EA14C55.npy,dmso
P015094,G11,s1,dmso,/mnt/micro-images-pvc/specs935-v1/specs935-v1-FA-P015094-U2OS-48h-P10-L1/2021-12-19/856/specs935-v1-FA-P015094-U2OS-48h-P10-L1_G11_s1_w51E2DA099-0C57-4600-9713-3C896D00FC1E.npy,dmso
P015094,G11,s2,dmso,/mnt/micro-images-pvc/specs935-v1/specs935-v1-FA-P015094-U2OS-48h-P10-L1/2021-12-19/856/specs935-v1-FA-P015094-U2OS-48h-P10-L1_G11_s2_w5F5ECBDDF-00BC-4BD6-BF86-C0159C7173EA.npy,dmso
P015094,G11,s3,dmso,/mnt/micro-images-pvc/specs935-v1/specs935-v1-FA-P015094-U2OS-48h-P10-L1/2021-12-19/856/specs935-v1-FA-P015094-U2OS-48h-P10-L1_G11_s3_w57BA80221-263C-43FA-9271-82F2FA0A23A5.npy,dmso
P015094,G11,s4,dmso,/mnt/micro-images-pvc/specs935-v1/specs935-v1-FA-P015094-U2OS-48h-P10-L1/2021-12-19/856/specs935-v1-FA-P015094-U2OS-48h-P10-L1_G11_s4_w5B1CDF75C-46A6-418E-856E-BCF5B9E0940B.npy,dmso
P015094,G11,s5,dmso,/mnt/micro-images-pvc/specs935-v1/specs935-v1-FA-P015094-U2OS-48h-P10-L1/2021-12-19/856/specs935-v1-FA-P015094-U2OS-48h-P10-L1_G11_s5_w54A3F0345-FF5D-4CE2-BEEB-4EA29E5CF051.npy,dmso
P015094,G11,s6,dmso,/mnt/micro-images-pvc/specs935-v1/specs935-v1-FA-P015094-U2OS-48h-P10-L1/2021-12-19/856/specs935-v1-FA-P015094-U2OS-48h-P10-L1_G11_s6_w5306924A2-8032-4DB3-97D8-24FE02A23C27.npy,dmso
P015094,G11,s7,dmso,/mnt/micro-images-pvc/specs935-v1/specs935-v1-FA-P015094-U2OS-48h-P10-L1/2021-12-19/856/specs935-v1-FA-P015094-U2OS-48h-P10-L1_G11_s7_w5ED407A4E-81EF-4B60-8BC7-A6CE3EC84047.npy,dmso
P015094,G11,s8,dmso,/mnt/micro-images-pvc/specs935-v1/specs935-v1-FA-P015094-U2OS-48h-P10-L1/2021-12-19/856/specs935-v1-FA-P015094-U2OS-48h-P10-L1_G11_s8_w52EBBD4B0-0A33-4B00-BDE8-4DFAC9AE33C0.npy,dmso
P015094,G11,s9,dmso,/mnt/micro-images-pvc/specs935-v1/specs935-v1-FA-P015094-U2OS-48h-P10-L1/2021-12-19/856/specs935-v1-FA-P015094-U2OS-48h-P10-L1_G11_s9_w590C5F287-CB70-41E8-ACC6-2DF149C3DAC9.npy,dmso
P015094,H04,s1,dmso,/mnt/micro-images-pvc/specs935-v1/specs935-v1-FA-P015094-U2OS-48h-P10-L1/2021-12-19/856/specs935-v1-FA-P015094-U2OS-48h-P10-L1_H04_s1_w5DB488F6E-0B4F-4BCB-BFFD-5569F1E2C9E4.npy,dmso
P015094,H04,s2,dmso,/mnt/micro-images-pvc/specs935-v1/specs935-v1-FA-P015094-U2OS-48h-P10-L1/2021-12-19/856/specs935-v1-FA-P015094-U2OS-48h-P10-L1_H04_s2_w5B7DE9F71-B946-4B6E-9FC8-0179AD57B69A.npy,dmso
P015094,H04,s3,dmso,/mnt/micro-images-pvc/specs935-v1/specs935-v1-FA-P015094-U2OS-48h-P10-L1/2021-12-19/856/specs935-v1-FA-P015094-U2OS-48h-P10-L1_H04_s3_w57A461236-1565-4071-856A-4640709A9B01.npy,dmso
P015094,H04,s4,dmso,/mnt/micro-images-pvc/specs935-v1/specs935-v1-FA-P015094-U2OS-48h-P10-L1/2021-12-19/856/specs935-v1-FA-P015094-U2OS-48h-P10-L1_H04_s4_w5C904A627-8816-46AE-B708-CB60F0FA4949.npy,dmso
P015094,H04,s5,dmso,/mnt/micro-images-pvc/specs935-v1/specs935-v1-FA-P015094-U2OS-48h-P10-L1/2021-12-19/856/specs935-v1-FA-P015094-U2OS-48h-P10-L1_H04_s5_w55AF82307-D4ED-4AE6-BBF5-B71822FFADB7.npy,dmso
P015094,H04,s6,dmso,/mnt/micro-images-pvc/specs935-v1/specs935-v1-FA-P015094-U2OS-48h-P10-L1/2021-12-19/856/specs935-v1-FA-P015094-U2OS-48h-P10-L1_H04_s6_w56A061096-E707-4A59-9FDE-884D211C8749.npy,dmso
P015094,H04,s7,dmso,/mnt/micro-images-pvc/specs935-v1/specs935-v1-FA-P015094-U2OS-48h-P10-L1/2021-12-19/856/specs935-v1-FA-P015094-U2OS-48h-P10-L1_H04_s7_w50612ACBA-EC18-4717-8621-6C42DD9E4220.npy,dmso
P015094,H04,s8,dmso,/mnt/micro-images-pvc/specs935-v1/specs935-v1-FA-P015094-U2OS-48h-P10-L1/2021-12-19/856/specs935-v1-FA-P015094-U2OS-48h-P10-L1_H04_s8_w50071EB78-40F4-4DDC-AFFA-50EDC7B40B59.npy,dmso
P015094,H04,s9,dmso,/mnt/micro-images-pvc/specs935-v1/specs935-v1-FA-P015094-U2OS-48h-P10-L1/2021-12-19/856/specs935-v1-FA-P015094-U2OS-48h-P10-L1_H04_s9_w58BB32048-5991-4FC3-91F3-07225A87B046.npy,dmso
P015094,H16,s1,dmso,/mnt/micro-images-pvc/specs935-v1/specs935-v1-FA-P015094-U2OS-48h-P10-L1/2021-12-19/856/specs935-v1-FA-P015094-U2OS-48h-P10-L1_H16_s1_w5C098C33B-C8A3-4508-A237-D0D10C289A63.npy,dmso
P015094,H16,s2,dmso,/mnt/micro-images-pvc/specs935-v1/specs935-v1-FA-P015094-U2OS-48h-P10-L1/2021-12-19/856/specs935-v1-FA-P015094-U2OS-48h-P10-L1_H16_s2_w581C89D02-DA0F-469B-BCFF-1632B852194B.npy,dmso
P015094,H16,s3,dmso,/mnt/micro-images-pvc/specs935-v1/specs935-v1-FA-P015094-U2OS-48h-P10-L1/2021-12-19/856/specs935-v1-FA-P015094-U2OS-48h-P10-L1_H16_s3_w579AFA37E-9896-4613-8F16-80F79BD68C4A.npy,dmso
P015094,H16,s4,dmso,/mnt/micro-images-pvc/specs935-v1/specs935-v1-FA-P015094-U2OS-48h-P10-L1/2021-12-19/856/specs935-v1-FA-P015094-U2OS-48h-P10-L1_H16_s4_w5EDBADBA3-0D37-4D97-99C8-955380AD7A30.npy,dmso
P015094,H16,s5,dmso,/mnt/micro-images-pvc/specs935-v1/specs935-v1-FA-P015094-U2OS-48h-P10-L1/2021-12-19/856/specs935-v1-FA-P015094-U2OS-48h-P10-L1_H16_s5_w5AA477247-E03E-4333-9F27-865AFDD5DAA0.npy,dmso
P015094,H16,s6,dmso,/mnt/micro-images-pvc/specs935-v1/specs935-v1-FA-P015094-U2OS-48h-P10-L1/2021-12-19/856/specs935-v1-FA-P015094-U2OS-48h-P10-L1_H16_s6_w5DB512D55-F404-47B0-BA59-2B0ABC19BEAE.npy,dmso
P015094,H16,s7,dmso,/mnt/micro-images-pvc/specs935-v1/specs935-v1-FA-P015094-U2OS-48h-P10-L1/2021-12-19/856/specs935-v1-FA-P015094-U2OS-48h-P10-L1_H16_s7_w5A1629EA7-CDC8-435C-8B56-BC57EC5EDD71.npy,dmso
P015094,H16,s8,dmso,/mnt/micro-images-pvc/specs935-v1/specs935-v1-FA-P015094-U2OS-48h-P10-L1/2021-12-19/856/specs935-v1-FA-P015094-U2OS-48h-P10-L1_H16_s8_w523662AF7-14E7-49CD-A847-03E16DC3082B.npy,dmso
P015094,H16,s9,dmso,/mnt/micro-images-pvc/specs935-v1/specs935-v1-FA-P015094-U2OS-48h-P10-L1/2021-12-19/856/specs935-v1-FA-P015094-U2OS-48h-P10-L1_H16_s9_w55B2753F8-D251-48A7-867C-992AAD6445E0.npy,dmso
P015094,I06,s1,dmso,/mnt/micro-images-pvc/specs935-v1/specs935-v1-FA-P015094-U2OS-48h-P10-L1/2021-12-19/856/specs935-v1-FA-P015094-U2OS-48h-P10-L1_I06_s1_w58E5BBB7F-24F3-49AE-834B-B557B7838D4F.npy,dmso
P015094,I06,s2,dmso,/mnt/micro-images-pvc/specs935-v1/specs935-v1-FA-P015094-U2OS-48h-P10-L1/2021-12-19/856/specs935-v1-FA-P015094-U2OS-48h-P10-L1_I06_s2_w5CA1B9F39-6CF5-4193-9EC1-FBE69A180A6B.npy,dmso
P015094,I06,s3,dmso,/mnt/micro-images-pvc/specs935-v1/specs935-v1-FA-P015094-U2OS-48h-P10-L1/2021-12-19/856/specs935-v1-FA-P015094-U2OS-48h-P10-L1_I06_s3_w5BBAE3457-DA27-4482-9C0E-788744BFC8AA.npy,dmso
P015094,I06,s4,dmso,/mnt/micro-images-pvc/specs935-v1/specs935-v1-FA-P015094-U2OS-48h-P10-L1/2021-12-19/856/specs935-v1-FA-P015094-U2OS-48h-P10-L1_I06_s4_w5C82BC10B-8D74-40B4-A161-91084492549D.npy,dmso
P015094,I06,s5,dmso,/mnt/micro-images-pvc/specs935-v1/specs935-v1-FA-P015094-U2OS-48h-P10-L1/2021-12-19/856/specs935-v1-FA-P015094-U2OS-48h-P10-L1_I06_s5_w5BADA17E5-7DF0-4006-A375-3FC232D3A4CC.npy,dmso
P015094,I06,s6,dmso,/mnt/micro-images-pvc/specs935-v1/specs935-v1-FA-P015094-U2OS-48h-P10-L1/2021-12-19/856/specs935-v1-FA-P015094-U2OS-48h-P10-L1_I06_s6_w515C389B3-3FDD-4669-9871-E6821C6FF2EA.npy,dmso
P015094,I06,s7,dmso,/mnt/micro-images-pvc/specs935-v1/specs935-v1-FA-P015094-U2OS-48h-P10-L1/2021-12-19/856/specs935-v1-FA-P015094-U2OS-48h-P10-L1_I06_s7_w5DD0D9A3D-C6E1-4CF5-90EC-2F26612DE287.npy,dmso
P015094,I06,s8,dmso,/mnt/micro-images-pvc/specs935-v1/specs935-v1-FA-P015094-U2OS-48h-P10-L1/2021-12-19/856/specs935-v1-FA-P015094-U2OS-48h-P10-L1_I06_s8_w516235025-1A3E-475D-BBEC-8F0407AB4C38.npy,dmso
P015094,I06,s9,dmso,/mnt/micro-images-pvc/specs935-v1/specs935-v1-FA-P015094-U2OS-48h-P10-L1/2021-12-19/856/specs935-v1-FA-P015094-U2OS-48h-P10-L1_I06_s9_w51747A951-3D2F-4BD2-9DC7-87ABEC12DA30.npy,dmso
P015094,J17,s1,dmso,/mnt/micro-images-pvc/specs935-v1/specs935-v1-FA-P015094-U2OS-48h-P10-L1/2021-12-19/856/specs935-v1-FA-P015094-U2OS-48h-P10-L1_J17_s1_w56A4A2269-592C-43B5-9066-ABBFB79CDBB9.npy,dmso
P015094,J17,s2,dmso,/mnt/micro-images-pvc/specs935-v1/specs935-v1-FA-P015094-U2OS-48h-P10-L1/2021-12-19/856/specs935-v1-FA-P015094-U2OS-48h-P10-L1_J17_s2_w5DFAB9626-C282-4763-8B6C-C97833189C37.npy,dmso
P015094,J17,s3,dmso,/mnt/micro-images-pvc/specs935-v1/specs935-v1-FA-P015094-U2OS-48h-P10-L1/2021-12-19/856/specs935-v1-FA-P015094-U2OS-48h-P10-L1_J17_s3_w5B8DDAFF3-896D-46ED-A80B-41A8394C808C.npy,dmso
P015094,J17,s4,dmso,/mnt/micro-images-pvc/specs935-v1/specs935-v1-FA-P015094-U2OS-48h-P10-L1/2021-12-19/856/specs935-v1-FA-P015094-U2OS-48h-P10-L1_J17_s4_w52BF51774-D55E-4392-A7A1-E8DBDAD7C330.npy,dmso
P015094,J17,s5,dmso,/mnt/micro-images-pvc/specs935-v1/specs935-v1-FA-P015094-U2OS-48h-P10-L1/2021-12-19/856/specs935-v1-FA-P015094-U2OS-48h-P10-L1_J17_s5_w53A735CB9-F1A4-4024-BAE0-6B918E711BA0.npy,dmso
P015094,J17,s6,dmso,/mnt/micro-images-pvc/specs935-v1/specs935-v1-FA-P015094-U2OS-48h-P10-L1/2021-12-19/856/specs935-v1-FA-P015094-U2OS-48h-P10-L1_J17_s6_w5F714443F-F2F7-4F97-A1DC-8B090D2F4BC7.npy,dmso
P015094,J17,s7,dmso,/mnt/micro-images-pvc/specs935-v1/specs935-v1-FA-P015094-U2OS-48h-P10-L1/2021-12-19/856/specs935-v1-FA-P015094-U2OS-48h-P10-L1_J17_s7_w5F37C9AD0-F2B4-4F9B-9378-8A17652B60F8.npy,dmso
P015094,J17,s8,dmso,/mnt/micro-images-pvc/specs935-v1/specs935-v1-FA-P015094-U2OS-48h-P10-L1/2021-12-19/856/specs935-v1-FA-P015094-U2OS-48h-P10-L1_J17_s8_w545237684-CCD5-4D84-8FCD-2DF2E09F511A.npy,dmso
P015094,J17,s9,dmso,/mnt/micro-images-pvc/specs935-v1/specs935-v1-FA-P015094-U2OS-48h-P10-L1/2021-12-19/856/specs935-v1-FA-P015094-U2OS-48h-P10-L1_J17_s9_w5251AB9EB-C95A-4399-94B9-8232EDA026D6.npy,dmso
P015094,M09,s1,dmso,/mnt/micro-images-pvc/specs935-v1/specs935-v1-FA-P015094-U2OS-48h-P10-L1/2021-12-19/856/specs935-v1-FA-P015094-U2OS-48h-P10-L1_M09_s1_w58C788687-8B65-466E-8DF8-8A8558C21858.npy,dmso
P015094,M09,s2,dmso,/mnt/micro-images-pvc/specs935-v1/specs935-v1-FA-P015094-U2OS-48h-P10-L1/2021-12-19/856/specs935-v1-FA-P015094-U2OS-48h-P10-L1_M09_s2_w50177177E-5032-453F-BFA2-5EE907885FB0.npy,dmso
P015094,M09,s3,dmso,/mnt/micro-images-pvc/specs935-v1/specs935-v1-FA-P015094-U2OS-48h-P10-L1/2021-12-19/856/specs935-v1-FA-P015094-U2OS-48h-P10-L1_M09_s3_w50D1F0E23-7AD4-42FE-A349-2ACF0B9CF08D.npy,dmso
P015094,M09,s4,dmso,/mnt/micro-images-pvc/specs935-v1/specs935-v1-FA-P015094-U2OS-48h-P10-L1/2021-12-19/856/specs935-v1-FA-P015094-U2OS-48h-P10-L1_M09_s4_w53464167A-6DF9-4969-B2AF-34A8C7B3C0E9.npy,dmso
P015094,M09,s5,dmso,/mnt/micro-images-pvc/specs935-v1/specs935-v1-FA-P015094-U2OS-48h-P10-L1/2021-12-19/856/specs935-v1-FA-P015094-U2OS-48h-P10-L1_M09_s5_w5C72E4B38-8AFB-45F9-ABCA-D0F186A06977.npy,dmso
P015094,M09,s6,dmso,/mnt/micro-images-pvc/specs935-v1/specs935-v1-FA-P015094-U2OS-48h-P10-L1/2021-12-19/856/specs935-v1-FA-P015094-U2OS-48h-P10-L1_M09_s6_w520496AD9-F831-49D9-81A6-1E11FFD41CB3.npy,dmso
P015094,M09,s7,dmso,/mnt/micro-images-pvc/specs935-v1/specs935-v1-FA-P015094-U2OS-48h-P10-L1/2021-12-19/856/specs935-v1-FA-P015094-U2OS-48h-P10-L1_M09_s7_w583F4535C-AA71-4848-9FCD-553B55A62127.npy,dmso
P015094,M09,s8,dmso,/mnt/micro-images-pvc/specs935-v1/specs935-v1-FA-P015094-U2OS-48h-P10-L1/2021-12-19/856/specs935-v1-FA-P015094-U2OS-48h-P10-L1_M09_s8_w5CE746B7C-FB7B-47C1-88F9-A1AA10EEF427.npy,dmso
P015094,M09,s9,dmso,/mnt/micro-images-pvc/specs935-v1/specs935-v1-FA-P015094-U2OS-48h-P10-L1/2021-12-19/856/specs935-v1-FA-P015094-U2OS-48h-P10-L1_M09_s9_w534283BF3-809A-4DF6-B2C5-7EBEA7E826FE.npy,dmso
P015094,M15,s1,dmso,/mnt/micro-images-pvc/specs935-v1/specs935-v1-FA-P015094-U2OS-48h-P10-L1/2021-12-19/856/specs935-v1-FA-P015094-U2OS-48h-P10-L1_M15_s1_w5790D64CD-8A82-4311-9085-A2C7A8358C1E.npy,dmso
P015094,M15,s2,dmso,/mnt/micro-images-pvc/specs935-v1/specs935-v1-FA-P015094-U2OS-48h-P10-L1/2021-12-19/856/specs935-v1-FA-P015094-U2OS-48h-P10-L1_M15_s2_w5E7AAB5EC-0C41-4941-A0AD-19B3543F4C7B.npy,dmso
P015094,M15,s3,dmso,/mnt/micro-images-pvc/specs935-v1/specs935-v1-FA-P015094-U2OS-48h-P10-L1/2021-12-19/856/specs935-v1-FA-P015094-U2OS-48h-P10-L1_M15_s3_w550DACC93-5376-4246-B1E9-6F21CDE30A29.npy,dmso
P015094,M15,s4,dmso,/mnt/micro-images-pvc/specs935-v1/specs935-v1-FA-P015094-U2OS-48h-P10-L1/2021-12-19/856/specs935-v1-FA-P015094-U2OS-48h-P10-L1_M15_s4_w5880E9C52-EB16-4745-AD26-F5B1AD2E166C.npy,dmso
P015094,M15,s5,dmso,/mnt/micro-images-pvc/specs935-v1/specs935-v1-FA-P015094-U2OS-48h-P10-L1/2021-12-19/856/specs935-v1-FA-P015094-U2OS-48h-P10-L1_M15_s5_w5AA112215-301B-4F29-853C-E0145C636CE3.npy,dmso
P015094,M15,s6,dmso,/mnt/micro-images-pvc/specs935-v1/specs935-v1-FA-P015094-U2OS-48h-P10-L1/2021-12-19/856/specs935-v1-FA-P015094-U2OS-48h-P10-L1_M15_s6_w57124D321-E281-4B52-BE08-A0FD8D6D62F0.npy,dmso
P015094,M15,s7,dmso,/mnt/micro-images-pvc/specs935-v1/specs935-v1-FA-P015094-U2OS-48h-P10-L1/2021-12-19/856/specs935-v1-FA-P015094-U2OS-48h-P10-L1_M15_s7_w5E683F4B9-668D-4D5F-A51E-3CAC70072BA8.npy,dmso
P015094,M15,s8,dmso,/mnt/micro-images-pvc/specs935-v1/specs935-v1-FA-P015094-U2OS-48h-P10-L1/2021-12-19/856/specs935-v1-FA-P015094-U2OS-48h-P10-L1_M15_s8_w5AAC82801-9833-4C8D-99CA-E7D89CD941C3.npy,dmso
P015094,M15,s9,dmso,/mnt/micro-images-pvc/specs935-v1/specs935-v1-FA-P015094-U2OS-48h-P10-L1/2021-12-19/856/specs935-v1-FA-P015094-U2OS-48h-P10-L1_M15_s9_w5A055FC12-A1C6-4415-9375-85CF39A5683A.npy,dmso
P015094,N02,s1,dmso,/mnt/micro-images-pvc/specs935-v1/specs935-v1-FA-P015094-U2OS-48h-P10-L1/2021-12-19/856/specs935-v1-FA-P015094-U2OS-48h-P10-L1_N02_s1_w5FAD09737-DE1E-41A6-9058-6E919082F1FA.npy,dmso
P015094,N02,s2,dmso,/mnt/micro-images-pvc/specs935-v1/specs935-v1-FA-P015094-U2OS-48h-P10-L1/2021-12-19/856/specs935-v1-FA-P015094-U2OS-48h-P10-L1_N02_s2_w5080A753C-0DEA-44E1-B4C6-C3029FA283CC.npy,dmso
P015094,N02,s3,dmso,/mnt/micro-images-pvc/specs935-v1/specs935-v1-FA-P015094-U2OS-48h-P10-L1/2021-12-19/856/specs935-v1-FA-P015094-U2OS-48h-P10-L1_N02_s3_w56C2DD610-75BE-49AC-86A1-537378AD08D7.npy,dmso
P015094,N02,s4,dmso,/mnt/micro-images-pvc/specs935-v1/specs935-v1-FA-P015094-U2OS-48h-P10-L1/2021-12-19/856/specs935-v1-FA-P015094-U2OS-48h-P10-L1_N02_s4_w5FF1C1875-DAC4-4E0F-A286-F065601ECF45.npy,dmso
P015094,N02,s5,dmso,/mnt/micro-images-pvc/specs935-v1/specs935-v1-FA-P015094-U2OS-48h-P10-L1/2021-12-19/856/specs935-v1-FA-P015094-U2OS-48h-P10-L1_N02_s5_w5D7FFF735-A544-4E47-836C-A36CEC8FEDF1.npy,dmso
P015094,N02,s6,dmso,/mnt/micro-images-pvc/specs935-v1/specs935-v1-FA-P015094-U2OS-48h-P10-L1/2021-12-19/856/specs935-v1-FA-P015094-U2OS-48h-P10-L1_N02_s6_w53F3DB59E-28AC-4FA6-B805-4791BCF51017.npy,dmso
P015094,N02,s7,dmso,/mnt/micro-images-pvc/specs935-v1/specs935-v1-FA-P015094-U2OS-48h-P10-L1/2021-12-19/856/specs935-v1-FA-P015094-U2OS-48h-P10-L1_N02_s7_w59202632B-A86F-45E2-9D06-23B1EA79E8E0.npy,dmso
P015094,N02,s8,dmso,/mnt/micro-images-pvc/specs935-v1/specs935-v1-FA-P015094-U2OS-48h-P10-L1/2021-12-19/856/specs935-v1-FA-P015094-U2OS-48h-P10-L1_N02_s8_w5DCCBFC4C-C41F-45D5-A571-B222D5A58FE7.npy,dmso
P015094,N02,s9,dmso,/mnt/micro-images-pvc/specs935-v1/specs935-v1-FA-P015094-U2OS-48h-P10-L1/2021-12-19/856/specs935-v1-FA-P015094-U2OS-48h-P10-L1_N02_s9_w5E44CAD6E-B05F-499E-BAEA-10F6DF831485.npy,dmso
P015094,N05,s1,dmso,/mnt/micro-images-pvc/specs935-v1/specs935-v1-FA-P015094-U2OS-48h-P10-L1/2021-12-19/856/specs935-v1-FA-P015094-U2OS-48h-P10-L1_N05_s1_w5895E6787-0CC0-4FE4-8287-3ACBA5CD9977.npy,dmso
P015094,N05,s2,dmso,/mnt/micro-images-pvc/specs935-v1/specs935-v1-FA-P015094-U2OS-48h-P10-L1/2021-12-19/856/specs935-v1-FA-P015094-U2OS-48h-P10-L1_N05_s2_w5F281034E-81F6-4B19-BE67-F0BF99B3F0A1.npy,dmso
P015094,N05,s3,dmso,/mnt/micro-images-pvc/specs935-v1/specs935-v1-FA-P015094-U2OS-48h-P10-L1/2021-12-19/856/specs935-v1-FA-P015094-U2OS-48h-P10-L1_N05_s3_w5CC533A7F-1C42-4367-991B-EBED86DDF32E.npy,dmso
P015094,N05,s4,dmso,/mnt/micro-images-pvc/specs935-v1/specs935-v1-FA-P015094-U2OS-48h-P10-L1/2021-12-19/856/specs935-v1-FA-P015094-U2OS-48h-P10-L1_N05_s4_w5A3E10D24-C2F1-4A7A-B69B-13301FB45146.npy,dmso
P015094,N05,s5,dmso,/mnt/micro-images-pvc/specs935-v1/specs935-v1-FA-P015094-U2OS-48h-P10-L1/2021-12-19/856/specs935-v1-FA-P015094-U2OS-48h-P10-L1_N05_s5_w55C045D33-FD53-4926-828F-02B580D0D7C5.npy,dmso
P015094,N05,s6,dmso,/mnt/micro-images-pvc/specs935-v1/specs935-v1-FA-P015094-U2OS-48h-P10-L1/2021-12-19/856/specs935-v1-FA-P015094-U2OS-48h-P10-L1_N05_s6_w5071D60FB-083E-4C6B-9673-CE30433248F6.npy,dmso
P015094,N05,s7,dmso,/mnt/micro-images-pvc/specs935-v1/specs935-v1-FA-P015094-U2OS-48h-P10-L1/2021-12-19/856/specs935-v1-FA-P015094-U2OS-48h-P10-L1_N05_s7_w569815EE9-0D1A-4181-B91B-D9886FBB7483.npy,dmso
P015094,N05,s8,dmso,/mnt/micro-images-pvc/specs935-v1/specs935-v1-FA-P015094-U2OS-48h-P10-L1/2021-12-19/856/specs935-v1-FA-P015094-U2OS-48h-P10-L1_N05_s8_w5D6EAAF5A-8ED9-401B-9162-1E742B1ED234.npy,dmso
P015094,N05,s9,dmso,/mnt/micro-images-pvc/specs935-v1/specs935-v1-FA-P015094-U2OS-48h-P10-L1/2021-12-19/856/specs935-v1-FA-P015094-U2OS-48h-P10-L1_N05_s9_w54C5E8A5D-CEE8-4DCF-BBA4-C509D62B7392.npy,dmso
P015094,O07,s1,dmso,/mnt/micro-images-pvc/specs935-v1/specs935-v1-FA-P015094-U2OS-48h-P10-L1/2021-12-19/856/specs935-v1-FA-P015094-U2OS-48h-P10-L1_O07_s1_w5E0816AD5-05F8-4362-BFE8-9C67D6B5ABE5.npy,dmso
P015094,O07,s2,dmso,/mnt/micro-images-pvc/specs935-v1/specs935-v1-FA-P015094-U2OS-48h-P10-L1/2021-12-19/856/specs935-v1-FA-P015094-U2OS-48h-P10-L1_O07_s2_w5BD3755B0-A0CA-4326-91D1-995D589726F6.npy,dmso
P015094,O07,s3,dmso,/mnt/micro-images-pvc/specs935-v1/specs935-v1-FA-P015094-U2OS-48h-P10-L1/2021-12-19/856/specs935-v1-FA-P015094-U2OS-48h-P10-L1_O07_s3_w51C32CE91-D995-434B-8100-59CBC87E9A3C.npy,dmso
P015094,O07,s4,dmso,/mnt/micro-images-pvc/specs935-v1/specs935-v1-FA-P015094-U2OS-48h-P10-L1/2021-12-19/856/specs935-v1-FA-P015094-U2OS-48h-P10-L1_O07_s4_w54FF61AFA-5BF5-41B0-8038-1485FFBD3AE9.npy,dmso
P015094,O07,s5,dmso,/mnt/micro-images-pvc/specs935-v1/specs935-v1-FA-P015094-U2OS-48h-P10-L1/2021-12-19/856/specs935-v1-FA-P015094-U2OS-48h-P10-L1_O07_s5_w5AD62656D-28A8-497F-9AFB-90FAB36F6F5F.npy,dmso
P015094,O07,s6,dmso,/mnt/micro-images-pvc/specs935-v1/specs935-v1-FA-P015094-U2OS-48h-P10-L1/2021-12-19/856/specs935-v1-FA-P015094-U2OS-48h-P10-L1_O07_s6_w5A1928D54-DF0C-43A3-92ED-99CB65C4124F.npy,dmso
P015094,O07,s7,dmso,/mnt/micro-images-pvc/specs935-v1/specs935-v1-FA-P015094-U2OS-48h-P10-L1/2021-12-19/856/specs935-v1-FA-P015094-U2OS-48h-P10-L1_O07_s7_w5D8F8D426-8A06-47E7-8CCA-C7A60AEFCDF6.npy,dmso
P015094,O07,s8,dmso,/mnt/micro-images-pvc/specs935-v1/specs935-v1-FA-P015094-U2OS-48h-P10-L1/2021-12-19/856/specs935-v1-FA-P015094-U2OS-48h-P10-L1_O07_s8_w5DA537243-2113-4164-A98A-423018154F83.npy,dmso
P015094,O07,s9,dmso,/mnt/micro-images-pvc/specs935-v1/specs935-v1-FA-P015094-U2OS-48h-P10-L1/2021-12-19/856/specs935-v1-FA-P015094-U2OS-48h-P10-L1_O07_s9_w50F3C29BF-D4D6-4FF9-9D0F-402E37DA571C.npy,dmso
P015095,C19,s1,dmso,/mnt/micro-images-pvc/specs935-v1/specs935-v1-FA-P015095-U2OS-48h-P10-L2/2021-12-23/872/specs935-v1-FA-P015095-U2OS-48h-P10-L2_C19_s1_w53B95EB8F-163D-4F43-ADD6-1A2FC7A058E4.npy,dmso
P015095,C19,s2,dmso,/mnt/micro-images-pvc/specs935-v1/specs935-v1-FA-P015095-U2OS-48h-P10-L2/2021-12-23/872/specs935-v1-FA-P015095-U2OS-48h-P10-L2_C19_s2_w5BF7475C8-9EEF-46B0-935B-2458B6BF95B8.npy,dmso
P015095,C19,s3,dmso,/mnt/micro-images-pvc/specs935-v1/specs935-v1-FA-P015095-U2OS-48h-P10-L2/2021-12-23/872/specs935-v1-FA-P015095-U2OS-48h-P10-L2_C19_s3_w54C542BD3-B535-4DBB-AEA3-41339DA4BE0C.npy,dmso
P015095,C19,s4,dmso,/mnt/micro-images-pvc/specs935-v1/specs935-v1-FA-P015095-U2OS-48h-P10-L2/2021-12-23/872/specs935-v1-FA-P015095-U2OS-48h-P10-L2_C19_s4_w5D0EDCFBF-0179-44D0-96F8-94E2415F7FD0.npy,dmso
P015095,C19,s5,dmso,/mnt/micro-images-pvc/specs935-v1/specs935-v1-FA-P015095-U2OS-48h-P10-L2/2021-12-23/872/specs935-v1-FA-P015095-U2OS-48h-P10-L2_C19_s5_w527D5DB05-F840-411B-96CB-86DD8938911A.npy,dmso
P015095,C19,s6,dmso,/mnt/micro-images-pvc/specs935-v1/specs935-v1-FA-P015095-U2OS-48h-P10-L2/2021-12-23/872/specs935-v1-FA-P015095-U2OS-48h-P10-L2_C19_s6_w5C061C4D0-A84E-4752-BEB2-2E821EB4D903.npy,dmso
P015095,C19,s7,dmso,/mnt/micro-images-pvc/specs935-v1/specs935-v1-FA-P015095-U2OS-48h-P10-L2/2021-12-23/872/specs935-v1-FA-P015095-U2OS-48h-P10-L2_C19_s7_w5B03A24F2-200A-4227-876C-ADE440FC5A12.npy,dmso
P015095,C19,s8,dmso,/mnt/micro-images-pvc/specs935-v1/specs935-v1-FA-P015095-U2OS-48h-P10-L2/2021-12-23/872/specs935-v1-FA-P015095-U2OS-48h-P10-L2_C19_s8_w5A4971DA6-1F0D-41D2-973C-CFB7FAE2D9F8.npy,dmso
P015095,C19,s9,dmso,/mnt/micro-images-pvc/specs935-v1/specs935-v1-FA-P015095-U2OS-48h-P10-L2/2021-12-23/872/specs935-v1-FA-P015095-U2OS-48h-P10-L2_C19_s9_w53D3B634F-31A2-4211-A063-573387EDF8E2.npy,dmso
P015095,F18,s1,dmso,/mnt/micro-images-pvc/specs935-v1/specs935-v1-FA-P015095-U2OS-48h-P10-L2/2021-12-23/872/specs935-v1-FA-P015095-U2OS-48h-P10-L2_F18_s1_w5A38199A7-6F44-4E36-98A4-660386E79612.npy,dmso
P015095,F18,s2,dmso,/mnt/micro-images-pvc/specs935-v1/specs935-v1-FA-P015095-U2OS-48h-P10-L2/2021-12-23/872/specs935-v1-FA-P015095-U2OS-48h-P10-L2_F18_s2_w51ABB2FEB-3852-47D8-B25A-3FD309121763.npy,dmso
P015095,F18,s3,dmso,/mnt/micro-images-pvc/specs935-v1/specs935-v1-FA-P015095-U2OS-48h-P10-L2/2021-12-23/872/specs935-v1-FA-P015095-U2OS-48h-P10-L2_F18_s3_w591EAC54C-A4E3-4392-9C7D-D49067EF38C7.npy,dmso
P015095,F18,s4,dmso,/mnt/micro-images-pvc/specs935-v1/specs935-v1-FA-P015095-U2OS-48h-P10-L2/2021-12-23/872/specs935-v1-FA-P015095-U2OS-48h-P10-L2_F18_s4_w58A9E0F63-539A-4404-8A14-AC4414E5F1B3.npy,dmso
P015095,F18,s5,dmso,/mnt/micro-images-pvc/specs935-v1/specs935-v1-FA-P015095-U2OS-48h-P10-L2/2021-12-23/872/specs935-v1-FA-P015095-U2OS-48h-P10-L2_F18_s5_w577489E99-F066-4570-8F09-725BCE9B3C69.npy,dmso
P015095,F18,s6,dmso,/mnt/micro-images-pvc/specs935-v1/specs935-v1-FA-P015095-U2OS-48h-P10-L2/2021-12-23/872/specs935-v1-FA-P015095-U2OS-48h-P10-L2_F18_s6_w5713308F3-A3D7-4BE2-8ADD-51DBEC46C5C7.npy,dmso
P015095,F18,s7,dmso,/mnt/micro-images-pvc/specs935-v1/specs935-v1-FA-P015095-U2OS-48h-P10-L2/2021-12-23/872/specs935-v1-FA-P015095-U2OS-48h-P10-L2_F18_s7_w57F3CE69D-9FED-46EE-97AF-275335E2A543.npy,dmso
P015095,F18,s8,dmso,/mnt/micro-images-pvc/specs935-v1/specs935-v1-FA-P015095-U2OS-48h-P10-L2/2021-12-23/872/specs935-v1-FA-P015095-U2OS-48h-P10-L2_F18_s8_w5C2207147-C961-4734-BA26-38936707C888.npy,dmso
P015095,F18,s9,dmso,/mnt/micro-images-pvc/specs935-v1/specs935-v1-FA-P015095-U2OS-48h-P10-L2/2021-12-23/872/specs935-v1-FA-P015095-U2OS-48h-P10-L2_F18_s9_w58C09E32A-F7BB-4285-A1C9-270B36D8112E.npy,dmso
P015095,G15,s1,dmso,/mnt/micro-images-pvc/specs935-v1/specs935-v1-FA-P015095-U2OS-48h-P10-L2/2021-12-23/872/specs935-v1-FA-P015095-U2OS-48h-P10-L2_G15_s1_w5A4CB483B-AD4E-44DD-97D1-A195C13F10DC.npy,dmso
P015095,G15,s2,dmso,/mnt/micro-images-pvc/specs935-v1/specs935-v1-FA-P015095-U2OS-48h-P10-L2/2021-12-23/872/specs935-v1-FA-P015095-U2OS-48h-P10-L2_G15_s2_w5BFD48854-783A-4E5B-8AA6-1B7012AF3846.npy,dmso
P015095,G15,s3,dmso,/mnt/micro-images-pvc/specs935-v1/specs935-v1-FA-P015095-U2OS-48h-P10-L2/2021-12-23/872/specs935-v1-FA-P015095-U2OS-48h-P10-L2_G15_s3_w514D122A5-8E16-4936-B817-BA4A02268C15.npy,dmso
P015095,G15,s4,dmso,/mnt/micro-images-pvc/specs935-v1/specs935-v1-FA-P015095-U2OS-48h-P10-L2/2021-12-23/872/specs935-v1-FA-P015095-U2OS-48h-P10-L2_G15_s4_w526716376-1769-435E-9B47-7BA94005D66F.npy,dmso
P015095,G15,s5,dmso,/mnt/micro-images-pvc/specs935-v1/specs935-v1-FA-P015095-U2OS-48h-P10-L2/2021-12-23/872/specs935-v1-FA-P015095-U2OS-48h-P10-L2_G15_s5_w5A608F300-1476-40BB-A19E-EC9C0F354D9B.npy,dmso
P015095,G15,s6,dmso,/mnt/micro-images-pvc/specs935-v1/specs935-v1-FA-P015095-U2OS-48h-P10-L2/2021-12-23/872/specs935-v1-FA-P015095-U2OS-48h-P10-L2_G15_s6_w5A149CF8D-207F-4EBA-B2B2-5B0B37CEFDB2.npy,dmso
P015095,G15,s7,dmso,/mnt/micro-images-pvc/specs935-v1/specs935-v1-FA-P015095-U2OS-48h-P10-L2/2021-12-23/872/specs935-v1-FA-P015095-U2OS-48h-P10-L2_G15_s7_w5D363AE25-2B9B-4736-8574-A7373D3C9586.npy,dmso
P015095,G15,s8,dmso,/mnt/micro-images-pvc/specs935-v1/specs935-v1-FA-P015095-U2OS-48h-P10-L2/2021-12-23/872/specs935-v1-FA-P015095-U2OS-48h-P10-L2_G15_s8_w55690CAD4-9FBB-47D7-B5F2-59010FB78A01.npy,dmso
P015095,G15,s9,dmso,/mnt/micro-images-pvc/specs935-v1/specs935-v1-FA-P015095-U2OS-48h-P10-L2/2021-12-23/872/specs935-v1-FA-P015095-U2OS-48h-P10-L2_G15_s9_w57AC8F1CB-73AC-4649-916A-6F5371C07B24.npy,dmso
P015095,H07,s1,dmso,/mnt/micro-images-pvc/specs935-v1/specs935-v1-FA-P015095-U2OS-48h-P10-L2/2021-12-23/872/specs935-v1-FA-P015095-U2OS-48h-P10-L2_H07_s1_w59B4396C0-0FC7-420D-9D86-F0C7A7ADFEDF.npy,dmso
P015095,H07,s2,dmso,/mnt/micro-images-pvc/specs935-v1/specs935-v1-FA-P015095-U2OS-48h-P10-L2/2021-12-23/872/specs935-v1-FA-P015095-U2OS-48h-P10-L2_H07_s2_w503E75D8C-EF69-407F-BF13-32B8823CCFEF.npy,dmso
P015095,H07,s3,dmso,/mnt/micro-images-pvc/specs935-v1/specs935-v1-FA-P015095-U2OS-48h-P10-L2/2021-12-23/872/specs935-v1-FA-P015095-U2OS-48h-P10-L2_H07_s3_w524A010E2-9122-4EE7-ABB3-B23231493BB6.npy,dmso
P015095,H07,s4,dmso,/mnt/micro-images-pvc/specs935-v1/specs935-v1-FA-P015095-U2OS-48h-P10-L2/2021-12-23/872/specs935-v1-FA-P015095-U2OS-48h-P10-L2_H07_s4_w5A7583332-9032-4B2E-BBCF-EEF2E5D5A07D.npy,dmso
P015095,H07,s5,dmso,/mnt/micro-images-pvc/specs935-v1/specs935-v1-FA-P015095-U2OS-48h-P10-L2/2021-12-23/872/specs935-v1-FA-P015095-U2OS-48h-P10-L2_H07_s5_w5ED317B19-7D56-4446-A50C-6A30AF22576D.npy,dmso
P015095,H07,s6,dmso,/mnt/micro-images-pvc/specs935-v1/specs935-v1-FA-P015095-U2OS-48h-P10-L2/2021-12-23/872/specs935-v1-FA-P015095-U2OS-48h-P10-L2_H07_s6_w52B7BB663-3FB4-4AFB-B7AD-E6669A8E276E.npy,dmso
P015095,H07,s7,dmso,/mnt/micro-images-pvc/specs935-v1/specs935-v1-FA-P015095-U2OS-48h-P10-L2/2021-12-23/872/specs935-v1-FA-P015095-U2OS-48h-P10-L2_H07_s7_w5A2AE5078-560B-40F7-A142-2A78F6945DF5.npy,dmso
P015095,H07,s8,dmso,/mnt/micro-images-pvc/specs935-v1/specs935-v1-FA-P015095-U2OS-48h-P10-L2/2021-12-23/872/specs935-v1-FA-P015095-U2OS-48h-P10-L2_H07_s8_w5F625C067-42AA-460E-AB93-922E2D0891D8.npy,dmso
P015095,H07,s9,dmso,/mnt/micro-images-pvc/specs935-v1/specs935-v1-FA-P015095-U2OS-48h-P10-L2/2021-12-23/872/specs935-v1-FA-P015095-U2OS-48h-P10-L2_H07_s9_w50890B53A-C07B-4FB4-BAC2-A83FA606321F.npy,dmso
P015095,J03,s1,dmso,/mnt/micro-images-pvc/specs935-v1/specs935-v1-FA-P015095-U2OS-48h-P10-L2/2021-12-23/872/specs935-v1-FA-P015095-U2OS-48h-P10-L2_J03_s1_w5351A34C1-24F1-4DE5-AC7A-A8AC0BA5C668.npy,dmso
P015095,J03,s2,dmso,/mnt/micro-images-pvc/specs935-v1/specs935-v1-FA-P015095-U2OS-48h-P10-L2/2021-12-23/872/specs935-v1-FA-P015095-U2OS-48h-P10-L2_J03_s2_w531782893-D125-4CFB-B9A4-BD482116175E.npy,dmso
P015095,J03,s3,dmso,/mnt/micro-images-pvc/specs935-v1/specs935-v1-FA-P015095-U2OS-48h-P10-L2/2021-12-23/872/specs935-v1-FA-P015095-U2OS-48h-P10-L2_J03_s3_w5735EF7A8-0141-4635-AC1E-E2B429EF3757.npy,dmso
P015095,J03,s4,dmso,/mnt/micro-images-pvc/specs935-v1/specs935-v1-FA-P015095-U2OS-48h-P10-L2/2021-12-23/872/specs935-v1-FA-P015095-U2OS-48h-P10-L2_J03_s4_w5A3D1AE6B-54D2-43B1-B07D-B219CB24A724.npy,dmso
P015095,J03,s5,dmso,/mnt/micro-images-pvc/specs935-v1/specs935-v1-FA-P015095-U2OS-48h-P10-L2/2021-12-23/872/specs935-v1-FA-P015095-U2OS-48h-P10-L2_J03_s5_w5D006D2C9-1142-4AD0-8D8D-08940393AE1D.npy,dmso
P015095,J03,s6,dmso,/mnt/micro-images-pvc/specs935-v1/specs935-v1-FA-P015095-U2OS-48h-P10-L2/2021-12-23/872/specs935-v1-FA-P015095-U2OS-48h-P10-L2_J03_s6_w533384613-239F-4B05-94AA-27C583B73668.npy,dmso
P015095,J03,s7,dmso,/mnt/micro-images-pvc/specs935-v1/specs935-v1-FA-P015095-U2OS-48h-P10-L2/2021-12-23/872/specs935-v1-FA-P015095-U2OS-48h-P10-L2_J03_s7_w56872B566-7311-49C7-BD39-95268C1D5D92.npy,dmso
P015095,J03,s8,dmso,/mnt/micro-images-pvc/specs935-v1/specs935-v1-FA-P015095-U2OS-48h-P10-L2/2021-12-23/872/specs935-v1-FA-P015095-U2OS-48h-P10-L2_J03_s8_w5B184A508-42B2-4573-8EC1-C93A3493F70D.npy,dmso
P015095,J03,s9,dmso,/mnt/micro-images-pvc/specs935-v1/specs935-v1-FA-P015095-U2OS-48h-P10-L2/2021-12-23/872/specs935-v1-FA-P015095-U2OS-48h-P10-L2_J03_s9_w5421DE385-C929-4846-87E3-AEEB95D2C47F.npy,dmso
P015095,J06,s1,dmso,/mnt/micro-images-pvc/specs935-v1/specs935-v1-FA-P015095-U2OS-48h-P10-L2/2021-12-23/872/specs935-v1-FA-P015095-U2OS-48h-P10-L2_J06_s1_w5DE1C5F49-118C-487F-AA67-D6C8358D1BC5.npy,dmso
P015095,J06,s2,dmso,/mnt/micro-images-pvc/specs935-v1/specs935-v1-FA-P015095-U2OS-48h-P10-L2/2021-12-23/872/specs935-v1-FA-P015095-U2OS-48h-P10-L2_J06_s2_w56DD6B65D-43C6-413B-A0CE-6323BC2D40CF.npy,dmso
P015095,J06,s3,dmso,/mnt/micro-images-pvc/specs935-v1/specs935-v1-FA-P015095-U2OS-48h-P10-L2/2021-12-23/872/specs935-v1-FA-P015095-U2OS-48h-P10-L2_J06_s3_w512EAD743-C73E-410A-8DD9-8DAC6E6BEC1F.npy,dmso
P015095,J06,s4,dmso,/mnt/micro-images-pvc/specs935-v1/specs935-v1-FA-P015095-U2OS-48h-P10-L2/2021-12-23/872/specs935-v1-FA-P015095-U2OS-48h-P10-L2_J06_s4_w58BD3E87C-4C2B-48BD-A274-A530F19B5EB4.npy,dmso
P015095,J06,s5,dmso,/mnt/micro-images-pvc/specs935-v1/specs935-v1-FA-P015095-U2OS-48h-P10-L2/2021-12-23/872/specs935-v1-FA-P015095-U2OS-48h-P10-L2_J06_s5_w57004EE5A-61FE-4CC6-8547-2508A1C3920B.npy,dmso
P015095,J06,s6,dmso,/mnt/micro-images-pvc/specs935-v1/specs935-v1-FA-P015095-U2OS-48h-P10-L2/2021-12-23/872/specs935-v1-FA-P015095-U2OS-48h-P10-L2_J06_s6_w5A7F5E365-3311-4D8F-86C3-686DFD59E031.npy,dmso
P015095,J06,s7,dmso,/mnt/micro-images-pvc/specs935-v1/specs935-v1-FA-P015095-U2OS-48h-P10-L2/2021-12-23/872/specs935-v1-FA-P015095-U2OS-48h-P10-L2_J06_s7_w5941719E5-ED64-46B3-A178-C4E0AAC57841.npy,dmso
P015095,J06,s8,dmso,/mnt/micro-images-pvc/specs935-v1/specs935-v1-FA-P015095-U2OS-48h-P10-L2/2021-12-23/872/specs935-v1-FA-P015095-U2OS-48h-P10-L2_J06_s8_w52B60456F-3D50-4158-A88B-AE002E3E2818.npy,dmso
P015095,J06,s9,dmso,/mnt/micro-images-pvc/specs935-v1/specs935-v1-FA-P015095-U2OS-48h-P10-L2/2021-12-23/872/specs935-v1-FA-P015095-U2OS-48h-P10-L2_J06_s9_w5C3B16497-46DB-45DA-974D-4C598EF6E451.npy,dmso
P015095,L08,s1,dmso,/mnt/micro-images-pvc/specs935-v1/specs935-v1-FA-P015095-U2OS-48h-P10-L2/2021-12-23/872/specs935-v1-FA-P015095-U2OS-48h-P10-L2_L08_s1_w5EBD3868B-9798-4443-A34C-727A62630C42.npy,dmso
P015095,L08,s2,dmso,/mnt/micro-images-pvc/specs935-v1/specs935-v1-FA-P015095-U2OS-48h-P10-L2/2021-12-23/872/specs935-v1-FA-P015095-U2OS-48h-P10-L2_L08_s2_w5C342E0A8-87CB-4184-9038-ECB90D9EEDFE.npy,dmso
P015095,L08,s3,dmso,/mnt/micro-images-pvc/specs935-v1/specs935-v1-FA-P015095-U2OS-48h-P10-L2/2021-12-23/872/specs935-v1-FA-P015095-U2OS-48h-P10-L2_L08_s3_w5F85BFC51-E75D-4B33-9136-53038A25380A.npy,dmso
P015095,L08,s4,dmso,/mnt/micro-images-pvc/specs935-v1/specs935-v1-FA-P015095-U2OS-48h-P10-L2/2021-12-23/872/specs935-v1-FA-P015095-U2OS-48h-P10-L2_L08_s4_w5BD2C6A0E-860F-4C08-BB8B-9C93CF66D4DA.npy,dmso
P015095,L08,s5,dmso,/mnt/micro-images-pvc/specs935-v1/specs935-v1-FA-P015095-U2OS-48h-P10-L2/2021-12-23/872/specs935-v1-FA-P015095-U2OS-48h-P10-L2_L08_s5_w5D0644249-8AFC-4501-9D89-8093F6844951.npy,dmso
P015095,L08,s6,dmso,/mnt/micro-images-pvc/specs935-v1/specs935-v1-FA-P015095-U2OS-48h-P10-L2/2021-12-23/872/specs935-v1-FA-P015095-U2OS-48h-P10-L2_L08_s6_w5AE6C1BED-9A54-4BA8-9EFE-718F563D719E.npy,dmso
P015095,L08,s7,dmso,/mnt/micro-images-pvc/specs935-v1/specs935-v1-FA-P015095-U2OS-48h-P10-L2/2021-12-23/872/specs935-v1-FA-P015095-U2OS-48h-P10-L2_L08_s7_w514D797A6-A4BF-40FA-B20D-54515AA2FB18.npy,dmso
P015095,L08,s8,dmso,/mnt/micro-images-pvc/specs935-v1/specs935-v1-FA-P015095-U2OS-48h-P10-L2/2021-12-23/872/specs935-v1-FA-P015095-U2OS-48h-P10-L2_L08_s8_w570097F5F-26A8-4B82-ACAF-79F6B214F1A6.npy,dmso
P015095,L08,s9,dmso,/mnt/micro-images-pvc/specs935-v1/specs935-v1-FA-P015095-U2OS-48h-P10-L2/2021-12-23/872/specs935-v1-FA-P015095-U2OS-48h-P10-L2_L08_s9_w5BDD8BEFA-F186-4DDD-91FC-D3D9BF833602.npy,dmso
P015095,L16,s1,dmso,/mnt/micro-images-pvc/specs935-v1/specs935-v1-FA-P015095-U2OS-48h-P10-L2/2021-12-23/872/specs935-v1-FA-P015095-U2OS-48h-P10-L2_L16_s1_w535295170-2DE7-41F1-A848-0E4D21016DF6.npy,dmso
P015095,L16,s2,dmso,/mnt/micro-images-pvc/specs935-v1/specs935-v1-FA-P015095-U2OS-48h-P10-L2/2021-12-23/872/specs935-v1-FA-P015095-U2OS-48h-P10-L2_L16_s2_w512295F3E-2720-413D-9F6B-25971242507F.npy,dmso
P015095,L16,s3,dmso,/mnt/micro-images-pvc/specs935-v1/specs935-v1-FA-P015095-U2OS-48h-P10-L2/2021-12-23/872/specs935-v1-FA-P015095-U2OS-48h-P10-L2_L16_s3_w539948C05-570C-4F40-9119-C28A007D34CA.npy,dmso
P015095,L16,s4,dmso,/mnt/micro-images-pvc/specs935-v1/specs935-v1-FA-P015095-U2OS-48h-P10-L2/2021-12-23/872/specs935-v1-FA-P015095-U2OS-48h-P10-L2_L16_s4_w5C86B4C62-4AD7-4ABF-880B-3590E443BB5B.npy,dmso
P015095,L16,s5,dmso,/mnt/micro-images-pvc/specs935-v1/specs935-v1-FA-P015095-U2OS-48h-P10-L2/2021-12-23/872/specs935-v1-FA-P015095-U2OS-48h-P10-L2_L16_s5_w5BFF8DC0E-FAA1-4F3B-A20D-32E0D0564304.npy,dmso
P015095,L16,s6,dmso,/mnt/micro-images-pvc/specs935-v1/specs935-v1-FA-P015095-U2OS-48h-P10-L2/2021-12-23/872/specs935-v1-FA-P015095-U2OS-48h-P10-L2_L16_s6_w5A9AEB8CC-6B00-428A-9C0B-3841EC614267.npy,dmso
P015095,L16,s7,dmso,/mnt/micro-images-pvc/specs935-v1/specs935-v1-FA-P015095-U2OS-48h-P10-L2/2021-12-23/872/specs935-v1-FA-P015095-U2OS-48h-P10-L2_L16_s7_w56C52AB4B-7E1E-4D79-A6B2-F107EEBA16BE.npy,dmso
P015095,L16,s8,dmso,/mnt/micro-images-pvc/specs935-v1/specs935-v1-FA-P015095-U2OS-48h-P10-L2/2021-12-23/872/specs935-v1-FA-P015095-U2OS-48h-P10-L2_L16_s8_w57260B220-454F-40EB-8A50-6EBC279516EB.npy,dmso
P015095,L16,s9,dmso,/mnt/micro-images-pvc/specs935-v1/specs935-v1-FA-P015095-U2OS-48h-P10-L2/2021-12-23/872/specs935-v1-FA-P015095-U2OS-48h-P10-L2_L16_s9_w5E9865BE5-E9B5-45C9-BF34-AFB7686414A7.npy,dmso
P015095,M10,s1,dmso,/mnt/micro-images-pvc/specs935-v1/specs935-v1-FA-P015095-U2OS-48h-P10-L2/2021-12-23/872/specs935-v1-FA-P015095-U2OS-48h-P10-L2_M10_s1_w5772B4066-9883-47A0-852E-5CA77977A274.npy,dmso
P015095,M10,s2,dmso,/mnt/micro-images-pvc/specs935-v1/specs935-v1-FA-P015095-U2OS-48h-P10-L2/2021-12-23/872/specs935-v1-FA-P015095-U2OS-48h-P10-L2_M10_s2_w58FCACA0B-927F-4DA6-A8EC-7B89C7DDBA84.npy,dmso
P015095,M10,s3,dmso,/mnt/micro-images-pvc/specs935-v1/specs935-v1-FA-P015095-U2OS-48h-P10-L2/2021-12-23/872/specs935-v1-FA-P015095-U2OS-48h-P10-L2_M10_s3_w5684E40C0-FD7F-4FCE-BFCB-657D0239A5DB.npy,dmso
P015095,M10,s4,dmso,/mnt/micro-images-pvc/specs935-v1/specs935-v1-FA-P015095-U2OS-48h-P10-L2/2021-12-23/872/specs935-v1-FA-P015095-U2OS-48h-P10-L2_M10_s4_w54D0CAB7D-7933-4C56-AD3E-AC577AEFE975.npy,dmso
P015095,M10,s5,dmso,/mnt/micro-images-pvc/specs935-v1/specs935-v1-FA-P015095-U2OS-48h-P10-L2/2021-12-23/872/specs935-v1-FA-P015095-U2OS-48h-P10-L2_M10_s5_w54F54118E-8159-4722-904A-6DCE08021CAC.npy,dmso
P015095,M10,s6,dmso,/mnt/micro-images-pvc/specs935-v1/specs935-v1-FA-P015095-U2OS-48h-P10-L2/2021-12-23/872/specs935-v1-FA-P015095-U2OS-48h-P10-L2_M10_s6_w5418C590B-19CF-4BA8-87E7-BDAEF4C31993.npy,dmso
P015095,M10,s7,dmso,/mnt/micro-images-pvc/specs935-v1/specs935-v1-FA-P015095-U2OS-48h-P10-L2/2021-12-23/872/specs935-v1-FA-P015095-U2OS-48h-P10-L2_M10_s7_w58D5DA49E-C355-4A73-A67A-60835CE1684F.npy,dmso
P015095,M10,s8,dmso,/mnt/micro-images-pvc/specs935-v1/specs935-v1-FA-P015095-U2OS-48h-P10-L2/2021-12-23/872/specs935-v1-FA-P015095-U2OS-48h-P10-L2_M10_s8_w5734BB1BD-6CD8-4BEC-A872-B6EB85C0AF74.npy,dmso
P015095,M10,s9,dmso,/mnt/micro-images-pvc/specs935-v1/specs935-v1-FA-P015095-U2OS-48h-P10-L2/2021-12-23/872/specs935-v1-FA-P015095-U2OS-48h-P10-L2_M10_s9_w5880D0B37-8429-4344-979D-3A919238755D.npy,dmso
P015095,N17,s1,dmso,/mnt/micro-images-pvc/specs935-v1/specs935-v1-FA-P015095-U2OS-48h-P10-L2/2021-12-23/872/specs935-v1-FA-P015095-U2OS-48h-P10-L2_N17_s1_w5EA45EBF7-9BD1-4C3E-B628-A94301468493.npy,dmso
P015095,N17,s2,dmso,/mnt/micro-images-pvc/specs935-v1/specs935-v1-FA-P015095-U2OS-48h-P10-L2/2021-12-23/872/specs935-v1-FA-P015095-U2OS-48h-P10-L2_N17_s2_w538F3DBBE-7116-4D97-9CFF-5920BF8F69DC.npy,dmso
P015095,N17,s3,dmso,/mnt/micro-images-pvc/specs935-v1/specs935-v1-FA-P015095-U2OS-48h-P10-L2/2021-12-23/872/specs935-v1-FA-P015095-U2OS-48h-P10-L2_N17_s3_w50584ADA3-92D2-446A-BE96-0272F4188A3E.npy,dmso
P015095,N17,s4,dmso,/mnt/micro-images-pvc/specs935-v1/specs935-v1-FA-P015095-U2OS-48h-P10-L2/2021-12-23/872/specs935-v1-FA-P015095-U2OS-48h-P10-L2_N17_s4_w5C3AED197-C266-4AEF-B052-41E8E7E4A4CE.npy,dmso
P015095,N17,s5,dmso,/mnt/micro-images-pvc/specs935-v1/specs935-v1-FA-P015095-U2OS-48h-P10-L2/2021-12-23/872/specs935-v1-FA-P015095-U2OS-48h-P10-L2_N17_s5_w596EE715A-5C4B-4794-886C-FF3E28F0799F.npy,dmso
P015095,N17,s6,dmso,/mnt/micro-images-pvc/specs935-v1/specs935-v1-FA-P015095-U2OS-48h-P10-L2/2021-12-23/872/specs935-v1-FA-P015095-U2OS-48h-P10-L2_N17_s6_w59F92664B-DC0B-496C-92D7-434ABAFA6C43.npy,dmso
P015095,N17,s7,dmso,/mnt/micro-images-pvc/specs935-v1/specs935-v1-FA-P015095-U2OS-48h-P10-L2/2021-12-23/872/specs935-v1-FA-P015095-U2OS-48h-P10-L2_N17_s7_w5C1EC8F9A-43FC-46B0-A4A7-6817C85F34F0.npy,dmso
P015095,N17,s8,dmso,/mnt/micro-images-pvc/specs935-v1/specs935-v1-FA-P015095-U2OS-48h-P10-L2/2021-12-23/872/specs935-v1-FA-P015095-U2OS-48h-P10-L2_N17_s8_w581F5FCA7-275E-4528-BCA4-7A9C7420511C.npy,dmso
P015095,N17,s9,dmso,/mnt/micro-images-pvc/specs935-v1/specs935-v1-FA-P015095-U2OS-48h-P10-L2/2021-12-23/872/specs935-v1-FA-P015095-U2OS-48h-P10-L2_N17_s9_w595782BE9-2EE5-4A0C-8A22-618F66C4F142.npy,dmso
P015095,O14,s1,dmso,/mnt/micro-images-pvc/specs935-v1/specs935-v1-FA-P015095-U2OS-48h-P10-L2/2021-12-23/872/specs935-v1-FA-P015095-U2OS-48h-P10-L2_O14_s1_w5148575CD-9855-4E26-80FE-75AFE3C71DEF.npy,dmso
P015095,O14,s2,dmso,/mnt/micro-images-pvc/specs935-v1/specs935-v1-FA-P015095-U2OS-48h-P10-L2/2021-12-23/872/specs935-v1-FA-P015095-U2OS-48h-P10-L2_O14_s2_w5B0B80B18-6EE9-438D-A3D2-706F134486D3.npy,dmso
P015095,O14,s3,dmso,/mnt/micro-images-pvc/specs935-v1/specs935-v1-FA-P015095-U2OS-48h-P10-L2/2021-12-23/872/specs935-v1-FA-P015095-U2OS-48h-P10-L2_O14_s3_w560FF8414-A8B1-4BAE-9B5C-AD36706EAD56.npy,dmso
P015095,O14,s4,dmso,/mnt/micro-images-pvc/specs935-v1/specs935-v1-FA-P015095-U2OS-48h-P10-L2/2021-12-23/872/specs935-v1-FA-P015095-U2OS-48h-P10-L2_O14_s4_w5814D5EE4-27C9-4880-9385-62B16BF36E37.npy,dmso
P015095,O14,s5,dmso,/mnt/micro-images-pvc/specs935-v1/specs935-v1-FA-P015095-U2OS-48h-P10-L2/2021-12-23/872/specs935-v1-FA-P015095-U2OS-48h-P10-L2_O14_s5_w55D954B35-595C-40F4-A87F-F6AE87035121.npy,dmso
P015095,O14,s6,dmso,/mnt/micro-images-pvc/specs935-v1/specs935-v1-FA-P015095-U2OS-48h-P10-L2/2021-12-23/872/specs935-v1-FA-P015095-U2OS-48h-P10-L2_O14_s6_w5CC9DF747-AB45-4148-863F-9FA47857E3A4.npy,dmso
P015095,O14,s7,dmso,/mnt/micro-images-pvc/specs935-v1/specs935-v1-FA-P015095-U2OS-48h-P10-L2/2021-12-23/872/specs935-v1-FA-P015095-U2OS-48h-P10-L2_O14_s7_w558C3726A-9E45-456F-B638-7FB588F2C9C1.npy,dmso
P015095,O14,s8,dmso,/mnt/micro-images-pvc/specs935-v1/specs935-v1-FA-P015095-U2OS-48h-P10-L2/2021-12-23/872/specs935-v1-FA-P015095-U2OS-48h-P10-L2_O14_s8_w5478EB1B7-3852-459A-B594-271D493A85F6.npy,dmso
P015095,O14,s9,dmso,/mnt/micro-images-pvc/specs935-v1/specs935-v1-FA-P015095-U2OS-48h-P10-L2/2021-12-23/872/specs935-v1-FA-P015095-U2OS-48h-P10-L2_O14_s9_w56E9C5E6A-D3BD-4F17-9E67-A7569262D475.npy,dmso
P015096,B07,s1,dmso,/mnt/micro-images-pvc/specs935-v1/specs935-v1-FA-P015096-U2OS-48h-P11-L1/2021-12-19/857/specs935-v1-FA-P015096-U2OS-48h-P11-L1_B07_s1_w5D22DDACC-38CE-4F2A-B5BA-1C153047316A.npy,dmso
P015096,B07,s2,dmso,/mnt/micro-images-pvc/specs935-v1/specs935-v1-FA-P015096-U2OS-48h-P11-L1/2021-12-19/857/specs935-v1-FA-P015096-U2OS-48h-P11-L1_B07_s2_w53A2E8ADE-1D90-47F4-8E4C-0C5D567FC86F.npy,dmso
P015096,B07,s3,dmso,/mnt/micro-images-pvc/specs935-v1/specs935-v1-FA-P015096-U2OS-48h-P11-L1/2021-12-19/857/specs935-v1-FA-P015096-U2OS-48h-P11-L1_B07_s3_w50E411E6B-02E1-40D6-8778-941A63B2902D.npy,dmso
P015096,B07,s4,dmso,/mnt/micro-images-pvc/specs935-v1/specs935-v1-FA-P015096-U2OS-48h-P11-L1/2021-12-19/857/specs935-v1-FA-P015096-U2OS-48h-P11-L1_B07_s4_w58499AF07-78FE-48A9-9AA3-D80CB324FA0E.npy,dmso
P015096,B07,s5,dmso,/mnt/micro-images-pvc/specs935-v1/specs935-v1-FA-P015096-U2OS-48h-P11-L1/2021-12-19/857/specs935-v1-FA-P015096-U2OS-48h-P11-L1_B07_s5_w5BC1413A0-12B4-4978-AA5B-2857C101FD5D.npy,dmso
P015096,B07,s6,dmso,/mnt/micro-images-pvc/specs935-v1/specs935-v1-FA-P015096-U2OS-48h-P11-L1/2021-12-19/857/specs935-v1-FA-P015096-U2OS-48h-P11-L1_B07_s6_w5882A8A98-2A82-4415-BF13-258E34B68545.npy,dmso
P015096,B07,s7,dmso,/mnt/micro-images-pvc/specs935-v1/specs935-v1-FA-P015096-U2OS-48h-P11-L1/2021-12-19/857/specs935-v1-FA-P015096-U2OS-48h-P11-L1_B07_s7_w5B1996AFA-848C-4A21-BD6B-8032940F9C32.npy,dmso
P015096,B07,s8,dmso,/mnt/micro-images-pvc/specs935-v1/specs935-v1-FA-P015096-U2OS-48h-P11-L1/2021-12-19/857/specs935-v1-FA-P015096-U2OS-48h-P11-L1_B07_s8_w507196582-79F0-4404-81A3-3C6D02DA0F9A.npy,dmso
P015096,B07,s9,dmso,/mnt/micro-images-pvc/specs935-v1/specs935-v1-FA-P015096-U2OS-48h-P11-L1/2021-12-19/857/specs935-v1-FA-P015096-U2OS-48h-P11-L1_B07_s9_w5912E2C15-9B11-4E0E-84E5-68392CE5E627.npy,dmso
P015096,B20,s1,dmso,/mnt/micro-images-pvc/specs935-v1/specs935-v1-FA-P015096-U2OS-48h-P11-L1/2021-12-19/857/specs935-v1-FA-P015096-U2OS-48h-P11-L1_B20_s1_w56CDD0A66-D55E-4ED8-91AC-BCD1B76BB3E8.npy,dmso
P015096,B20,s2,dmso,/mnt/micro-images-pvc/specs935-v1/specs935-v1-FA-P015096-U2OS-48h-P11-L1/2021-12-19/857/specs935-v1-FA-P015096-U2OS-48h-P11-L1_B20_s2_w5B5BFCE33-5E48-4713-BBB8-657521089BC6.npy,dmso
P015096,B20,s3,dmso,/mnt/micro-images-pvc/specs935-v1/specs935-v1-FA-P015096-U2OS-48h-P11-L1/2021-12-19/857/specs935-v1-FA-P015096-U2OS-48h-P11-L1_B20_s3_w56C87AE93-8FD2-4750-AA3C-0DF0CDF7DCD4.npy,dmso
P015096,B20,s4,dmso,/mnt/micro-images-pvc/specs935-v1/specs935-v1-FA-P015096-U2OS-48h-P11-L1/2021-12-19/857/specs935-v1-FA-P015096-U2OS-48h-P11-L1_B20_s4_w55FF49CE5-908A-47C9-9964-764535260757.npy,dmso
P015096,B20,s5,dmso,/mnt/micro-images-pvc/specs935-v1/specs935-v1-FA-P015096-U2OS-48h-P11-L1/2021-12-19/857/specs935-v1-FA-P015096-U2OS-48h-P11-L1_B20_s5_w5ADB1CF64-B616-47AA-B899-917094FE7DB1.npy,dmso
P015096,B20,s6,dmso,/mnt/micro-images-pvc/specs935-v1/specs935-v1-FA-P015096-U2OS-48h-P11-L1/2021-12-19/857/specs935-v1-FA-P015096-U2OS-48h-P11-L1_B20_s6_w5B318A18A-D3ED-4854-B94A-94DEF1167F42.npy,dmso
P015096,B20,s7,dmso,/mnt/micro-images-pvc/specs935-v1/specs935-v1-FA-P015096-U2OS-48h-P11-L1/2021-12-19/857/specs935-v1-FA-P015096-U2OS-48h-P11-L1_B20_s7_w5E0949E02-091F-4D8F-BA3D-B0EADE845E10.npy,dmso
P015096,B20,s8,dmso,/mnt/micro-images-pvc/specs935-v1/specs935-v1-FA-P015096-U2OS-48h-P11-L1/2021-12-19/857/specs935-v1-FA-P015096-U2OS-48h-P11-L1_B20_s8_w5793C58FC-5004-4CA3-B7F8-225E2DC277E9.npy,dmso
P015096,B20,s9,dmso,/mnt/micro-images-pvc/specs935-v1/specs935-v1-FA-P015096-U2OS-48h-P11-L1/2021-12-19/857/specs935-v1-FA-P015096-U2OS-48h-P11-L1_B20_s9_w58DE454D1-D551-4E63-B89C-13403A3431BB.npy,dmso
P015096,C14,s1,dmso,/mnt/micro-images-pvc/specs935-v1/specs935-v1-FA-P015096-U2OS-48h-P11-L1/2021-12-19/857/specs935-v1-FA-P015096-U2OS-48h-P11-L1_C14_s1_w5416E84DD-990C-4341-81AF-5F7DE3B190F1.npy,dmso
P015096,C14,s2,dmso,/mnt/micro-images-pvc/specs935-v1/specs935-v1-FA-P015096-U2OS-48h-P11-L1/2021-12-19/857/specs935-v1-FA-P015096-U2OS-48h-P11-L1_C14_s2_w5B67EA7AE-0F56-4008-BC7F-8B79FE8E3B5B.npy,dmso
P015096,C14,s3,dmso,/mnt/micro-images-pvc/specs935-v1/specs935-v1-FA-P015096-U2OS-48h-P11-L1/2021-12-19/857/specs935-v1-FA-P015096-U2OS-48h-P11-L1_C14_s3_w5A9FCF0E4-A9DA-402C-A46C-23BABD50D515.npy,dmso
P015096,C14,s4,dmso,/mnt/micro-images-pvc/specs935-v1/specs935-v1-FA-P015096-U2OS-48h-P11-L1/2021-12-19/857/specs935-v1-FA-P015096-U2OS-48h-P11-L1_C14_s4_w516ADC852-32EF-4F76-A781-B6CCF58452CB.npy,dmso
P015096,C14,s5,dmso,/mnt/micro-images-pvc/specs935-v1/specs935-v1-FA-P015096-U2OS-48h-P11-L1/2021-12-19/857/specs935-v1-FA-P015096-U2OS-48h-P11-L1_C14_s5_w5E624A2FE-5950-40B1-8350-5EB732F613A2.npy,dmso
P015096,C14,s6,dmso,/mnt/micro-images-pvc/specs935-v1/specs935-v1-FA-P015096-U2OS-48h-P11-L1/2021-12-19/857/specs935-v1-FA-P015096-U2OS-48h-P11-L1_C14_s6_w59660BDF1-46B8-431C-936A-F980EEC474B0.npy,dmso
P015096,C14,s7,dmso,/mnt/micro-images-pvc/specs935-v1/specs935-v1-FA-P015096-U2OS-48h-P11-L1/2021-12-19/857/specs935-v1-FA-P015096-U2OS-48h-P11-L1_C14_s7_w5354F21EE-6E60-44A9-9860-200E7DF1AB46.npy,dmso
P015096,C14,s8,dmso,/mnt/micro-images-pvc/specs935-v1/specs935-v1-FA-P015096-U2OS-48h-P11-L1/2021-12-19/857/specs935-v1-FA-P015096-U2OS-48h-P11-L1_C14_s8_w57AF91F22-85AA-4FC7-993E-19C6C42A7724.npy,dmso
P015096,C14,s9,dmso,/mnt/micro-images-pvc/specs935-v1/specs935-v1-FA-P015096-U2OS-48h-P11-L1/2021-12-19/857/specs935-v1-FA-P015096-U2OS-48h-P11-L1_C14_s9_w595673245-66A6-4E5B-A069-5D9F48CD66D6.npy,dmso
P015096,D16,s1,dmso,/mnt/micro-images-pvc/specs935-v1/specs935-v1-FA-P015096-U2OS-48h-P11-L1/2021-12-19/857/specs935-v1-FA-P015096-U2OS-48h-P11-L1_D16_s1_w53499B75D-DC06-4C71-84EE-70193C5360B8.npy,dmso
P015096,D16,s2,dmso,/mnt/micro-images-pvc/specs935-v1/specs935-v1-FA-P015096-U2OS-48h-P11-L1/2021-12-19/857/specs935-v1-FA-P015096-U2OS-48h-P11-L1_D16_s2_w5AED1B046-61CD-464D-8495-604A50451DFB.npy,dmso
P015096,D16,s3,dmso,/mnt/micro-images-pvc/specs935-v1/specs935-v1-FA-P015096-U2OS-48h-P11-L1/2021-12-19/857/specs935-v1-FA-P015096-U2OS-48h-P11-L1_D16_s3_w59E78FFAB-64F3-4898-8A59-88D196AABF36.npy,dmso
P015096,D16,s4,dmso,/mnt/micro-images-pvc/specs935-v1/specs935-v1-FA-P015096-U2OS-48h-P11-L1/2021-12-19/857/specs935-v1-FA-P015096-U2OS-48h-P11-L1_D16_s4_w5B6EC6608-3072-4649-B4ED-CB3D21E10A1E.npy,dmso
P015096,D16,s5,dmso,/mnt/micro-images-pvc/specs935-v1/specs935-v1-FA-P015096-U2OS-48h-P11-L1/2021-12-19/857/specs935-v1-FA-P015096-U2OS-48h-P11-L1_D16_s5_w537033691-652A-4F5A-9ADC-1E625754499D.npy,dmso
P015096,D16,s6,dmso,/mnt/micro-images-pvc/specs935-v1/specs935-v1-FA-P015096-U2OS-48h-P11-L1/2021-12-19/857/specs935-v1-FA-P015096-U2OS-48h-P11-L1_D16_s6_w583749B0B-30E0-4021-BCAE-2CF9657D7119.npy,dmso
P015096,D16,s7,dmso,/mnt/micro-images-pvc/specs935-v1/specs935-v1-FA-P015096-U2OS-48h-P11-L1/2021-12-19/857/specs935-v1-FA-P015096-U2OS-48h-P11-L1_D16_s7_w50C1A1B95-02A8-4363-809A-62FE46B07378.npy,dmso
P015096,D16,s8,dmso,/mnt/micro-images-pvc/specs935-v1/specs935-v1-FA-P015096-U2OS-48h-P11-L1/2021-12-19/857/specs935-v1-FA-P015096-U2OS-48h-P11-L1_D16_s8_w5DE63BF48-58E0-464B-84DE-4CD4C91331B0.npy,dmso
P015096,D16,s9,dmso,/mnt/micro-images-pvc/specs935-v1/specs935-v1-FA-P015096-U2OS-48h-P11-L1/2021-12-19/857/specs935-v1-FA-P015096-U2OS-48h-P11-L1_D16_s9_w5C5DE64A5-FE48-4A0C-A996-2DEDECC9D995.npy,dmso
P015096,E04,s1,dmso,/mnt/micro-images-pvc/specs935-v1/specs935-v1-FA-P015096-U2OS-48h-P11-L1/2021-12-19/857/specs935-v1-FA-P015096-U2OS-48h-P11-L1_E04_s1_w5A8F126F5-CF10-4F25-A301-A357AD0F69F7.npy,dmso
P015096,E04,s2,dmso,/mnt/micro-images-pvc/specs935-v1/specs935-v1-FA-P015096-U2OS-48h-P11-L1/2021-12-19/857/specs935-v1-FA-P015096-U2OS-48h-P11-L1_E04_s2_w5BA8251A5-D3AE-4F20-8A2A-E53553E1E81E.npy,dmso
P015096,E04,s3,dmso,/mnt/micro-images-pvc/specs935-v1/specs935-v1-FA-P015096-U2OS-48h-P11-L1/2021-12-19/857/specs935-v1-FA-P015096-U2OS-48h-P11-L1_E04_s3_w5119D4FD0-0C8A-47FB-B9CE-585ACCF3D908.npy,dmso
P015096,E04,s4,dmso,/mnt/micro-images-pvc/specs935-v1/specs935-v1-FA-P015096-U2OS-48h-P11-L1/2021-12-19/857/specs935-v1-FA-P015096-U2OS-48h-P11-L1_E04_s4_w5B48A7903-74C8-4F14-9EB1-A20E24A75719.npy,dmso
P015096,E04,s5,dmso,/mnt/micro-images-pvc/specs935-v1/specs935-v1-FA-P015096-U2OS-48h-P11-L1/2021-12-19/857/specs935-v1-FA-P015096-U2OS-48h-P11-L1_E04_s5_w579F7EE4C-2761-43C3-8251-2A6BFB8615B7.npy,dmso
P015096,E04,s6,dmso,/mnt/micro-images-pvc/specs935-v1/specs935-v1-FA-P015096-U2OS-48h-P11-L1/2021-12-19/857/specs935-v1-FA-P015096-U2OS-48h-P11-L1_E04_s6_w5979A0618-E545-452F-BBBA-D7DC77EAC0DD.npy,dmso
P015096,E04,s7,dmso,/mnt/micro-images-pvc/specs935-v1/specs935-v1-FA-P015096-U2OS-48h-P11-L1/2021-12-19/857/specs935-v1-FA-P015096-U2OS-48h-P11-L1_E04_s7_w5FD4E0806-4ADE-4C95-836E-248694CA6412.npy,dmso
P015096,E04,s8,dmso,/mnt/micro-images-pvc/specs935-v1/specs935-v1-FA-P015096-U2OS-48h-P11-L1/2021-12-19/857/specs935-v1-FA-P015096-U2OS-48h-P11-L1_E04_s8_w571335A92-042A-450E-B500-7FB66EFA6D43.npy,dmso
P015096,E04,s9,dmso,/mnt/micro-images-pvc/specs935-v1/specs935-v1-FA-P015096-U2OS-48h-P11-L1/2021-12-19/857/specs935-v1-FA-P015096-U2OS-48h-P11-L1_E04_s9_w547CB9235-E105-4FE9-B283-3EAE312F5357.npy,dmso
P015096,F19,s1,dmso,/mnt/micro-images-pvc/specs935-v1/specs935-v1-FA-P015096-U2OS-48h-P11-L1/2021-12-19/857/specs935-v1-FA-P015096-U2OS-48h-P11-L1_F19_s1_w575991121-EB2C-4D17-970B-A75E21925CD3.npy,dmso
P015096,F19,s2,dmso,/mnt/micro-images-pvc/specs935-v1/specs935-v1-FA-P015096-U2OS-48h-P11-L1/2021-12-19/857/specs935-v1-FA-P015096-U2OS-48h-P11-L1_F19_s2_w5C14F00D5-FA66-4DB0-B1B8-DB4103536E99.npy,dmso
P015096,F19,s3,dmso,/mnt/micro-images-pvc/specs935-v1/specs935-v1-FA-P015096-U2OS-48h-P11-L1/2021-12-19/857/specs935-v1-FA-P015096-U2OS-48h-P11-L1_F19_s3_w52D0057DF-A394-42AF-9EF2-0BD61AC4437E.npy,dmso
P015096,F19,s4,dmso,/mnt/micro-images-pvc/specs935-v1/specs935-v1-FA-P015096-U2OS-48h-P11-L1/2021-12-19/857/specs935-v1-FA-P015096-U2OS-48h-P11-L1_F19_s4_w5459395FF-EDD6-4E39-9A87-0A6BF40E4753.npy,dmso
P015096,F19,s5,dmso,/mnt/micro-images-pvc/specs935-v1/specs935-v1-FA-P015096-U2OS-48h-P11-L1/2021-12-19/857/specs935-v1-FA-P015096-U2OS-48h-P11-L1_F19_s5_w570627994-32A2-4D86-9C45-A6AB56CED338.npy,dmso
P015096,F19,s6,dmso,/mnt/micro-images-pvc/specs935-v1/specs935-v1-FA-P015096-U2OS-48h-P11-L1/2021-12-19/857/specs935-v1-FA-P015096-U2OS-48h-P11-L1_F19_s6_w50D59D0F1-0478-4F14-A95E-CF33484765D5.npy,dmso
P015096,F19,s7,dmso,/mnt/micro-images-pvc/specs935-v1/specs935-v1-FA-P015096-U2OS-48h-P11-L1/2021-12-19/857/specs935-v1-FA-P015096-U2OS-48h-P11-L1_F19_s7_w5A4EBE94F-381D-4D13-8DAD-D843C796F941.npy,dmso
P015096,F19,s8,dmso,/mnt/micro-images-pvc/specs935-v1/specs935-v1-FA-P015096-U2OS-48h-P11-L1/2021-12-19/857/specs935-v1-FA-P015096-U2OS-48h-P11-L1_F19_s8_w5F5284174-89AF-4DA5-9A4B-C986A4789518.npy,dmso
P015096,F19,s9,dmso,/mnt/micro-images-pvc/specs935-v1/specs935-v1-FA-P015096-U2OS-48h-P11-L1/2021-12-19/857/specs935-v1-FA-P015096-U2OS-48h-P11-L1_F19_s9_w5349562E4-99DA-4CC7-8C38-0F8961DD5B3A.npy,dmso
P015096,G05,s1,dmso,/mnt/micro-images-pvc/specs935-v1/specs935-v1-FA-P015096-U2OS-48h-P11-L1/2021-12-19/857/specs935-v1-FA-P015096-U2OS-48h-P11-L1_G05_s1_w58814CD0D-8E6F-419F-B944-B5E085E0797C.npy,dmso
P015096,G05,s2,dmso,/mnt/micro-images-pvc/specs935-v1/specs935-v1-FA-P015096-U2OS-48h-P11-L1/2021-12-19/857/specs935-v1-FA-P015096-U2OS-48h-P11-L1_G05_s2_w5C435EB12-565A-4982-9433-F565B1491A99.npy,dmso
P015096,G05,s3,dmso,/mnt/micro-images-pvc/specs935-v1/specs935-v1-FA-P015096-U2OS-48h-P11-L1/2021-12-19/857/specs935-v1-FA-P015096-U2OS-48h-P11-L1_G05_s3_w59FDC4730-9E32-4930-BA1F-DD2420C991F8.npy,dmso
P015096,G05,s4,dmso,/mnt/micro-images-pvc/specs935-v1/specs935-v1-FA-P015096-U2OS-48h-P11-L1/2021-12-19/857/specs935-v1-FA-P015096-U2OS-48h-P11-L1_G05_s4_w589029797-5ACD-4DBB-9D81-0EEEBCA21F87.npy,dmso
P015096,G05,s5,dmso,/mnt/micro-images-pvc/specs935-v1/specs935-v1-FA-P015096-U2OS-48h-P11-L1/2021-12-19/857/specs935-v1-FA-P015096-U2OS-48h-P11-L1_G05_s5_w59642C08D-F0D2-4DBD-BB95-A16048772952.npy,dmso
P015096,G05,s6,dmso,/mnt/micro-images-pvc/specs935-v1/specs935-v1-FA-P015096-U2OS-48h-P11-L1/2021-12-19/857/specs935-v1-FA-P015096-U2OS-48h-P11-L1_G05_s6_w5A7B30D3E-727B-407C-BFDB-BBF0132FADA1.npy,dmso
P015096,G05,s7,dmso,/mnt/micro-images-pvc/specs935-v1/specs935-v1-FA-P015096-U2OS-48h-P11-L1/2021-12-19/857/specs935-v1-FA-P015096-U2OS-48h-P11-L1_G05_s7_w5BFAFD235-7980-418D-8EB1-5E4EE83BCE24.npy,dmso
P015096,G05,s8,dmso,/mnt/micro-images-pvc/specs935-v1/specs935-v1-FA-P015096-U2OS-48h-P11-L1/2021-12-19/857/specs935-v1-FA-P015096-U2OS-48h-P11-L1_G05_s8_w5F542C383-95BC-409F-8CDA-B7E9A207BAC7.npy,dmso
P015096,G05,s9,dmso,/mnt/micro-images-pvc/specs935-v1/specs935-v1-FA-P015096-U2OS-48h-P11-L1/2021-12-19/857/specs935-v1-FA-P015096-U2OS-48h-P11-L1_G05_s9_w5D3B88EA2-FC5A-4732-A2B9-E100FBAD5FD5.npy,dmso
P015096,I23,s1,dmso,/mnt/micro-images-pvc/specs935-v1/specs935-v1-FA-P015096-U2OS-48h-P11-L1/2021-12-19/857/specs935-v1-FA-P015096-U2OS-48h-P11-L1_I23_s1_w5246A9522-B6FA-4663-92C9-8785253C4DEC.npy,dmso
P015096,I23,s2,dmso,/mnt/micro-images-pvc/specs935-v1/specs935-v1-FA-P015096-U2OS-48h-P11-L1/2021-12-19/857/specs935-v1-FA-P015096-U2OS-48h-P11-L1_I23_s2_w55F3FECB0-294A-49A8-9689-E60E551DAFAE.npy,dmso
P015096,I23,s3,dmso,/mnt/micro-images-pvc/specs935-v1/specs935-v1-FA-P015096-U2OS-48h-P11-L1/2021-12-19/857/specs935-v1-FA-P015096-U2OS-48h-P11-L1_I23_s3_w5A4CDDE23-DDDF-4B59-8B12-85EB9B57DCC1.npy,dmso
P015096,I23,s4,dmso,/mnt/micro-images-pvc/specs935-v1/specs935-v1-FA-P015096-U2OS-48h-P11-L1/2021-12-19/857/specs935-v1-FA-P015096-U2OS-48h-P11-L1_I23_s4_w5B0361AF8-6F0B-44B8-96A5-EB50CBC25677.npy,dmso
P015096,I23,s5,dmso,/mnt/micro-images-pvc/specs935-v1/specs935-v1-FA-P015096-U2OS-48h-P11-L1/2021-12-19/857/specs935-v1-FA-P015096-U2OS-48h-P11-L1_I23_s5_w5B142AFE1-EC90-4397-8AB5-9BF1AD597867.npy,dmso
P015096,I23,s6,dmso,/mnt/micro-images-pvc/specs935-v1/specs935-v1-FA-P015096-U2OS-48h-P11-L1/2021-12-19/857/specs935-v1-FA-P015096-U2OS-48h-P11-L1_I23_s6_w5B58E287F-AC1E-4D29-9F59-AD8215388315.npy,dmso
P015096,I23,s7,dmso,/mnt/micro-images-pvc/specs935-v1/specs935-v1-FA-P015096-U2OS-48h-P11-L1/2021-12-19/857/specs935-v1-FA-P015096-U2OS-48h-P11-L1_I23_s7_w5D1CD352A-47E6-4E40-AC35-4CF996260739.npy,dmso
P015096,I23,s8,dmso,/mnt/micro-images-pvc/specs935-v1/specs935-v1-FA-P015096-U2OS-48h-P11-L1/2021-12-19/857/specs935-v1-FA-P015096-U2OS-48h-P11-L1_I23_s8_w5AB5209BD-007A-4754-A179-83D5755111B9.npy,dmso
P015096,I23,s9,dmso,/mnt/micro-images-pvc/specs935-v1/specs935-v1-FA-P015096-U2OS-48h-P11-L1/2021-12-19/857/specs935-v1-FA-P015096-U2OS-48h-P11-L1_I23_s9_w5D08F7400-0B05-41D1-A77A-A93EF7D476C4.npy,dmso
P015096,N08,s1,dmso,/mnt/micro-images-pvc/specs935-v1/specs935-v1-FA-P015096-U2OS-48h-P11-L1/2021-12-19/857/specs935-v1-FA-P015096-U2OS-48h-P11-L1_N08_s1_w53F97D699-6A71-4B05-B35F-EB6955164E61.npy,dmso
P015096,N08,s2,dmso,/mnt/micro-images-pvc/specs935-v1/specs935-v1-FA-P015096-U2OS-48h-P11-L1/2021-12-19/857/specs935-v1-FA-P015096-U2OS-48h-P11-L1_N08_s2_w544E7792B-A25C-4BBA-93A8-DB2388D07FA0.npy,dmso
P015096,N08,s3,dmso,/mnt/micro-images-pvc/specs935-v1/specs935-v1-FA-P015096-U2OS-48h-P11-L1/2021-12-19/857/specs935-v1-FA-P015096-U2OS-48h-P11-L1_N08_s3_w587B44A3D-3A6B-48DC-ADE3-CD1241C8CD24.npy,dmso
P015096,N08,s4,dmso,/mnt/micro-images-pvc/specs935-v1/specs935-v1-FA-P015096-U2OS-48h-P11-L1/2021-12-19/857/specs935-v1-FA-P015096-U2OS-48h-P11-L1_N08_s4_w5BFD87D4E-AA67-430B-93CC-A3EEC0B41F56.npy,dmso
P015096,N08,s5,dmso,/mnt/micro-images-pvc/specs935-v1/specs935-v1-FA-P015096-U2OS-48h-P11-L1/2021-12-19/857/specs935-v1-FA-P015096-U2OS-48h-P11-L1_N08_s5_w585DFCCE3-293D-4C78-8D06-D2970C7E8E63.npy,dmso
P015096,N08,s6,dmso,/mnt/micro-images-pvc/specs935-v1/specs935-v1-FA-P015096-U2OS-48h-P11-L1/2021-12-19/857/specs935-v1-FA-P015096-U2OS-48h-P11-L1_N08_s6_w598094E68-0EED-4F9B-A83B-7FE4244169C6.npy,dmso
P015096,N08,s7,dmso,/mnt/micro-images-pvc/specs935-v1/specs935-v1-FA-P015096-U2OS-48h-P11-L1/2021-12-19/857/specs935-v1-FA-P015096-U2OS-48h-P11-L1_N08_s7_w5847E9E15-DA60-4732-B325-7255D61B8AF1.npy,dmso
P015096,N08,s8,dmso,/mnt/micro-images-pvc/specs935-v1/specs935-v1-FA-P015096-U2OS-48h-P11-L1/2021-12-19/857/specs935-v1-FA-P015096-U2OS-48h-P11-L1_N08_s8_w5F4324DAF-C488-4E9A-81A2-5A2E9A6FBD94.npy,dmso
P015096,N08,s9,dmso,/mnt/micro-images-pvc/specs935-v1/specs935-v1-FA-P015096-U2OS-48h-P11-L1/2021-12-19/857/specs935-v1-FA-P015096-U2OS-48h-P11-L1_N08_s9_w53E1408EF-3190-4090-AECC-FBA7FC3AC898.npy,dmso
P015096,N21,s1,dmso,/mnt/micro-images-pvc/specs935-v1/specs935-v1-FA-P015096-U2OS-48h-P11-L1/2021-12-19/857/specs935-v1-FA-P015096-U2OS-48h-P11-L1_N21_s1_w5DC300F10-2D22-4446-B406-BDAA52E74F75.npy,dmso
P015096,N21,s2,dmso,/mnt/micro-images-pvc/specs935-v1/specs935-v1-FA-P015096-U2OS-48h-P11-L1/2021-12-19/857/specs935-v1-FA-P015096-U2OS-48h-P11-L1_N21_s2_w56E34A2B2-4546-4DAF-B6D3-1304172392D6.npy,dmso
P015096,N21,s3,dmso,/mnt/micro-images-pvc/specs935-v1/specs935-v1-FA-P015096-U2OS-48h-P11-L1/2021-12-19/857/specs935-v1-FA-P015096-U2OS-48h-P11-L1_N21_s3_w57D185D2B-B62D-4258-B4A2-5DD73C056434.npy,dmso
P015096,N21,s4,dmso,/mnt/micro-images-pvc/specs935-v1/specs935-v1-FA-P015096-U2OS-48h-P11-L1/2021-12-19/857/specs935-v1-FA-P015096-U2OS-48h-P11-L1_N21_s4_w50F4047C9-74D1-443C-B866-37780E8BBB5A.npy,dmso
P015096,N21,s5,dmso,/mnt/micro-images-pvc/specs935-v1/specs935-v1-FA-P015096-U2OS-48h-P11-L1/2021-12-19/857/specs935-v1-FA-P015096-U2OS-48h-P11-L1_N21_s5_w57A4B5849-4CA1-4E8E-8719-AD0C51679E68.npy,dmso
P015096,N21,s6,dmso,/mnt/micro-images-pvc/specs935-v1/specs935-v1-FA-P015096-U2OS-48h-P11-L1/2021-12-19/857/specs935-v1-FA-P015096-U2OS-48h-P11-L1_N21_s6_w5CCBF223E-199F-4ED7-A12C-FBE75F8DE36D.npy,dmso
P015096,N21,s7,dmso,/mnt/micro-images-pvc/specs935-v1/specs935-v1-FA-P015096-U2OS-48h-P11-L1/2021-12-19/857/specs935-v1-FA-P015096-U2OS-48h-P11-L1_N21_s7_w5ACCCB310-5A89-4CD0-A708-9600F4D6715B.npy,dmso
P015096,N21,s8,dmso,/mnt/micro-images-pvc/specs935-v1/specs935-v1-FA-P015096-U2OS-48h-P11-L1/2021-12-19/857/specs935-v1-FA-P015096-U2OS-48h-P11-L1_N21_s8_w5EF83FD52-35E6-4E84-840F-5AA1F58537BE.npy,dmso
P015096,N21,s9,dmso,/mnt/micro-images-pvc/specs935-v1/specs935-v1-FA-P015096-U2OS-48h-P11-L1/2021-12-19/857/specs935-v1-FA-P015096-U2OS-48h-P11-L1_N21_s9_w54E40D158-04E6-44FF-B5B8-E05E7C08833F.npy,dmso
P015096,O06,s1,dmso,/mnt/micro-images-pvc/specs935-v1/specs935-v1-FA-P015096-U2OS-48h-P11-L1/2021-12-19/857/specs935-v1-FA-P015096-U2OS-48h-P11-L1_O06_s1_w59F360054-0F72-4B67-B592-050F184AD493.npy,dmso
P015096,O06,s2,dmso,/mnt/micro-images-pvc/specs935-v1/specs935-v1-FA-P015096-U2OS-48h-P11-L1/2021-12-19/857/specs935-v1-FA-P015096-U2OS-48h-P11-L1_O06_s2_w558AD4B29-8303-47E8-A607-F830304BF476.npy,dmso
P015096,O06,s3,dmso,/mnt/micro-images-pvc/specs935-v1/specs935-v1-FA-P015096-U2OS-48h-P11-L1/2021-12-19/857/specs935-v1-FA-P015096-U2OS-48h-P11-L1_O06_s3_w57836928C-9F29-4A79-A004-6C80F9C62AD0.npy,dmso
P015096,O06,s4,dmso,/mnt/micro-images-pvc/specs935-v1/specs935-v1-FA-P015096-U2OS-48h-P11-L1/2021-12-19/857/specs935-v1-FA-P015096-U2OS-48h-P11-L1_O06_s4_w54B55C48A-5EFF-4EA5-BFED-52323F8F4606.npy,dmso
P015096,O06,s5,dmso,/mnt/micro-images-pvc/specs935-v1/specs935-v1-FA-P015096-U2OS-48h-P11-L1/2021-12-19/857/specs935-v1-FA-P015096-U2OS-48h-P11-L1_O06_s5_w543189258-2197-4E0B-A1FD-413438C24557.npy,dmso
P015096,O06,s6,dmso,/mnt/micro-images-pvc/specs935-v1/specs935-v1-FA-P015096-U2OS-48h-P11-L1/2021-12-19/857/specs935-v1-FA-P015096-U2OS-48h-P11-L1_O06_s6_w581E91955-5983-48A2-91F6-3635A886C812.npy,dmso
P015096,O06,s7,dmso,/mnt/micro-images-pvc/specs935-v1/specs935-v1-FA-P015096-U2OS-48h-P11-L1/2021-12-19/857/specs935-v1-FA-P015096-U2OS-48h-P11-L1_O06_s7_w546D9E743-FC96-42AD-B19F-8791FEE78908.npy,dmso
P015096,O06,s8,dmso,/mnt/micro-images-pvc/specs935-v1/specs935-v1-FA-P015096-U2OS-48h-P11-L1/2021-12-19/857/specs935-v1-FA-P015096-U2OS-48h-P11-L1_O06_s8_w50BB7A436-A7D6-44EE-B42B-0199E30BD8AE.npy,dmso
P015096,O06,s9,dmso,/mnt/micro-images-pvc/specs935-v1/specs935-v1-FA-P015096-U2OS-48h-P11-L1/2021-12-19/857/specs935-v1-FA-P015096-U2OS-48h-P11-L1_O06_s9_w52199153D-2717-4BE5-8A6F-78C303CE882B.npy,dmso
P015097,B09,s1,dmso,/mnt/micro-images-pvc/specs935-v1/specs935-v1-FA-P015097-U2OS-48h-P11-L2/2021-12-23/873/specs935-v1-FA-P015097-U2OS-48h-P11-L2_B09_s1_w554CB2D66-429F-480C-BBB5-6467D33B2597.npy,dmso
P015097,B09,s2,dmso,/mnt/micro-images-pvc/specs935-v1/specs935-v1-FA-P015097-U2OS-48h-P11-L2/2021-12-23/873/specs935-v1-FA-P015097-U2OS-48h-P11-L2_B09_s2_w52CD3013D-1C28-42CD-BCFF-111F7DB80BC4.npy,dmso
P015097,B09,s3,dmso,/mnt/micro-images-pvc/specs935-v1/specs935-v1-FA-P015097-U2OS-48h-P11-L2/2021-12-23/873/specs935-v1-FA-P015097-U2OS-48h-P11-L2_B09_s3_w5309B57A0-4A09-4714-A7A8-293A1B0F85F2.npy,dmso
P015097,B09,s4,dmso,/mnt/micro-images-pvc/specs935-v1/specs935-v1-FA-P015097-U2OS-48h-P11-L2/2021-12-23/873/specs935-v1-FA-P015097-U2OS-48h-P11-L2_B09_s4_w551B52F6D-2392-49B8-855C-F368EC4C2777.npy,dmso
P015097,B09,s5,dmso,/mnt/micro-images-pvc/specs935-v1/specs935-v1-FA-P015097-U2OS-48h-P11-L2/2021-12-23/873/specs935-v1-FA-P015097-U2OS-48h-P11-L2_B09_s5_w5D2649C10-7EF8-4B68-B124-E27EBF9C14FE.npy,dmso
P015097,B09,s6,dmso,/mnt/micro-images-pvc/specs935-v1/specs935-v1-FA-P015097-U2OS-48h-P11-L2/2021-12-23/873/specs935-v1-FA-P015097-U2OS-48h-P11-L2_B09_s6_w5495BE96B-B639-4EF3-BD58-748B3449C1CC.npy,dmso
P015097,B09,s7,dmso,/mnt/micro-images-pvc/specs935-v1/specs935-v1-FA-P015097-U2OS-48h-P11-L2/2021-12-23/873/specs935-v1-FA-P015097-U2OS-48h-P11-L2_B09_s7_w5FAB43A2F-43CC-4EED-AD67-1257AA322CE9.npy,dmso
P015097,B09,s8,dmso,/mnt/micro-images-pvc/specs935-v1/specs935-v1-FA-P015097-U2OS-48h-P11-L2/2021-12-23/873/specs935-v1-FA-P015097-U2OS-48h-P11-L2_B09_s8_w505791553-D2A9-4681-8BCE-30577BDD57DB.npy,dmso
P015097,B09,s9,dmso,/mnt/micro-images-pvc/specs935-v1/specs935-v1-FA-P015097-U2OS-48h-P11-L2/2021-12-23/873/specs935-v1-FA-P015097-U2OS-48h-P11-L2_B09_s9_w5A867405B-045D-422A-92BC-5DCAF666C25F.npy,dmso
P015097,C18,s1,dmso,/mnt/micro-images-pvc/specs935-v1/specs935-v1-FA-P015097-U2OS-48h-P11-L2/2021-12-23/873/specs935-v1-FA-P015097-U2OS-48h-P11-L2_C18_s1_w5D57E38E3-0062-409D-BC0C-054C43887FB6.npy,dmso
P015097,C18,s2,dmso,/mnt/micro-images-pvc/specs935-v1/specs935-v1-FA-P015097-U2OS-48h-P11-L2/2021-12-23/873/specs935-v1-FA-P015097-U2OS-48h-P11-L2_C18_s2_w5240F128D-F08D-4FB5-A95D-1C85231F09B5.npy,dmso
P015097,C18,s3,dmso,/mnt/micro-images-pvc/specs935-v1/specs935-v1-FA-P015097-U2OS-48h-P11-L2/2021-12-23/873/specs935-v1-FA-P015097-U2OS-48h-P11-L2_C18_s3_w53F53B114-8183-4940-B823-B1B6E57A884D.npy,dmso
P015097,C18,s4,dmso,/mnt/micro-images-pvc/specs935-v1/specs935-v1-FA-P015097-U2OS-48h-P11-L2/2021-12-23/873/specs935-v1-FA-P015097-U2OS-48h-P11-L2_C18_s4_w5AA2602A9-B3CF-4529-97EF-290067508421.npy,dmso
P015097,C18,s5,dmso,/mnt/micro-images-pvc/specs935-v1/specs935-v1-FA-P015097-U2OS-48h-P11-L2/2021-12-23/873/specs935-v1-FA-P015097-U2OS-48h-P11-L2_C18_s5_w5A2313C96-926D-410F-8006-CC0AFBD0F4CD.npy,dmso
P015097,C18,s6,dmso,/mnt/micro-images-pvc/specs935-v1/specs935-v1-FA-P015097-U2OS-48h-P11-L2/2021-12-23/873/specs935-v1-FA-P015097-U2OS-48h-P11-L2_C18_s6_w58837C60E-591C-4DA8-8E8E-2FA5BDA980C1.npy,dmso
P015097,C18,s7,dmso,/mnt/micro-images-pvc/specs935-v1/specs935-v1-FA-P015097-U2OS-48h-P11-L2/2021-12-23/873/specs935-v1-FA-P015097-U2OS-48h-P11-L2_C18_s7_w5F28C9F10-8669-447D-B4B7-F6C8170C4645.npy,dmso
P015097,C18,s8,dmso,/mnt/micro-images-pvc/specs935-v1/specs935-v1-FA-P015097-U2OS-48h-P11-L2/2021-12-23/873/specs935-v1-FA-P015097-U2OS-48h-P11-L2_C18_s8_w57A50A8D5-90D3-4AF4-AD10-277A84B41BAB.npy,dmso
P015097,C18,s9,dmso,/mnt/micro-images-pvc/specs935-v1/specs935-v1-FA-P015097-U2OS-48h-P11-L2/2021-12-23/873/specs935-v1-FA-P015097-U2OS-48h-P11-L2_C18_s9_w57BD1F194-4FDF-4384-A695-0E6E3EE80A67.npy,dmso
P015097,C20,s1,dmso,/mnt/micro-images-pvc/specs935-v1/specs935-v1-FA-P015097-U2OS-48h-P11-L2/2021-12-23/873/specs935-v1-FA-P015097-U2OS-48h-P11-L2_C20_s1_w50849D557-45FF-46D1-95A4-33BAEDD1F0AA.npy,dmso
P015097,C20,s2,dmso,/mnt/micro-images-pvc/specs935-v1/specs935-v1-FA-P015097-U2OS-48h-P11-L2/2021-12-23/873/specs935-v1-FA-P015097-U2OS-48h-P11-L2_C20_s2_w551FF9132-2C81-4681-A7CD-A602CBE960BB.npy,dmso
P015097,C20,s3,dmso,/mnt/micro-images-pvc/specs935-v1/specs935-v1-FA-P015097-U2OS-48h-P11-L2/2021-12-23/873/specs935-v1-FA-P015097-U2OS-48h-P11-L2_C20_s3_w5E9813863-1C70-4556-9BAA-37B4D4D4B94D.npy,dmso
P015097,C20,s4,dmso,/mnt/micro-images-pvc/specs935-v1/specs935-v1-FA-P015097-U2OS-48h-P11-L2/2021-12-23/873/specs935-v1-FA-P015097-U2OS-48h-P11-L2_C20_s4_w5F67CCBB2-129B-4A46-B059-B70E3036A039.npy,dmso
P015097,C20,s5,dmso,/mnt/micro-images-pvc/specs935-v1/specs935-v1-FA-P015097-U2OS-48h-P11-L2/2021-12-23/873/specs935-v1-FA-P015097-U2OS-48h-P11-L2_C20_s5_w513BE6549-DBEE-48A2-A881-4BB457B7529C.npy,dmso
P015097,C20,s6,dmso,/mnt/micro-images-pvc/specs935-v1/specs935-v1-FA-P015097-U2OS-48h-P11-L2/2021-12-23/873/specs935-v1-FA-P015097-U2OS-48h-P11-L2_C20_s6_w51D3D34EB-B6EE-4983-808E-C6B30022CFE0.npy,dmso
P015097,C20,s7,dmso,/mnt/micro-images-pvc/specs935-v1/specs935-v1-FA-P015097-U2OS-48h-P11-L2/2021-12-23/873/specs935-v1-FA-P015097-U2OS-48h-P11-L2_C20_s7_w5CA47DEAD-3733-4107-82BF-87C61F596C31.npy,dmso
P015097,C20,s8,dmso,/mnt/micro-images-pvc/specs935-v1/specs935-v1-FA-P015097-U2OS-48h-P11-L2/2021-12-23/873/specs935-v1-FA-P015097-U2OS-48h-P11-L2_C20_s8_w5FAAD9C23-10FA-49EA-8ABF-9FBFF6401086.npy,dmso
P015097,C20,s9,dmso,/mnt/micro-images-pvc/specs935-v1/specs935-v1-FA-P015097-U2OS-48h-P11-L2/2021-12-23/873/specs935-v1-FA-P015097-U2OS-48h-P11-L2_C20_s9_w5310F2BF6-F99E-423A-8EBB-3913FDCF8F16.npy,dmso
P015097,D10,s1,dmso,/mnt/micro-images-pvc/specs935-v1/specs935-v1-FA-P015097-U2OS-48h-P11-L2/2021-12-23/873/specs935-v1-FA-P015097-U2OS-48h-P11-L2_D10_s1_w5B20CD648-1DB3-4620-B058-EBD9C2CF586A.npy,dmso
P015097,D10,s2,dmso,/mnt/micro-images-pvc/specs935-v1/specs935-v1-FA-P015097-U2OS-48h-P11-L2/2021-12-23/873/specs935-v1-FA-P015097-U2OS-48h-P11-L2_D10_s2_w565FB2291-20FA-4481-98BF-59E075518CEF.npy,dmso
P015097,D10,s3,dmso,/mnt/micro-images-pvc/specs935-v1/specs935-v1-FA-P015097-U2OS-48h-P11-L2/2021-12-23/873/specs935-v1-FA-P015097-U2OS-48h-P11-L2_D10_s3_w5BC55D315-51B8-40E8-B297-6F78AFE26BF6.npy,dmso
P015097,D10,s4,dmso,/mnt/micro-images-pvc/specs935-v1/specs935-v1-FA-P015097-U2OS-48h-P11-L2/2021-12-23/873/specs935-v1-FA-P015097-U2OS-48h-P11-L2_D10_s4_w5A97B6A76-C8B8-4316-B5A1-0C66381E9C37.npy,dmso
P015097,D10,s5,dmso,/mnt/micro-images-pvc/specs935-v1/specs935-v1-FA-P015097-U2OS-48h-P11-L2/2021-12-23/873/specs935-v1-FA-P015097-U2OS-48h-P11-L2_D10_s5_w51611EB83-317E-471B-86D3-E46813CE6674.npy,dmso
P015097,D10,s6,dmso,/mnt/micro-images-pvc/specs935-v1/specs935-v1-FA-P015097-U2OS-48h-P11-L2/2021-12-23/873/specs935-v1-FA-P015097-U2OS-48h-P11-L2_D10_s6_w5C3BFF574-B62F-4466-A512-59C6F6203929.npy,dmso
P015097,D10,s7,dmso,/mnt/micro-images-pvc/specs935-v1/specs935-v1-FA-P015097-U2OS-48h-P11-L2/2021-12-23/873/specs935-v1-FA-P015097-U2OS-48h-P11-L2_D10_s7_w5ABFF3F46-F7AC-4F0D-9D05-867A957BDBFA.npy,dmso
P015097,D10,s8,dmso,/mnt/micro-images-pvc/specs935-v1/specs935-v1-FA-P015097-U2OS-48h-P11-L2/2021-12-23/873/specs935-v1-FA-P015097-U2OS-48h-P11-L2_D10_s8_w5CECFE51B-0C13-47A0-AA43-6A1551780B87.npy,dmso
P015097,D10,s9,dmso,/mnt/micro-images-pvc/specs935-v1/specs935-v1-FA-P015097-U2OS-48h-P11-L2/2021-12-23/873/specs935-v1-FA-P015097-U2OS-48h-P11-L2_D10_s9_w58F77C199-CD83-4962-9187-6850340A4F9B.npy,dmso
P015097,D16,s1,dmso,/mnt/micro-images-pvc/specs935-v1/specs935-v1-FA-P015097-U2OS-48h-P11-L2/2021-12-23/873/specs935-v1-FA-P015097-U2OS-48h-P11-L2_D16_s1_w553E7C448-C557-4784-A08B-A0A7F3586C8C.npy,dmso
P015097,D16,s2,dmso,/mnt/micro-images-pvc/specs935-v1/specs935-v1-FA-P015097-U2OS-48h-P11-L2/2021-12-23/873/specs935-v1-FA-P015097-U2OS-48h-P11-L2_D16_s2_w5D5A18CBB-4613-492B-97E3-EA6917187D53.npy,dmso
P015097,D16,s3,dmso,/mnt/micro-images-pvc/specs935-v1/specs935-v1-FA-P015097-U2OS-48h-P11-L2/2021-12-23/873/specs935-v1-FA-P015097-U2OS-48h-P11-L2_D16_s3_w585BC89F4-9A96-4C90-859F-59720C870A42.npy,dmso
P015097,D16,s4,dmso,/mnt/micro-images-pvc/specs935-v1/specs935-v1-FA-P015097-U2OS-48h-P11-L2/2021-12-23/873/specs935-v1-FA-P015097-U2OS-48h-P11-L2_D16_s4_w5598EDAA3-4E3D-4E49-BCF6-F15B0BC8B41B.npy,dmso
P015097,D16,s5,dmso,/mnt/micro-images-pvc/specs935-v1/specs935-v1-FA-P015097-U2OS-48h-P11-L2/2021-12-23/873/specs935-v1-FA-P015097-U2OS-48h-P11-L2_D16_s5_w5444E22D4-A97E-4B18-BE3C-47A78E8BA1B3.npy,dmso
P015097,D16,s6,dmso,/mnt/micro-images-pvc/specs935-v1/specs935-v1-FA-P015097-U2OS-48h-P11-L2/2021-12-23/873/specs935-v1-FA-P015097-U2OS-48h-P11-L2_D16_s6_w54BB8DCE0-4D81-4FB5-8030-8C8CAE63CF2E.npy,dmso
P015097,D16,s7,dmso,/mnt/micro-images-pvc/specs935-v1/specs935-v1-FA-P015097-U2OS-48h-P11-L2/2021-12-23/873/specs935-v1-FA-P015097-U2OS-48h-P11-L2_D16_s7_w54599DDBF-49FA-4249-A2D0-5A5B83970F63.npy,dmso
P015097,D16,s8,dmso,/mnt/micro-images-pvc/specs935-v1/specs935-v1-FA-P015097-U2OS-48h-P11-L2/2021-12-23/873/specs935-v1-FA-P015097-U2OS-48h-P11-L2_D16_s8_w571AEC45B-A708-4F94-A2E7-9C93075F8DF1.npy,dmso
P015097,D16,s9,dmso,/mnt/micro-images-pvc/specs935-v1/specs935-v1-FA-P015097-U2OS-48h-P11-L2/2021-12-23/873/specs935-v1-FA-P015097-U2OS-48h-P11-L2_D16_s9_w56DA8D63A-5D59-4056-904D-56A27A3BE2EB.npy,dmso
P015097,E04,s1,dmso,/mnt/micro-images-pvc/specs935-v1/specs935-v1-FA-P015097-U2OS-48h-P11-L2/2021-12-23/873/specs935-v1-FA-P015097-U2OS-48h-P11-L2_E04_s1_w589564475-6E36-49CC-B982-0A24B84544B7.npy,dmso
P015097,E04,s2,dmso,/mnt/micro-images-pvc/specs935-v1/specs935-v1-FA-P015097-U2OS-48h-P11-L2/2021-12-23/873/specs935-v1-FA-P015097-U2OS-48h-P11-L2_E04_s2_w5B609AD7C-A2D1-4441-9760-112FF565C49F.npy,dmso
P015097,E04,s3,dmso,/mnt/micro-images-pvc/specs935-v1/specs935-v1-FA-P015097-U2OS-48h-P11-L2/2021-12-23/873/specs935-v1-FA-P015097-U2OS-48h-P11-L2_E04_s3_w573B3712F-C328-43D1-AFDE-1F5E6443C34E.npy,dmso
P015097,E04,s4,dmso,/mnt/micro-images-pvc/specs935-v1/specs935-v1-FA-P015097-U2OS-48h-P11-L2/2021-12-23/873/specs935-v1-FA-P015097-U2OS-48h-P11-L2_E04_s4_w5D46B46EE-6A11-4A93-9112-55F67F2E0B11.npy,dmso
P015097,E04,s5,dmso,/mnt/micro-images-pvc/specs935-v1/specs935-v1-FA-P015097-U2OS-48h-P11-L2/2021-12-23/873/specs935-v1-FA-P015097-U2OS-48h-P11-L2_E04_s5_w5308CBA80-9167-4E22-B816-CEAC07D80D0E.npy,dmso
P015097,E04,s6,dmso,/mnt/micro-images-pvc/specs935-v1/specs935-v1-FA-P015097-U2OS-48h-P11-L2/2021-12-23/873/specs935-v1-FA-P015097-U2OS-48h-P11-L2_E04_s6_w51AFB5199-6A16-46BA-91DC-AD228B9D7211.npy,dmso
P015097,E04,s7,dmso,/mnt/micro-images-pvc/specs935-v1/specs935-v1-FA-P015097-U2OS-48h-P11-L2/2021-12-23/873/specs935-v1-FA-P015097-U2OS-48h-P11-L2_E04_s7_w5E7D481F7-E8E6-476A-8C85-C01476E78CF2.npy,dmso
P015097,E04,s8,dmso,/mnt/micro-images-pvc/specs935-v1/specs935-v1-FA-P015097-U2OS-48h-P11-L2/2021-12-23/873/specs935-v1-FA-P015097-U2OS-48h-P11-L2_E04_s8_w57234FD8D-50FB-465C-A016-8CA869A330D9.npy,dmso
P015097,E04,s9,dmso,/mnt/micro-images-pvc/specs935-v1/specs935-v1-FA-P015097-U2OS-48h-P11-L2/2021-12-23/873/specs935-v1-FA-P015097-U2OS-48h-P11-L2_E04_s9_w59A38BF24-2660-4551-81CD-DAAC3EEF42B8.npy,dmso
P015097,F17,s1,dmso,/mnt/micro-images-pvc/specs935-v1/specs935-v1-FA-P015097-U2OS-48h-P11-L2/2021-12-23/873/specs935-v1-FA-P015097-U2OS-48h-P11-L2_F17_s1_w5F4E512BB-12ED-478A-9A67-447C84F9F796.npy,dmso
P015097,F17,s2,dmso,/mnt/micro-images-pvc/specs935-v1/specs935-v1-FA-P015097-U2OS-48h-P11-L2/2021-12-23/873/specs935-v1-FA-P015097-U2OS-48h-P11-L2_F17_s2_w5912C9034-E520-41C1-994E-F225EA218038.npy,dmso
P015097,F17,s3,dmso,/mnt/micro-images-pvc/specs935-v1/specs935-v1-FA-P015097-U2OS-48h-P11-L2/2021-12-23/873/specs935-v1-FA-P015097-U2OS-48h-P11-L2_F17_s3_w59F42F19F-629A-4FA1-A13F-5CADA746ACFA.npy,dmso
P015097,F17,s4,dmso,/mnt/micro-images-pvc/specs935-v1/specs935-v1-FA-P015097-U2OS-48h-P11-L2/2021-12-23/873/specs935-v1-FA-P015097-U2OS-48h-P11-L2_F17_s4_w52467FA09-7A33-49BD-A080-40D1DEB3E39F.npy,dmso
P015097,F17,s5,dmso,/mnt/micro-images-pvc/specs935-v1/specs935-v1-FA-P015097-U2OS-48h-P11-L2/2021-12-23/873/specs935-v1-FA-P015097-U2OS-48h-P11-L2_F17_s5_w5F2A7983E-405C-4564-AB21-61420FAD89EE.npy,dmso
P015097,F17,s6,dmso,/mnt/micro-images-pvc/specs935-v1/specs935-v1-FA-P015097-U2OS-48h-P11-L2/2021-12-23/873/specs935-v1-FA-P015097-U2OS-48h-P11-L2_F17_s6_w5DEAB76EE-D153-41FE-9AC5-CEB26950BFE5.npy,dmso
P015097,F17,s7,dmso,/mnt/micro-images-pvc/specs935-v1/specs935-v1-FA-P015097-U2OS-48h-P11-L2/2021-12-23/873/specs935-v1-FA-P015097-U2OS-48h-P11-L2_F17_s7_w5EC913FD3-8433-4220-8B96-EAC82C43628F.npy,dmso
P015097,F17,s8,dmso,/mnt/micro-images-pvc/specs935-v1/specs935-v1-FA-P015097-U2OS-48h-P11-L2/2021-12-23/873/specs935-v1-FA-P015097-U2OS-48h-P11-L2_F17_s8_w5FD693B54-7509-4A57-8B2E-ACAEF450C7A4.npy,dmso
P015097,F17,s9,dmso,/mnt/micro-images-pvc/specs935-v1/specs935-v1-FA-P015097-U2OS-48h-P11-L2/2021-12-23/873/specs935-v1-FA-P015097-U2OS-48h-P11-L2_F17_s9_w50E4DCA66-6A57-418E-83E4-50016CAB7F5B.npy,dmso
P015097,F21,s1,dmso,/mnt/micro-images-pvc/specs935-v1/specs935-v1-FA-P015097-U2OS-48h-P11-L2/2021-12-23/873/specs935-v1-FA-P015097-U2OS-48h-P11-L2_F21_s1_w5550375B0-5B10-4F63-9A21-A7C8AE5B1736.npy,dmso
P015097,F21,s2,dmso,/mnt/micro-images-pvc/specs935-v1/specs935-v1-FA-P015097-U2OS-48h-P11-L2/2021-12-23/873/specs935-v1-FA-P015097-U2OS-48h-P11-L2_F21_s2_w50C5A8DA1-E309-48A7-91E9-D43C24D9196D.npy,dmso
P015097,F21,s3,dmso,/mnt/micro-images-pvc/specs935-v1/specs935-v1-FA-P015097-U2OS-48h-P11-L2/2021-12-23/873/specs935-v1-FA-P015097-U2OS-48h-P11-L2_F21_s3_w59134174F-681C-4A81-A968-DAF4C1DB7C26.npy,dmso
P015097,F21,s4,dmso,/mnt/micro-images-pvc/specs935-v1/specs935-v1-FA-P015097-U2OS-48h-P11-L2/2021-12-23/873/specs935-v1-FA-P015097-U2OS-48h-P11-L2_F21_s4_w58301CA13-7D75-4C7D-B5B6-0B0DC25B6012.npy,dmso
P015097,F21,s5,dmso,/mnt/micro-images-pvc/specs935-v1/specs935-v1-FA-P015097-U2OS-48h-P11-L2/2021-12-23/873/specs935-v1-FA-P015097-U2OS-48h-P11-L2_F21_s5_w5A49A77A5-AA51-4929-AD2C-6938E4BACA8F.npy,dmso
P015097,F21,s6,dmso,/mnt/micro-images-pvc/specs935-v1/specs935-v1-FA-P015097-U2OS-48h-P11-L2/2021-12-23/873/specs935-v1-FA-P015097-U2OS-48h-P11-L2_F21_s6_w51F7A59B4-3100-40B8-A85B-FA01398CFCD3.npy,dmso
P015097,F21,s7,dmso,/mnt/micro-images-pvc/specs935-v1/specs935-v1-FA-P015097-U2OS-48h-P11-L2/2021-12-23/873/specs935-v1-FA-P015097-U2OS-48h-P11-L2_F21_s7_w599891A1C-9D23-4CC0-A848-09C85641431C.npy,dmso
P015097,F21,s8,dmso,/mnt/micro-images-pvc/specs935-v1/specs935-v1-FA-P015097-U2OS-48h-P11-L2/2021-12-23/873/specs935-v1-FA-P015097-U2OS-48h-P11-L2_F21_s8_w5E630D44C-819D-4459-AEF5-83E040F438E2.npy,dmso
P015097,F21,s9,dmso,/mnt/micro-images-pvc/specs935-v1/specs935-v1-FA-P015097-U2OS-48h-P11-L2/2021-12-23/873/specs935-v1-FA-P015097-U2OS-48h-P11-L2_F21_s9_w501BA27F7-DB85-49CA-B2A1-4300982CBDA3.npy,dmso
P015097,I19,s1,dmso,/mnt/micro-images-pvc/specs935-v1/specs935-v1-FA-P015097-U2OS-48h-P11-L2/2021-12-23/873/specs935-v1-FA-P015097-U2OS-48h-P11-L2_I19_s1_w5B4A79500-C659-40FC-86E1-10EFD2B18C1C.npy,dmso
P015097,I19,s2,dmso,/mnt/micro-images-pvc/specs935-v1/specs935-v1-FA-P015097-U2OS-48h-P11-L2/2021-12-23/873/specs935-v1-FA-P015097-U2OS-48h-P11-L2_I19_s2_w581BA3A26-008D-4959-9947-3AD27A908987.npy,dmso
P015097,I19,s3,dmso,/mnt/micro-images-pvc/specs935-v1/specs935-v1-FA-P015097-U2OS-48h-P11-L2/2021-12-23/873/specs935-v1-FA-P015097-U2OS-48h-P11-L2_I19_s3_w546E77FF2-6580-429B-B980-9AAC855BABBC.npy,dmso
P015097,I19,s4,dmso,/mnt/micro-images-pvc/specs935-v1/specs935-v1-FA-P015097-U2OS-48h-P11-L2/2021-12-23/873/specs935-v1-FA-P015097-U2OS-48h-P11-L2_I19_s4_w5112EF94D-5EA7-4D0F-A928-993C40BACC69.npy,dmso
P015097,I19,s5,dmso,/mnt/micro-images-pvc/specs935-v1/specs935-v1-FA-P015097-U2OS-48h-P11-L2/2021-12-23/873/specs935-v1-FA-P015097-U2OS-48h-P11-L2_I19_s5_w590815692-3A3A-4AF7-8B8D-313FC27B6877.npy,dmso
P015097,I19,s6,dmso,/mnt/micro-images-pvc/specs935-v1/specs935-v1-FA-P015097-U2OS-48h-P11-L2/2021-12-23/873/specs935-v1-FA-P015097-U2OS-48h-P11-L2_I19_s6_w563435053-4117-4A88-8E69-E498711DA4AB.npy,dmso
P015097,I19,s7,dmso,/mnt/micro-images-pvc/specs935-v1/specs935-v1-FA-P015097-U2OS-48h-P11-L2/2021-12-23/873/specs935-v1-FA-P015097-U2OS-48h-P11-L2_I19_s7_w562A2A1F4-85AE-434C-9648-5BDC15EEB011.npy,dmso
P015097,I19,s8,dmso,/mnt/micro-images-pvc/specs935-v1/specs935-v1-FA-P015097-U2OS-48h-P11-L2/2021-12-23/873/specs935-v1-FA-P015097-U2OS-48h-P11-L2_I19_s8_w528FB81AB-BEEA-4EF2-9429-707CD9BAEB27.npy,dmso
P015097,I19,s9,dmso,/mnt/micro-images-pvc/specs935-v1/specs935-v1-FA-P015097-U2OS-48h-P11-L2/2021-12-23/873/specs935-v1-FA-P015097-U2OS-48h-P11-L2_I19_s9_w5968E7E18-F5A3-4C78-9EC4-597476CB898F.npy,dmso
P015097,K08,s1,dmso,/mnt/micro-images-pvc/specs935-v1/specs935-v1-FA-P015097-U2OS-48h-P11-L2/2021-12-23/873/specs935-v1-FA-P015097-U2OS-48h-P11-L2_K08_s1_w575DB9A04-B36D-46FC-8E24-59711D99C5F7.npy,dmso
P015097,K08,s2,dmso,/mnt/micro-images-pvc/specs935-v1/specs935-v1-FA-P015097-U2OS-48h-P11-L2/2021-12-23/873/specs935-v1-FA-P015097-U2OS-48h-P11-L2_K08_s2_w53F437FF3-28CB-4CC8-9F27-2457AD7CC2B0.npy,dmso
P015097,K08,s3,dmso,/mnt/micro-images-pvc/specs935-v1/specs935-v1-FA-P015097-U2OS-48h-P11-L2/2021-12-23/873/specs935-v1-FA-P015097-U2OS-48h-P11-L2_K08_s3_w5C9506155-B654-4FA5-9BD0-D737C33CB299.npy,dmso
P015097,K08,s4,dmso,/mnt/micro-images-pvc/specs935-v1/specs935-v1-FA-P015097-U2OS-48h-P11-L2/2021-12-23/873/specs935-v1-FA-P015097-U2OS-48h-P11-L2_K08_s4_w5FF93D098-6367-4385-973C-F2B31824DF58.npy,dmso
P015097,K08,s5,dmso,/mnt/micro-images-pvc/specs935-v1/specs935-v1-FA-P015097-U2OS-48h-P11-L2/2021-12-23/873/specs935-v1-FA-P015097-U2OS-48h-P11-L2_K08_s5_w52166049C-A105-4404-998C-DB31DC1185CB.npy,dmso
P015097,K08,s6,dmso,/mnt/micro-images-pvc/specs935-v1/specs935-v1-FA-P015097-U2OS-48h-P11-L2/2021-12-23/873/specs935-v1-FA-P015097-U2OS-48h-P11-L2_K08_s6_w5EEF91AF4-C62E-42BF-9599-236CFA30127E.npy,dmso
P015097,K08,s7,dmso,/mnt/micro-images-pvc/specs935-v1/specs935-v1-FA-P015097-U2OS-48h-P11-L2/2021-12-23/873/specs935-v1-FA-P015097-U2OS-48h-P11-L2_K08_s7_w5CC6914F0-9CF6-417B-AD82-7ABB5143C132.npy,dmso
P015097,K08,s8,dmso,/mnt/micro-images-pvc/specs935-v1/specs935-v1-FA-P015097-U2OS-48h-P11-L2/2021-12-23/873/specs935-v1-FA-P015097-U2OS-48h-P11-L2_K08_s8_w5821750D6-2632-4233-ACCF-6A41787EFB24.npy,dmso
P015097,K08,s9,dmso,/mnt/micro-images-pvc/specs935-v1/specs935-v1-FA-P015097-U2OS-48h-P11-L2/2021-12-23/873/specs935-v1-FA-P015097-U2OS-48h-P11-L2_K08_s9_w5400D557D-A22B-410F-8045-3E574679E969.npy,dmso
P015097,K15,s1,dmso,/mnt/micro-images-pvc/specs935-v1/specs935-v1-FA-P015097-U2OS-48h-P11-L2/2021-12-23/873/specs935-v1-FA-P015097-U2OS-48h-P11-L2_K15_s1_w5FA276A1E-81F6-42BA-83C9-313A23AA01D1.npy,dmso
P015097,K15,s2,dmso,/mnt/micro-images-pvc/specs935-v1/specs935-v1-FA-P015097-U2OS-48h-P11-L2/2021-12-23/873/specs935-v1-FA-P015097-U2OS-48h-P11-L2_K15_s2_w56C0DC1DA-2DE2-4ADC-887B-E1552C73A9CA.npy,dmso
P015097,K15,s3,dmso,/mnt/micro-images-pvc/specs935-v1/specs935-v1-FA-P015097-U2OS-48h-P11-L2/2021-12-23/873/specs935-v1-FA-P015097-U2OS-48h-P11-L2_K15_s3_w5941DC692-6A2F-433D-882E-8698441CB0A8.npy,dmso
P015097,K15,s4,dmso,/mnt/micro-images-pvc/specs935-v1/specs935-v1-FA-P015097-U2OS-48h-P11-L2/2021-12-23/873/specs935-v1-FA-P015097-U2OS-48h-P11-L2_K15_s4_w573613AED-9238-48F4-A9AD-23C80D3A2773.npy,dmso
P015097,K15,s5,dmso,/mnt/micro-images-pvc/specs935-v1/specs935-v1-FA-P015097-U2OS-48h-P11-L2/2021-12-23/873/specs935-v1-FA-P015097-U2OS-48h-P11-L2_K15_s5_w5800AD441-D989-414A-A865-F72935B1E7DB.npy,dmso
P015097,K15,s6,dmso,/mnt/micro-images-pvc/specs935-v1/specs935-v1-FA-P015097-U2OS-48h-P11-L2/2021-12-23/873/specs935-v1-FA-P015097-U2OS-48h-P11-L2_K15_s6_w554FE6835-ED50-4E9B-B1A8-C259E2229855.npy,dmso
P015097,K15,s7,dmso,/mnt/micro-images-pvc/specs935-v1/specs935-v1-FA-P015097-U2OS-48h-P11-L2/2021-12-23/873/specs935-v1-FA-P015097-U2OS-48h-P11-L2_K15_s7_w542A0272A-A56E-4848-A3D1-202B6E7729F2.npy,dmso
P015097,K15,s8,dmso,/mnt/micro-images-pvc/specs935-v1/specs935-v1-FA-P015097-U2OS-48h-P11-L2/2021-12-23/873/specs935-v1-FA-P015097-U2OS-48h-P11-L2_K15_s8_w5B992E787-E41E-45EE-96B1-124C65B9DF80.npy,dmso
P015097,K15,s9,dmso,/mnt/micro-images-pvc/specs935-v1/specs935-v1-FA-P015097-U2OS-48h-P11-L2/2021-12-23/873/specs935-v1-FA-P015097-U2OS-48h-P11-L2_K15_s9_w5E0FF92A7-B0DE-48CC-9B7E-00218F3921D4.npy,dmso
P015097,M22,s1,dmso,/mnt/micro-images-pvc/specs935-v1/specs935-v1-FA-P015097-U2OS-48h-P11-L2/2021-12-23/873/specs935-v1-FA-P015097-U2OS-48h-P11-L2_M22_s1_w542C56920-0E57-45E5-B634-5B8FED8A8DCA.npy,dmso
P015097,M22,s2,dmso,/mnt/micro-images-pvc/specs935-v1/specs935-v1-FA-P015097-U2OS-48h-P11-L2/2021-12-23/873/specs935-v1-FA-P015097-U2OS-48h-P11-L2_M22_s2_w5E6AA42DB-471D-4372-B668-C9C1A529692D.npy,dmso
P015097,M22,s3,dmso,/mnt/micro-images-pvc/specs935-v1/specs935-v1-FA-P015097-U2OS-48h-P11-L2/2021-12-23/873/specs935-v1-FA-P015097-U2OS-48h-P11-L2_M22_s3_w517552BB6-223B-4ED5-AFA6-F524EDF5CA69.npy,dmso
P015097,M22,s4,dmso,/mnt/micro-images-pvc/specs935-v1/specs935-v1-FA-P015097-U2OS-48h-P11-L2/2021-12-23/873/specs935-v1-FA-P015097-U2OS-48h-P11-L2_M22_s4_w563BD7B05-62F0-494B-A3F6-C79127677659.npy,dmso
P015097,M22,s5,dmso,/mnt/micro-images-pvc/specs935-v1/specs935-v1-FA-P015097-U2OS-48h-P11-L2/2021-12-23/873/specs935-v1-FA-P015097-U2OS-48h-P11-L2_M22_s5_w5835927C7-300E-4565-B154-B68C7530721F.npy,dmso
P015097,M22,s6,dmso,/mnt/micro-images-pvc/specs935-v1/specs935-v1-FA-P015097-U2OS-48h-P11-L2/2021-12-23/873/specs935-v1-FA-P015097-U2OS-48h-P11-L2_M22_s6_w59D90F3DA-F102-44D3-9A26-0EBBBCE661AD.npy,dmso
P015097,M22,s7,dmso,/mnt/micro-images-pvc/specs935-v1/specs935-v1-FA-P015097-U2OS-48h-P11-L2/2021-12-23/873/specs935-v1-FA-P015097-U2OS-48h-P11-L2_M22_s7_w578535ACD-4990-46F2-A33B-6433A4870A2C.npy,dmso
P015097,M22,s8,dmso,/mnt/micro-images-pvc/specs935-v1/specs935-v1-FA-P015097-U2OS-48h-P11-L2/2021-12-23/873/specs935-v1-FA-P015097-U2OS-48h-P11-L2_M22_s8_w5923B7DF1-9680-4F0D-B7C8-5BB6444F291D.npy,dmso
P015097,M22,s9,dmso,/mnt/micro-images-pvc/specs935-v1/specs935-v1-FA-P015097-U2OS-48h-P11-L2/2021-12-23/873/specs935-v1-FA-P015097-U2OS-48h-P11-L2_M22_s9_w50A85845C-5976-41EF-ADAE-CA3A0507E01F.npy,dmso
P015097,O03,s1,dmso,/mnt/micro-images-pvc/specs935-v1/specs935-v1-FA-P015097-U2OS-48h-P11-L2/2021-12-23/873/specs935-v1-FA-P015097-U2OS-48h-P11-L2_O03_s1_w501D3FA50-7775-4CF5-ACCA-6300EAC55015.npy,dmso
P015097,O03,s2,dmso,/mnt/micro-images-pvc/specs935-v1/specs935-v1-FA-P015097-U2OS-48h-P11-L2/2021-12-23/873/specs935-v1-FA-P015097-U2OS-48h-P11-L2_O03_s2_w546E5DDF4-909F-4337-B9F2-9A13FEE03E99.npy,dmso
P015097,O03,s3,dmso,/mnt/micro-images-pvc/specs935-v1/specs935-v1-FA-P015097-U2OS-48h-P11-L2/2021-12-23/873/specs935-v1-FA-P015097-U2OS-48h-P11-L2_O03_s3_w5DFDE6728-1ABD-4F63-B6EA-D4F3B33B5CC9.npy,dmso
P015097,O03,s4,dmso,/mnt/micro-images-pvc/specs935-v1/specs935-v1-FA-P015097-U2OS-48h-P11-L2/2021-12-23/873/specs935-v1-FA-P015097-U2OS-48h-P11-L2_O03_s4_w53F3BD89F-A8DC-4B01-8FDB-5C578C1E335B.npy,dmso
P015097,O03,s5,dmso,/mnt/micro-images-pvc/specs935-v1/specs935-v1-FA-P015097-U2OS-48h-P11-L2/2021-12-23/873/specs935-v1-FA-P015097-U2OS-48h-P11-L2_O03_s5_w5C6727198-9A88-477C-AA17-BA44CBA8DE06.npy,dmso
P015097,O03,s6,dmso,/mnt/micro-images-pvc/specs935-v1/specs935-v1-FA-P015097-U2OS-48h-P11-L2/2021-12-23/873/specs935-v1-FA-P015097-U2OS-48h-P11-L2_O03_s6_w59399DEB4-2F6A-46E0-AB80-3A98B1C61126.npy,dmso
P015097,O03,s7,dmso,/mnt/micro-images-pvc/specs935-v1/specs935-v1-FA-P015097-U2OS-48h-P11-L2/2021-12-23/873/specs935-v1-FA-P015097-U2OS-48h-P11-L2_O03_s7_w568265C2D-2B7B-4D72-B20B-7DA4267B53C0.npy,dmso
P015097,O03,s8,dmso,/mnt/micro-images-pvc/specs935-v1/specs935-v1-FA-P015097-U2OS-48h-P11-L2/2021-12-23/873/specs935-v1-FA-P015097-U2OS-48h-P11-L2_O03_s8_w5EA11E001-8303-43F6-9D26-2BF753573BC5.npy,dmso
P015097,O03,s9,dmso,/mnt/micro-images-pvc/specs935-v1/specs935-v1-FA-P015097-U2OS-48h-P11-L2/2021-12-23/873/specs935-v1-FA-P015097-U2OS-48h-P11-L2_O03_s9_w5C4FA4CF9-1B97-4A2C-96C6-374D57974ADE.npy,dmso
P015097,O06,s1,dmso,/mnt/micro-images-pvc/specs935-v1/specs935-v1-FA-P015097-U2OS-48h-P11-L2/2021-12-23/873/specs935-v1-FA-P015097-U2OS-48h-P11-L2_O06_s1_w56C523591-0659-4130-9E1E-44DDBBCF0C30.npy,dmso
P015097,O06,s2,dmso,/mnt/micro-images-pvc/specs935-v1/specs935-v1-FA-P015097-U2OS-48h-P11-L2/2021-12-23/873/specs935-v1-FA-P015097-U2OS-48h-P11-L2_O06_s2_w581665723-713F-49C5-8D45-0A8B45392042.npy,dmso
P015097,O06,s3,dmso,/mnt/micro-images-pvc/specs935-v1/specs935-v1-FA-P015097-U2OS-48h-P11-L2/2021-12-23/873/specs935-v1-FA-P015097-U2OS-48h-P11-L2_O06_s3_w5DB54B222-8CEE-43D4-A926-39F53FF8A348.npy,dmso
P015097,O06,s4,dmso,/mnt/micro-images-pvc/specs935-v1/specs935-v1-FA-P015097-U2OS-48h-P11-L2/2021-12-23/873/specs935-v1-FA-P015097-U2OS-48h-P11-L2_O06_s4_w53DBF2543-3613-43F7-B5DE-B27FF279A098.npy,dmso
P015097,O06,s5,dmso,/mnt/micro-images-pvc/specs935-v1/specs935-v1-FA-P015097-U2OS-48h-P11-L2/2021-12-23/873/specs935-v1-FA-P015097-U2OS-48h-P11-L2_O06_s5_w5D70C8684-E9B2-45CD-A9E4-2BBA6C6386F3.npy,dmso
P015097,O06,s6,dmso,/mnt/micro-images-pvc/specs935-v1/specs935-v1-FA-P015097-U2OS-48h-P11-L2/2021-12-23/873/specs935-v1-FA-P015097-U2OS-48h-P11-L2_O06_s6_w55563D760-170E-483C-A7EA-BB61980791DC.npy,dmso
P015097,O06,s7,dmso,/mnt/micro-images-pvc/specs935-v1/specs935-v1-FA-P015097-U2OS-48h-P11-L2/2021-12-23/873/specs935-v1-FA-P015097-U2OS-48h-P11-L2_O06_s7_w5D3E3EFB7-BF18-4A9B-8D9F-D1F3AE14A815.npy,dmso
P015097,O06,s8,dmso,/mnt/micro-images-pvc/specs935-v1/specs935-v1-FA-P015097-U2OS-48h-P11-L2/2021-12-23/873/specs935-v1-FA-P015097-U2OS-48h-P11-L2_O06_s8_w5E4827A61-BC48-415E-8794-D84193597225.npy,dmso
P015097,O06,s9,dmso,/mnt/micro-images-pvc/specs935-v1/specs935-v1-FA-P015097-U2OS-48h-P11-L2/2021-12-23/873/specs935-v1-FA-P015097-U2OS-48h-P11-L2_O06_s9_w50BCB9198-C92E-40AB-88C4-95B483C8E9E6.npy,dmso
P015098,C21,s1,dmso,/mnt/micro-images-pvc/specs935-v1/specs935-v1-FA-P015098-U2OS-48h-P12-L1/2021-12-19/859/specs935-v1-FA-P015098-U2OS-48h-P12-L1_C21_s1_w5CA4C5C31-1456-4D47-8D06-7F1CC17ECB39.npy,dmso
P015098,C21,s2,dmso,/mnt/micro-images-pvc/specs935-v1/specs935-v1-FA-P015098-U2OS-48h-P12-L1/2021-12-19/859/specs935-v1-FA-P015098-U2OS-48h-P12-L1_C21_s2_w54CBDD42E-0119-4933-A27F-F8064298D532.npy,dmso
P015098,C21,s3,dmso,/mnt/micro-images-pvc/specs935-v1/specs935-v1-FA-P015098-U2OS-48h-P12-L1/2021-12-19/859/specs935-v1-FA-P015098-U2OS-48h-P12-L1_C21_s3_w5D088CFD7-851D-4505-BB17-8761405DBC28.npy,dmso
P015098,C21,s4,dmso,/mnt/micro-images-pvc/specs935-v1/specs935-v1-FA-P015098-U2OS-48h-P12-L1/2021-12-19/859/specs935-v1-FA-P015098-U2OS-48h-P12-L1_C21_s4_w558BB6596-7732-4013-8B93-7A314DE850D4.npy,dmso
P015098,C21,s5,dmso,/mnt/micro-images-pvc/specs935-v1/specs935-v1-FA-P015098-U2OS-48h-P12-L1/2021-12-19/859/specs935-v1-FA-P015098-U2OS-48h-P12-L1_C21_s5_w5AC04CE7B-9269-4507-A1D2-E584F17FE16C.npy,dmso
P015098,C21,s6,dmso,/mnt/micro-images-pvc/specs935-v1/specs935-v1-FA-P015098-U2OS-48h-P12-L1/2021-12-19/859/specs935-v1-FA-P015098-U2OS-48h-P12-L1_C21_s6_w5F836F8F2-25B5-4F47-9BDE-DFA956D9089B.npy,dmso
P015098,C21,s7,dmso,/mnt/micro-images-pvc/specs935-v1/specs935-v1-FA-P015098-U2OS-48h-P12-L1/2021-12-19/859/specs935-v1-FA-P015098-U2OS-48h-P12-L1_C21_s7_w519732B55-7C9A-48B5-86BC-E73D24A0FD3D.npy,dmso
P015098,C21,s8,dmso,/mnt/micro-images-pvc/specs935-v1/specs935-v1-FA-P015098-U2OS-48h-P12-L1/2021-12-19/859/specs935-v1-FA-P015098-U2OS-48h-P12-L1_C21_s8_w5EA5FF08D-8BD5-4C4D-A421-9287DA1163FE.npy,dmso
P015098,C21,s9,dmso,/mnt/micro-images-pvc/specs935-v1/specs935-v1-FA-P015098-U2OS-48h-P12-L1/2021-12-19/859/specs935-v1-FA-P015098-U2OS-48h-P12-L1_C21_s9_w54E483BE0-4341-40A9-88D5-EBA71A6AFF65.npy,dmso
P015098,D23,s1,dmso,/mnt/micro-images-pvc/specs935-v1/specs935-v1-FA-P015098-U2OS-48h-P12-L1/2021-12-19/859/specs935-v1-FA-P015098-U2OS-48h-P12-L1_D23_s1_w5B2196917-3B67-45B4-968E-5E8D5A225285.npy,dmso
P015098,D23,s2,dmso,/mnt/micro-images-pvc/specs935-v1/specs935-v1-FA-P015098-U2OS-48h-P12-L1/2021-12-19/859/specs935-v1-FA-P015098-U2OS-48h-P12-L1_D23_s2_w576E6F1FA-0337-4011-855F-DA211CF5A571.npy,dmso
P015098,D23,s3,dmso,/mnt/micro-images-pvc/specs935-v1/specs935-v1-FA-P015098-U2OS-48h-P12-L1/2021-12-19/859/specs935-v1-FA-P015098-U2OS-48h-P12-L1_D23_s3_w5D4B03BF9-B19B-496C-82C8-A6B0D2D2AC2C.npy,dmso
P015098,D23,s4,dmso,/mnt/micro-images-pvc/specs935-v1/specs935-v1-FA-P015098-U2OS-48h-P12-L1/2021-12-19/859/specs935-v1-FA-P015098-U2OS-48h-P12-L1_D23_s4_w591610BD4-2421-4A56-BB38-CF4C373FFF60.npy,dmso
P015098,D23,s5,dmso,/mnt/micro-images-pvc/specs935-v1/specs935-v1-FA-P015098-U2OS-48h-P12-L1/2021-12-19/859/specs935-v1-FA-P015098-U2OS-48h-P12-L1_D23_s5_w50F2A0D60-89B7-4268-8700-AE87DF062796.npy,dmso
P015098,D23,s6,dmso,/mnt/micro-images-pvc/specs935-v1/specs935-v1-FA-P015098-U2OS-48h-P12-L1/2021-12-19/859/specs935-v1-FA-P015098-U2OS-48h-P12-L1_D23_s6_w55D2E8820-0487-4C07-B94D-72187CDAA87A.npy,dmso
P015098,D23,s7,dmso,/mnt/micro-images-pvc/specs935-v1/specs935-v1-FA-P015098-U2OS-48h-P12-L1/2021-12-19/859/specs935-v1-FA-P015098-U2OS-48h-P12-L1_D23_s7_w5388DEA5B-450F-409C-9214-3A6FCD18D027.npy,dmso
P015098,D23,s8,dmso,/mnt/micro-images-pvc/specs935-v1/specs935-v1-FA-P015098-U2OS-48h-P12-L1/2021-12-19/859/specs935-v1-FA-P015098-U2OS-48h-P12-L1_D23_s8_w5F486B62A-BEA0-4FA2-8622-18B16772CCE0.npy,dmso
P015098,D23,s9,dmso,/mnt/micro-images-pvc/specs935-v1/specs935-v1-FA-P015098-U2OS-48h-P12-L1/2021-12-19/859/specs935-v1-FA-P015098-U2OS-48h-P12-L1_D23_s9_w5C54F15D0-A04D-4A53-A31F-F4937823A29D.npy,dmso
P015098,E10,s1,dmso,/mnt/micro-images-pvc/specs935-v1/specs935-v1-FA-P015098-U2OS-48h-P12-L1/2021-12-19/859/specs935-v1-FA-P015098-U2OS-48h-P12-L1_E10_s1_w5F158F247-4793-4F3E-B64F-2BB71A13080A.npy,dmso
P015098,E10,s2,dmso,/mnt/micro-images-pvc/specs935-v1/specs935-v1-FA-P015098-U2OS-48h-P12-L1/2021-12-19/859/specs935-v1-FA-P015098-U2OS-48h-P12-L1_E10_s2_w5FF0AC4BC-7154-4171-B9F4-86536C1CC4DF.npy,dmso
P015098,E10,s3,dmso,/mnt/micro-images-pvc/specs935-v1/specs935-v1-FA-P015098-U2OS-48h-P12-L1/2021-12-19/859/specs935-v1-FA-P015098-U2OS-48h-P12-L1_E10_s3_w5A7707A35-82D3-4B59-A577-4458101FCC7D.npy,dmso
P015098,E10,s4,dmso,/mnt/micro-images-pvc/specs935-v1/specs935-v1-FA-P015098-U2OS-48h-P12-L1/2021-12-19/859/specs935-v1-FA-P015098-U2OS-48h-P12-L1_E10_s4_w5A571D466-A275-4826-8A13-8E23FF1E522D.npy,dmso
P015098,E10,s5,dmso,/mnt/micro-images-pvc/specs935-v1/specs935-v1-FA-P015098-U2OS-48h-P12-L1/2021-12-19/859/specs935-v1-FA-P015098-U2OS-48h-P12-L1_E10_s5_w51F12F7FB-D69F-434E-B80E-20DB64CF0AAD.npy,dmso
P015098,E10,s6,dmso,/mnt/micro-images-pvc/specs935-v1/specs935-v1-FA-P015098-U2OS-48h-P12-L1/2021-12-19/859/specs935-v1-FA-P015098-U2OS-48h-P12-L1_E10_s6_w513A2AD79-DB43-49D1-BE6E-8835B8756EE4.npy,dmso
P015098,E10,s7,dmso,/mnt/micro-images-pvc/specs935-v1/specs935-v1-FA-P015098-U2OS-48h-P12-L1/2021-12-19/859/specs935-v1-FA-P015098-U2OS-48h-P12-L1_E10_s7_w5E57E5CAB-C519-4CF4-948A-8FA2A6A3B01C.npy,dmso
P015098,E10,s8,dmso,/mnt/micro-images-pvc/specs935-v1/specs935-v1-FA-P015098-U2OS-48h-P12-L1/2021-12-19/859/specs935-v1-FA-P015098-U2OS-48h-P12-L1_E10_s8_w553876C5D-A265-4B46-8F92-AEF3A6416F66.npy,dmso
P015098,E10,s9,dmso,/mnt/micro-images-pvc/specs935-v1/specs935-v1-FA-P015098-U2OS-48h-P12-L1/2021-12-19/859/specs935-v1-FA-P015098-U2OS-48h-P12-L1_E10_s9_w5050F2CED-5724-4592-BD9D-62F7AB406C06.npy,dmso
P015098,F16,s1,dmso,/mnt/micro-images-pvc/specs935-v1/specs935-v1-FA-P015098-U2OS-48h-P12-L1/2021-12-19/859/specs935-v1-FA-P015098-U2OS-48h-P12-L1_F16_s1_w52825C84E-2E0A-42A2-818A-0432C59BC5A9.npy,dmso
P015098,F16,s2,dmso,/mnt/micro-images-pvc/specs935-v1/specs935-v1-FA-P015098-U2OS-48h-P12-L1/2021-12-19/859/specs935-v1-FA-P015098-U2OS-48h-P12-L1_F16_s2_w51EE33155-892D-4EFC-BE42-C77520CB12E4.npy,dmso
P015098,F16,s3,dmso,/mnt/micro-images-pvc/specs935-v1/specs935-v1-FA-P015098-U2OS-48h-P12-L1/2021-12-19/859/specs935-v1-FA-P015098-U2OS-48h-P12-L1_F16_s3_w5DC8A5882-3E2B-42B2-B3A0-F25731E8BEBE.npy,dmso
P015098,F16,s4,dmso,/mnt/micro-images-pvc/specs935-v1/specs935-v1-FA-P015098-U2OS-48h-P12-L1/2021-12-19/859/specs935-v1-FA-P015098-U2OS-48h-P12-L1_F16_s4_w51B17A8C0-A4B2-41B4-A8C5-CC977C21B192.npy,dmso
P015098,F16,s5,dmso,/mnt/micro-images-pvc/specs935-v1/specs935-v1-FA-P015098-U2OS-48h-P12-L1/2021-12-19/859/specs935-v1-FA-P015098-U2OS-48h-P12-L1_F16_s5_w51BD3CBB5-EC87-4284-8985-743569F0009B.npy,dmso
P015098,F16,s6,dmso,/mnt/micro-images-pvc/specs935-v1/specs935-v1-FA-P015098-U2OS-48h-P12-L1/2021-12-19/859/specs935-v1-FA-P015098-U2OS-48h-P12-L1_F16_s6_w518577D9A-2E42-43B6-BD8B-D9DE46C0C571.npy,dmso
P015098,F16,s7,dmso,/mnt/micro-images-pvc/specs935-v1/specs935-v1-FA-P015098-U2OS-48h-P12-L1/2021-12-19/859/specs935-v1-FA-P015098-U2OS-48h-P12-L1_F16_s7_w5E18ACB11-F77F-48A9-8952-FF20B6C24F86.npy,dmso
P015098,F16,s8,dmso,/mnt/micro-images-pvc/specs935-v1/specs935-v1-FA-P015098-U2OS-48h-P12-L1/2021-12-19/859/specs935-v1-FA-P015098-U2OS-48h-P12-L1_F16_s8_w560194819-EF89-4CC7-BB88-1684879CD5FB.npy,dmso
P015098,F16,s9,dmso,/mnt/micro-images-pvc/specs935-v1/specs935-v1-FA-P015098-U2OS-48h-P12-L1/2021-12-19/859/specs935-v1-FA-P015098-U2OS-48h-P12-L1_F16_s9_w5624A16F8-0E4D-4E38-94F1-E6C2CA332A1C.npy,dmso
P015098,G22,s1,dmso,/mnt/micro-images-pvc/specs935-v1/specs935-v1-FA-P015098-U2OS-48h-P12-L1/2021-12-19/859/specs935-v1-FA-P015098-U2OS-48h-P12-L1_G22_s1_w5AC862D84-6FD3-400F-9774-0E2050094236.npy,dmso
P015098,G22,s2,dmso,/mnt/micro-images-pvc/specs935-v1/specs935-v1-FA-P015098-U2OS-48h-P12-L1/2021-12-19/859/specs935-v1-FA-P015098-U2OS-48h-P12-L1_G22_s2_w54C9B4D52-7760-466A-B4BC-A0188F37CE25.npy,dmso
P015098,G22,s3,dmso,/mnt/micro-images-pvc/specs935-v1/specs935-v1-FA-P015098-U2OS-48h-P12-L1/2021-12-19/859/specs935-v1-FA-P015098-U2OS-48h-P12-L1_G22_s3_w5334F0F96-E1E0-4BE8-9B1C-A4D45C304FD7.npy,dmso
P015098,G22,s4,dmso,/mnt/micro-images-pvc/specs935-v1/specs935-v1-FA-P015098-U2OS-48h-P12-L1/2021-12-19/859/specs935-v1-FA-P015098-U2OS-48h-P12-L1_G22_s4_w51E374B5E-B53A-448D-B0F6-40E5EF1C3D2E.npy,dmso
P015098,G22,s5,dmso,/mnt/micro-images-pvc/specs935-v1/specs935-v1-FA-P015098-U2OS-48h-P12-L1/2021-12-19/859/specs935-v1-FA-P015098-U2OS-48h-P12-L1_G22_s5_w587331BA1-1486-4C3E-9E0A-8DB80E244811.npy,dmso
P015098,G22,s6,dmso,/mnt/micro-images-pvc/specs935-v1/specs935-v1-FA-P015098-U2OS-48h-P12-L1/2021-12-19/859/specs935-v1-FA-P015098-U2OS-48h-P12-L1_G22_s6_w57C35C703-0D8C-4C35-AF9B-EDB579B9F7AE.npy,dmso
P015098,G22,s7,dmso,/mnt/micro-images-pvc/specs935-v1/specs935-v1-FA-P015098-U2OS-48h-P12-L1/2021-12-19/859/specs935-v1-FA-P015098-U2OS-48h-P12-L1_G22_s7_w57E646194-18A8-4A22-9EF7-AAB6DDAC4696.npy,dmso
P015098,G22,s8,dmso,/mnt/micro-images-pvc/specs935-v1/specs935-v1-FA-P015098-U2OS-48h-P12-L1/2021-12-19/859/specs935-v1-FA-P015098-U2OS-48h-P12-L1_G22_s8_w5ABA8C6FB-BC79-484A-8244-767063647C41.npy,dmso
P015098,G22,s9,dmso,/mnt/micro-images-pvc/specs935-v1/specs935-v1-FA-P015098-U2OS-48h-P12-L1/2021-12-19/859/specs935-v1-FA-P015098-U2OS-48h-P12-L1_G22_s9_w5C521ABF3-F42B-45C8-BF1C-78972CE809DC.npy,dmso
P015098,H05,s1,dmso,/mnt/micro-images-pvc/specs935-v1/specs935-v1-FA-P015098-U2OS-48h-P12-L1/2021-12-19/859/specs935-v1-FA-P015098-U2OS-48h-P12-L1_H05_s1_w5BC306CFF-A0A9-4828-9CD0-828284B72575.npy,dmso
P015098,H05,s2,dmso,/mnt/micro-images-pvc/specs935-v1/specs935-v1-FA-P015098-U2OS-48h-P12-L1/2021-12-19/859/specs935-v1-FA-P015098-U2OS-48h-P12-L1_H05_s2_w5EE93C557-F91B-4A7B-A1CD-A18EAC1594F0.npy,dmso
P015098,H05,s3,dmso,/mnt/micro-images-pvc/specs935-v1/specs935-v1-FA-P015098-U2OS-48h-P12-L1/2021-12-19/859/specs935-v1-FA-P015098-U2OS-48h-P12-L1_H05_s3_w53BA707CD-9D14-4632-872E-FA0D9FF319F9.npy,dmso
P015098,H05,s4,dmso,/mnt/micro-images-pvc/specs935-v1/specs935-v1-FA-P015098-U2OS-48h-P12-L1/2021-12-19/859/specs935-v1-FA-P015098-U2OS-48h-P12-L1_H05_s4_w51DA70E91-AF16-4966-A224-A3C92823F33C.npy,dmso
P015098,H05,s5,dmso,/mnt/micro-images-pvc/specs935-v1/specs935-v1-FA-P015098-U2OS-48h-P12-L1/2021-12-19/859/specs935-v1-FA-P015098-U2OS-48h-P12-L1_H05_s5_w5537B0435-0B23-4CBF-8EC7-121A7D57C6EE.npy,dmso
P015098,H05,s6,dmso,/mnt/micro-images-pvc/specs935-v1/specs935-v1-FA-P015098-U2OS-48h-P12-L1/2021-12-19/859/specs935-v1-FA-P015098-U2OS-48h-P12-L1_H05_s6_w517201D7E-CA34-45E1-941C-DAFBF5C5269E.npy,dmso
P015098,H05,s7,dmso,/mnt/micro-images-pvc/specs935-v1/specs935-v1-FA-P015098-U2OS-48h-P12-L1/2021-12-19/859/specs935-v1-FA-P015098-U2OS-48h-P12-L1_H05_s7_w5B0ED27F6-01A4-4063-9571-B96799FA6EA9.npy,dmso
P015098,H05,s8,dmso,/mnt/micro-images-pvc/specs935-v1/specs935-v1-FA-P015098-U2OS-48h-P12-L1/2021-12-19/859/specs935-v1-FA-P015098-U2OS-48h-P12-L1_H05_s8_w5356DAE45-48AD-4EB2-B357-FE8243C5224C.npy,dmso
P015098,H05,s9,dmso,/mnt/micro-images-pvc/specs935-v1/specs935-v1-FA-P015098-U2OS-48h-P12-L1/2021-12-19/859/specs935-v1-FA-P015098-U2OS-48h-P12-L1_H05_s9_w5CBBF552B-9136-47DE-93BB-2517867EFA96.npy,dmso
P015098,H17,s1,dmso,/mnt/micro-images-pvc/specs935-v1/specs935-v1-FA-P015098-U2OS-48h-P12-L1/2021-12-19/859/specs935-v1-FA-P015098-U2OS-48h-P12-L1_H17_s1_w529706D88-7E62-41E8-861B-C673C051BA7B.npy,dmso
P015098,H17,s2,dmso,/mnt/micro-images-pvc/specs935-v1/specs935-v1-FA-P015098-U2OS-48h-P12-L1/2021-12-19/859/specs935-v1-FA-P015098-U2OS-48h-P12-L1_H17_s2_w52101EB3E-6A9B-41D9-A5BC-2B8D2E748C70.npy,dmso
P015098,H17,s3,dmso,/mnt/micro-images-pvc/specs935-v1/specs935-v1-FA-P015098-U2OS-48h-P12-L1/2021-12-19/859/specs935-v1-FA-P015098-U2OS-48h-P12-L1_H17_s3_w52964E483-925C-4FE1-8892-C65A8719F47A.npy,dmso
P015098,H17,s4,dmso,/mnt/micro-images-pvc/specs935-v1/specs935-v1-FA-P015098-U2OS-48h-P12-L1/2021-12-19/859/specs935-v1-FA-P015098-U2OS-48h-P12-L1_H17_s4_w5F0127292-B728-456A-B750-EAFCFFCA389B.npy,dmso
P015098,H17,s5,dmso,/mnt/micro-images-pvc/specs935-v1/specs935-v1-FA-P015098-U2OS-48h-P12-L1/2021-12-19/859/specs935-v1-FA-P015098-U2OS-48h-P12-L1_H17_s5_w5C032DF16-0288-42A4-B492-37D592D32C97.npy,dmso
P015098,H17,s6,dmso,/mnt/micro-images-pvc/specs935-v1/specs935-v1-FA-P015098-U2OS-48h-P12-L1/2021-12-19/859/specs935-v1-FA-P015098-U2OS-48h-P12-L1_H17_s6_w563CA008E-E1EC-4097-BBF4-BF3CF095455C.npy,dmso
P015098,H17,s7,dmso,/mnt/micro-images-pvc/specs935-v1/specs935-v1-FA-P015098-U2OS-48h-P12-L1/2021-12-19/859/specs935-v1-FA-P015098-U2OS-48h-P12-L1_H17_s7_w5F5621209-179E-4AF5-86E9-9D33F5C120C7.npy,dmso
P015098,H17,s8,dmso,/mnt/micro-images-pvc/specs935-v1/specs935-v1-FA-P015098-U2OS-48h-P12-L1/2021-12-19/859/specs935-v1-FA-P015098-U2OS-48h-P12-L1_H17_s8_w57BA46666-BAD0-44F1-9F96-2CFA240BA38D.npy,dmso
P015098,H17,s9,dmso,/mnt/micro-images-pvc/specs935-v1/specs935-v1-FA-P015098-U2OS-48h-P12-L1/2021-12-19/859/specs935-v1-FA-P015098-U2OS-48h-P12-L1_H17_s9_w563418007-3DEB-41E1-9F0C-D40746B6C6DB.npy,dmso
P015098,I15,s1,dmso,/mnt/micro-images-pvc/specs935-v1/specs935-v1-FA-P015098-U2OS-48h-P12-L1/2021-12-19/859/specs935-v1-FA-P015098-U2OS-48h-P12-L1_I15_s1_w5C4B36011-9F33-453B-BD41-AC011CAA9184.npy,dmso
P015098,I15,s2,dmso,/mnt/micro-images-pvc/specs935-v1/specs935-v1-FA-P015098-U2OS-48h-P12-L1/2021-12-19/859/specs935-v1-FA-P015098-U2OS-48h-P12-L1_I15_s2_w505EFF526-B99E-4596-A20B-43B09379C67A.npy,dmso
P015098,I15,s3,dmso,/mnt/micro-images-pvc/specs935-v1/specs935-v1-FA-P015098-U2OS-48h-P12-L1/2021-12-19/859/specs935-v1-FA-P015098-U2OS-48h-P12-L1_I15_s3_w59B67B5F3-B415-40B5-AA69-992B052EC3A2.npy,dmso
P015098,I15,s4,dmso,/mnt/micro-images-pvc/specs935-v1/specs935-v1-FA-P015098-U2OS-48h-P12-L1/2021-12-19/859/specs935-v1-FA-P015098-U2OS-48h-P12-L1_I15_s4_w53BC8A96E-A9E6-47F0-8173-0C7322F49124.npy,dmso
P015098,I15,s5,dmso,/mnt/micro-images-pvc/specs935-v1/specs935-v1-FA-P015098-U2OS-48h-P12-L1/2021-12-19/859/specs935-v1-FA-P015098-U2OS-48h-P12-L1_I15_s5_w567C57E46-119E-469A-B771-34840BB590B6.npy,dmso
P015098,I15,s6,dmso,/mnt/micro-images-pvc/specs935-v1/specs935-v1-FA-P015098-U2OS-48h-P12-L1/2021-12-19/859/specs935-v1-FA-P015098-U2OS-48h-P12-L1_I15_s6_w5A9721AC3-0394-455B-B03E-B2AAE4158AAA.npy,dmso
P015098,I15,s7,dmso,/mnt/micro-images-pvc/specs935-v1/specs935-v1-FA-P015098-U2OS-48h-P12-L1/2021-12-19/859/specs935-v1-FA-P015098-U2OS-48h-P12-L1_I15_s7_w5A2C9E12F-CE1D-49C2-A2A2-3B6EB38D8013.npy,dmso
P015098,I15,s8,dmso,/mnt/micro-images-pvc/specs935-v1/specs935-v1-FA-P015098-U2OS-48h-P12-L1/2021-12-19/859/specs935-v1-FA-P015098-U2OS-48h-P12-L1_I15_s8_w50438A18B-2938-46D2-935F-EAE0E460A0FB.npy,dmso
P015098,I15,s9,dmso,/mnt/micro-images-pvc/specs935-v1/specs935-v1-FA-P015098-U2OS-48h-P12-L1/2021-12-19/859/specs935-v1-FA-P015098-U2OS-48h-P12-L1_I15_s9_w5D44F7927-9015-4FB1-B76A-74FEA7AA4001.npy,dmso
P015098,J03,s1,dmso,/mnt/micro-images-pvc/specs935-v1/specs935-v1-FA-P015098-U2OS-48h-P12-L1/2021-12-19/859/specs935-v1-FA-P015098-U2OS-48h-P12-L1_J03_s1_w5EFF821E7-CF1A-4BEE-B7A0-1B9B89CD64FB.npy,dmso
P015098,J03,s2,dmso,/mnt/micro-images-pvc/specs935-v1/specs935-v1-FA-P015098-U2OS-48h-P12-L1/2021-12-19/859/specs935-v1-FA-P015098-U2OS-48h-P12-L1_J03_s2_w5EDBCFA91-6C9B-4856-982F-1EB50298566E.npy,dmso
P015098,J03,s3,dmso,/mnt/micro-images-pvc/specs935-v1/specs935-v1-FA-P015098-U2OS-48h-P12-L1/2021-12-19/859/specs935-v1-FA-P015098-U2OS-48h-P12-L1_J03_s3_w5BBB02AA6-89DC-49A6-8EEE-F4F95381A87B.npy,dmso
P015098,J03,s4,dmso,/mnt/micro-images-pvc/specs935-v1/specs935-v1-FA-P015098-U2OS-48h-P12-L1/2021-12-19/859/specs935-v1-FA-P015098-U2OS-48h-P12-L1_J03_s4_w50D78D435-D1C0-4951-AE0C-EF9C173F3C55.npy,dmso
P015098,J03,s5,dmso,/mnt/micro-images-pvc/specs935-v1/specs935-v1-FA-P015098-U2OS-48h-P12-L1/2021-12-19/859/specs935-v1-FA-P015098-U2OS-48h-P12-L1_J03_s5_w59512D2C5-7792-4B95-91B5-1C126AA77D3A.npy,dmso
P015098,J03,s6,dmso,/mnt/micro-images-pvc/specs935-v1/specs935-v1-FA-P015098-U2OS-48h-P12-L1/2021-12-19/859/specs935-v1-FA-P015098-U2OS-48h-P12-L1_J03_s6_w5A8039944-4849-4AD3-9D20-9F4354E5548C.npy,dmso
P015098,J03,s7,dmso,/mnt/micro-images-pvc/specs935-v1/specs935-v1-FA-P015098-U2OS-48h-P12-L1/2021-12-19/859/specs935-v1-FA-P015098-U2OS-48h-P12-L1_J03_s7_w5BCBC63D4-E1CE-4C2F-8221-6F2C590D6C54.npy,dmso
P015098,J03,s8,dmso,/mnt/micro-images-pvc/specs935-v1/specs935-v1-FA-P015098-U2OS-48h-P12-L1/2021-12-19/859/specs935-v1-FA-P015098-U2OS-48h-P12-L1_J03_s8_w56F1486EA-B228-4664-945F-2F230FD6798B.npy,dmso
P015098,J03,s9,dmso,/mnt/micro-images-pvc/specs935-v1/specs935-v1-FA-P015098-U2OS-48h-P12-L1/2021-12-19/859/specs935-v1-FA-P015098-U2OS-48h-P12-L1_J03_s9_w518FE5B21-93CD-4675-B7EC-C1DA6A91047B.npy,dmso
P015098,K11,s1,dmso,/mnt/micro-images-pvc/specs935-v1/specs935-v1-FA-P015098-U2OS-48h-P12-L1/2021-12-19/859/specs935-v1-FA-P015098-U2OS-48h-P12-L1_K11_s1_w55A0CE253-9FA6-482B-B5FC-715A74321140.npy,dmso
P015098,K11,s2,dmso,/mnt/micro-images-pvc/specs935-v1/specs935-v1-FA-P015098-U2OS-48h-P12-L1/2021-12-19/859/specs935-v1-FA-P015098-U2OS-48h-P12-L1_K11_s2_w5F30B209E-48EF-48F6-A56F-A63FD1E7464C.npy,dmso
P015098,K11,s3,dmso,/mnt/micro-images-pvc/specs935-v1/specs935-v1-FA-P015098-U2OS-48h-P12-L1/2021-12-19/859/specs935-v1-FA-P015098-U2OS-48h-P12-L1_K11_s3_w5AD6D5C52-742D-442E-9A4F-AAC99F665CC9.npy,dmso
P015098,K11,s4,dmso,/mnt/micro-images-pvc/specs935-v1/specs935-v1-FA-P015098-U2OS-48h-P12-L1/2021-12-19/859/specs935-v1-FA-P015098-U2OS-48h-P12-L1_K11_s4_w57D37A1A8-FDEE-4AFA-9DD7-EFB8DF2AC09A.npy,dmso
P015098,K11,s5,dmso,/mnt/micro-images-pvc/specs935-v1/specs935-v1-FA-P015098-U2OS-48h-P12-L1/2021-12-19/859/specs935-v1-FA-P015098-U2OS-48h-P12-L1_K11_s5_w51361FD28-883F-4032-BB5D-E314AE506589.npy,dmso
P015098,K11,s6,dmso,/mnt/micro-images-pvc/specs935-v1/specs935-v1-FA-P015098-U2OS-48h-P12-L1/2021-12-19/859/specs935-v1-FA-P015098-U2OS-48h-P12-L1_K11_s6_w57286AB5E-43CE-456E-A405-0E68F10F00B3.npy,dmso
P015098,K11,s7,dmso,/mnt/micro-images-pvc/specs935-v1/specs935-v1-FA-P015098-U2OS-48h-P12-L1/2021-12-19/859/specs935-v1-FA-P015098-U2OS-48h-P12-L1_K11_s7_w50F764A33-AA15-4EFD-A46F-73510373315C.npy,dmso
P015098,K11,s8,dmso,/mnt/micro-images-pvc/specs935-v1/specs935-v1-FA-P015098-U2OS-48h-P12-L1/2021-12-19/859/specs935-v1-FA-P015098-U2OS-48h-P12-L1_K11_s8_w5717B4B8A-AF07-4DD6-BBE6-7345DF8E33B6.npy,dmso
P015098,K11,s9,dmso,/mnt/micro-images-pvc/specs935-v1/specs935-v1-FA-P015098-U2OS-48h-P12-L1/2021-12-19/859/specs935-v1-FA-P015098-U2OS-48h-P12-L1_K11_s9_w5EF2C057F-BCCB-4084-9264-62085361CB32.npy,dmso
P015098,K13,s1,dmso,/mnt/micro-images-pvc/specs935-v1/specs935-v1-FA-P015098-U2OS-48h-P12-L1/2021-12-19/859/specs935-v1-FA-P015098-U2OS-48h-P12-L1_K13_s1_w5F764909D-C99A-468E-946A-215C97C48DD8.npy,dmso
P015098,K13,s2,dmso,/mnt/micro-images-pvc/specs935-v1/specs935-v1-FA-P015098-U2OS-48h-P12-L1/2021-12-19/859/specs935-v1-FA-P015098-U2OS-48h-P12-L1_K13_s2_w5E98EB8DE-D3E0-4701-8300-C0141ABFBB2F.npy,dmso
P015098,K13,s3,dmso,/mnt/micro-images-pvc/specs935-v1/specs935-v1-FA-P015098-U2OS-48h-P12-L1/2021-12-19/859/specs935-v1-FA-P015098-U2OS-48h-P12-L1_K13_s3_w557D012C2-87F1-4F29-B7C6-A15826C42B80.npy,dmso
P015098,K13,s4,dmso,/mnt/micro-images-pvc/specs935-v1/specs935-v1-FA-P015098-U2OS-48h-P12-L1/2021-12-19/859/specs935-v1-FA-P015098-U2OS-48h-P12-L1_K13_s4_w576B270BF-7AA4-46E5-A4FE-7C76293C5F58.npy,dmso
P015098,K13,s5,dmso,/mnt/micro-images-pvc/specs935-v1/specs935-v1-FA-P015098-U2OS-48h-P12-L1/2021-12-19/859/specs935-v1-FA-P015098-U2OS-48h-P12-L1_K13_s5_w5BE2C3D02-633E-48A4-9986-B927650F626F.npy,dmso
P015098,K13,s6,dmso,/mnt/micro-images-pvc/specs935-v1/specs935-v1-FA-P015098-U2OS-48h-P12-L1/2021-12-19/859/specs935-v1-FA-P015098-U2OS-48h-P12-L1_K13_s6_w52D2881D7-E7E0-40D7-8833-252B79205277.npy,dmso
P015098,K13,s7,dmso,/mnt/micro-images-pvc/specs935-v1/specs935-v1-FA-P015098-U2OS-48h-P12-L1/2021-12-19/859/specs935-v1-FA-P015098-U2OS-48h-P12-L1_K13_s7_w58B00E73C-2F8F-4120-B34E-D340E0497650.npy,dmso
P015098,K13,s8,dmso,/mnt/micro-images-pvc/specs935-v1/specs935-v1-FA-P015098-U2OS-48h-P12-L1/2021-12-19/859/specs935-v1-FA-P015098-U2OS-48h-P12-L1_K13_s8_w5258D6F0B-8FD2-47B0-A500-C7D396832991.npy,dmso
P015098,K13,s9,dmso,/mnt/micro-images-pvc/specs935-v1/specs935-v1-FA-P015098-U2OS-48h-P12-L1/2021-12-19/859/specs935-v1-FA-P015098-U2OS-48h-P12-L1_K13_s9_w5FBC4B90B-D8CF-4129-AEF4-2314D61C6B96.npy,dmso
P015098,L18,s1,dmso,/mnt/micro-images-pvc/specs935-v1/specs935-v1-FA-P015098-U2OS-48h-P12-L1/2021-12-19/859/specs935-v1-FA-P015098-U2OS-48h-P12-L1_L18_s1_w5E8D68D75-54EE-4A7C-97B7-0C6EDCF69F9F.npy,dmso
P015098,L18,s2,dmso,/mnt/micro-images-pvc/specs935-v1/specs935-v1-FA-P015098-U2OS-48h-P12-L1/2021-12-19/859/specs935-v1-FA-P015098-U2OS-48h-P12-L1_L18_s2_w541505A44-7E14-4BD5-B141-463F4184E23D.npy,dmso
P015098,L18,s3,dmso,/mnt/micro-images-pvc/specs935-v1/specs935-v1-FA-P015098-U2OS-48h-P12-L1/2021-12-19/859/specs935-v1-FA-P015098-U2OS-48h-P12-L1_L18_s3_w587C0BDF0-8EBF-4EBA-B264-18FAC962032E.npy,dmso
P015098,L18,s4,dmso,/mnt/micro-images-pvc/specs935-v1/specs935-v1-FA-P015098-U2OS-48h-P12-L1/2021-12-19/859/specs935-v1-FA-P015098-U2OS-48h-P12-L1_L18_s4_w5765261BC-D13C-4E00-BEBC-9CB5601A01DC.npy,dmso
P015098,L18,s5,dmso,/mnt/micro-images-pvc/specs935-v1/specs935-v1-FA-P015098-U2OS-48h-P12-L1/2021-12-19/859/specs935-v1-FA-P015098-U2OS-48h-P12-L1_L18_s5_w575200861-DA06-4103-9839-DBD9DEA76F49.npy,dmso
P015098,L18,s6,dmso,/mnt/micro-images-pvc/specs935-v1/specs935-v1-FA-P015098-U2OS-48h-P12-L1/2021-12-19/859/specs935-v1-FA-P015098-U2OS-48h-P12-L1_L18_s6_w51438D2A5-C930-4ACC-A479-EB28AAFC5550.npy,dmso
P015098,L18,s7,dmso,/mnt/micro-images-pvc/specs935-v1/specs935-v1-FA-P015098-U2OS-48h-P12-L1/2021-12-19/859/specs935-v1-FA-P015098-U2OS-48h-P12-L1_L18_s7_w52E24E6A4-214C-4299-9823-543CB69F64E2.npy,dmso
P015098,L18,s8,dmso,/mnt/micro-images-pvc/specs935-v1/specs935-v1-FA-P015098-U2OS-48h-P12-L1/2021-12-19/859/specs935-v1-FA-P015098-U2OS-48h-P12-L1_L18_s8_w5D6456EAF-A664-4E02-8149-B1CDEF17E31F.npy,dmso
P015098,L18,s9,dmso,/mnt/micro-images-pvc/specs935-v1/specs935-v1-FA-P015098-U2OS-48h-P12-L1/2021-12-19/859/specs935-v1-FA-P015098-U2OS-48h-P12-L1_L18_s9_w5DE022EA6-98F5-4237-825F-45ED369C5034.npy,dmso
P015098,M02,s1,dmso,/mnt/micro-images-pvc/specs935-v1/specs935-v1-FA-P015098-U2OS-48h-P12-L1/2021-12-19/859/specs935-v1-FA-P015098-U2OS-48h-P12-L1_M02_s1_w566F4B2E6-259B-49B2-B73B-4FEF510E7B4D.npy,dmso
P015098,M02,s2,dmso,/mnt/micro-images-pvc/specs935-v1/specs935-v1-FA-P015098-U2OS-48h-P12-L1/2021-12-19/859/specs935-v1-FA-P015098-U2OS-48h-P12-L1_M02_s2_w5E4475F1E-4052-48A5-AED4-4B381BE523F5.npy,dmso
P015098,M02,s3,dmso,/mnt/micro-images-pvc/specs935-v1/specs935-v1-FA-P015098-U2OS-48h-P12-L1/2021-12-19/859/specs935-v1-FA-P015098-U2OS-48h-P12-L1_M02_s3_w5EC0BEA16-DDD3-4296-B335-A96E86F8366C.npy,dmso
P015098,M02,s4,dmso,/mnt/micro-images-pvc/specs935-v1/specs935-v1-FA-P015098-U2OS-48h-P12-L1/2021-12-19/859/specs935-v1-FA-P015098-U2OS-48h-P12-L1_M02_s4_w5E4A7F968-A1AB-4F46-9934-9CA9A814AD00.npy,dmso
P015098,M02,s5,dmso,/mnt/micro-images-pvc/specs935-v1/specs935-v1-FA-P015098-U2OS-48h-P12-L1/2021-12-19/859/specs935-v1-FA-P015098-U2OS-48h-P12-L1_M02_s5_w5B5B55A92-5EFC-4111-BF32-E8F0BBF54A66.npy,dmso
P015098,M02,s6,dmso,/mnt/micro-images-pvc/specs935-v1/specs935-v1-FA-P015098-U2OS-48h-P12-L1/2021-12-19/859/specs935-v1-FA-P015098-U2OS-48h-P12-L1_M02_s6_w5C512A368-ED42-4051-A04E-2F5EF4B71BD8.npy,dmso
P015098,M02,s7,dmso,/mnt/micro-images-pvc/specs935-v1/specs935-v1-FA-P015098-U2OS-48h-P12-L1/2021-12-19/859/specs935-v1-FA-P015098-U2OS-48h-P12-L1_M02_s7_w5322666BB-2493-4B02-82A1-89DAD9D38683.npy,dmso
P015098,M02,s8,dmso,/mnt/micro-images-pvc/specs935-v1/specs935-v1-FA-P015098-U2OS-48h-P12-L1/2021-12-19/859/specs935-v1-FA-P015098-U2OS-48h-P12-L1_M02_s8_w5036DF91E-C4D8-401E-BA96-4D54E56FF1CA.npy,dmso
P015098,M02,s9,dmso,/mnt/micro-images-pvc/specs935-v1/specs935-v1-FA-P015098-U2OS-48h-P12-L1/2021-12-19/859/specs935-v1-FA-P015098-U2OS-48h-P12-L1_M02_s9_w52DD38733-7274-4432-8A55-9CF3CB40DB39.npy,dmso
P015098,M07,s1,dmso,/mnt/micro-images-pvc/specs935-v1/specs935-v1-FA-P015098-U2OS-48h-P12-L1/2021-12-19/859/specs935-v1-FA-P015098-U2OS-48h-P12-L1_M07_s1_w53BBF3F98-3C11-4F18-830D-30F4FB562189.npy,dmso
P015098,M07,s2,dmso,/mnt/micro-images-pvc/specs935-v1/specs935-v1-FA-P015098-U2OS-48h-P12-L1/2021-12-19/859/specs935-v1-FA-P015098-U2OS-48h-P12-L1_M07_s2_w5E75F4016-E8A8-4854-A3C7-D65FE135C596.npy,dmso
P015098,M07,s3,dmso,/mnt/micro-images-pvc/specs935-v1/specs935-v1-FA-P015098-U2OS-48h-P12-L1/2021-12-19/859/specs935-v1-FA-P015098-U2OS-48h-P12-L1_M07_s3_w5501973FE-8BC8-49EB-A37F-514A65FB196B.npy,dmso
P015098,M07,s4,dmso,/mnt/micro-images-pvc/specs935-v1/specs935-v1-FA-P015098-U2OS-48h-P12-L1/2021-12-19/859/specs935-v1-FA-P015098-U2OS-48h-P12-L1_M07_s4_w574D5FA25-9592-468E-8C9E-6C343D70475D.npy,dmso
P015098,M07,s5,dmso,/mnt/micro-images-pvc/specs935-v1/specs935-v1-FA-P015098-U2OS-48h-P12-L1/2021-12-19/859/specs935-v1-FA-P015098-U2OS-48h-P12-L1_M07_s5_w5C7F0E4D2-BA53-4201-B6F7-AA567C27AFFE.npy,dmso
P015098,M07,s6,dmso,/mnt/micro-images-pvc/specs935-v1/specs935-v1-FA-P015098-U2OS-48h-P12-L1/2021-12-19/859/specs935-v1-FA-P015098-U2OS-48h-P12-L1_M07_s6_w51BF20A7A-D7B0-49AC-B93A-B9650D3B5EDF.npy,dmso
P015098,M07,s7,dmso,/mnt/micro-images-pvc/specs935-v1/specs935-v1-FA-P015098-U2OS-48h-P12-L1/2021-12-19/859/specs935-v1-FA-P015098-U2OS-48h-P12-L1_M07_s7_w593796556-7207-4F38-BBCE-B1EEA27961F5.npy,dmso
P015098,M07,s8,dmso,/mnt/micro-images-pvc/specs935-v1/specs935-v1-FA-P015098-U2OS-48h-P12-L1/2021-12-19/859/specs935-v1-FA-P015098-U2OS-48h-P12-L1_M07_s8_w5C1373F25-D26E-4DED-BE6C-76568E4556B8.npy,dmso
P015098,M07,s9,dmso,/mnt/micro-images-pvc/specs935-v1/specs935-v1-FA-P015098-U2OS-48h-P12-L1/2021-12-19/859/specs935-v1-FA-P015098-U2OS-48h-P12-L1_M07_s9_w5080D7A2C-471F-4E0E-BC68-7418DC61E14A.npy,dmso
P015098,O06,s1,dmso,/mnt/micro-images-pvc/specs935-v1/specs935-v1-FA-P015098-U2OS-48h-P12-L1/2021-12-19/859/specs935-v1-FA-P015098-U2OS-48h-P12-L1_O06_s1_w5E00CC331-799E-4932-806F-C459C8BCB69D.npy,dmso
P015098,O06,s2,dmso,/mnt/micro-images-pvc/specs935-v1/specs935-v1-FA-P015098-U2OS-48h-P12-L1/2021-12-19/859/specs935-v1-FA-P015098-U2OS-48h-P12-L1_O06_s2_w558298CAF-4471-4C12-80C7-631619FAEBA6.npy,dmso
P015098,O06,s3,dmso,/mnt/micro-images-pvc/specs935-v1/specs935-v1-FA-P015098-U2OS-48h-P12-L1/2021-12-19/859/specs935-v1-FA-P015098-U2OS-48h-P12-L1_O06_s3_w54B7FAD48-9BF1-4B6F-91DE-6C7F977C3D8C.npy,dmso
P015098,O06,s4,dmso,/mnt/micro-images-pvc/specs935-v1/specs935-v1-FA-P015098-U2OS-48h-P12-L1/2021-12-19/859/specs935-v1-FA-P015098-U2OS-48h-P12-L1_O06_s4_w5E0246B17-D13A-474D-9A2D-F1678E3481B3.npy,dmso
P015098,O06,s5,dmso,/mnt/micro-images-pvc/specs935-v1/specs935-v1-FA-P015098-U2OS-48h-P12-L1/2021-12-19/859/specs935-v1-FA-P015098-U2OS-48h-P12-L1_O06_s5_w5D13E3C3C-30F9-4CE2-9B4E-78C4D726CEF8.npy,dmso
P015098,O06,s6,dmso,/mnt/micro-images-pvc/specs935-v1/specs935-v1-FA-P015098-U2OS-48h-P12-L1/2021-12-19/859/specs935-v1-FA-P015098-U2OS-48h-P12-L1_O06_s6_w589657FD8-9C92-4F54-BA11-46BF72047127.npy,dmso
P015098,O06,s7,dmso,/mnt/micro-images-pvc/specs935-v1/specs935-v1-FA-P015098-U2OS-48h-P12-L1/2021-12-19/859/specs935-v1-FA-P015098-U2OS-48h-P12-L1_O06_s7_w5ACD1F262-4DB5-42DF-8A59-BC0DCB9A700F.npy,dmso
P015098,O06,s8,dmso,/mnt/micro-images-pvc/specs935-v1/specs935-v1-FA-P015098-U2OS-48h-P12-L1/2021-12-19/859/specs935-v1-FA-P015098-U2OS-48h-P12-L1_O06_s8_w5A95597A7-4D1F-4736-8E3F-DDE0283EFE36.npy,dmso
P015098,O06,s9,dmso,/mnt/micro-images-pvc/specs935-v1/specs935-v1-FA-P015098-U2OS-48h-P12-L1/2021-12-19/859/specs935-v1-FA-P015098-U2OS-48h-P12-L1_O06_s9_w5A3363D20-EEAD-4BF1-9B2E-9E7F9C1A5195.npy,dmso
P015098,O20,s1,dmso,/mnt/micro-images-pvc/specs935-v1/specs935-v1-FA-P015098-U2OS-48h-P12-L1/2021-12-19/859/specs935-v1-FA-P015098-U2OS-48h-P12-L1_O20_s1_w5C5E49FC2-5A63-479B-A4F4-EA2F115C1E2C.npy,dmso
P015098,O20,s2,dmso,/mnt/micro-images-pvc/specs935-v1/specs935-v1-FA-P015098-U2OS-48h-P12-L1/2021-12-19/859/specs935-v1-FA-P015098-U2OS-48h-P12-L1_O20_s2_w58296ACF5-E291-49C5-A042-0F2BEEA8CEFF.npy,dmso
P015098,O20,s3,dmso,/mnt/micro-images-pvc/specs935-v1/specs935-v1-FA-P015098-U2OS-48h-P12-L1/2021-12-19/859/specs935-v1-FA-P015098-U2OS-48h-P12-L1_O20_s3_w5D49C6832-47F6-49AA-8A19-DEEA5B9053E5.npy,dmso
P015098,O20,s4,dmso,/mnt/micro-images-pvc/specs935-v1/specs935-v1-FA-P015098-U2OS-48h-P12-L1/2021-12-19/859/specs935-v1-FA-P015098-U2OS-48h-P12-L1_O20_s4_w550A5EBF8-FD16-4117-931F-B59964D41265.npy,dmso
P015098,O20,s5,dmso,/mnt/micro-images-pvc/specs935-v1/specs935-v1-FA-P015098-U2OS-48h-P12-L1/2021-12-19/859/specs935-v1-FA-P015098-U2OS-48h-P12-L1_O20_s5_w5A1464163-FC14-4865-A28F-FDEBD1A6B851.npy,dmso
P015098,O20,s6,dmso,/mnt/micro-images-pvc/specs935-v1/specs935-v1-FA-P015098-U2OS-48h-P12-L1/2021-12-19/859/specs935-v1-FA-P015098-U2OS-48h-P12-L1_O20_s6_w5820C1394-1FAE-4B25-9D54-31D0093CA2AC.npy,dmso
P015098,O20,s7,dmso,/mnt/micro-images-pvc/specs935-v1/specs935-v1-FA-P015098-U2OS-48h-P12-L1/2021-12-19/859/specs935-v1-FA-P015098-U2OS-48h-P12-L1_O20_s7_w517294218-FD62-411A-A4B7-8B3894BEA889.npy,dmso
P015098,O20,s8,dmso,/mnt/micro-images-pvc/specs935-v1/specs935-v1-FA-P015098-U2OS-48h-P12-L1/2021-12-19/859/specs935-v1-FA-P015098-U2OS-48h-P12-L1_O20_s8_w5F15BF974-ACDF-4066-9AC1-D3BA95A02F78.npy,dmso
P015098,O20,s9,dmso,/mnt/micro-images-pvc/specs935-v1/specs935-v1-FA-P015098-U2OS-48h-P12-L1/2021-12-19/859/specs935-v1-FA-P015098-U2OS-48h-P12-L1_O20_s9_w57BCE0EAE-3256-4D49-9172-0813F7FCEA7F.npy,dmso
P015099,B23,s1,dmso,/mnt/micro-images-pvc/specs935-v1/specs935-v1-FA-P015099-U2OS-48h-P12-L2/2021-12-23/874/specs935-v1-FA-P015099-U2OS-48h-P12-L2_B23_s1_w587EDD402-C81D-4B4F-8830-1AD848C3635C.npy,dmso
P015099,B23,s2,dmso,/mnt/micro-images-pvc/specs935-v1/specs935-v1-FA-P015099-U2OS-48h-P12-L2/2021-12-23/874/specs935-v1-FA-P015099-U2OS-48h-P12-L2_B23_s2_w5DFCFBD43-1FAF-404B-8BD2-33F529B21B34.npy,dmso
P015099,B23,s3,dmso,/mnt/micro-images-pvc/specs935-v1/specs935-v1-FA-P015099-U2OS-48h-P12-L2/2021-12-23/874/specs935-v1-FA-P015099-U2OS-48h-P12-L2_B23_s3_w54847F787-8CFF-40EC-A128-E49E6BECFCDF.npy,dmso
P015099,B23,s4,dmso,/mnt/micro-images-pvc/specs935-v1/specs935-v1-FA-P015099-U2OS-48h-P12-L2/2021-12-23/874/specs935-v1-FA-P015099-U2OS-48h-P12-L2_B23_s4_w59C8722FE-7DA5-4211-B3BB-E3A01C764B09.npy,dmso
P015099,B23,s5,dmso,/mnt/micro-images-pvc/specs935-v1/specs935-v1-FA-P015099-U2OS-48h-P12-L2/2021-12-23/874/specs935-v1-FA-P015099-U2OS-48h-P12-L2_B23_s5_w5F2CFE9ED-D8CA-4B2F-AFF7-3A637645C4AE.npy,dmso
P015099,B23,s6,dmso,/mnt/micro-images-pvc/specs935-v1/specs935-v1-FA-P015099-U2OS-48h-P12-L2/2021-12-23/874/specs935-v1-FA-P015099-U2OS-48h-P12-L2_B23_s6_w534468132-53A7-4656-AB46-5607F1C29710.npy,dmso
P015099,B23,s7,dmso,/mnt/micro-images-pvc/specs935-v1/specs935-v1-FA-P015099-U2OS-48h-P12-L2/2021-12-23/874/specs935-v1-FA-P015099-U2OS-48h-P12-L2_B23_s7_w5DAD84954-C97F-47FD-B8DE-E31A89617CAD.npy,dmso
P015099,B23,s8,dmso,/mnt/micro-images-pvc/specs935-v1/specs935-v1-FA-P015099-U2OS-48h-P12-L2/2021-12-23/874/specs935-v1-FA-P015099-U2OS-48h-P12-L2_B23_s8_w5A9BFC35A-4510-44B3-B9B5-CFCB0DAC0593.npy,dmso
P015099,B23,s9,dmso,/mnt/micro-images-pvc/specs935-v1/specs935-v1-FA-P015099-U2OS-48h-P12-L2/2021-12-23/874/specs935-v1-FA-P015099-U2OS-48h-P12-L2_B23_s9_w5AEDACD66-8B69-48FF-AB01-0A3F958BE6DC.npy,dmso
P015099,C21,s1,dmso,/mnt/micro-images-pvc/specs935-v1/specs935-v1-FA-P015099-U2OS-48h-P12-L2/2021-12-23/874/specs935-v1-FA-P015099-U2OS-48h-P12-L2_C21_s1_w5D96906E3-8BEA-4859-A247-C32D6CBC34A3.npy,dmso
P015099,C21,s2,dmso,/mnt/micro-images-pvc/specs935-v1/specs935-v1-FA-P015099-U2OS-48h-P12-L2/2021-12-23/874/specs935-v1-FA-P015099-U2OS-48h-P12-L2_C21_s2_w584B5ADAE-C741-4361-975D-625E042A81B8.npy,dmso
P015099,C21,s3,dmso,/mnt/micro-images-pvc/specs935-v1/specs935-v1-FA-P015099-U2OS-48h-P12-L2/2021-12-23/874/specs935-v1-FA-P015099-U2OS-48h-P12-L2_C21_s3_w5930AE1A4-29DB-4E76-AD46-81CF4B2CC11A.npy,dmso
P015099,C21,s4,dmso,/mnt/micro-images-pvc/specs935-v1/specs935-v1-FA-P015099-U2OS-48h-P12-L2/2021-12-23/874/specs935-v1-FA-P015099-U2OS-48h-P12-L2_C21_s4_w53B9FB12A-90FE-483E-8D50-A75F3B310FA6.npy,dmso
P015099,C21,s5,dmso,/mnt/micro-images-pvc/specs935-v1/specs935-v1-FA-P015099-U2OS-48h-P12-L2/2021-12-23/874/specs935-v1-FA-P015099-U2OS-48h-P12-L2_C21_s5_w554E33D16-060E-4A5F-934B-33B9AAA5F7F6.npy,dmso
P015099,C21,s6,dmso,/mnt/micro-images-pvc/specs935-v1/specs935-v1-FA-P015099-U2OS-48h-P12-L2/2021-12-23/874/specs935-v1-FA-P015099-U2OS-48h-P12-L2_C21_s6_w539CE9066-242B-493D-A6AA-71DCC5884781.npy,dmso
P015099,C21,s7,dmso,/mnt/micro-images-pvc/specs935-v1/specs935-v1-FA-P015099-U2OS-48h-P12-L2/2021-12-23/874/specs935-v1-FA-P015099-U2OS-48h-P12-L2_C21_s7_w57D94F361-57ED-4208-B5CE-7BE0E7C1BCE8.npy,dmso
P015099,C21,s8,dmso,/mnt/micro-images-pvc/specs935-v1/specs935-v1-FA-P015099-U2OS-48h-P12-L2/2021-12-23/874/specs935-v1-FA-P015099-U2OS-48h-P12-L2_C21_s8_w58DAB822F-50AA-42FF-9907-5402D902C711.npy,dmso
P015099,C21,s9,dmso,/mnt/micro-images-pvc/specs935-v1/specs935-v1-FA-P015099-U2OS-48h-P12-L2/2021-12-23/874/specs935-v1-FA-P015099-U2OS-48h-P12-L2_C21_s9_w5E331DAEE-59AC-4952-A353-5A62A0AEE32A.npy,dmso
P015099,D07,s1,dmso,/mnt/micro-images-pvc/specs935-v1/specs935-v1-FA-P015099-U2OS-48h-P12-L2/2021-12-23/874/specs935-v1-FA-P015099-U2OS-48h-P12-L2_D07_s1_w5FE8D2BC0-6771-462E-BC98-C9020DC699E4.npy,dmso
P015099,D07,s2,dmso,/mnt/micro-images-pvc/specs935-v1/specs935-v1-FA-P015099-U2OS-48h-P12-L2/2021-12-23/874/specs935-v1-FA-P015099-U2OS-48h-P12-L2_D07_s2_w527F0B090-22FD-481A-A325-E962F4A6A570.npy,dmso
P015099,D07,s3,dmso,/mnt/micro-images-pvc/specs935-v1/specs935-v1-FA-P015099-U2OS-48h-P12-L2/2021-12-23/874/specs935-v1-FA-P015099-U2OS-48h-P12-L2_D07_s3_w57052F9A6-6319-4B62-9B02-0DD3F323CBE6.npy,dmso
P015099,D07,s4,dmso,/mnt/micro-images-pvc/specs935-v1/specs935-v1-FA-P015099-U2OS-48h-P12-L2/2021-12-23/874/specs935-v1-FA-P015099-U2OS-48h-P12-L2_D07_s4_w5E4EDF1F0-AA41-4D53-AD04-C669B25C62F2.npy,dmso
P015099,D07,s5,dmso,/mnt/micro-images-pvc/specs935-v1/specs935-v1-FA-P015099-U2OS-48h-P12-L2/2021-12-23/874/specs935-v1-FA-P015099-U2OS-48h-P12-L2_D07_s5_w54A00A84C-8E36-42BF-8CA1-3FFD12AC5CD7.npy,dmso
P015099,D07,s6,dmso,/mnt/micro-images-pvc/specs935-v1/specs935-v1-FA-P015099-U2OS-48h-P12-L2/2021-12-23/874/specs935-v1-FA-P015099-U2OS-48h-P12-L2_D07_s6_w5733861B8-41AC-465B-B6E4-F325E7135FEE.npy,dmso
P015099,D07,s7,dmso,/mnt/micro-images-pvc/specs935-v1/specs935-v1-FA-P015099-U2OS-48h-P12-L2/2021-12-23/874/specs935-v1-FA-P015099-U2OS-48h-P12-L2_D07_s7_w56EC47DA8-0BF7-4744-8A31-F42101080573.npy,dmso
P015099,D07,s8,dmso,/mnt/micro-images-pvc/specs935-v1/specs935-v1-FA-P015099-U2OS-48h-P12-L2/2021-12-23/874/specs935-v1-FA-P015099-U2OS-48h-P12-L2_D07_s8_w56B89CA67-C1E1-4FA6-95DF-370D4014AFCD.npy,dmso
P015099,D07,s9,dmso,/mnt/micro-images-pvc/specs935-v1/specs935-v1-FA-P015099-U2OS-48h-P12-L2/2021-12-23/874/specs935-v1-FA-P015099-U2OS-48h-P12-L2_D07_s9_w54B071D87-F28A-4E54-9B95-88E8065B16E3.npy,dmso
P015099,E20,s1,dmso,/mnt/micro-images-pvc/specs935-v1/specs935-v1-FA-P015099-U2OS-48h-P12-L2/2021-12-23/874/specs935-v1-FA-P015099-U2OS-48h-P12-L2_E20_s1_w5AE9F276A-EC12-4F5C-8092-74AC846592B3.npy,dmso
P015099,E20,s2,dmso,/mnt/micro-images-pvc/specs935-v1/specs935-v1-FA-P015099-U2OS-48h-P12-L2/2021-12-23/874/specs935-v1-FA-P015099-U2OS-48h-P12-L2_E20_s2_w5D519A48A-C83F-495A-A47E-7EA2B3CA39A3.npy,dmso
P015099,E20,s3,dmso,/mnt/micro-images-pvc/specs935-v1/specs935-v1-FA-P015099-U2OS-48h-P12-L2/2021-12-23/874/specs935-v1-FA-P015099-U2OS-48h-P12-L2_E20_s3_w5AA6271A4-DB63-49E8-8381-C268024D2C18.npy,dmso
P015099,E20,s4,dmso,/mnt/micro-images-pvc/specs935-v1/specs935-v1-FA-P015099-U2OS-48h-P12-L2/2021-12-23/874/specs935-v1-FA-P015099-U2OS-48h-P12-L2_E20_s4_w585086098-30A5-43B8-856D-99EE1AB1DCA0.npy,dmso
P015099,E20,s5,dmso,/mnt/micro-images-pvc/specs935-v1/specs935-v1-FA-P015099-U2OS-48h-P12-L2/2021-12-23/874/specs935-v1-FA-P015099-U2OS-48h-P12-L2_E20_s5_w5D1C763A1-2030-4B78-8D03-7411C16E20B1.npy,dmso
P015099,E20,s6,dmso,/mnt/micro-images-pvc/specs935-v1/specs935-v1-FA-P015099-U2OS-48h-P12-L2/2021-12-23/874/specs935-v1-FA-P015099-U2OS-48h-P12-L2_E20_s6_w557E61ECE-4840-4CB2-9F70-67E0A4260778.npy,dmso
P015099,E20,s7,dmso,/mnt/micro-images-pvc/specs935-v1/specs935-v1-FA-P015099-U2OS-48h-P12-L2/2021-12-23/874/specs935-v1-FA-P015099-U2OS-48h-P12-L2_E20_s7_w5F86660FC-E04C-4E81-BB79-7FD95340217F.npy,dmso
P015099,E20,s8,dmso,/mnt/micro-images-pvc/specs935-v1/specs935-v1-FA-P015099-U2OS-48h-P12-L2/2021-12-23/874/specs935-v1-FA-P015099-U2OS-48h-P12-L2_E20_s8_w536A20893-8809-4F9D-8831-21C17B15CE44.npy,dmso
P015099,E20,s9,dmso,/mnt/micro-images-pvc/specs935-v1/specs935-v1-FA-P015099-U2OS-48h-P12-L2/2021-12-23/874/specs935-v1-FA-P015099-U2OS-48h-P12-L2_E20_s9_w5A84A385E-A24B-4214-863E-CEDE3FAED960.npy,dmso
P015099,G13,s1,dmso,/mnt/micro-images-pvc/specs935-v1/specs935-v1-FA-P015099-U2OS-48h-P12-L2/2021-12-23/874/specs935-v1-FA-P015099-U2OS-48h-P12-L2_G13_s1_w5C2B82910-E560-4EFC-90FB-7CFE613BC586.npy,dmso
P015099,G13,s2,dmso,/mnt/micro-images-pvc/specs935-v1/specs935-v1-FA-P015099-U2OS-48h-P12-L2/2021-12-23/874/specs935-v1-FA-P015099-U2OS-48h-P12-L2_G13_s2_w5CA41D3AC-038E-41DE-A939-DAD015D824A1.npy,dmso
P015099,G13,s3,dmso,/mnt/micro-images-pvc/specs935-v1/specs935-v1-FA-P015099-U2OS-48h-P12-L2/2021-12-23/874/specs935-v1-FA-P015099-U2OS-48h-P12-L2_G13_s3_w5B4E2A57E-759A-43E6-A51C-4635656C39A7.npy,dmso
P015099,G13,s4,dmso,/mnt/micro-images-pvc/specs935-v1/specs935-v1-FA-P015099-U2OS-48h-P12-L2/2021-12-23/874/specs935-v1-FA-P015099-U2OS-48h-P12-L2_G13_s4_w573BB77DF-2EF9-44F8-BFAD-F6C88A7C3E5E.npy,dmso
P015099,G13,s5,dmso,/mnt/micro-images-pvc/specs935-v1/specs935-v1-FA-P015099-U2OS-48h-P12-L2/2021-12-23/874/specs935-v1-FA-P015099-U2OS-48h-P12-L2_G13_s5_w5755AF865-4F97-4E03-9748-E545E7D8E300.npy,dmso
P015099,G13,s6,dmso,/mnt/micro-images-pvc/specs935-v1/specs935-v1-FA-P015099-U2OS-48h-P12-L2/2021-12-23/874/specs935-v1-FA-P015099-U2OS-48h-P12-L2_G13_s6_w54B3C3374-E7A1-4E59-8503-E3941D742722.npy,dmso
P015099,G13,s7,dmso,/mnt/micro-images-pvc/specs935-v1/specs935-v1-FA-P015099-U2OS-48h-P12-L2/2021-12-23/874/specs935-v1-FA-P015099-U2OS-48h-P12-L2_G13_s7_w58E2C2982-23AC-4405-9D76-65FB00CCD2D2.npy,dmso
P015099,G13,s8,dmso,/mnt/micro-images-pvc/specs935-v1/specs935-v1-FA-P015099-U2OS-48h-P12-L2/2021-12-23/874/specs935-v1-FA-P015099-U2OS-48h-P12-L2_G13_s8_w575AB18A7-165E-4472-BC85-3C55284660AC.npy,dmso
P015099,G13,s9,dmso,/mnt/micro-images-pvc/specs935-v1/specs935-v1-FA-P015099-U2OS-48h-P12-L2/2021-12-23/874/specs935-v1-FA-P015099-U2OS-48h-P12-L2_G13_s9_w5CDCEE7BA-1C2E-44FB-9335-3D8BBA6A4152.npy,dmso
P015099,H10,s1,dmso,/mnt/micro-images-pvc/specs935-v1/specs935-v1-FA-P015099-U2OS-48h-P12-L2/2021-12-23/874/specs935-v1-FA-P015099-U2OS-48h-P12-L2_H10_s1_w59A8C098D-E0DA-430B-BA96-5EF135AEFCAD.npy,dmso
P015099,H10,s2,dmso,/mnt/micro-images-pvc/specs935-v1/specs935-v1-FA-P015099-U2OS-48h-P12-L2/2021-12-23/874/specs935-v1-FA-P015099-U2OS-48h-P12-L2_H10_s2_w543F42F30-F801-4D3D-B36F-813FD098FC96.npy,dmso
P015099,H10,s3,dmso,/mnt/micro-images-pvc/specs935-v1/specs935-v1-FA-P015099-U2OS-48h-P12-L2/2021-12-23/874/specs935-v1-FA-P015099-U2OS-48h-P12-L2_H10_s3_w53FB871F6-0FDD-4C42-B5F7-C15F0623C151.npy,dmso
P015099,H10,s4,dmso,/mnt/micro-images-pvc/specs935-v1/specs935-v1-FA-P015099-U2OS-48h-P12-L2/2021-12-23/874/specs935-v1-FA-P015099-U2OS-48h-P12-L2_H10_s4_w58E4E69E2-6E2A-4D6D-A534-AB80639BFDBB.npy,dmso
P015099,H10,s5,dmso,/mnt/micro-images-pvc/specs935-v1/specs935-v1-FA-P015099-U2OS-48h-P12-L2/2021-12-23/874/specs935-v1-FA-P015099-U2OS-48h-P12-L2_H10_s5_w586F3D1F5-F6D0-49D3-851D-97525ACB1826.npy,dmso
P015099,H10,s6,dmso,/mnt/micro-images-pvc/specs935-v1/specs935-v1-FA-P015099-U2OS-48h-P12-L2/2021-12-23/874/specs935-v1-FA-P015099-U2OS-48h-P12-L2_H10_s6_w5FE279D4B-223D-487E-A3F1-592FBCF5505D.npy,dmso
P015099,H10,s7,dmso,/mnt/micro-images-pvc/specs935-v1/specs935-v1-FA-P015099-U2OS-48h-P12-L2/2021-12-23/874/specs935-v1-FA-P015099-U2OS-48h-P12-L2_H10_s7_w5D436E8C1-F8B6-4D1B-B4A0-E595DF8E973A.npy,dmso
P015099,H10,s8,dmso,/mnt/micro-images-pvc/specs935-v1/specs935-v1-FA-P015099-U2OS-48h-P12-L2/2021-12-23/874/specs935-v1-FA-P015099-U2OS-48h-P12-L2_H10_s8_w5F4CA4402-D546-412B-88BE-FC900AF84B47.npy,dmso
P015099,H10,s9,dmso,/mnt/micro-images-pvc/specs935-v1/specs935-v1-FA-P015099-U2OS-48h-P12-L2/2021-12-23/874/specs935-v1-FA-P015099-U2OS-48h-P12-L2_H10_s9_w5A1D1D987-69BD-4CA3-8CC0-0754D2A0D55C.npy,dmso
P015099,H22,s1,dmso,/mnt/micro-images-pvc/specs935-v1/specs935-v1-FA-P015099-U2OS-48h-P12-L2/2021-12-23/874/specs935-v1-FA-P015099-U2OS-48h-P12-L2_H22_s1_w5FB816D30-4476-4751-94A7-DE0FFC2DC8D8.npy,dmso
P015099,H22,s2,dmso,/mnt/micro-images-pvc/specs935-v1/specs935-v1-FA-P015099-U2OS-48h-P12-L2/2021-12-23/874/specs935-v1-FA-P015099-U2OS-48h-P12-L2_H22_s2_w5BCC1B8E5-AC1F-4A25-B252-4B9DB472EE3A.npy,dmso
P015099,H22,s3,dmso,/mnt/micro-images-pvc/specs935-v1/specs935-v1-FA-P015099-U2OS-48h-P12-L2/2021-12-23/874/specs935-v1-FA-P015099-U2OS-48h-P12-L2_H22_s3_w52913D596-EF77-4421-8D6E-640A75C7F8CF.npy,dmso
P015099,H22,s4,dmso,/mnt/micro-images-pvc/specs935-v1/specs935-v1-FA-P015099-U2OS-48h-P12-L2/2021-12-23/874/specs935-v1-FA-P015099-U2OS-48h-P12-L2_H22_s4_w5DBCE22DC-24D6-4A3C-9339-B0248382AAD0.npy,dmso
P015099,H22,s5,dmso,/mnt/micro-images-pvc/specs935-v1/specs935-v1-FA-P015099-U2OS-48h-P12-L2/2021-12-23/874/specs935-v1-FA-P015099-U2OS-48h-P12-L2_H22_s5_w5034CF8F7-16EA-4186-BB1D-E98B5604A0CD.npy,dmso
P015099,H22,s6,dmso,/mnt/micro-images-pvc/specs935-v1/specs935-v1-FA-P015099-U2OS-48h-P12-L2/2021-12-23/874/specs935-v1-FA-P015099-U2OS-48h-P12-L2_H22_s6_w543E8117F-EE98-4004-93D3-57937417388E.npy,dmso
P015099,H22,s7,dmso,/mnt/micro-images-pvc/specs935-v1/specs935-v1-FA-P015099-U2OS-48h-P12-L2/2021-12-23/874/specs935-v1-FA-P015099-U2OS-48h-P12-L2_H22_s7_w546A50176-48A6-4EAE-BBBB-F4E04CC259FA.npy,dmso
P015099,H22,s8,dmso,/mnt/micro-images-pvc/specs935-v1/specs935-v1-FA-P015099-U2OS-48h-P12-L2/2021-12-23/874/specs935-v1-FA-P015099-U2OS-48h-P12-L2_H22_s8_w551160003-8A31-4B45-803D-A303216DE8D6.npy,dmso
P015099,H22,s9,dmso,/mnt/micro-images-pvc/specs935-v1/specs935-v1-FA-P015099-U2OS-48h-P12-L2/2021-12-23/874/specs935-v1-FA-P015099-U2OS-48h-P12-L2_H22_s9_w58F50B811-F4FC-471D-9D92-168F5953B8E5.npy,dmso
P015099,I02,s1,dmso,/mnt/micro-images-pvc/specs935-v1/specs935-v1-FA-P015099-U2OS-48h-P12-L2/2021-12-23/874/specs935-v1-FA-P015099-U2OS-48h-P12-L2_I02_s1_w543337337-FB44-4763-A427-DA8BB5BEA861.npy,dmso
P015099,I02,s2,dmso,/mnt/micro-images-pvc/specs935-v1/specs935-v1-FA-P015099-U2OS-48h-P12-L2/2021-12-23/874/specs935-v1-FA-P015099-U2OS-48h-P12-L2_I02_s2_w57D4C5FED-A6F5-4BEA-9409-829FBCEF868C.npy,dmso
P015099,I02,s3,dmso,/mnt/micro-images-pvc/specs935-v1/specs935-v1-FA-P015099-U2OS-48h-P12-L2/2021-12-23/874/specs935-v1-FA-P015099-U2OS-48h-P12-L2_I02_s3_w5395D5716-8DBE-41E7-A48F-2AD8B7934941.npy,dmso
P015099,I02,s4,dmso,/mnt/micro-images-pvc/specs935-v1/specs935-v1-FA-P015099-U2OS-48h-P12-L2/2021-12-23/874/specs935-v1-FA-P015099-U2OS-48h-P12-L2_I02_s4_w55E37BB73-3263-4D04-B7AF-36B1A33DF983.npy,dmso
P015099,I02,s5,dmso,/mnt/micro-images-pvc/specs935-v1/specs935-v1-FA-P015099-U2OS-48h-P12-L2/2021-12-23/874/specs935-v1-FA-P015099-U2OS-48h-P12-L2_I02_s5_w5F730A2F9-5A21-4FD0-8915-0A7F6495A3D6.npy,dmso
P015099,I02,s6,dmso,/mnt/micro-images-pvc/specs935-v1/specs935-v1-FA-P015099-U2OS-48h-P12-L2/2021-12-23/874/specs935-v1-FA-P015099-U2OS-48h-P12-L2_I02_s6_w5D2862D9D-6724-4F66-A43B-31363761BF3F.npy,dmso
P015099,I02,s7,dmso,/mnt/micro-images-pvc/specs935-v1/specs935-v1-FA-P015099-U2OS-48h-P12-L2/2021-12-23/874/specs935-v1-FA-P015099-U2OS-48h-P12-L2_I02_s7_w52B903DB0-AEAB-4447-8A4E-6CB096B24209.npy,dmso
P015099,I02,s8,dmso,/mnt/micro-images-pvc/specs935-v1/specs935-v1-FA-P015099-U2OS-48h-P12-L2/2021-12-23/874/specs935-v1-FA-P015099-U2OS-48h-P12-L2_I02_s8_w52B02E58C-F074-4C18-AB25-A0AB4C212A9C.npy,dmso
P015099,I02,s9,dmso,/mnt/micro-images-pvc/specs935-v1/specs935-v1-FA-P015099-U2OS-48h-P12-L2/2021-12-23/874/specs935-v1-FA-P015099-U2OS-48h-P12-L2_I02_s9_w54E1C2F6D-C785-4286-B708-458B3780BE49.npy,dmso
P015099,J04,s1,dmso,/mnt/micro-images-pvc/specs935-v1/specs935-v1-FA-P015099-U2OS-48h-P12-L2/2021-12-23/874/specs935-v1-FA-P015099-U2OS-48h-P12-L2_J04_s1_w5C72A1689-919D-44D2-A495-6F99ED2AE365.npy,dmso
P015099,J04,s2,dmso,/mnt/micro-images-pvc/specs935-v1/specs935-v1-FA-P015099-U2OS-48h-P12-L2/2021-12-23/874/specs935-v1-FA-P015099-U2OS-48h-P12-L2_J04_s2_w52FBCE68D-17B7-4838-B9F3-50A1D44A48F3.npy,dmso
P015099,J04,s3,dmso,/mnt/micro-images-pvc/specs935-v1/specs935-v1-FA-P015099-U2OS-48h-P12-L2/2021-12-23/874/specs935-v1-FA-P015099-U2OS-48h-P12-L2_J04_s3_w51071B6D8-B14C-4E56-83CB-DD910E27FCE4.npy,dmso
P015099,J04,s4,dmso,/mnt/micro-images-pvc/specs935-v1/specs935-v1-FA-P015099-U2OS-48h-P12-L2/2021-12-23/874/specs935-v1-FA-P015099-U2OS-48h-P12-L2_J04_s4_w5ABBDEED2-592B-4D7F-A347-766358F13D6C.npy,dmso
P015099,J04,s5,dmso,/mnt/micro-images-pvc/specs935-v1/specs935-v1-FA-P015099-U2OS-48h-P12-L2/2021-12-23/874/specs935-v1-FA-P015099-U2OS-48h-P12-L2_J04_s5_w512B79109-C1AF-4D98-8E57-CDA97CE4D187.npy,dmso
P015099,J04,s6,dmso,/mnt/micro-images-pvc/specs935-v1/specs935-v1-FA-P015099-U2OS-48h-P12-L2/2021-12-23/874/specs935-v1-FA-P015099-U2OS-48h-P12-L2_J04_s6_w5B2D12ABD-743B-4EE4-BB37-57DCB57EBCC0.npy,dmso
P015099,J04,s7,dmso,/mnt/micro-images-pvc/specs935-v1/specs935-v1-FA-P015099-U2OS-48h-P12-L2/2021-12-23/874/specs935-v1-FA-P015099-U2OS-48h-P12-L2_J04_s7_w55BDB3A30-586C-48A6-A3A6-0C1E553A6061.npy,dmso
P015099,J04,s8,dmso,/mnt/micro-images-pvc/specs935-v1/specs935-v1-FA-P015099-U2OS-48h-P12-L2/2021-12-23/874/specs935-v1-FA-P015099-U2OS-48h-P12-L2_J04_s8_w5870B6BA0-AE38-4447-B201-71096E5261A9.npy,dmso
P015099,J04,s9,dmso,/mnt/micro-images-pvc/specs935-v1/specs935-v1-FA-P015099-U2OS-48h-P12-L2/2021-12-23/874/specs935-v1-FA-P015099-U2OS-48h-P12-L2_J04_s9_w508C5B9BF-2FA1-402E-93E8-A30F7746F304.npy,dmso
P015099,K15,s1,dmso,/mnt/micro-images-pvc/specs935-v1/specs935-v1-FA-P015099-U2OS-48h-P12-L2/2021-12-23/874/specs935-v1-FA-P015099-U2OS-48h-P12-L2_K15_s1_w50FAC0ED1-5B8D-4776-B1F8-4618410AAB98.npy,dmso
P015099,K15,s2,dmso,/mnt/micro-images-pvc/specs935-v1/specs935-v1-FA-P015099-U2OS-48h-P12-L2/2021-12-23/874/specs935-v1-FA-P015099-U2OS-48h-P12-L2_K15_s2_w5E621149D-5E49-4D5C-BECB-BB3F0648EFA2.npy,dmso
P015099,K15,s3,dmso,/mnt/micro-images-pvc/specs935-v1/specs935-v1-FA-P015099-U2OS-48h-P12-L2/2021-12-23/874/specs935-v1-FA-P015099-U2OS-48h-P12-L2_K15_s3_w51B8B705E-54BD-4CDE-A8B0-4E49A4DDADF2.npy,dmso
P015099,K15,s4,dmso,/mnt/micro-images-pvc/specs935-v1/specs935-v1-FA-P015099-U2OS-48h-P12-L2/2021-12-23/874/specs935-v1-FA-P015099-U2OS-48h-P12-L2_K15_s4_w50E748412-B743-4F04-9392-31A038B9B219.npy,dmso
P015099,K15,s5,dmso,/mnt/micro-images-pvc/specs935-v1/specs935-v1-FA-P015099-U2OS-48h-P12-L2/2021-12-23/874/specs935-v1-FA-P015099-U2OS-48h-P12-L2_K15_s5_w5E3DA33D8-0E1D-4F0D-96D8-918241CC7662.npy,dmso
P015099,K15,s6,dmso,/mnt/micro-images-pvc/specs935-v1/specs935-v1-FA-P015099-U2OS-48h-P12-L2/2021-12-23/874/specs935-v1-FA-P015099-U2OS-48h-P12-L2_K15_s6_w59143B8BE-1422-4B4C-AC30-D9A47ADC719B.npy,dmso
P015099,K15,s7,dmso,/mnt/micro-images-pvc/specs935-v1/specs935-v1-FA-P015099-U2OS-48h-P12-L2/2021-12-23/874/specs935-v1-FA-P015099-U2OS-48h-P12-L2_K15_s7_w51EDBB657-0608-4BF8-8DAF-7C7DF777A23B.npy,dmso
P015099,K15,s8,dmso,/mnt/micro-images-pvc/specs935-v1/specs935-v1-FA-P015099-U2OS-48h-P12-L2/2021-12-23/874/specs935-v1-FA-P015099-U2OS-48h-P12-L2_K15_s8_w550407BE3-841C-4776-BA94-D8021C1C0BC2.npy,dmso
P015099,K15,s9,dmso,/mnt/micro-images-pvc/specs935-v1/specs935-v1-FA-P015099-U2OS-48h-P12-L2/2021-12-23/874/specs935-v1-FA-P015099-U2OS-48h-P12-L2_K15_s9_w5184162E1-1C4E-4533-9B35-6D932288E35E.npy,dmso
P015099,L08,s1,dmso,/mnt/micro-images-pvc/specs935-v1/specs935-v1-FA-P015099-U2OS-48h-P12-L2/2021-12-23/874/specs935-v1-FA-P015099-U2OS-48h-P12-L2_L08_s1_w5070D6DF7-185D-4CBB-8199-216CA8F7E79F.npy,dmso
P015099,L08,s2,dmso,/mnt/micro-images-pvc/specs935-v1/specs935-v1-FA-P015099-U2OS-48h-P12-L2/2021-12-23/874/specs935-v1-FA-P015099-U2OS-48h-P12-L2_L08_s2_w5FCABE19C-4452-4BB8-AC9F-5844B7DBD972.npy,dmso
P015099,L08,s3,dmso,/mnt/micro-images-pvc/specs935-v1/specs935-v1-FA-P015099-U2OS-48h-P12-L2/2021-12-23/874/specs935-v1-FA-P015099-U2OS-48h-P12-L2_L08_s3_w5D8FEDCFC-B34B-4826-86F2-DCB2E936D8FF.npy,dmso
P015099,L08,s4,dmso,/mnt/micro-images-pvc/specs935-v1/specs935-v1-FA-P015099-U2OS-48h-P12-L2/2021-12-23/874/specs935-v1-FA-P015099-U2OS-48h-P12-L2_L08_s4_w52F4F9B34-FD68-48EE-862C-60878611126B.npy,dmso
P015099,L08,s5,dmso,/mnt/micro-images-pvc/specs935-v1/specs935-v1-FA-P015099-U2OS-48h-P12-L2/2021-12-23/874/specs935-v1-FA-P015099-U2OS-48h-P12-L2_L08_s5_w53856D413-EA8E-4E55-8642-704CFF40CDB9.npy,dmso
P015099,L08,s6,dmso,/mnt/micro-images-pvc/specs935-v1/specs935-v1-FA-P015099-U2OS-48h-P12-L2/2021-12-23/874/specs935-v1-FA-P015099-U2OS-48h-P12-L2_L08_s6_w590FDF5B3-CA7F-41E2-8902-A2D1D7C65073.npy,dmso
P015099,L08,s7,dmso,/mnt/micro-images-pvc/specs935-v1/specs935-v1-FA-P015099-U2OS-48h-P12-L2/2021-12-23/874/specs935-v1-FA-P015099-U2OS-48h-P12-L2_L08_s7_w57D7A37D4-BD3D-409A-8D9C-42B05FD64840.npy,dmso
P015099,L08,s8,dmso,/mnt/micro-images-pvc/specs935-v1/specs935-v1-FA-P015099-U2OS-48h-P12-L2/2021-12-23/874/specs935-v1-FA-P015099-U2OS-48h-P12-L2_L08_s8_w5A7B7C0D1-BE9F-4326-811E-FD775DFCA36F.npy,dmso
P015099,L08,s9,dmso,/mnt/micro-images-pvc/specs935-v1/specs935-v1-FA-P015099-U2OS-48h-P12-L2/2021-12-23/874/specs935-v1-FA-P015099-U2OS-48h-P12-L2_L08_s9_w5A2E781C5-A332-4430-B686-17F00604855C.npy,dmso
P015099,L12,s1,dmso,/mnt/micro-images-pvc/specs935-v1/specs935-v1-FA-P015099-U2OS-48h-P12-L2/2021-12-23/874/specs935-v1-FA-P015099-U2OS-48h-P12-L2_L12_s1_w538300A1A-2D87-4651-B1C2-61B042924E66.npy,dmso
P015099,L12,s2,dmso,/mnt/micro-images-pvc/specs935-v1/specs935-v1-FA-P015099-U2OS-48h-P12-L2/2021-12-23/874/specs935-v1-FA-P015099-U2OS-48h-P12-L2_L12_s2_w563674414-C613-4656-87D4-4B824212CC15.npy,dmso
P015099,L12,s3,dmso,/mnt/micro-images-pvc/specs935-v1/specs935-v1-FA-P015099-U2OS-48h-P12-L2/2021-12-23/874/specs935-v1-FA-P015099-U2OS-48h-P12-L2_L12_s3_w5C86195D4-21EE-4652-A8B5-CD369E9DF1A3.npy,dmso
P015099,L12,s4,dmso,/mnt/micro-images-pvc/specs935-v1/specs935-v1-FA-P015099-U2OS-48h-P12-L2/2021-12-23/874/specs935-v1-FA-P015099-U2OS-48h-P12-L2_L12_s4_w520B8E9ED-2D06-46AC-B5B5-9F94929EEF2A.npy,dmso
P015099,L12,s5,dmso,/mnt/micro-images-pvc/specs935-v1/specs935-v1-FA-P015099-U2OS-48h-P12-L2/2021-12-23/874/specs935-v1-FA-P015099-U2OS-48h-P12-L2_L12_s5_w5AA9D4C71-1373-41D5-966D-22061E3E7D79.npy,dmso
P015099,L12,s6,dmso,/mnt/micro-images-pvc/specs935-v1/specs935-v1-FA-P015099-U2OS-48h-P12-L2/2021-12-23/874/specs935-v1-FA-P015099-U2OS-48h-P12-L2_L12_s6_w59A7F2658-1EB0-44F4-B919-CC3F23588724.npy,dmso
P015099,L12,s7,dmso,/mnt/micro-images-pvc/specs935-v1/specs935-v1-FA-P015099-U2OS-48h-P12-L2/2021-12-23/874/specs935-v1-FA-P015099-U2OS-48h-P12-L2_L12_s7_w5EA12247C-8EA7-4BBE-9C6A-B979E8EFEBD5.npy,dmso
P015099,L12,s8,dmso,/mnt/micro-images-pvc/specs935-v1/specs935-v1-FA-P015099-U2OS-48h-P12-L2/2021-12-23/874/specs935-v1-FA-P015099-U2OS-48h-P12-L2_L12_s8_w592F134AD-2E54-4119-BF76-5BF7AEEEBA81.npy,dmso
P015099,L12,s9,dmso,/mnt/micro-images-pvc/specs935-v1/specs935-v1-FA-P015099-U2OS-48h-P12-L2/2021-12-23/874/specs935-v1-FA-P015099-U2OS-48h-P12-L2_L12_s9_w52A6E6CFE-D128-496E-B784-CB92B00B9CD2.npy,dmso
P015099,M06,s1,dmso,/mnt/micro-images-pvc/specs935-v1/specs935-v1-FA-P015099-U2OS-48h-P12-L2/2021-12-23/874/specs935-v1-FA-P015099-U2OS-48h-P12-L2_M06_s1_w5FF57594B-F0FA-430B-87F3-B2210DC5A781.npy,dmso
P015099,M06,s2,dmso,/mnt/micro-images-pvc/specs935-v1/specs935-v1-FA-P015099-U2OS-48h-P12-L2/2021-12-23/874/specs935-v1-FA-P015099-U2OS-48h-P12-L2_M06_s2_w5390A2D4C-BB40-493F-AC80-44CF55E68BD7.npy,dmso
P015099,M06,s3,dmso,/mnt/micro-images-pvc/specs935-v1/specs935-v1-FA-P015099-U2OS-48h-P12-L2/2021-12-23/874/specs935-v1-FA-P015099-U2OS-48h-P12-L2_M06_s3_w59F52ACF0-D90F-436F-BAA5-CD635D5A6D3C.npy,dmso
P015099,M06,s4,dmso,/mnt/micro-images-pvc/specs935-v1/specs935-v1-FA-P015099-U2OS-48h-P12-L2/2021-12-23/874/specs935-v1-FA-P015099-U2OS-48h-P12-L2_M06_s4_w5879CEDD3-3217-4574-95B7-FAB84397206A.npy,dmso
P015099,M06,s5,dmso,/mnt/micro-images-pvc/specs935-v1/specs935-v1-FA-P015099-U2OS-48h-P12-L2/2021-12-23/874/specs935-v1-FA-P015099-U2OS-48h-P12-L2_M06_s5_w5BFA6FD68-248E-4C28-97D1-0359EA900CA2.npy,dmso
P015099,M06,s6,dmso,/mnt/micro-images-pvc/specs935-v1/specs935-v1-FA-P015099-U2OS-48h-P12-L2/2021-12-23/874/specs935-v1-FA-P015099-U2OS-48h-P12-L2_M06_s6_w506A0E4C8-D5BB-4EE0-A7B5-7DA7ABC7BDEF.npy,dmso
P015099,M06,s7,dmso,/mnt/micro-images-pvc/specs935-v1/specs935-v1-FA-P015099-U2OS-48h-P12-L2/2021-12-23/874/specs935-v1-FA-P015099-U2OS-48h-P12-L2_M06_s7_w50F2AF78F-E082-4ABA-88C3-F9C72741ECA3.npy,dmso
P015099,M06,s8,dmso,/mnt/micro-images-pvc/specs935-v1/specs935-v1-FA-P015099-U2OS-48h-P12-L2/2021-12-23/874/specs935-v1-FA-P015099-U2OS-48h-P12-L2_M06_s8_w502C2940B-5B70-4B66-A26A-E35DBF53973D.npy,dmso
P015099,M06,s9,dmso,/mnt/micro-images-pvc/specs935-v1/specs935-v1-FA-P015099-U2OS-48h-P12-L2/2021-12-23/874/specs935-v1-FA-P015099-U2OS-48h-P12-L2_M06_s9_w5A44CBA44-435F-4C42-908F-0CFEFA5F8A9A.npy,dmso
P015099,M16,s1,dmso,/mnt/micro-images-pvc/specs935-v1/specs935-v1-FA-P015099-U2OS-48h-P12-L2/2021-12-23/874/specs935-v1-FA-P015099-U2OS-48h-P12-L2_M16_s1_w58B308994-B88D-4711-BB96-E39489AECFCF.npy,dmso
P015099,M16,s2,dmso,/mnt/micro-images-pvc/specs935-v1/specs935-v1-FA-P015099-U2OS-48h-P12-L2/2021-12-23/874/specs935-v1-FA-P015099-U2OS-48h-P12-L2_M16_s2_w509F40737-4640-4CAF-B88A-1CDA33BBF8F0.npy,dmso
P015099,M16,s3,dmso,/mnt/micro-images-pvc/specs935-v1/specs935-v1-FA-P015099-U2OS-48h-P12-L2/2021-12-23/874/specs935-v1-FA-P015099-U2OS-48h-P12-L2_M16_s3_w5142661C8-5334-4870-A674-396C6392A404.npy,dmso
P015099,M16,s4,dmso,/mnt/micro-images-pvc/specs935-v1/specs935-v1-FA-P015099-U2OS-48h-P12-L2/2021-12-23/874/specs935-v1-FA-P015099-U2OS-48h-P12-L2_M16_s4_w5B18BC588-7416-4C65-AC5A-CE32EDBC6B62.npy,dmso
P015099,M16,s5,dmso,/mnt/micro-images-pvc/specs935-v1/specs935-v1-FA-P015099-U2OS-48h-P12-L2/2021-12-23/874/specs935-v1-FA-P015099-U2OS-48h-P12-L2_M16_s5_w5F482C294-48BD-47E6-9400-FA0073B9AF43.npy,dmso
P015099,M16,s6,dmso,/mnt/micro-images-pvc/specs935-v1/specs935-v1-FA-P015099-U2OS-48h-P12-L2/2021-12-23/874/specs935-v1-FA-P015099-U2OS-48h-P12-L2_M16_s6_w5CA825FA7-E982-409E-9801-FBC9C74AFBE7.npy,dmso
P015099,M16,s7,dmso,/mnt/micro-images-pvc/specs935-v1/specs935-v1-FA-P015099-U2OS-48h-P12-L2/2021-12-23/874/specs935-v1-FA-P015099-U2OS-48h-P12-L2_M16_s7_w5D55246B7-2AEE-44D2-8331-D786A6C5E073.npy,dmso
P015099,M16,s8,dmso,/mnt/micro-images-pvc/specs935-v1/specs935-v1-FA-P015099-U2OS-48h-P12-L2/2021-12-23/874/specs935-v1-FA-P015099-U2OS-48h-P12-L2_M16_s8_w52222828E-03E0-42B7-BD3C-EB4757D0AB73.npy,dmso
P015099,M16,s9,dmso,/mnt/micro-images-pvc/specs935-v1/specs935-v1-FA-P015099-U2OS-48h-P12-L2/2021-12-23/874/specs935-v1-FA-P015099-U2OS-48h-P12-L2_M16_s9_w505B52D12-ADDE-4C04-A717-0DC14734DF86.npy,dmso
P015099,O14,s1,dmso,/mnt/micro-images-pvc/specs935-v1/specs935-v1-FA-P015099-U2OS-48h-P12-L2/2021-12-23/874/specs935-v1-FA-P015099-U2OS-48h-P12-L2_O14_s1_w590129B0A-9098-4A11-8FC5-57F08F55F044.npy,dmso
P015099,O14,s2,dmso,/mnt/micro-images-pvc/specs935-v1/specs935-v1-FA-P015099-U2OS-48h-P12-L2/2021-12-23/874/specs935-v1-FA-P015099-U2OS-48h-P12-L2_O14_s2_w599F2A6C0-1597-44E8-9597-506C6502B75C.npy,dmso
P015099,O14,s3,dmso,/mnt/micro-images-pvc/specs935-v1/specs935-v1-FA-P015099-U2OS-48h-P12-L2/2021-12-23/874/specs935-v1-FA-P015099-U2OS-48h-P12-L2_O14_s3_w5651AA1EC-E464-4D61-80BE-CECBA7337048.npy,dmso
P015099,O14,s4,dmso,/mnt/micro-images-pvc/specs935-v1/specs935-v1-FA-P015099-U2OS-48h-P12-L2/2021-12-23/874/specs935-v1-FA-P015099-U2OS-48h-P12-L2_O14_s4_w5CF34EF51-6B01-4E41-B855-C99D72928D5F.npy,dmso
P015099,O14,s5,dmso,/mnt/micro-images-pvc/specs935-v1/specs935-v1-FA-P015099-U2OS-48h-P12-L2/2021-12-23/874/specs935-v1-FA-P015099-U2OS-48h-P12-L2_O14_s5_w594599982-9A42-4EC1-AF05-0419EA4913F3.npy,dmso
P015099,O14,s6,dmso,/mnt/micro-images-pvc/specs935-v1/specs935-v1-FA-P015099-U2OS-48h-P12-L2/2021-12-23/874/specs935-v1-FA-P015099-U2OS-48h-P12-L2_O14_s6_w5B3DE0612-CA5B-45BD-A2D8-BFF6FC461FD7.npy,dmso
P015099,O14,s7,dmso,/mnt/micro-images-pvc/specs935-v1/specs935-v1-FA-P015099-U2OS-48h-P12-L2/2021-12-23/874/specs935-v1-FA-P015099-U2OS-48h-P12-L2_O14_s7_w5C5E20965-8335-437C-98D4-D3BE6095B8C0.npy,dmso
P015099,O14,s8,dmso,/mnt/micro-images-pvc/specs935-v1/specs935-v1-FA-P015099-U2OS-48h-P12-L2/2021-12-23/874/specs935-v1-FA-P015099-U2OS-48h-P12-L2_O14_s8_w5D624CD0A-C555-4F1F-91CC-27C2296D1A64.npy,dmso
P015099,O14,s9,dmso,/mnt/micro-images-pvc/specs935-v1/specs935-v1-FA-P015099-U2OS-48h-P12-L2/2021-12-23/874/specs935-v1-FA-P015099-U2OS-48h-P12-L2_O14_s9_w58100D357-BEFA-47D1-AF37-237D5AF8C8A8.npy,dmso
P015099,O19,s1,dmso,/mnt/micro-images-pvc/specs935-v1/specs935-v1-FA-P015099-U2OS-48h-P12-L2/2021-12-23/874/specs935-v1-FA-P015099-U2OS-48h-P12-L2_O19_s1_w5C45A598D-9A30-4D1D-B9B7-BD6B92E3E3D4.npy,dmso
P015099,O19,s2,dmso,/mnt/micro-images-pvc/specs935-v1/specs935-v1-FA-P015099-U2OS-48h-P12-L2/2021-12-23/874/specs935-v1-FA-P015099-U2OS-48h-P12-L2_O19_s2_w509483F78-B28B-4E3C-B5A4-984EAE2B2098.npy,dmso
P015099,O19,s3,dmso,/mnt/micro-images-pvc/specs935-v1/specs935-v1-FA-P015099-U2OS-48h-P12-L2/2021-12-23/874/specs935-v1-FA-P015099-U2OS-48h-P12-L2_O19_s3_w51B3356CC-F338-4CBD-B50B-F4D2F9464632.npy,dmso
P015099,O19,s4,dmso,/mnt/micro-images-pvc/specs935-v1/specs935-v1-FA-P015099-U2OS-48h-P12-L2/2021-12-23/874/specs935-v1-FA-P015099-U2OS-48h-P12-L2_O19_s4_w5CE322CC8-D0B0-4CFA-8098-F7E3A61C232F.npy,dmso
P015099,O19,s5,dmso,/mnt/micro-images-pvc/specs935-v1/specs935-v1-FA-P015099-U2OS-48h-P12-L2/2021-12-23/874/specs935-v1-FA-P015099-U2OS-48h-P12-L2_O19_s5_w5A75D2F56-AD4A-4C25-A170-DD8E6776966A.npy,dmso
P015099,O19,s6,dmso,/mnt/micro-images-pvc/specs935-v1/specs935-v1-FA-P015099-U2OS-48h-P12-L2/2021-12-23/874/specs935-v1-FA-P015099-U2OS-48h-P12-L2_O19_s6_w540E82F6D-27F5-470D-8187-09D9A48B802C.npy,dmso
P015099,O19,s7,dmso,/mnt/micro-images-pvc/specs935-v1/specs935-v1-FA-P015099-U2OS-48h-P12-L2/2021-12-23/874/specs935-v1-FA-P015099-U2OS-48h-P12-L2_O19_s7_w5B9F60DFF-F4D7-45C7-B0CE-72D0488784B6.npy,dmso
P015099,O19,s8,dmso,/mnt/micro-images-pvc/specs935-v1/specs935-v1-FA-P015099-U2OS-48h-P12-L2/2021-12-23/874/specs935-v1-FA-P015099-U2OS-48h-P12-L2_O19_s8_w58FC27EDA-697C-45DF-9178-D4E694337A56.npy,dmso
P015099,O19,s9,dmso,/mnt/micro-images-pvc/specs935-v1/specs935-v1-FA-P015099-U2OS-48h-P12-L2/2021-12-23/874/specs935-v1-FA-P015099-U2OS-48h-P12-L2_O19_s9_w5C8213D18-D09D-4F88-88B2-0626A0469680.npy,dmso
